	Iozone: Performance Test of File I/O
	        Version $Revision: 3.420 $
		Compiled for 64 bit mode.
		Build: linux-AMD64 

	Contributors:William Norcott, Don Capps, Isom Crawford, Kirby Collins
	             Al Slater, Scott Rhine, Mike Wisner, Ken Goss
	             Steve Landherr, Brad Smith, Mark Kelly, Dr. Alain CYR,
	             Randy Dunlap, Mark Montague, Dan Million, Gavin Brebner,
	             Jean-Marc Zucconi, Jeff Blomberg, Benny Halevy, Dave Boone,
	             Erik Habbinga, Kris Strecker, Walter Wong, Joshua Root,
	             Fabrice Bacchella, Zhenghua Xue, Qin Li, Darren Sawyer,
	             Vangel Bojaxhi, Ben England, Vikentsi Lapa.

	Run began: Sat Oct  5 07:45:17 2013

	Auto Mode
	Command line used: iozone -a
	Output is in Kbytes/sec
	Time Resolution = 0.000001 seconds.
	Processor cache size set to 1024 Kbytes.
	Processor cache line size set to 32 bytes.
	File stride size set to 17 * record size.
                                                            random  random    bkwd   record   stride                                   
              KB  reclen   write rewrite    read    reread    read   write    read  rewrite     read   fwrite frewrite   fread  freread
              64       4  520419 1363961  4897948 1597288510821524 4564786 4988978  4897948  4564786  3363612  2444640 2662899 12902017
              64       8  743988 1421755  3541098 1597288512902017 4897948 3203069  4897948  5860307  3958892  3203069 3791156 12902017
              64      16  771797 1452528  3541098 1290201710402178 4897948 3165299  5283570  3958892  3541098  3541098 5735102 20962191
              64      32  666414 1553394  7100397 1290201715972885 5735102 5283570  6421025  4018152  4018152  2222043 5283570 10821524
              64      64  752329 1734015 15972885 2096219115972885 5860307 3022727  5860307  3738358  4643754  1892980 3541098 12902017
             128       4  776042 1802755  5847904 11720614 9977956 4717434 4934216  5325799  3468030  3867787  2004703 4135958 10779307
             128       8  866192 2202044  4012317 1588107814200794 5325799 5784891  7082197  6727225  4267461  2464907 4012317 14200794
             128      16  895074 1911894  4407601 1056714012842051 6114306 3867787  6727225  3867787  5122535  3445772 5545860 14200794
             128      32  962469 2409592  4557257 1636517314200794 6114306 5122535  6727225  4557257  5325799  4135958 3867787 11720614
             128      64 1319723 3759450  7476717 1801235915881078 6406138 5847904  6727225  5325799  4267461  7082197 4407601 11470204
             128     128 1048974 4267461 11470204 1588107814200794 6114306 5379161  6114306  4934216  6114306  2621367 4717434 14200794
             256       4  970126 2350543  5971678 1222861210651598 4734192 5455847  5841722  5320671  4197489  2903529 4572895 11695808
             256       8 1108314 2665657  6398720 1416439513454450 5687020 4652146  7314033  4840911  5022044  3197509 6398720 15164624
             256      16 1108314 2726577  5217259 1435374413454450 5938650 5217259  7073132  5347168  5117791  3326279 6398720 15164624
             256      32 1112909 2943325  7120034 1516462414164395 6554972 5217259  7518900  9434868  5022044  4422226 6107548 14953435
             256      64  787890 3557725  7518900 1583556914164395 6554972 4572895  7314033  6554972  5687020  5320671 4734192 14164395
             256     128 1354356 3326279  8024634 1495343513454450 6398720 4840911  6936061  5810112  4929815  4652146 5841722 14164395
             256     256 1384034 3557725 12228612 1345445013454450 6107548 5938650  6398720  5841722  6249745  4840911 6213578 13454450
             512       4 1108203 1766304  2189509 10044089 2449212 1875849 5079126  4742616  8140399  2535981  3481620 5164632 11943357
             512       8 1225169 3122224  6571132 1424006912427157 5344582 4973263  7540170  9468384  4916336  4131319 6174377 13872122
             512      16 1289930 3372274  5951911 1387212213109944 6086873 6035551  7091952  8992598  5019764  4340054 6319739 13783088
             512      32 1248678 3653390  6821616 1462806713872122 6246213 2753870  7620440 10485468  5566231  3934520 6104175 14146265
             512      64 1380303 3628697  6104175 1462806713783088 6472112 6319739  7647578  9859630  5439343  4742616 6156675 14240069
             512     128 1358474 3628697  6909408 1424006913522711 6551087 6086873  7410080  9304292  5822804  5227492 6018636 13872122
             512     256 1001715 4061007  8109658 1310994412797441 6035551 2830083  6319739  8394979  4871723  6999490 6035551 12797441
             512     512 1437592 4457157 12797441 1343809212797441 5951911 5886650  6174377  6104175  6319739  5019764 6104175 13109944
            1024       4 1060013 3518141  5991815 12348754 9946527 4228138 5444898  5472650  8199542  3999762  3495237 5660167 11614118
            1024       8 1354535 3778101  6529233 1418390512790037 5194651 5200941  7220790  3358576  2892612  3379719 5356618  7869040
            1024      16 1204487 3696803  6059442 1326402612790037 5089995 5144870  7054742  8840915  4920874  3970183 5536137 13264026
            1024      32 1408737 3738636  5251818 1217374711489839 5120336 4826859  6441107  8822754  4282950  3469823 4995276  7420395
            1024      64 1376236 2751762  6569179 1461839314230902 6059442 6317933  3671521 15743686  5356618  4433259 4995276 13305116
            1024     128 1244266 3506651  6479979 1364323213305116 5983467 5821271  7420395 13643232  5096034  3821805 4300102 12983353
            1024     256 1372717 1160862  6733974  914200712639479 5789881 5917516  6963241 10454984  5593820  4570058 5853003 12348754
            1024     512 1516688 4433259  4720752 1310217412983353 6172653 5853003  6650556  8326715  4972145  6819511 2541692  4162573
            1024    1024 1535119 4232305 12208350 1347205313102174 3751699 5917516  6059442  6016997  5751117  4854136 6059442 12208350
            2048       4 1201926 3277593  5974336 10673302 9841749 3984558 4403275  5884299  8067138  4138120  3324528 5816563 10192069
            2048       8 1424342 3938881  6440169 1241668612416686 4717655 6189580  7616502  9898453  3871422  4196751 6382745 12187663
            2048      16 1380839 3880166  6207471 12345306 8678404 5359311 5970183  7477273  8325147  5184636  4376355 4983122 12488897
            2048      32 1556202 4385291  4923146 1263586713926483 6041567 6518362  7189398  9024882  5290001  4231899 6401772 12488897
            2048      64 1551704 4472047  6401772  773306613660713 5769681 4775354  8159088  9841749  5389574  4196751 6266340 13118295
            2048     128 1484143 4365235  6363830 1234530613926483 6401772 6189580  7903836 15048789  5107566  4403275 5674397 12416686
            2048     256 1471180 4374126  6340344 1150223412786337 6041567 5937172  7231767 10660056  4911886  3696494 5920802 11072275
            2048     512 1472440 4312636  6851089 1132033412327589 3538147 5611381  6873016 10143926  5083385  4591569 5836323 10339282
            2048    1024 1476744 3931669  7670915 10555264 9621281 5056455 5804771  6483920  8325147  4550221  5640860 4521480  9441504
            2048    2048 1276781 3512108  6690992  7444871 7207495 3235617 5345969  4295384  4112366  3038742  3894239 5362657  6807652
            4096       4 1262686 3029528  5475122  6693092 7185807 2923334 5263753  5340661  5826043  3522048  3107338 5007531  6430059
            4096       8 1369371 3666363  6216019  6330545 8032459 3679713 5875858  6748303  7111444  3706707  3527834 6158088  7027089
            4096      16 1502550 4019805  5618365  7585581 8925508 4231697 5784846  7697744  6302675  4324366  3968731 6281934  6608135
            4096      32 1493277 3761077  4928521  7197849 7629374 3751222 5953231  8158335  7925004  4471821  3930595 6032669  7715028
            4096      64 1525634 3839243  5657217  7683972 9482180 4965558 6204794  8142867  7380284  4505833  4145915 6234064  6198078
            4096     128 1503602 3700320  6142675  7612471 8240513 4917236 5963564  8272256  7460407  3973321  3674205 5980170  6379914
            4096     256 1528348 3916259  5696610  7004170 8244467 4452120 5751920  7326777 11193514  4244242  4051086 5761565  6850558
            4096     512 1124057 4192455  5736555  7073381 8260324 4452120 5627567  6989921 11601703  4137927  4052041 5744227  6638778
            4096    1024 1552658 3699523  6555186  5841891 6919538 4490523 5120972  6714018 10166771  4137927  3949571 5581856  5374073
            4096    2048 1408554 3018351  5859825  6216019 5411313 3618486 5075585  4280194  6105563  2934319  4145915 5093643  4795088
            4096    4096 1252194 2807716  3965067  2227447 3605576 1916582 1063057  1728390  4607338  2680666  3086681 4418911  4703198
            8192       4 1162655 2972345  5442863  5867636 4774304 2613940 5302587  5558204  4992112  3058874  2994102 5316535  5720134
            8192       8 1327306 3332724  5382328  6414221 5588034 3059146 5468852  7543623  5535816  3229054  3346356 6186701  5825851
            8192      16 1446067 3596068  5984134  6076201 6325656 3423373 5653313  7481208  5708730  3648767  3602478 6253130  5905961
            8192      32 1467875 3757706  6390362  4923441 5992483 3680031 6248582  8024590  6511465  3749505  3613465 5817959  6201216
            8192      64 1485903 3970936  6205696  6229323 6709830 4059129 5692651  8444674  5932474  3773388  3662380 6267959  5974769
            8192     128 1503655 3905045  5558204  5872650 6224809 4069706 5979968  7683638  6014511  3615366  3636025 5360496  6154564
            8192     256 1459210 3884297  5838720  5931450 5701152 3897515 5501249  7494262  6098850  3792546  3159282 5769116  5569014
            8192     512 1492746 3771731  6014511  5793435 5793435 4329710 5326425  6543707 12373836  3691497  3637950 5414558  5428245
            8192    1024 1489704 3396303  6099933  5769116 6196743 3745826 5351312  6585093 11473111  3237878  3200182 5542961  5475825
            8192    2048 1345340 3030813  5247519  5649594 5261984 3253514 4793620  4286498  5984134  2912136  2843453 4503356  4992112
            8192    4096 1292311 2696614  4496285  4505719 4382728 2697249 4242044  2948876  4411425  2529277  3200182 4231596  4336267
            8192    8192 1261842 2694711  4466476  4229512 4275829 2855267 4203126  2860259  4205183  2919312  2972602 4211368  4201070
           16384       4 1198272 2832180  5637917  5712909 4723051 2486880 5298828  5077241  4940717  2963348  2697017 5506895  5160357
           16384       8 1359898 3177660  6246199  6184922 5620394 2853821 5742507  7794146  5701060  2939895  2992512 4967862  6372469
           16384      16 1426934 2581710  4184902  4577695 3943320 2693845 4661221  6747917  6161631  3255951  3585150 6365386  6457501
           16384      32 1479498 3536443  5403831  6392625 6175474 3313889 6277009  8143270  6138514  3497921  3319331 6248471  6537361
           16384      64 1525783 3876148  6427904  6131394 6145651 3858735 5936474  8419641  5910434  3377574  3756023 6409917  6473317
           16384     128 1542185 3886011  6176029  6178250 6166607 3908333 5915013  8308679  6152804  3512223  3752741 6147850  5929815
           16384     256 1525817 3920597  5868040  5946749 5953446 3885352 5809993  7695517  5953446  3621616  3734793 5557667  5876570
           16384     512 1501907 3752536  5740589  6113394 6041375 4134296 5879084  7258993  5324694  3582721  3676056 5870546  5951384
           16384    1024 1527513 3804052  6119927  6241661 5808029 4265427 5797739  6745267 12337858  3119669  3372601 5862033  5992904
           16384    2048 1429398 3020662  5366275  5430306 5067506 3161724 5160357  3964019  6489210  2396009  2491478 5145674  5022690
           16384    4096 1347710 2707643  4472816  4477770 4291264 2822873 4424435  3108380  4157306  2523407  2621399 4415055  4469034
           16384    8192 1345941 2658002  4301471  4296899 4146770 2866798 4246712  2946828  4256708  2535417  3366983 4212867  4186942
           16384   16384 1226239 2684165  4409106  4325296 4259875 2793496 4134296  2718032  4186942  2723957  2869432 4301471  3954666
           32768      64 1422280 3350551  5738864  4613313 3642039 2919462 5668332  8232931  6213107  3334132  2364223 6290744  6129427
           32768     128 1434617 3696304  5987371  6069336 5567078 3615976 5834858  8363693  5240200  3245633  3483717 5705748  5880796
           32768     256 1472978 3707571  5668332  5751833 5746783 3719813 5645746  7195453  5646674  3318915  3533697 5660395  5779163
           32768     512 1455908 3725359  5746783  5909622 5741741 3804032 5754723  7092596  5841057  3261731  3175517 4720910  5157221
           32768    1024 1366643 3482217  5829413  5636947 5734793 3689259 5597688  7127908  6021473  3072167  3290311 5754964  6001489
           32768    2048 1388709 2982175  4561864  5334160 5058331 3117250 5143325  4151631  6403587  2270487  2378791 4932703  5289408
           32768    4096 1324128 2736366  4458857  4454666 4380830 2750880 4422699  3034923  4385443  2268613  2372754 4313189  4444869
           32768    8192 1313034 2732069  3461257  4341803 4315627 2781894 4369549  3015082  4352253  2528970  2642812 4335503  4418576
           32768   16384 1330305 2743741  4346472  4341803 4370105 2790423 4147747  2908342  4114469  2503633  3393905 4354597  4359155
           65536      64 1070689 3616585  6323421  6418810 6119166 3638077 6250377  8351700  6182059  3354100  3591212 5494282  5487482
           65536     128 1451777 3766028  6047944  6156582 5866088 3721113 6021315  7080320  5794490  3405502  3575935 6090153  6164037
           65536     256 1245929 3797453  5910614  5980182 5812502 3821793 5829513  7372581  5747240  3392641  3584328 5779261  5814592
           65536     512 1502534 3762986  5930764  6054738 5796567 3880165 5908963  7197112  5875492  3406093  3568554 5920672  5955177
           65536    1024 1496017 3729544  5945902  6107745 5954532 3689051 5748803  6947535  5907312  3085056  3298753 5827041  5969791
           65536    2048 1347646 3013126  5094501  5240380 5192174 2984597 5152948  4123840  5161948  2202974  2261033 5127668  5211271
           65536    4096 1310928 2281886  4363847  4337816 4393982 2670900 4332688  3059304  3971431  2117200  2239480 4325529  4401651
           65536    8192 1284363 2699730  4323828  4363570 4292364 2772265 4322672  3024265  4341584  2247850   926710 4231377  4368424
           65536   16384 1282529 2199044  4330981  4380468 4372246 2751177 4308174  2966111  4355411  2522074  2658552 4325461  4299952
          131072      64 1283660 3023430  6044075  6077416 5879250 2927740 5898300  8029992  5956777  2717301  2919313 5407905  6069297
          131072     128 1294628 2986994  4459306  6052192 5670636 2929502 5775607  8178236  5863511  2845176  2921796 6099532  6238589
          131072     256 1336965 2987936  5684944  5720377 5602789 3010928 5615781  7313421  5624917  2761387  3028677 5593725  5743506
          131072     512 1316049 2211738  5625895  5761141 5711700 3108550 4055837  4806826  5562426  2681659  2808662 5630505  5748791
          131072    1024 1301712 2975065  5563045  5764947 5727947 2975049 5620546  6951559  5726932  2472737  2621332 5917218  5974710
          131072    2048 1249246 2504287  5148162  3767416 3900476 2525130 5167858  3876493  5037955  1988527  2057062 5177056  5184184
          131072    4096 1189896 2258106  4210597  4362247 4330088 2219981 4260853  2976676  4338871  1926508  1907253 4294772  4314998
          131072    8192 1176769 2313263  4240836  4349788 4314557 2330660 4298264  2928847  4243881  1953466  2023870 4267667  4283261
          131072   16384 1178608 2265531  2318013  3880159 3896661 1740759 4132296  2792512  4019276  1988289  2077012 4018512  4061860
          262144      64  155691  146022  6023935  6184404 5794777  119120 5914825  7907606  6131876   164747   160176 5994214  6209726
          262144     128  157778  152899  5815866  6029055 5704375  118976 5493278  8022774  5799393   161605   157974 5750048  6022285
          262144     256  157007  153419  5467818  5731166 5584429  130606 5330298  7035172  5554020   163457   160592 5514880  5703369
          262144     512  160054  153452  5455745  5782374 5715911  138372 5495337  7066460  5697665   165091   157032 5667620  5982831
          262144    1024  157577  154201  5484182  5769903 5716327  151754 5633038  7040983  5930745   164482   160327 5497535  5709826
          262144    2048  158002  147516  4777726  4980127 4939764  164091 4875368  4068410  5125025   154935   156921 4722809  4878829
          262144    4096  158981  158300  4086540  4152582 3950930  168188 4188539  2993531  4188347   174699   166162 3939407  3995364
          262144    8192  150966  155005  3952947  3720942 3920487  165205 3970677  2847348  4154622   174338   176122 4054249  3986123
          262144   16384  163173  161887  3986138  4087057 3969229  171125 3954867  2846427  4109159   164341   149987 3868770  3911727
          524288      64   61965   84175  6048138  6154922 5721172   29933 5761796  8103001  5846012    90266    88688 6000574  6251206
          524288     128   90140   83606  5841074  6016005 5650752   47271 4315340  8390918  5947006    84812    88555 5807998  5932998
          524288     256   90870   84496  5489628  5685009 5495513   54666 5612404  7584203  5714245    88499    87563 5562390  5655752
          524288     512   89406   84914  5581931  5738761 5630107   64243 5497011  6999651  5647951    89450    89516 5504455  5938446
          524288    1024   90697   84454  5771111  5968263 5857894   61732 5549602  6855413  5710134    91231    87849 5457462  5404920
          524288    2048   90883   84816  4913394  5028570 4792228   88549 4777413  3624553  4833976    90828    77714 4126662  4901260
          524288    4096   89710   82266  4038107  4012854 4162870   93168 3923108  2761212  4096229    90829    89979 4246523  4115063
          524288    8192   88285   82239  3997803  4063432 3978988   91413 4088750  2685105  3496864    93521    90095 4143293  4207837
          524288   16384   88285   83036  3154902  3171583 3820004   90077 3507506  2857637  4152314    91704    93087 4086865  4150770

iozone test complete.
