	Iozone: Performance Test of File I/O
	        Version $Revision: 3.420 $
		Compiled for 64 bit mode.
		Build: linux-AMD64 

	Contributors:William Norcott, Don Capps, Isom Crawford, Kirby Collins
	             Al Slater, Scott Rhine, Mike Wisner, Ken Goss
	             Steve Landherr, Brad Smith, Mark Kelly, Dr. Alain CYR,
	             Randy Dunlap, Mark Montague, Dan Million, Gavin Brebner,
	             Jean-Marc Zucconi, Jeff Blomberg, Benny Halevy, Dave Boone,
	             Erik Habbinga, Kris Strecker, Walter Wong, Joshua Root,
	             Fabrice Bacchella, Zhenghua Xue, Qin Li, Darren Sawyer,
	             Vangel Bojaxhi, Ben England, Vikentsi Lapa.

	Run began: Sat Oct  5 08:12:24 2013

	Auto Mode
	Command line used: iozone -a
	Output is in Kbytes/sec
	Time Resolution = 0.000001 seconds.
	Processor cache size set to 1024 Kbytes.
	Processor cache line size set to 32 bytes.
	File stride size set to 17 * record size.
                                                            random  random    bkwd   record   stride                                   
              KB  reclen   write rewrite    read    reread    read   write    read  rewrite     read   fwrite frewrite   fread  freread
              64       4  561808 1255511  4988978 12902017 9318832 4207076 3363612  4897948  4274062  3588436  2662899 2772930 10821524
              64       8  627470 1484662  6421025 15972885 9006179 3588436 5389653  5860307  5389653  2561267  3057153 3541098 12902017
              64      16  703068 1526887  6421025 12902017 9006179 4018152 5283570  5735102  4564786  3738358  3588436 3738358  4274062
              64      32  789967 1690338  7100397 1231033610821524 5283570 4643754  4564786  3791156  4274062  5283570 5389653 12902017
              64      64  763021 1722886 15972885 2096219115972885 5735102 4988978  4564786  6421025  5735102  2467108 6421025 20962191
             128       4  767171 1827299  3759450 11470204 9129573 4407601 5122535  5325799  3124872  3657016  2132084 3560017 11720614
             128       8  901083 1852520  4934216 1284205112842051 5545860 3657016  6114306  6114306  3468030  2420455 6045455 12842051
             128      16  895074 1885042  4717434 1284205114200794 5847904 5325799  4759253  4759253  4135958  2608629 4135958 12842051
             128      32  914904 2367096  4596273 1588107816365173 6406138 5122535  6406138  3895854  5847904  2248149 3895854 14200794
             128      64  927549 2621367  5325799 1863766414200794 6727225 3468030  6727225  4267461  4135958  2969325 4267461 12842051
             128     128 1254941 2608629 12842051 1801235914200794 6406138 3982553  6406138  4267461  6114306  2621367 5603747 15881078
             256       4  962301 3368013  5810112  5841722 9778562 4132864 3935921  5455847  3935921  3994490  3123106 4422226 11695808
             256       8 1075025 2639446  5320671 1495343512812277 5569035 6073004  7120034  4350555  5022044  2880164 6213578 14953435
             256      16 1212164 2486631  5687020 1516462414164395 5810112 4054829  7314033  6719046  5117791  3197509 4734192 13454450
             256      32 1143731 3285566  5938650 1495343514164395 6398720 5971678  7518900  4840911  5687020  3879045 4404088 14953435
             256      64 1168627 3009318  6595234 1607260815164624 6554972 4840911  7314033  8815202  5320671  3410808 6107548 15164624
             256     128 1098113 3087188  8024634 1607260814353744 6398720 5569035  7314033  7735574  4819184  6398720 5938650 14164395
             256     256 1304976 3454704 12812277 1435374413454450 6073004 5540300  5938650  6107548  6249745  3605511 5841722 13454450
             512       4 1098566 2600470  5951911 11620224 9814569 4340054 5227492  5453155  5807059  4271001  3504346 5744919 11138071
             512       8 1222379 3122224  6652558 1462806712215097 5384786 5127637  7513788  8265729  4916336  4000485 6246213 13783088
             512      16 1140576 3140488  6571132 1352271112427157 5384786 6018636  6018636  7022379  4838792  3604335 4701087 10235583
             512      32 1120344 3437042  6086873 1424006913190469 5699180 5019764  7334159  9859630  4195896  3795443 4271001 13438092
             512      64 1224470 3504346  6909408 1462806713872122 6104175 6104175  7540170 13109944  4494470  4447925 5509113 14240069
             512     128 1347393 3795443  7115451 1279744112797441 5760329 5079126  5760329  7988981  4131319  4532414 6018636 12499490
             512     256 1300082 1672748  8018812 1279744112499490 5624545 5744919  5951911  8394979  3158966  6395018 5624545 12797441
             512     512 1391933 4131319 12499490 1310994412797441 5760329 5886650  5886650  5684095  5744919  4494470 6018636 13109944
            1024       4 1088213 3239514  5950309 11773301 9743447 4195100 5451810  5564829  7524394  2993413  3618930  760870 10134284
            1024       8 1179674 2739476  6479979 1381881712492426 5200941 2450338  6963241  8457895  4943530  4339202 5958564 13643232
            1024      16 1383774 3849207  6059442 1386342212790037 4876180 6327241  7420395  9569770  5151040  4415030 5623115 13472053
            1024      32 1428415 4374559  5789881 1442204513643232 6208343 6479979  7941793  9220512  5593820  4609294 6733974 14230902
            1024      64 1426517 4146499  6733974 1502757714230902 6402699 3101494  8326715 10769573  5572049  4614246 5917516 14668318
            1024     128 1446211 4339202  6776473 1423090213643232 6137371 5500686  7941793 11249091  5500686  4415030 5751117  8326715
            1024     256 1414304 4178773  6974549 1330511612983353 5950309 6102490  6830356  9765601  5390231  5018624 6093831 12790037
            1024     512 1480101 4339202  8262639 1330511613142265 3506651 6059442  6650556  8391792  4972145  4130547 6172653 12790037
            1024    1024 1501313 4270175  5690162 1347205313472053 6025439 6059442  5593820  6235382  6128613  3390391 6163794 12639479
            2048       4 1267362 3155969  5820505 10555264 9441504 3938881 5389574  5611381  8059569  3454204  3519302 5659442  9752360
            2048       8 1357061 3864455  5029807 1220498012118884 4945823 6149699  5319484  8292998  4934459  3962502 6261772 11983630
            2048      16 1259372 4079167  6397004 1211888412805399 5406535 4653758  7444871  8159088  5131978  4385291 6498636 11770166
            2048      32 1387530 4250747  6440169 1288221513639023 6114678 5970183  8097557  9062970  5420181  4385291 6629029 12635867
            2048      64 1394061 4365235  6759439 1305846714321195 4818211 6225466  8253158  9898453  4164199  4451191 5068389 12488897
            2048     128 1500476 4312636  4945823  952526013138359 5836323 5852228  5362657 10726615  4829046  3618634 6149699 11983630
            2048     256 1425051 3567536  6401772 1210181113038646 5836323 5970183  6962145 12345306  4960102  3715681 4717655 11015480
            2048     512 1563282 3555722  6939647 1196693512882215 5970183 5986827  4469720 10289741  5080379  4783331 5970183 11305435
            2048    1024 1434092 3483621  8089930 1256195212345306 5689430 5937172  6523312  8357547  4312636  5750369 5816563 11001372
            2048    2048 1348116 3030166  7183386  7874853 7529708 4231899 5403134  3543986  5478953  4301837  4104506 5319484  6939647
            4096       4 1165937 3021005  5696610  6597984 5833956 3133979 4607338  5696610  5594580  3637640  3160500 5506711  6351609
            4096       8 1362205 3396704  6234064  7408930 7197849 3703511 5988509  6077484  6041154  4167033  3849566 5490871  7012747
            4096      16  510275 2789933  6160296  7249484 7906767 4034911 5738471  7274040  6815229  4125010  3686820 6261328  6281934
            4096      32 1003156 2098226  4112175  6094733 8324363 4132949 5369035  6975730  6005255  3637640  3468014 5877869   875014
            4096      64 1335519 3445064  6105563  7001316 8695120 4196552 5980170  7863339  6850558  4082857  3605576 5826043  6735075
            4096     128 1436587 3757786  5902100  5719367 7314299 4125010 5127086  7935986  5704175  3757786  3271853 5512011  5620203
            4096     256 1381484 3630721  5353976  5603704 6263611 3667146 5596402  7004170 12880338  3863418  3795980 3605576  4612286
            4096     512 1316686 3453374  5520868  5792648 5777065 3627654 5706070  5867831 11641010  3860813  3595765 5792648  6401308
            4096    1024 1471785 3530734  6625976  6682678 6780263 3989004 5093643  6661947  8177752  4158963  3548968 5696610  5306022
            4096    2048 1334689 2852469  5087609  6300364 5633102 3637640 4691638  4321103  6169144  2919360  4214051 5244471  4791076
            4096    4096 1186962 2685695  4562069  4676314 4092583 2786313 4043458  3036489  4617244  3057021  2880206 4188367  4659824
            8192       4 1160848 2891794  5078440  5158495 4528283 2414971 4873856  5542961  4793620  2843453  2856217 5062726  5641246
            8192       8 1302995 3235439  6063334  6278267 5265210 2964907 5524246  7515572  5494212  3382261  3387931 6131500  5842692
            8192      16 1376602 3731993  2893498  3067065 2846279 1653595 4394499  3806833  2963884  3387931  3264953 5010310  5615432
            8192      32  466142 1895416  3551098  3842165 3685162 2241806 5919188  7281448  5607184  3192451  2170023 5818944  6036702
            8192      64 1028740 3583317  4087619  4041463 4147820 2357474 5919188  8259938  6108608  3652258  3382261 4805016  5595314
            8192     128 1412190 3558453  5681356  5271672 5703991 3670204 5237920  7793434  5744041  3514413  3167728 5285458  5041924
            8192     256 1392502 3403367  5165475  5191229 5295233 3375284 5184962  5696426  5368033  3400672  3380930 4630813  5449769
            8192     512 1027325 2475698  5458427  5490700 5482815 2621318 5630154  6606618 11488455  3160444  3124519 5264403  5411147
            8192    1024 1324952 2993059  4158362  4553488 4043365 2444001 4878700  6010303 10368664  2294043  2522962 4884942  4875931
            8192    2048 1130224 2552955  4833405  4439927 4316113 2710869 4280090  3101953  4425630  2375074  2315532 3992159  4104220
            8192    4096 1186872 2340612  3599459  3794641 3696660 2445218 3799676  2588342  3902827  2320066  2886449 3982442  3804725
            8192    8192 1187406 2475698  3986138  2910163 2566303 1343184 1715601  1130261  2640050   963650  1086068 4168957  3912159
           16384       4 1113500 2845432  5559465  5448821 4628258 2423300 4709456  5548244  4395007  2683745  2657488 5259490  5304145
           16384       8 1217959 3230998  6377792  6447807 5657411 2843430 5902312  7417260  5803614  3210019  3264923 6250745  5979867
           16384      16 1363730 3449979  6194400  5968960 5700587 3148398 5882607  7724061  5815894  3221456  3420444 6054683  5981429
           16384      32 1418774  611912  5981949  6032360 5981429 3244422 5942635  7454271  5893706  3349913  3359576 6159422  6021260
           16384      64 1429279 3643313  3695031  6392625 6109046 3947851 5785536  8609515  6131941  3579734  3210619 6084166  6094958
           16384     128 1427290 3717820  5938526  5813926 5973110 3840620 5814418  6947813  5801655  3421125  3568581 5843092  5994996
           16384     256 1390834 3725277  5459643  5795783 5557667 3725277 5398313  7226930  5781155  3503092  3520500 5432453  5620394
           16384     512 1439338 3650668  5793828  5603438 5836640 4089762 5620854  6442970  5574347  3467562  3474926 5597504  5683144
           16384    1024 1415588 3599422  5773384  5973110 5836640 3940154 5636067  6756542 12355605  2876398  3132039 5777267  5677040
           16384    2048 1312096 3002318  4948188  4718834 5126480 2907062 5038156  3870471  6543586  2445027  2415124 4992041  4909654
           16384    4096 1269484 2664908  4199993  4230243 4196915 2576483 4288854  2936754  4043319  2507570  2452707 3963333  4272322
           16384    8192 1242806 2638813  4219334  4180574 4195634 2704979 3988406  2873872  3840620  2456389  3235409 4317145  4327475
           16384   16384 1220317 2448338  4265692  4283507 4280039 2808337 3169599  1768349  3760339  2457883  2903868 4142521  4176509
           32768      64 1370882 3468945  6104381  6237923 5850257 3596860 5407191  7824232  5757858  3326385  3305266 5804792  6180140
           32768     128 1381909 3625993  4716860  5841057 5753760 3643777 5558522  7322342  5843044  3274866  3574968 3685500  5913691
           32768     256 1416636 3782049  5923376  5733836 5940787 3843714 5522119  7045331  5525671  3356688  3523099 5876773  5769944
           32768     512 1457390 3823504  5791339  5920059 6002538 3830324 5673948  7247817  5821265  3302248  3350551 5900996  5968650
           32768    1024 1485604 3824036  5751833  5856738 6119329 3829790 5780379  7256235  6035752  3073335  3280102 5766071  6033368
           32768    2048 1323210 3010921  5297154  5257036 5349108 3075054 5096975  4370243  6725728  2280167  2383287 5055169  5339548
           32768    4096 1251597 2717108  4312107  4465521 4448034 2763380 4416162  3015943  4288961  2260627  2277749 4321190  4445588
           32768    8192 1252407 2696107  4341803  4203179 4243409 2714639 4282280  2960081  4334956  2540752  2651531 4324045  4348672
           32768   16384 1277802 2626700  4248393  4055944 4441853 2691197 4417866  2866846  4343587  2487501  3207832 4383066  4431112
           65536      64 1082649 3656321  6399384  6391200 6237329 3658365 6213221  8403018  6035064  3371874  3140033 6351034  6477194
           65536     128 1452545 3682824  5938323  6210132 5938836 3683268 5987215  8338020  5987215  3384787  3567952 3056005  5073625
           65536     256 1275714 3646959  5856714  5977321 5670180 1829594 5152562  6908596  4840950  2595273  3178264 5098469  5356906
           65536     512 1325512 3227713  5930252  6064757 5679083 3795041 5891485  7156078  5941660  3293575  3516645 5841530  5903506
           65536    1024 1455221 3670431  5989955  6078302 5928589 3750919 5773556  6922515  6022898  2993764  3169213 5878759  5995443
           65536    2048 1326529 3017724  5096957  5385137 5091009 2966111 5165246  3915650  2435008  2172075  2271140 5158267  5300608
           65536    4096 1250253 2651756  4353963  4389842 4376632 2719226 4178504  2993177  4294913  2076276  2193674 4338090  4389561
           65536    8192 1275140 2618812  4338364  4373776 4354307 2668282 4330367  2987744  4254759  2214653  2305987 4317851  4359210
           65536   16384 1030358 2621459  4190032  4195917 4270558 2640548 4116059  2929225  4199378  2421793  2544016 4045189  4097774
          131072      64 1226761 3050456  6026847  6163126 5944025 2936654 5795516  7904945  5881074  2628639  2816028 6334993  6423521
          131072     128 1291362 3029244  6075468  6068158 5984205 2889728 5979518  7961613  5965374  2799608  3009132 6028499  6167205
          131072     256 1318619 2198787  4831964  5659195 5440497 2880130 5753303  7302929  5679248  2683204  2934491 5813043  5772332
          131072     512 1365276 3019328  5676609  5798879 5797594 3035416 5658962  6680565  5667947  2783618  2880326 5671397  5618650
          131072    1024 1051985 2896366  5754327  5773302 5789413 3016413 5440444  6908059  5725680  2499994  2375352 5591790  5817410
          131072    2048 1147900 2373547  5009447  5026531 4965243 2336366 4860458  3835305  4876367  1855547  1886337 4880176  5055420
          131072    4096 1105917 2197600  4109991  4209404 4122288 2173954 4211274  2889454  4123679  1703941  1843742 3863906  2930033
          131072    8192 1006945 2232993  3301900  3430125 3657436 1879032 4090755  2794229  4142603  1859835  1839683 4275433  4074353
          131072   16384 1137945 2304796  4339864  4370814 4048191 2299148 4293531  2895725  4326237  2054065  2188764 4309586  4181326
          262144      64  154457  155967  5928826  6255228 5809014  120153 5876761  8407478  5981464   156539   148913 5991732  6081948
          262144     128  154512  153683  5740082  5985306 5767996  125192 5616234  8381330  5871364   132685   154199 5632172  6013031
          262144     256  153498  157618  5481885  5689381 5567463  133610 5319493  7116312  5588232   162057   159191 5496601  5707099
          262144     512  154677  161037  5553066  5800005 5650987  148735 4955750  7027977  4964746   128268   156127 5598989  5792366
          262144    1024  147461  126533  2301144  5367063 5037466  161860 5371704  7018377  5723290   154030   159639 5714426  5881886
          262144    2048  156676  133664  4768257  5133231 5042664  153748 4728089  3803882  4979203   159813   147081 4841343  5111397
          262144    4096  156665  157565  4089033  4258556 4271245  167636 4091452  2734030  4293494   173189   137908 3312202  3547809
          262144    8192  149896  164903  4080504  4169146 4140510  175424 4033842  2881812  4128910   172886   178228 4065642  4182914
          262144   16384  154496  142453  3996584  4102076 3959224  161391 3723802  3018075  4284443   184145   182801 4073097  4045999
          524288      64   71631   80729  5365201  5587392 4889599   25446 5739509  8122815  5677993    79778    81083 5745313  5859674
          524288     128   82719   77779  4985567  5177427 5113106   27898 5620049  7497220  5763684    77256    83331 4534500  5101670
          524288     256   80448   77637  4504498  5546326 5543810   40909 5191128  6821430  5691233    81905    83386 5426514  5625052
          524288     512   80205   87392  5668582  5710387 5697160   60074 5170950  6940357  5640114    89027    86107 5564445  5698046
          524288    1024   90258   84151  5545963  5753942 5704861   63361 5739704  7100132  5909338    90006    89426 5180403  5305808
          524288    2048   84276   84079  4863161  4941771 4965607   86359 4810637  3539927  4932250    89430    90395 4579735  5079328
          524288    4096   89316   83503  4106004  4090088 3975011   91992 3398070  2343145  3506381    91779    88123 4123350  4070683
          524288    8192   89311   84223  4076577  4120561 4041469   92016 4086903  2774744  3753631    92212    92389 4070653  4068537
          524288   16384   84752   79556  4004093  4136987 4129591   83108 4047651  2797053  4149947    93640    80523 4194273  4292587

iozone test complete.
