	Iozone: Performance Test of File I/O
	        Version $Revision: 3.420 $
		Compiled for 64 bit mode.
		Build: linux-AMD64 

	Contributors:William Norcott, Don Capps, Isom Crawford, Kirby Collins
	             Al Slater, Scott Rhine, Mike Wisner, Ken Goss
	             Steve Landherr, Brad Smith, Mark Kelly, Dr. Alain CYR,
	             Randy Dunlap, Mark Montague, Dan Million, Gavin Brebner,
	             Jean-Marc Zucconi, Jeff Blomberg, Benny Halevy, Dave Boone,
	             Erik Habbinga, Kris Strecker, Walter Wong, Joshua Root,
	             Fabrice Bacchella, Zhenghua Xue, Qin Li, Darren Sawyer,
	             Vangel Bojaxhi, Ben England, Vikentsi Lapa.

	Run began: Sat Oct  5 08:12:24 2013

	Auto Mode
	Command line used: iozone -a
	Output is in Kbytes/sec
	Time Resolution = 0.000001 seconds.
	Processor cache size set to 1024 Kbytes.
	Processor cache line size set to 32 bytes.
	File stride size set to 17 * record size.
                                                            random  random    bkwd   record   stride                                   
              KB  reclen   write rewrite    read    reread    read   write    read  rewrite     read   fwrite frewrite   fread  freread
              64       4  520419 1210227  4897948 12902017 9006179 4274062 2772930  4897948  4274062  3588436  2662899 2801873 12902017
              64       8  789967 1452528  6421025 1597288510402178 4564786 3203069  5283570  5389653  2689580  2133730 3791156  5860307
              64      16  727850 1518251  5860307 1231033610821524 4988978 4897948  4564786  4564786  3541098  3541098 3203069 10821524
              64      32  674790 1562436  7293312 1290201712902017 5389653 4988978  4274062  3958892  3203069  4564786 5860307 20962191
              64      64  789967 1518251 15972885 2096219115972885 5860307 3203069  5283570  4018152  4564786  2467108 4274062 20962191
             128       4  901083 1732927  4267461 1284205110779307 4267461 3199360  5379161  2858650  4012317  2464907 3867787 12842051
             128       8  836500 1911894  4596273 1420079412842051 5325799 3359523  6330599  6406138  3359523  2326073 4012317 15881078
             128      16  985435 2035099  4267461 1172061412542043 5603747 3380677  6406138  5122535  4012317  2326073 3785961 11720614
             128      32  969421 2326073  6114306 1588107814200794 5784891 3560017  6406138  4407601  5122535  2784517 5325799 11470204
             128      64  870405 2367096  7476717 2164304916365173 6114306 5325799  6045455  4407601  4267461  2969325 5603747 12842051
             128     128   77719 3982553  9129573 1420079414200794 5325799 5545860  5545860  5784891  5784891  2727923 4135958 15881078
             256       4  944525 2441400  5569035 1281227710651598 4496299 5455847  5810112  4422226  4070199  2783115 5810112 11695808
             256       8 1173737 2533571  5687020 1607260813454450 5320671 5938650  6554972  5022044  4907284  3236056 6595234 14953435
             256      16 1147398 2639446  5841722 1495343513454450 5569035 2081678  7120034  5971678  5022044  3756894 3717869 15164624
             256      32 1152323 2842047  5841722 1607260814353744 5938650 5938650  7314033  5841722  5117791  4350555 6249745 14953435
             256      64 1158540 2726577  6398720 1607260814353744 6249745 5569035  6719046  6761355  5540300  3823789 6249745 15835569
             256     128 1168627 2975955  8024634 1495343514353744 6107548 4652146  6554972  6398720  4572895  6107548 5938650 15164624
             256     256 1286217 3935921 12812277 1345445013454450 5971678 5938650  6107548  5938650  5810112  4332998 5841722 10651598
             512       4 1026126 3051245  6086873 12146009 9468384 4340054 5566231  5699180  8140399  4068701  3437042 5807059 11620224
             512       8 1222379 2910635  6319739 15037801 4000485 5115422 6246213  7211022  6652558  4871723  4271001 6491676 14240069
             512      16 1326585 3372274  6571132  422894713438092 5886650 6491676  7540170  6736026  5067142  4375425 6652558 14240069
             512      32 1333173 2307123  6319739 1462806714240069 6319739 6571132  7758090  7435738  5278892  4650188 5164632 14628067
             512      64 1347393 3504346  6632013 1558341714240069 4571003 6472112  7758090  7988981  5566231  2625909 6319739 15037801
             512     128 1379416 3459188  7334159 1462806713872122 6395018 6246213  7091952  9145790  5624545  5177083 6156675 14146265
             512     256 1282994 3684733  8109658 1319046912797441 5822804 6086873  6395018  7647578  4532414  6736026 6104175 13190469
             512     512 1402845 4195896 13190469 1343809213109944 5822804 6018636  6018636  6086873  6018636  4827914 6086873 13109944
            1024       4 1163693 3037876  6025439 10134284 9946527 4249053 5564829  5564829  7811791  4142499  2271501 5853003 11773301
            1024       8 1359680 3495237  6172653  956977012313351 4654248 6199382  7269678  8122014  5048117  4211554 6479979 13998981
            1024      16 1354535 3229770  6441107 1442204513305116 5630486 6479979  7524394  8122014  4162573  4162573 5782087 14044758
            1024      32 1462960 4126579  6744549 1461839313863422 3880507 5958564  8061038  8610501  5336651  4392454 5751117 14422045
            1024      64 1438461 3937426  6974549 1508034114422045 6128613 5660167  8000971 10769573  5175871  4356809 6402699 14422045
            1024     128 1464956 4079544  6863100 1442204513863422 6317933 5751117  7811791  9381637  5390231  4550690 5917516 13998981
            1024     256 1477555 3999762  6863100 1298335312944224 5660167 6059442  6650556 10557785  5169641  4741598 6016997 12790037
            1024     512 1432225 4162573  8391792 1310217413142265 5821271 5925680  6280976  8262639  4715569  6093831 6059442 12790037
            1024    1024 1466957 4130547 12492426 1330511613305116 5390231 6059442  5564829  6280976  5472650  4594502 6016997 12492426
            2048       4 1017788 2900235  5920802 10726615 9610516 3302797 4490751  5521212  7940367  3946119  3074635 5848244 10131961
            2048       8 1270548 2550602  6523312 1265448212710657 3931669 6261772  6717153 10084382  4886737  4231899 6459541 12416686
            2048      16 1522550 4221501  6608629 1272949313301113 5403134 6261772  7135648  8574451  4321315  3336148 6132138 12345306
            2048      32 1509175 3751381  6670210 1295995814017386 5754221 5836323  7698414  9024882  5056455  4441984 6690992 12635867
            2048      64 1439379 4213218  6401772 1313835914638464 6092991 6303124  8190205  9431138  5131978  4432815 5056455 12561952
            2048     128 1470172 4146110  6298503 1288221513926483 5800851 6243566  7940367 10607402  4934459  4259178 5832361 11835033
            2048     256 1521741 4376355  6359119 1150223412805399 5816563 4762117  7042051 10503637  4738475  4394265 5970183 11015480
            2048     512 1512630 4213218  6917293 1177016612561952 5535444 6007763  4674016 10302081  4923146  4633675 4764758 10780463
            2048    1024 1428131 4023754  7817519 1177016611129659 5222461 4653758  5900467  7503399  4054139  4349761 5535444  9752360
            2048    2048 1264935 3351769  7036283  7318020 7237860 4267642 4511980  4301837  5389574  4170264  3991965 4441984  6543188
            4096       4 1050512 3133979  5704175  6836927 6007355 3100608 5347310  5681538  5369035  3524939  3146031 5618365  5918366
            4096       8 1345245 3670280  6321227  7585581 8847367 3357537 6013663  7146945  7277121  3792628  3820460 4686519  5594580
            4096      16 1448823 3817065  6379914  6608135 8902382 4171080 5325760  7476641  7123239  4370571  3785107 6049663  6737716
            4096      32 1493147 4104315  6480999  5875858 9503161 4671228 6339889  7863339  7515892  4395170  4052041 6370451  7715028
            4096      64 1495487 4052041  5843879  7697744 9394037 4784405 6272759  7906767  7289472  4423462  3743865 6252213  7697744
            4096     128 1544562 4059701  6051794  6693092 7277121 4312426 6024207  4971306  7314299  3916259  3618486 5382492  7261741
            4096     256 1477100 3956848  5980170  6490793 8047509 4671228 5759634  7173805 13207098  4108241  3615440 5769304  6758923
            4096     512 1515941 4007615  5512011  7038605 8377131 4294102 5767368  6839648 11641010  4032070  4015108 5808315  6714018
            4096    1024 1492758 3828122  6649056  7146945 6964419 4117102 5704175  6493246  8360824  4052041  3911800 5681538  6158088
            4096    2048 1410057 3049966  5069594  6094733 5050220 3583764 5107271  3516281  6022095  2717987  4153935 5063617  4612286
            4096    4096 1268560 2520592  4597474  4633432 4016047 2752387 4530788  2970339  4121052  2826656  2844440 4686519  3992713
            8192       4  996575 2908193  5772993  5708730 5274909 2608978 5145363  5435974  5101058  3043160  3022813 5414558  5717279
            8192       8 1221774 3355834  6248582  6321001 5834754 2985257 5688881  7334293  5944791  3153193  3023079 5847664  6376132
            8192      16 1232468 3588182  6345516  6301295 6425016 3396638 6091282  6959913  6230453  3373958  3538663 5450634  6466126
            8192      32 1477342 3685162  6173362  6155667 6670750 3509746 5817959  6616796  6296676  3621463  3520174 6374949  5997714
            8192      64 1503392 3778782  5954062  6527546 6527546 3810210 6160081  7728574  6445505  3665114  3582197 5785631  6419014
            8192     128 1486803 3873350  5764277  5838720 6257686 3720275 6036702  8159896  5974769  3561773  3271481 5732541  6196743
            8192     256 1508673 3792546  5859631  5661696 5315713 3980596 5708730  6952871  6160081  3473906  3519092 5439416  5315713
            8192     512 1492162 3541581  5443725  6067617 5931450 3640649 5685116  6809564 12391686  3605502  3526316 5789530  5553712
            8192    1024 1437657 3558822  6210183  6305921 5712526 3754421 5688881  6650092 11538609  3403367  3281793 5414558  5633847
            8192    2048 1327306 2944580  5085204  5165475 5162371 3191265 4896777  3820802  6205696  2662347  2728737 5028642  5032325
            8192    4096 1287035 2662347  4399563  4179607 4300447 2779732 4291316  2777710  4454894  2477840  3187417 4426201  4496285
            8192    8192 1218482 2560756  4158362  4302601 4369352 2789210 4352746  2813188  4287033  2824752  2821736 3893540  4289173
           16384       4 1016382 2819051  5442779  5570732 4567654 2396761 5060044  5223112  5020855  2629926  2816163 5221128  5518393
           16384       8 1250495 3232214  6168268  6291951 5420027 2835569 5712909  7055528  5818356  3037485  3185024 6097662  6145651
           16384      16 1380302 3092573  6279877  6164394 5964297 3121228 6210635  7376654  6142904  3354001  3303851 6432718  6377200
           16384      32 1487151 3457965  6313339  5912468 6113394 3540998 5997088  7624648  6023371  3543920  3524833 6355378  6178250
           16384      64 1503517 3676056  6343059  6019150 6234865 3905668 5874561  5806066  4312810  2094862  3392246 5554073  5693031
           16384     128  659231 2895303  5932374  5838624 5851052 3672716 5820327  8035668  5893706  3256568  3497921 5826249  6019150
           16384     256 1487698 2948852  5716711  5828720 5708638 3636758 4821470  6968951  5698696  3387230  3410598 5640230  5720518
           16384     512 1469155 1254810  4514838  5505130 5872051 3694236 3933614  6306387  5246239  2955701  2968084 3175164  2413682
           16384    1024 1345151 3073898  5618556  5622694 5550036 3449287 5208070  6030242 10590466  2471229  2365574 5178244  5300463
           16384    2048 1225168 2487690  4255390  3666249 4195634 2446072 4126848  2955192  4757383  1875899  1962863 3992346  4689211
           16384    4096 1151758 1894779  3828851  3900126 3733778 2407677 3612098  2565997  3679402  2286624   779593 3972727  3614378
           16384    8192 1283209 2586277  4180574  4282172 4330748 2807878 4173212  2851453  4208481  2433684  3118961 3925076  4339225
           16384   16384 1216514 2599878  4181592  4213125 4317145 2720722 4231284  2656358  4355176  2625606  2860831 4290192  4354072
           32768      64 1168491 3537062  6313573  6310095 6182643 3487784 6206094  7075799  6104109  3287320  3485219 6223799  6159368
           32768     128 1366181 3549394  6062643  5918020 5528561 3511039 5956750  7715305  6044778  3203495  3419066 5878784  5995991
           32768     256 1423709 3567173  5709540  5710726 5730728 3624367 5599512  7181166  5769944  3243029  3426823 5539702  5674182
           32768     512 1435441 3571437  5349108  5808963 5626562 3574131 5734554  6136268  5660395  3088668  3348836 5713575  5636947
           32768    1024 1425806 3535242  5746543  5821265 5805773 3594603 5647834  6958298  5845280  2877410  3190629 5741741  5995991
           32768    2048 1369216 2989505  5340171  5232021 5350774 2954989 5147371  3967544  6535436  2254731  2135710 5227842  5232021
           32768    4096 1296107 2604549  4440704  4377760 4419712 2686988 4193561  2957915  4084269  2149438  2048123 4273359  4292981
           32768    8192 1216825 2602083  4197787  4117058 4290166 2568625 4189725  2894194  4290032  2401275  2500217 4223717  4193561
           32768   16384 1238302 2564025  4226055  4287356 4195097 2601049 4252205  2753856  4242361  2402367  3073060 4259981  4247868
           65536      64  937555 3378505  6203125  6233793 5848365 3212398 6197251  7425358  6082741  3165381  3450517 6144884  6011307
           65536     128 1419209 3479079  5947574  5931404 5653154 3527431 5938836  8044232  5889844  3231242  3376928 5904266  5974203
           65536     256 1403370 3597510  5751810  5774041 5612409 3609035 5847868  7387640  5811887  3312747  3497316 5782666  5857089
           65536     512 1475143 3646330  5905154  5992698 5908836 3730000 5691430  6779942  5977451  3180728  3451254 5868718  5932428
           65536    1024 1466987 3612355  6010782  6115082 5922713 3709713 5819269  6865973  5790462  2972173  3172724 5880772  5962152
           65536    2048 1344081 2966079  5148605  5349400 5269413 2931192 4285137  3465700  4100892  1566837  2260568 5198753  5187667
           65536    4096 1287642 2646318  3574773  3926894 3877373 2397062 3262420  2339748  3776168  1788686  1498235 3414767  3791743
           65536    8192  794133 2652652  4337268  4342133 4286808 2709336 4299145  2985408  4338980  2204069  2298390 4300019  4358312
           65536   16384 1303580 2632380  4380468  4242675 4368771 2681609 4306756  2915028  2922218  2367212  2449110 4248971  4360939
          131072      64 1066179 2950397  6198705  6199894 5933055 2918678 6033197  7638276  6022424  2845176  2921733 5892989  6227918
          131072     128 1341670 2992979  5931391  6125972 5932223 2992294 5817656  8009869  5790389  2698508  2943399 5884284  6008667
          131072     256 1324786 3112545  5875292  5887687 5844623 3013899 4394256  7476537  5781498  2779776  2917578 5831418  5916709
          131072     512 1363671 3092932  5821784  5834512 5866389 3026443 5666253  6786371  5784783  2592762  2902590 4875286  5436892
          131072    1024 1027919 2952013  5739009  5849100 5741226 3045067 5565185  6902508  5642583  2516012  2652252 5850905  5951618
          131072    2048 1010228 2339487  4933607  5182522 5097278 2268898 4745746  4041436  5094916  1845872  1947404 4912534  5076755
          131072    4096 1171623 2251862  4076256  4151675 3445647 2124374 4251692  2878124  4186389  1732726  1849393 4157452  4244831
          131072    8192 1156867 2197275  4199821  4088321 4176244 2180715 4175609  2931142  4169086  1833302  1974982 4289143  4366301
          131072   16384 1167646 2305135  3675309  3735621 4221039 2455595 4290683  2574934  4306918  2084581  1680538 1137638  3149040
          262144      64  147954  141150  6092124  6220336 5944726  110936 5729672  8063784  6156528   163827   167237 5953642  6268852
          262144     128  156302  144933  5757003  6060292 5851024  122182 5700767  7729876  5766725   169141   161261 5882043  6049522
          262144     256  163831  136210  4437114  4807936 5228976  139353 5526605  7156144  5778940   172198   150314 5539330  5745120
          262144     512  168329  148402  5529996  5730538 5754713  150868 5577658  6979882  5763189   169175   165295 5750890  5927931
          262144    1024  161175  148978  4925381  5656337 5323717  160996 5479126  6785315  5764971   162891   161685 5362351  5774357
          262144    2048  157726  170763  4852710  5065594 4958164  161979 4779824  3821174  4903175   169202   161610 4891548  5104728
          262144    4096  163322  156141  4065883  4247796 4263196  168765 4135355  2872686  4207371   168505   171519 4052008  4032673
          262144    8192  164594  145728  3989160  4111479 4122486  173781 4079096  2900850  4244631   189048   161422 2941445  3603694
          262144   16384  144870  156678  4136397  4158440 4140120  174795 4145739  2788559  4175400   201705   196555 4070368  4167693
          524288      64   61762   90119  6068065  6296761 5927561   33307 5606509  8407183  5999477    93004    89665 5487053  6019578
          524288     128   87998   83370  5417877  6027531 5790548   47372 5788627  7632004  5849402    91183    91240 5833466  5962631
          524288     256   91578   86834  5558369  5761585 5626434   56140 5645095  7458821  5768765    91445    89075 5529590  5673378
          524288     512   91806   88219  5600469  5722110 5633569   59337 5613851  7203351  5716235    91390    87020 5487573  5735498
          524288    1024   90582   87538  5693886  5819788 5785170   64422 3214693  6090788  5318345    91632    83330 5423930  5734002
          524288    2048   91262   86107  4960902  5059671 5098240   88421 4645514  3701505  4898695    91418    82571 4913581  5092443
          524288    4096   88315   87092  4120530  4384447 4280605   91164 4008041  2800458  4238216    94141    83324 4112869  4213545
          524288    8192   91379   79027  3789604  3651899 3515597   87114 3997956  2787063  4149916    92173    88328 4050275  4018177
          524288   16384   91207   85801  3975766  3975492 4270447   91723 4104241  2802268  4231846    95227    93348 1971527  3113384

iozone test complete.
