	Iozone: Performance Test of File I/O
	        Version $Revision: 3.420 $
		Compiled for 64 bit mode.
		Build: linux-AMD64 

	Contributors:William Norcott, Don Capps, Isom Crawford, Kirby Collins
	             Al Slater, Scott Rhine, Mike Wisner, Ken Goss
	             Steve Landherr, Brad Smith, Mark Kelly, Dr. Alain CYR,
	             Randy Dunlap, Mark Montague, Dan Million, Gavin Brebner,
	             Jean-Marc Zucconi, Jeff Blomberg, Benny Halevy, Dave Boone,
	             Erik Habbinga, Kris Strecker, Walter Wong, Joshua Root,
	             Fabrice Bacchella, Zhenghua Xue, Qin Li, Darren Sawyer,
	             Vangel Bojaxhi, Ben England, Vikentsi Lapa.

	Run began: Mon Oct 28 05:17:26 2013

	Auto Mode
	Command line used: iozone -a
	Output is in Kbytes/sec
	Time Resolution = 0.000001 seconds.
	Processor cache size set to 1024 Kbytes.
	Processor cache line size set to 32 bytes.
	File stride size set to 17 * record size.
                                                            random  random    bkwd   record   stride                                   
              KB  reclen   write rewrite    read    reread    read   write    read  rewrite     read   fwrite frewrite   fread  freread
              64       4  743988 2298136  7940539 1597288510821524 4018152 9318832  4988978 10821524  3738358  3203069 7100397 12310336
              64       8  703068 2662899 10402178 2096219112902017 4897948 9318832  6271021 15972885  4564786  354109810821524 15972885
              64      16  789967 2662899 10402178 2273779115972885 5283570 9006179  6421025 15972885  4564786  401815212902017 15972885
              64      32  710511 2772930 12902017 1698346315972885 586030710821524  5860307 12902017  4564786  456478610821524 15972885
              64      64  735831 2662899 12902017 1597288515972885 5735102 9006179  5860307 12902017  5283570  373835812902017 15972885
             128       4  847059 3124872  1022989 12842051 9795896 3199360 7582312  3657016  8548124  3867787  3759450 9977956 11720614
             128       8  595328 4267461 11720614 1420079412842051 5122535 9795896  6406138 15881078  4596273  398255311470204 14200794
             128      16  962469 3199360 11470204 1636517314200794 532579910779307  6406138 15881078  5122535  488928112842051 15881078
             128      32 1162547 4557257 12542043 1863766414586625 103282911720614  6406138 14200794  1032829  584790412842051 14200794
             128      64  990891 4717434 14200794 1636517314200794 584790410779307  4596273 12842051  4267461  747671712842051 15881078
             128     128 1040839 3657016 12842051 1636517314200794 554586010567140  5784891 12842051  5545860  554586011720614 14200794
             256       4  746272 3654598 10651598 11569783 9434868 4264168 8024634  5455847  9114515  4197489  399449010245071 11091721
             256       8 1076103 4404088 10245071 13454450 8815202 511779111091721  6398720 11091721  4652146  473419212090911 13454450
             256      16 1112909 4652146 11695808 1362518011207494 532067110651598  6398720 14953435  5022044  4652146 8208677 12228612
             256      32 1147398 4907284  8271916 1156978313454450 1707589 8534922  6554972 14164395  5022044  5455847 6936061 12812277
             256      64 1118707 5117791 11569783 14164395 3770085 593865011695808  7314033 14164395  1763685  624974512812277 11695808
             256     128 1153561 5022044 12090911  951850712228612 593865011695808  4281170 13454450  4652146  827191612090911 12228612
             256     256 1286217 4929815 12228612 1281227712812277 556903511091721  5810112 10651598  4054829  584172212090911 12812277
             512       4 1143004 3510074 11138071 11374040 9304292 3604335 9344779  5384786  9145790  4131319  403051910641343 10694336
             512       8 1098566 4068701 10911694 1343809211877300 501976411877300  6395018 10694336  4099771  387768412215097  9304292
             512      16 1258188 3795443 11877300  711545112215097 563931511138071  6736026 11877300  4973263  491633610856530 12797441
             512      32 1312798 4742616 13109944 1378308813109944 615667512146009  7115451 14628067  4827914  4411377 8955098 13438092
             512      64 1299295 4000485 11877300  963836913109944 639501812797441  7647578 14240069  4447925  3884698 8992598 13872122
             512     128 1329871 3029721 12797441 1343809212797441 624621312427157  7309196 14628067  5566231  617437712797441 13190469
             512     256 1325766 4131319 10911694 1221509711877300 588665011683444  6035551 12215097  4827914  798898111620224 12215097
             512     512 1361920 4871723 12215097 1279744110911694 562454511374040  2860238  3259661  5822804  580705911620224 12499490
            1024       4 1119120 3261656  4433259  9045736 9402175 2183727 8326715  5507740  4826859  4029784  286177410878686  5310258
            1024       8 1248970 4589593 12944224 1381881711903823 424905311903823  6244448 11645609  4433259  487618012944224 13472053
            1024      16 1289467 4920874 12639479 1368670912492426 465424811903823  6431462 12208350  4614246  512033612790037 13472053
            1024      32 1342258 5144870 12208350 1399898112944224 602543911936907  6609617 12828238  5226256  481064012983353 13643232
            1024      64 1365733 3239514 13305116 1442204513643232 3696803 5601115  7927135 16280798  5251818  541742713102174 13863422
            1024     128 1370965 5277632 12944224 1368670912944224 588508312348754  6402699 15801608  4762630  559382012492426 13305116
            1024     256 1124099 4995276  5390231 1249242612313351 3778101 5251818  6569179 12790037  3469823  563048611132462 12348754
            1024     512 1256644 4356809 11249091 1203727212348754 582127110906310  6093831 11903823  4674510  702014910039528  8326715
            1024    1024 1408275 4674510 12173747 1042959611132462 4783849 9300377  5917516 10255274  5782087  5690162 9923546  9743447
            2048       4 1201254 2864451  3892474  6459541 9258333 2981782 8128206  4146110  7733066  3127245  2947000 7846081 10339282
            2048       8 1280778 4073364  6171791 1338401110726615 425706710143926  6670210 10439809  4794010  416218110228478 11642543
            2048      16 1353639 4204968  8190205 1295995812561952 4728042 9140117  6603549 12050878  3977179  3744839 9796850  6629029
            2048      32 1389551 4540600  9149853 1177016613118295 515662410834854  2423245 10945301  4046500  3743207 6807652 12959958
            2048      64 1397008 4540600  9101380 1196693513748169 517214910889797  7643611 12654482  3967993  455263310131961 13384011
            2048     128 1386635 3506373  3955204 11626784 6917293 3034448 4215286  4783331  6939647  4500161  4676561 9268323 11900619
            2048     256 1434092 4213218  8608824 1138032511900619 5332694 8977721  6629029 12710657  4414590  1885905 8390200  8977721
            2048     512 1425997 4086930  8284999 10673302 8531869 5032754 5920802  4853603  7470770  3771144  3637020 6675393 10096235
            2048    1024 1367213 4112366  9140117 10389302 8390200 4633675 6261772  5461535 10084382  1762469  4653758 6261772  9015410
            2048    2048 1015382 2516234  6303124  4472047 5920802 3710866 4162181  2662880  4911886  1736811  3430751 5549749  4783331
            4096       4 1178010 2224851  4819300  5375755 4756587 2269226 3980686  4302706  4847858  2666519  2067670 4686519  4633432
            4096       8 1273639 2848213  3859945  4540367 5204750 2431065 4456740  5433562  6565206  2506983  2536221 4457897  5759634
            4096      16 1358972 3158176  5634950  5828019 4718699 3313502 5211065  4796426  5369035  3703511  3009363 5019235  5792648
            4096      32 1388967 2854365  4571782  5369035 4941279 1885865 4526013  6252213  7096756  3314142  3075079 4446359  5944991
            4096      64 1351382 3421735  3867766  5672159 5659080 3234889 4223375  6532752  6748303  3020473  2966237 4491697  4511750
            4096     128 1409016 2784507  5438722 10369272 7392988 4011358 5362331  7405736  5404504  3644585  2758132 4003879  5603704
            4096     256 1309460 2870101  4541567  6140479 6005255 3187474 2700046  5642353 13007113  3014114  3038638 4240052  4882301
            4096     512 1405213 2163764  4853336  4882301 6782940 3374022 4623457  4876757 11222762  3332786  2719708 5164073  4887857
            4096    1024 1305678 3284363  4686519  2437965 4952675 3438858 4521249  5618365  7742845  2863881  2687795 4076076  4035859
            4096    2048 1254938 2416362  2140045  3258202 3558525 2110340 3143729  2834585  4104315  2026691  2656623 4301628  3592757
            4096    4096 1071143 2022635  2888438  2765680 2452583 1963681 2994153  2166219  3271230  2968287  2628979 3165742  5851841
            8192       4  937924 2537121  5123115  5168583 3856828 1813197 3283361  4732221  4114541  2569758  2375074 4106182  3108970
            8192       8 1167118 2604824  3637565  4971166 5148447 2107079 5188093  8817411  5673850  2515942  2734384 4568624  3852936
            8192      16 1196086 3459566  5614514  5765244 4778952 2482495 4699856  4229512  5954062  3571028  3280539 4295608  4729615
            8192      32 1197503 2411581  5085204  5228355 4612784 3067065 5897851  6931830  3855097  3393619  2995146 4917099  6220301
            8192      64 1272262 3552567  5988306  5069448 3797576 3402019 4576535  5296049  4486305  2256233  2983184 4454894  3280853
            8192     128 1405145 3106440  5435974  5598961 6616796 3860729 3721887  5696426  4354953  4226911  3423032 5897851  4491583
            8192     256 1393236 3236658  4612784  4418801 3561773 3540486 4997921  5915112  5611763  3264953  2702765 5258763  5221205
            8192     512 1223384 3397646  4976927  6296676 4205698 2213500 4827293  5802240 10371794  2568029  2600684 5104089  5230743
            8192    1024 1376327 2769426  4597355  5450634 5435974 2836411 4620849  4997921  8301848  2384800  2373761 4649613  3566579
            8192    2048 1082169 2321948  4516379  3085518 3974610 2637415 3471099  3107845  4876623  1871567  2793973 4331893  3910378
            8192    4096  981067 2423658  3900612  4551075 3908599 2122831 2888633  1997565  2643299  2059836  3107845 3285873  3295327
            8192    8192  912153 2346687  3254747  3059146 4282224 1932514 3234221  2904996  4474037  2178692  1869937 3453654  3149436
           16384       4  972113 2385612  4662486  3730333 3710994 1905549 3595279  4266751  4896710  2715239  2522574 5145674  5141054
           16384       8 1103363 2932618  4653330  4363195 4132059 2008589 3667815  5200975  4937877  2220065  3148254 5271594  5239439
           16384      16 1276796 2552842  5050375  5222715 5355819 2681546 4537195  7037464  4973975  2545278  2720722 5316044  5359578
           16384      32 1323416 2700514  5105532  5186451 4776894 2333840 4580441  4967862  5401707  2731102  2674554 5410639  5300463
           16384      64 1374614 2961177  5263115  4483906 5116937 2681023 4326386  8568720  5398313  3220248  2647761 5837136  4451087
           16384     128 1249540 2535792  5259490  3913898 4649237 2883035 4746539  6122653  4297974  3369129  3506130 5488861  5473995
           16384     256 1314204 3398453  5293522  4926195 3866769 2942538 4503594  5793340  4588087  3143501  2984973 4152032  4889045
           16384     512 1378917 3594527  4527330  3522665 4772581 3055040 4880365  4713332  5212811  3005075  3062391 4683777  4890785
           16384    1024 1173051 2458586  5254664  6258145 5030411 2731102 3636950  5550036  9037510  2445027  2248393 5008779  5214393
           16384    2048 1203286 2526097  4469325  5014993 3289302 2579772 3219494  2614318  3767348  1784142  1793923 4571300  3596220
           16384    4096 1046439 2148436  3836975  3003499 2956845 1981141 3796906  2242231  3460926  2014772  2352053 3397109  4047368
           16384    8192 1121203 2101846  2923137  3566358 3311972 2283509 3313889  2453758  3674483  2280023  2314737 2993033  2892622
           16384   16384  943445 2275870  2692578  3307986 3732967 2431961 3146668  2233341  3011264  2156324  2390757 3332854  3471942
           32768      64  139258 2980235  4797538  4835857 4984583 2792350 4284416  5669267  5807736  2461572  3420768 5818308  5333332
           32768     128 1137939 2638753  4639319  5066163 4165346 3510590 5220296  5749908  4650622  2594225  2777453 4817381  5636947
           32768     256 1324013 2912162  4313866  5467855 4453367 2817075 4067949  5810928  4196634  2491289  3214133 4180677  4853103
           32768     512 1334737 2797124  5278235  3908423 5262270 3449616 4214521  5357657  4234649  2240543  3021180 4965494  5571818
           32768    1024 1354334 2694944  5183284  5609110 5353275 3372585 4476429  5341209  4820929  2535221  2823383 4634782  4766260
           32768    2048 1044362 2363329  2963272  3639628 2666915 2161336 3398521  1943511  4039493  1785041  2126951 4599573  4057980
           32768    4096 1010611 2421328  3122845  3455079 3587004 2198748 3518499  2164058  2868103  1230861  1880952 3108296  3108367
           32768    8192 1041679 2137537  3417620  3386129 3414818 2235659 3166883  2340390  3312915  2051333  2024352 2847188  2929106
           32768   16384  900242 2266293  3805296  3972361 3389971 2094345 3836097  2533492  3236385  2183067  2410625 3435217  3091029
           65536      64 1172693 3086961  5920162  5798157 4665130 3211460 4599943  6183728  4920060  3083153  2596916 5193057  5364329
           65536     128 1177435 2810876  4636722  5207420 4769386 2913360 4414375  7058140  5369673  2891752  2423586 4612911  4632190
           65536     256 1111099 3226652  4766326  4449748 4399608 3007620 5087806  6591036  4607113  2733612  3191437 4520066  4246739
           65536     512 1104935 2729297  4668140  4363847 4300288 3022735 4427815  5363491  4448524  2681505  2614528 4516649  4851973
           65536    1024 1169136 2745297  4093441  4640322 4170263 2708775 4541274  5281765  4446149  2567613  2477631 5009273  4226497
           65536    2048  999742 2210468  3649428  3597887 3814633 2276274 3631397  3088696  3771660  1668011  1768854 3770574  3726207
           65536    4096 1117981 2175754  3136307  3297052 3202480 2167194 3172871  2316403  3287981  1680020  1759220 3189882  3182274
           65536    8192 1011481 2073066  3244667  3341135 3201734 2014188 3272051  2344018  3370179  1891694  1612841 3174116  3087412
           65536   16384 1044433 2166989  3626606  3595534 3273181 2127738 3547278  2289145  3164907  2074709  1926739 3338376  3609178
          131072      64 1192508 1977014  5455885  5671163 5323799 2455080 4749518  6373181  4727219  2322243  2227338 4897130  5478885
          131072     128 1153113 2347489  4763675  5209138 4611317 2408444 4581649  6251927  4461731  2265205  2533485 4667657  4680812
          131072     256  977500 2355253  4525975  5055048 4456884 2482048 4876021  5729917  4572351  2460519  3168515 5285411  5206868
          131072     512 1151420 2503569  5241420  4842690 4785237 3119433 5007530  6034919  4619765  2718605  2582652 4947949  5232639
          131072    1024 1145644 2714886  4392360  4472984 4699779 3153719 4413057  5650587  4645177  2389694  2108349 4831794  4413943
          131072    2048  982150 1941003  3127916  3718440 3369101 1835052 3787767  2664606  3502347  1452321  1708803 4036451  3670966
          131072    4096  914286 1790579  3625094  3247098 3191656 1905309 3308158  2631911  3697781  1682157  1646735 3770336  3371725
          131072    8192 1013124 2000488  3460809  3480220 3424121 1752043 3407123  2353177  3316841  1709626  1729957 3268954  3302633
          131072   16384  966678 1833431  3316600  3333797 3216661 1982546 3378231  2369976  3713492  1739321  1721371 3460264  3274503
          262144      64  155069  147694  5172838  5316123 4855496  120899 4643819  7470380  5527883   149792   147792 5469885  5705737
          262144     128  151287  132145  4833043  4995513 4554204  123576 4522844  6362737  4580061   153649   148345 4970312  5105629
          262144     256  138516  153210  4932540  5056485 4918551  133118 4429749  6306860  5181443   155072   152018 4468963  4112586
          262144     512  150321  151687  4535923  4512320 4575906  144446 4770843  5817681  4408224   159154   143519 4458380  4472926
          262144    1024  147828  147587  4880908  4890743 5008096  145223 4688672  6258077  5105226   154944   154036 4342654  4700197
          262144    2048  125559  141963  3703121  3689725 3689985  157116 3028600  2897448  3890371   162467   153744 3849563  3644172
          262144    4096  158360  159940  3524913  3515177 3551166  140439 3486320  2398518  3310148   165804   136278 3265700  3303892
          262144    8192  149402  132747  3173534  3328053 3495675  152756 3314759  2544095  3332239   163280   159501 3580470  3311195
          262144   16384  157487  133534  3255479  3250917 3221749  150007 3428689  2444093  3356817   189796   161728 3347344  3502490
          524288      64   39276   77821  5342416  5195605 4706986   28426 5368226  7258776  5303492    78103    81216 4978332  5359173
          524288     128   83260   71698  5368069  5185424 4674090   47039 4738173  6361555  5010730    80388    78016 4895314  5111109
          524288     256   81262   76275  4815156  4659176 4900900   56037 4782993  6296545  4496926    84492    81960 4677799  4876782
          524288     512   79344   73276  4819039  4616966 4764309   60521 4605681  5649707  4891383    81612    78499 4777724  4987750
          524288    1024   77328   74254  4799277  4874652 4731373   60474 4657232  5310588  4336222    81481    81933 4989900  5069843
          524288    2048   81445   76269  3956715  4255135 4233802   65370 4153631  3202894  4125949    82997    76842 3909827  3573173
          524288    4096   81584   77005  3565641  3671072 3418678   77097 3278870  2265750  3626412    83591    82971 3342352  3396684
          524288    8192   78434   72886  3400492  3470199 3252748   81458 3414002  2527529  3352012    84162    82828 3258677  3311384
          524288   16384   81649   76129  3127852  3257880 3322737   81087 3564116  2363146  3308230    82049    83729 3416649  3374143

iozone test complete.
