	Iozone: Performance Test of File I/O
	        Version $Revision: 3.420 $
		Compiled for 64 bit mode.
		Build: linux-AMD64 

	Contributors:William Norcott, Don Capps, Isom Crawford, Kirby Collins
	             Al Slater, Scott Rhine, Mike Wisner, Ken Goss
	             Steve Landherr, Brad Smith, Mark Kelly, Dr. Alain CYR,
	             Randy Dunlap, Mark Montague, Dan Million, Gavin Brebner,
	             Jean-Marc Zucconi, Jeff Blomberg, Benny Halevy, Dave Boone,
	             Erik Habbinga, Kris Strecker, Walter Wong, Joshua Root,
	             Fabrice Bacchella, Zhenghua Xue, Qin Li, Darren Sawyer,
	             Vangel Bojaxhi, Ben England, Vikentsi Lapa.

	Run began: Sat Oct  5 16:57:16 2013

	Auto Mode
	Command line used: iozone -a
	Output is in Kbytes/sec
	Time Resolution = 0.000001 seconds.
	Processor cache size set to 1024 Kbytes.
	Processor cache line size set to 32 bytes.
	File stride size set to 17 * record size.
                                                            random  random    bkwd   record   stride                                   
              KB  reclen   write rewrite    read    reread    read   write    read  rewrite     read   fwrite frewrite   fread  freread
              64       4  516414 1562436  4274062 1597288510402178 4564786 3057153  5283570  5860307  3738358  2923952 4564786 12902017
              64       8  718114 1492919  4988978 2096219112310336 5283570 3588436  6421025  5860307  2467108  3406295 3738358 12902017
              64      16  712397 1599680  6271021 1597288515972885 5389653 2892445  4274062  4564786  3738358  4643754 5283570 12902017
              64      32  653436 1933893  6271021 1290201715972885 5860307 3057153  4897948  4018152  3203069  4274062 3791156 12902017
              64      64  801764 1638743 10402178 1597288510821524 5389653 2892445  4564786  3203069  4274062  1879725 3738358 12902017
             128       4  753179 2673584  5784891 14200794 9795896 4012317 3560017  5545860  3468030  3560017  1997245 4759253 12842051
             128       8  947186 2248149  6406138 1420079412842051 5325799 3657016  6406138  5847904  4444086  2969325 4444086 11720614
             128      16 1067750 2843510  5847904 1056714012842051 5545860 1827299  6406138 10567140  2784517  3053774 3445772 14200794
             128      32  859260 2660335  6406138 1863766415881078 6045455 4934216  6727225  4135958  4557257  2420455 4012317 14200794
             128      64  985435 2843510  7476717 1284205116365173 6114306 4717434  5545860  2409592  2905056  2770150 5603747 10779307
             128     128  976473 2905056 10779307  532579914200794 4934216 5122535  5325799  5325799  4407601  3657016 5603747 11720614
             256       4  572721 2588541  5810112 12228612 9778562 4070199 5117791  5455847  7314033  3823789  2903529 5569035 12228612
             256       8 1084800 3511189  5938650  465214612812277 4572895 5455847  6554972  9114515  4572895  3421677 5938650 15164624
             256      16 1070737 3557725  5841722  624974513454450 5347168 5810112  6936061  9434868  4734192  2903529 5242734 15164624
             256      32 1267990 2754556  5022044 1495343513454450 4572895 5687020  7518900  5428265  5455847  3043436 5022044 15164624
             256      64  958864 3078337  7791708 1583556915164624 6249745 3823789  6936061  8271916  3511189  3823789 5810112 15835569
             256     128 1132871 3326279  8534922 1607260813454450 6398720 5569035  7120034  9114515  3935921  5320671 5971678 15164624
             256     256 1224606 2557711 12661199 1435374413454450 5217259 5455847  5971678  5971678  5810112  4496299 6107548 13454450
             512       4 1014013 2572435  5439343 11683444 9859630 1821745 2651850  5227492  5886650  3710197  2124526 5822804 11943357
             512       8 1084694 2625909  6414119 1503780111877300 4927617 4871723  6104175  8992598  3941742  3325278 2350044  5951911
             512      16 1267097 2463259  6472112 1343809212797441 5384786 2668325  6736026  7871843  2225819  4237291 5509113 13109944
             512      32 1176828 3684733  6931711 1503780113872122 6395018 4305250  7211022 12499490  3437042  4532414 5495016 14628067
             512      64 1248678 2681653  6931711 1514384614240069 5886650 4871723  7091952 12499490  3580298  3963567 5164632 10911694
             512     128 1171691 3064306  5870558 1064134310044089 4571003 3877684  5227492 10235583  4163357  4030519 5699180  4871723
             512     256 1221684 3081897  7115451 1249949011877300 5509113 5398323  5968453  7435738  3970896  4660280 5551840 12499490
             512     512 1091863 4494470 12797441 1343809213109944 6104175 5566231  5566231  2875558  5951911  4571003 2548017 12427157
            1024       4  982648 2265510  6025439 12348754 9946527 4392454 5200941  5853003  7269678  4033569  2437821 4854136  4972145
            1024       8 1109579 3447541  6569179 1461839312492426 5175871 5917516  7369466  8122014  4848656  4162573 4356809  9220512
            1024      16 1279861 2884840  3436508 1364323212456195 5363307 5251818  6874084  5690162  3791442  2251260 5958564 13818817
            1024      32 1467458 3112733  4943530  578208712983353 3738636 3281592  7755368  7054742  3984917  4033569 6137371 11132462
            1024      64 1440391 4228138  3725664 1461839313863422 6059442 5813392  7699755 10454984  3037876  2715230 3220084 14618393
            1024     128 1345623 2645000  3335105 1386342213863422 5950309 4433259  7472033 11645609  2593883  2758833 3220084 14183905
            1024     256 1241031 1651398  6819511 1298335312790037 3643490 5917516  6918376 10557785  5623115  5120336 5751117 12944224
            1024     512 1374914 2103514  6692005 1177330112348754 5194651 4114719  3567824  5507740  3401130   419520 4570058  8061038
            1024    1024  858340 3472628  8768716 1124909110557785 2461573 2789291  2201637  5089995  4805258  1917562 2619192  3518141
            2048       4 1048089 2458618  4631177  5131978 5659442 3016334 5345969  5852228  7477273  2801852  3020577 1582579  3329682
            2048       8 1317918 2805512  5800851  652331212488897 4509611 4180412  7135648  4521480  3730203  2905140 4293237 11001372
            2048      16 1511565 3736694  3771144 1183503312959958 4909079 5389574  7159438  4983122  4376355  2575842 4994712  5489457
            2048      32 1381061 4038890  6317030 12274742 7969835 5131978 3977179  7582884  6080053  4502520  3084572 4330028  7470770
            2048      64 1300361 3074635  5461535 1280539913301113 6092991 6303124  8253158  9567698  5306340  3025897 6479029 13748169
            2048     128 1326260 3112514  6024617 11626784 7999524 3744839 4282535  5235193 10037248  3117032  4014352 6189580 13301113
            2048     256 1327285 2880782  4162181 1177016612187663 5769681 2756005  3282603   607371  2998435  3413030 4178378  5044577
            2048     512 1400653 2021729  4188565  5238385 4540600 2752473 2652192  1812296  6759439  3277593  3850597 4741090 10048990
            2048    1024 1224892 3281349  6523312  7419150 5848244 4221501 5251194  2074960  5507054  3080148  4120256 2864451  2797290
            2048    2048  534007 2698008  5251194  4215286 5068389 3307884 4591569  2879817  4741090  3286370  3043048 5009275  4405533
            4096       4  882747 2734426  4851966  5468151 4501111 2418063 4471821  5587302  4395170  3059199  2663212 2637454  2907010
            4096       8 1238652 2315406  5558378  6158088 6542703 2776856 5265366  3341213  5402804  3240380  1646873 5151685  6105563
            4096      16  620776 2279462  5769304  5998964 7087972 3266876 5075585  7173805  5786794  3605576  3128843 5411313  6804432
            4096      32  624114 3084464  6252213  775682910112910 3733288 4756587  6978564  2035817  3800178  2972909 6281934  7670249
            4096      64 1231548 3700320  5087609  4581535 4675041 2940849 5184332  7728911  4952675  3923414  2963678 5777065  5625724
            4096     128 1467636 4124020  3365430  5461198 3442303 3800178 4253700  6953144  4271680  2632605  3119185 5980170  7188814
            4096     256 1369917 3497668  5482110  5299475 6015769 3462422 4941279  6510471  8734909  2884558  2627371 3421735  4467170
            4096     512 1296612 2682340  4904602  5535098 6703539 3768502 5634950  7038605 11508442  3612399  3248345 5038371  4581535
            4096    1024 1120976 2057024  6500617  7085049 5649775 4348447 5165626  4507015 10166771  4078979  2830382 4442909  5777065
            4096    2048 1361665 2163764  4476482  3349029 3506950 2477696 4404184  3330202  5211065  2624160  3912691 4501111  5396016
            4096    4096 1039075 2151300  3005151  2940849 3256349 2153727 3965067  2281885  4023571  2649249  2666519 4607338  4071246
            8192       4  903994 2215212   968103  4160376 3409108 2121127 5133064  5403489  3441891  2348612  2373105 4147820  4464155
            8192       8 1116815 2802633  4130865  4211884 4102260 2455002 4578974  7307775  5748846  2751683  2404324 4253071  4751854
            8192      16 1292944 2634988  4617744  4620849 5400092 2861211 5400092  6182248  5350479  3399327  2708091 5572627  5435974
            8192      32 1419542 3422010  5756551  5322300 4051471 3060236 5396699  7185515  6160081  3725519  3192451 5784656  5319004
            8192      64 1493524 2978787  4556507  4394499 4724413 3266505 5421393  7839667  5336352  3599082  2993059 4743326  5357988
            8192     128 1313857 3760997  5550123  5305863 5717279 3531027 4724413  6708520  5347148  3354851  2813188 5004472  4618365
            8192     256 1266727 2925526  4802330  5091232 5622783 3764705 4667931  7373641  4506310  2953185  3345053 4779617  5421393
            8192     512 1152670 2404493  4790278  4790278 5158495 2836411 2826843  7117050 10738070  3406066  3455043 2748162  5336352
            8192    1024 1252779 2073885  5583494  6158977 6234975 3897073 4015486  3949937  9812005  2530767  1980182 4122934  4325349
            8192    2048 1111397 3116019  5158495  5542961 5319828 3218769 4079854  2896914  4156350  2258012  2771437 3538663  3424738
            8192    4096 1050794 2137756  3508313  3949937 4483963 2685024 2983443  2957252  3464100  2394606  3465497 3777121  3754421
            8192    8192 1160966 2166056  3301660  3090236 4139325 2133905 3416226  2789210  3934558  2186734  2773226 4459520  4500997
           16384       4 1057648 3010604  4874826  5354150 4872061 2581419 4558867  5280100  4625454  2745725  2450520 4539892  4672948
           16384       8 1212736 3307190  5624535  5628220 4942494 2497999 5793828  7631422  5702953  3172087  2858808 4683777  4733787
           16384      16 1380996 2751331  6355378  6372469 5570732 2921522 5421310  7173368  5352482  2947334  3325274 5283347  4926195
           16384      32 1219407 1727322  4451087  4524648 4154040 3224025 5516621  8012245  6343059  3313250  3113591 5612591  5290262
           16384      64 1430052 3796067  6197193  4481274 4641387 2758289 1938008  7581746  6017042  3494185  3735402 5994996  5811959
           16384     128 1482979 1064662  4265427  4426715 4334572 2613523 4170932  6698584  4840147  2636687  2503368 5047407  5680795
           16384     256 1074500 3406878  5901805  5925213 5906370 3961277 5799207  7101462  5352482  2649394  3421806 4362087  4642641
           16384     512  993518 2526840  4088788  4482443 4675810 3152008 3555472  4064363  4690491  2444245  2390425 5448821  4007713
           16384    1024 1247544 3233430  5690674  4985884 5286599 3177660 4803271  5706741 10240123  2582584  2546504 5121513  5966368
           16384    2048 1345493 2753205  4296899  5238241 5331717 3220701 3262443  2315439  5259490  1696785  1779891 4240161  4995307
           16384    4096 1297430 2732514  4284575  4471651 4465549 2694268 3468962  2500635  4063642  2270156  2418949 3954666  3462321
           16384    8192 1239331 2132767  3158673  4423296 4436432 2351972 3230846  2764836  3959451  2282826  2956845 3976636  4440158
           16384   16384 1109814 2618103  3131468  3137473 3237848 2149310 3388566  2496003  4398382  2694796  2312167 4375975  3552531
           32768      64 1042042 3735078  6378919  5735751 6341832 3447799 5514585  8272574  5607966  2855114  3629536 3609993  6227183
           32768     128 1196517 2874581  5907336  5062990 5363930 3657936 4423411  7403597  5978516  3430501  3396673 5446835  5354944
           32768     256 1383258 3637702  5910639  4147371 4046034 2840246 4030018  6106550  4644650  2962441  2850141 5340171  5259652
           32768     512  959308 3362519  2716839  2090714 4014714 1856134 3269335  3304869  3448231  2437344  1485139 5135254  3796152
           32768    1024  600584 2656707  2946753  5912673 6070409 3776023 5120713  1368534  5191311  2556584  3222347 4096564  5525005
           32768    2048  885407 2811716  3801822  3886100 3758674 2432857 3138391  3757441  4175342  2090841  1474511 4886404  3979607
           32768    4096 1109919 2469888  4432827  4211938 4048417 2771516 4383625  2578117  4276151  2261111  1938577 4297410  3513911
           32768    8192 1227310 2704702  3731731  3755285 3963197 2725675 3913542  2866308  4128063  2392914  2357572 3964226  3952711
           32768   16384 1294520 2086746  4234779  3806666 4373164 2659329 3123129  2916612  3148023  2351119  3056453 3018128  2836553
           65536      64  981164  276117  4729830  5252497 4747639 2934885 5954661  8289240  4731214  2811020  3194219 6293740  2583929
           65536     128 1427701 2999350  5231603  5719139 5834834 3666172 5079063  7366851  5927566  3172285  2885015 5488797  6006972
           65536     256 1356572 2657062  4403696  5816191 5717593 3733647 5039673  5058406  5623547  2704059  2439200 5765926  5696266
           65536     512 1241001 3308242  3945551  4111442 4770048 2900479 4080195  2399259  5444980  3138420  1841212 5146966  5364747
           65536    1024 1236085 2046794  4958132  3121632 5131592 3124897 4204838  3201399  2877404  1303363  1520663 4308984  3524807
           65536    2048 1099415  972606  4282334  2799255 5028149 2487992 2748537  2754210  4811799  2151975  1341909 4699666  3176134
           65536    4096 1113024 1993547  4296591  4210764 4174759 2041625 2717317  2357406  3008015  1403126  1496049 4135815  4294376
           65536    8192  731576 2404737  3913030  4142110 3842360 2543121 3996084  2757193  4152622  2141781  2090329 3881973  4045963
           65536   16384 1204000 2453701  4104750  3991210 3856160 2519069 3875788  2745873  3910024  2296278  2455828 4137620  4165270
          131072      64 1130731  286650  5704943  5022903 5341593 1842735 5576589  8473711  5781498  2794116  2445187 6111195  6227636
          131072     128 1072795 2551819  5155839  5796066 5735895 2729646 1657209  8076946  5532812  2427619  2349626 5552034  6022424
          131072     256 1358371 3027409  5466573  5467008 5264760 2922199 5151587  6651387  5127037  2605850  2856337 5607361  4848755
          131072     512 1326653  520267  5615953  5858699 5536267 3166070 5499603  6992053  5689592  2699727    25827 5533982  5727648
          131072    1024 1312887 3067152  5196533  5704233 5504890 3156308 5261435  6323480  5543301  2471336  2322410 5387026  5565242
          131072    2048 1108271 2069701  4671822  4722468 4696567 2396809 4808424  3579633  4481699  1841883  1861529 4424529  4571591
          131072    4096  910083 2249503  2646099  2738021 3748868 2131631 3739026  2661253  4087197  1588615  1814921 3049949  2855343
          131072    8192  941317 2272443  3508919  3422523 3403854 2114194 2996339  2734262  3897683  1837518  1260220 3183524  2904200
          131072   16384 1118706 1019150  4010655  4085283 4204125 1530624 3437138  2613543  2654417  1573194  1601662 3984811  3963952
          262144      64   77483   85493  5639220  5971685 5783013   60741 5286016  8059292  5961066    99802   118482 5440950  6025321
          262144     128  121686  122763  5421125  5032416 5506980   79382 1021888  8164136  4037085    68362    69498  899599  3980625
          262144     256   74489   92796  5289755  5540530 5392358   95679 4963715  7293522  3771692   121736   115438 4171614  5427414
          262144     512  115099   95546  5070780  5729941 3372933  105299 4920774  6774654  5377852   123412   108898 4354625  5663300
          262144    1024  115682   69619  5195914  5791298 5806191   70516 5024505  6799204  5408246    71765   116660 4887939  5478334
          262144    2048  116286   84064  2874707  3171859 4875562   75334 4246008  3598752  4832151    83700    74924 4040007  4736114
          262144    4096   83748   72741  2645754  2930391 3609905   91765 3630898  2812339  4175194   121388    78288 2475207  3148804
          262144    8192   78177   68885  2715984  2894694 3224205  129532 3709355  2206707  4025129    48120    75184 2699898  3659028
          262144   16384   99361  108523  3837110  4024260 3645706  115267 3645803  2674203  3578023   122771   103888 3504030  3492133
          524288      64   41020   31678  5818109  6094384 5295944   11476 4982066  7922158  5669517    38482    59540 4207595  6019875
          524288     128   70810   51077  3089679  5430735 5696437   25493 5301523  8025608  4879823    38486    71037 5512430  3826945
          524288     256   53947   49754  5283233  5500228 5327313   32841 2519077  7160544  5362362    47787    55495 5100972  5268802
          524288     512   62654   40523  4639222  5442455 5440476   55504 5177122  6604450  5237280    82493    80505 5445906  5355010
          524288    1024   85259   79953  5091653  5253923 5352546   59377 5022300  6045627  5743602