	Iozone: Performance Test of File I/O
	        Version $Revision: 3.420 $
		Compiled for 64 bit mode.
		Build: linux-AMD64 

	Contributors:William Norcott, Don Capps, Isom Crawford, Kirby Collins
	             Al Slater, Scott Rhine, Mike Wisner, Ken Goss
	             Steve Landherr, Brad Smith, Mark Kelly, Dr. Alain CYR,
	             Randy Dunlap, Mark Montague, Dan Million, Gavin Brebner,
	             Jean-Marc Zucconi, Jeff Blomberg, Benny Halevy, Dave Boone,
	             Erik Habbinga, Kris Strecker, Walter Wong, Joshua Root,
	             Fabrice Bacchella, Zhenghua Xue, Qin Li, Darren Sawyer,
	             Vangel Bojaxhi, Ben England, Vikentsi Lapa.

	Run began: Sun Oct 27 23:52:41 2013

	Auto Mode
	Command line used: iozone -a
	Output is in Kbytes/sec
	Time Resolution = 0.000001 seconds.
	Processor cache size set to 1024 Kbytes.
	Processor cache line size set to 32 bytes.
	File stride size set to 17 * record size.
                                                            random  random    bkwd   record   stride                                   
              KB  reclen   write rewrite    read    reread    read   write    read  rewrite     read   fwrite frewrite   fread  freread
              64       4  771797 2467108  9318832 1290201710821524 4018152 6271021  4564786 12902017  3541098  3057153 7940539 12902017
              64       8  809014 2801873 12902017 2273779115972885 489794810821524  5735102 15972885  4564786  354109812902017 20962191
              64      16  760859 2923952 12902017 2096219115972885 538965310402178  6421025 15972885  4564786  401815212902017 22737791
              64      32  771797 2772930 12310336 2273779115972885 586030710821524  5860307 12310336  3363612  489794812902017 20962191
              64      64  913649 2923952 15972885 2096219115972885 586030710821524  5860307 12902017  5283570  401815212902017 20962191
             128       4  785122 2558895 10567140 1420079410779307 4135958 7176872  5074121  9129573  3982553  3867787 9795896 11720614
             128       8  976473 3036502 12842051 1801235914200794 554586010567140  5784891 15881078  4759253  475925312842051 16365173
             128      16 1017175 3199360 14200794 1588107814586625 560374711720614  5603747 16365173  5122535  512253512842051 15881078
             128      32 1000121 4267461 12842051 1636517314200794 611430610779307  6727225 15881078  5545860  611430612842051 15881078
             128      64 1000121 4889281 14200794 1863766415881078 640613810567140  5784891 14200794  4407601  803630412542043 16365173
             128     128 1220700 4934216 12842051 15881078 6727225 584790410567140  6045455 12842051  5784891  578489112842051 15881078
             256       4 1053922 3770085  8208677 12228612 9868433 4117018 9114515  1190657  8815202  3823789  4054829 2135500 10758322
             256       8 1219045 4496299  7120034 1345445012228612 532067111569783  6936061 12228612  4840911  175503712812277 13454450
             256      16 1152323 4734192 12228612  796510712228612 554030012228612  7120034  8024634  4840911  524273411091721 14164395
             256      32 1292410 5022044 13454450 1583556913454450 624974511569783  7120034 14953435  5455847  511779112812277 15164624
             256      64 1266495 3316006 13454450 1516462413454450 639872010758322  6398720 15164624  5841722  639872013625180 14353744
             256     128 1219045 5217259 11207494  779170812812277 624974512228612  6107548 13454450  4652146  853492212228612 14164395
             256     256 1108314 4819184 10758322  919254612228612 545584711207494  4840911 12228612  5810112  581011211695808  8815202
             512       4 1082507 3481620 11138071 11620224 9468384 4131319 9468384  5278892  8844453  3970896  378874710856530 11374040
             512       8 1163439 4305250 12499490 1378308812146009 527889212215097  6999490 10856530  4195896  406100711620224 11138071
             512      16 1267097 3993047  9681823 1319046912797441 574491912146009  7309196 12427157  4973263  501976412146009 13109944
             512      32 1068503 4532414  9681823 1387212213109944 624621312499490  7540170 15143846  4522868  506714213109944 13438092
             512      64 1340664 4030519 12215097 1194335713522711 657113212797441  7758090 15471149  4494470  449447012146009  9468384
             512     128 1339827 4195896  8992598 1387212212797441 624621312499490  7540170 12215097  5760329  608687311138071 13522711
             512     256 1418599 4494470 10911694 1242715712146009 595191111374040  6472112 12499490  4871723 6352431411683444 12427157
             512     512 1387437 4961773 12499490 1279744112499490 5019764 8140399  6035551 12146009  5951911  596845311943357 12797441
            1024       4  988529 2993413 10662628  9655828 9485232 4146499 9142007  5018624  9402175  3684119  381840810134284 10662628
            1024       8 1301187 4178773 11018226 13686709 9743447 5226256 9064828  7160597 11489839  4507705  302078311520658 13305116
            1024      16 1316341 4926518 12313351 1381881712790037 541742711773301  6559147 12492426  5144870  5151040 9855234 13142265
            1024      32 1341839 5175871 11489839 1381881713305116 639316812071103  7590887 13142265  5507740  497214511368190 10878686
            1024      64 1116792 3923040 12639479 1461839313686709 4079544 5758828  8000971 15977962  5593820  3668386 4614246 12983353
            1024     128 1383774 5065980 12173747 1364323213142265 569016211645609  6692005 15801608  4741598  366838611903823 13142265
            1024     256 1416169 4898425 11368190 1231335110039528 6128613 9142007  6692005 12983353  5417427  588508310796646 12071103
            1024     512 1408737 4700088 11903823 1066262812348754 602543910429596  6208343  8199542  4783849  706634910429596 11773301
            1024    1024 1396825 4451639 12492426  123674211249091 5071963 7869040  6016997  9946527  5336651  5096034 9743447 10329265
            2048       4 1166824 3419824  8830061  9796850 9149853 3664951 7082696  5376082  8390200  3757946  3696494 8574451 10351742
            2048       8 1166349 3314266  9140117 1338401111835033 4321315 9024882  6696208 11690076  4412322  4138120 8940345 12416686
            2048      16 1350023 4162181  9653719 1205087812561952 488673710240672  7311791 12204980  4686767  4312636 8987113 12274742
            2048      32 1345582 4432815  8643474 1338401113198923 523838510452512  7477273 12118884  4864597  462369910389302 13198923
            2048      64 1064981 3346546 10240672 1227474213836752 568943010903620  7444871 11246230  5172149  4603874 8498106 13552946
            2048     128 1401796 4367454  8713618 1272949313038646 5582208 9101380  6945257 13038646  4730646  4550221 7556202 12345306
            2048     256 1432179 3079044  3117032  9101380 7726111 4621211 8678404  6629029  7013303  3483621  3650932 2133188 11129659
            2048     512 1192085 3465352  8940345  7761014 8749118 4338776 6363830  4403275 10339282  4229816  4460436 7286980 10959265
            2048    1024 1388652 3786104  9062970 10660056 8758039 4611288 6185123  5868220  9990553 14514788  3441748 5184636  6503556
            2048    2048 1331606 3084572  5937172  6003564 6041567 3346546 1818820  3807923  5131978  3573472  3574960 5447681  6340344
            4096       4 1185161 2401165  4222337  3893185 5032468 2675656 4390677  4423462  5751920  3303309  2135523 3768502  3904688
            4096       8 1276383 2942360  4039655  5936773 4485833 2717987 3900255  5572803  3075079  3565171  3049425 4607338  4179197
            4096      16 1360371 3456153  4144915  6058196 5875858 3038638 4442909  6897314  4627193  4813898  2647616 4757904  4801789
            4096      32 1394152 3295072  5759634  5996870 8292220 3485604 5580043  6953144  6790983  3663236  3524939 5258919  5340661
            4096      64 1427633 2261757  4627193  4541567 6883496 2992067 5926533  5711761  5826043  4067390  3385325 4617244  2402172
            4096     128 1412956 2367741  5572803  6532752 6449370 4462528 4602401  6510471  7326777  3999219  2952980 4298399  4977067
            4096     256 1425146 1891888  5867831  3972402 5565581 3365430 5263753  5218980 13518879  4121052  3007255 4334185  4235870
            4096     512 1444316 2169502  5319164  5375755 6005255 4113159 5139356  6225028  8324363  3343814  3515562 5223741  5611025
            4096    1024 1405558 2678994  4184286  4530788 5753847 3618486 4871226  5980170  5761565  3571100  2977031 3703511  3595765
            4096    2048 1177364 2332381  4145915  4120064 3256349 2692851 4352854  3864287  4591331  1778490  3003050 4039655  3935097
            4096    4096 1187290 2323548  3682869  3589754 3404782 2132077 3336022  2445252  3750403  2550150  2262949 3750403  3509816
            8192       4 1140466 2311482  4946832  4646469 3860295 2166056 4439927  5305043  4979812  2766527  2303733 4350542  4779617
            8192       8 1241777 2665031  5997714  4137332 3129072 2268747 4336814  4983423  4168957  2893742  2599897 6737460  4248864
            8192      16 1149623 3345053  5333039  5761377 5378957 2142822 4787608  5919188  4830007  3001950  3270236 4194403  3416226
            8192      32 1315164 3512976  4636437  6302451 4850463 2389776 4284360  6659114  3742562  2770543  3308336 5123115  4466476
            8192      64 1428393 2846515  4149824  4819168 5580773 2969263 4085675  6281710  4222755  2970290  2642689 5091232  5117011
            8192     128 1388451 2879434  5741161  4870401 6095604 3376942 5372229  7230880  5343822  3481651  3044239 4506310  5487193
            8192     256 1226528 2339178  4177574  4449702 4490996 3111504 5178710  4187757  4931921  2636606  2693866 4065372  4743326
            8192     512 1213961 2992016  4716630  5234728 5218033 2709800 4849778  6248582 11192805  2761857  3308336 4440501  4325349
            8192    1024 1464434 2772107  4638941  3935009 5404339 4250966 4782278  3831454  8668371  2566495  1986363 4620228  3270236
            8192    2048 1102092 1810808  4065372  4399563 4162896 2299878 4423351  3619936  5041185  2021184  2231614 4762392  4151830
            8192    4096 1096675 1781330  3379267  3717055 3752371 1937090 3923327  2502201  3212449  1892388  3044239 3314080  3727135
            8192    8192 1074352 2095130  2931016  2598324 3597574 1835573 3367015  2137224  3362731  2716226  2356666 3158120  4147820
           16384       4 1077398 2450870  5021222  3742319 3727905 2031209 4734113  3903671  4726949  2134423  2674970 4113262  5097579
           16384       8 1215417 2394923  4379601  4857596 4486248 2207159 5077241  4570084  4825871  2478270  3246414 4703976  4765300
           16384      16 1268008 2586277  4902299  5570732 4481274 3012320 5317690  7083163  5278477  2861784  2658413 4727274  4900900
           16384      32 1259825 2905587  5423449  4685374 5599328 3546298 4049514  5485356  5837136  2453057  2810749 5073867  5216372
           16384      64 1354510 3224479  3723662  5655083 4831639 3457269 4544696  6728755  5942635  2758731  3525014 5428590  4444753
           16384     128 1276606 2842489  5317690  4838443 6093337 3359411 4694656  6546080  4370132  2345630  2687209 5403831  5752602
           16384     256 1286838 2913718  4971096  5659741 4571604 3635988 4238069  4472816  4805959  2935750  3308623 4547403  5061534
           16384     512 1233725 2664495  4857596  3742319 5094556 3805738 5470509  5494127  4703976  2895181  2897745 4250126  4478938
           16384    1024 1333561 2957354  5319748  4411370 5241438 2922019 3762192  6308703 10058757  2375550  2907554 4699794  4750476
           16384    2048 1082660 2355035  4607467  3782069 4463229 2829731 4411370  3573406  5452279  2250897  2331544 3747420  4107362
           16384    4096 1170773 1901332  3484441  3729725 3092434 2038318 3294506  2630329  3159253  1945415  1960288 3170916  3410428
           16384    8192  992298 2413597  2987049  3540998 3342256 2576580 3242432  2238579  2801125  2163179  2935625 3110631  4265427
           16384   16384 1162062 2382469  3913898  4365689 3350403 2358753 2904972  2317078  3023985  2568011  2130585 3288673  3230998
           32768      64 1208129 3103033  5822252  5213563 5410810 3481864 5559647  6873732  5144866  2599376  2787367 5843044  4763451
           32768     128 1221008 2660616  4898072  5154707 4598495 3557479 4502385  6401201  4654560  2537187  3114495 5554928  4987658
           32768     256 1250458 2908095  5055169  5012031 5328163 3559045 4708134  6442610  4265534  2521177  3071000 4665779  5315182
           32768     512 1204307 3067641  4651252  4664512 4525364 3107734 4650465  5729773  5350774  2451386  2832636 5427048  4815862
           32768    1024 1310305 2888841  5483344  4681034 4304274 3579623 4724968  7004755  4913481  2725892  2570066 4513475  4437120
           32768    2048 1025826 2163479  3958403  4378318 3880175 2713246 4741431  3558215  4155774  1729165  1854130 4024589  3568285
           32768    4096 1146530 2346463  4118168  3507544 3677709 2249490 3184125  2618093  3095694  1721822  2170792 3491150  3405511
           32768    8192 1104976 2177119  3217293  3448145 3132382 2174536 3574968  2229855  3213532  2298202  2071835 3548294  3521564
           32768   16384 1103335 2358624  3399530  3837061 3789871 2555206 3321321  2292605  4011316  2084340  2839541 3891712  3565970
           65536      64 1084764 3088244  3704913  4897706 4712154 2788747 5057941  7073397  4651945  2503195  3237140 5644796  5227325
           65536     128 1139972 2841355  5288574  5091387 4838053 2812602 5119264  7339706  5153431  2762791  2877766 5258425  3514397
           65536     256 1316617 3027929  5101687  5270726 5006992 3100506 4887169  5776589  4363293  2535638  3048751 4407015  4652260
           65536     512 1256850 3263234  4845216  5156235 5355549 3184449 4570192  6578575  4769303  2961669  2781072 4562530  4908375
           65536    1024 1122868 3107025  5119645  5317321 4501781 3292116 4928264  6009205  5172146  2552923  2385807 4473137  4336447
           65536    2048 1044766 2389290  3952245  3832717 3792161 2332739 3798082  3209697  4232550  1779135  1748555 3784903  3847362
           65536    4096 1148987 2402698  3570454  3731873 3735068 2512117 3389712  2552117  3421355  1834405  1796049 3650010  3055597
           65536    8192 1003153 2035849  3663094  3511927 3490965 2252565 3536780  2491194  3403942  1850982  1804456 3528744  3846716
           65536   16384 1027904 2439460  3448396  3534824 3717540 2279029 3244514  2670589  3301725  1987321  2232677 3211122  3445802
          131072      64  860243 2398964  4940168  4912709 4887856 2444730 5173743  7870767  5124838  2587636  2770251 4880003  5283887
          131072     128 1096387 2177675  5108409  5296665 5169656 2310172 5467497  6141781  4670790  2344426  2941069 5209928  4759839
          131072     256 1131462 2504824  5073803  4518795 4449741 2451773 4863855  5669233  4564265  2325081  2545780 4505722  5106843
          131072     512 1083418 2936591  4583865  4451435 4809980 3031332 5166596  5656459  4769709  2742091  2637517 4875113  5293707
          131072    1024 1149946 2376255  4573949  4522401 4463071 2500381 4604520  5582478  4884338  1917765  2222916 4404889  4802375
          131072    2048  960022 1910142  3884985  4045421 4215763 2131532 3873871  3095335  3874663  1532412  1632830 4151675  4358581
          131072    4096 1002615 2138979  3637976  3281638 3301067 1864199 3001902  2398169  3303308  1581676  1634233 3480484  3749302
          131072    8192 1012578 1695537  3420095  3278683 3282147 2225823 3236583  2387037  3341964  1655368  1733754 3260404  3401116
          131072   16384 1001710 1987865  3683238  3355815 3274991 1884708 3740858  2468030  3372759  1746371  1739833 3716454  3292605
          262144      64  147612  127292  5031933  5058067 4842942  121357 4631437  7728518  5099874   156134   145342 4886201  5054370
          262144     128  150453  143999  4740810  5275162 4544886  127933 5096022  7273114  4598046   146731   144482 5315404  5364235
          262144     256  153833  150341  3596339  4663812 4570067  130103 4622947  6512081  5152089   155832   150110 4876276  4642094
          262144     512  154768  147397  4826721  5308834 5000944  150356 4691033  5770781  4506900   167087   154490 4497388  4987039
          262144    1024  150264  149754  4839744  4723478 4883727  151612 4366298  5782891  4145286   162888   157184 4645879  4594664
          262144    2048  151706  151654  4290981  4268459 4251640  152826 3803882  3275165  4063418   159432   157448 4253860  4007334
          262144    4096  148972  135975  3322361  3328809 3317349  149252 3323998  2504885  3284812   160500   149358 3666348  3704543
          262144    8192  151778  134046  3441557  3450706 3640480  150258 3541627  2406803  3329484   159152   152206 3590420  3574894
          262144   16384  150137  121436  3407565  3402124 3309600  156260 3642047  2434881  3548668   182355   173091 3359269  3312582
          524288      64   60603   68440  5532094  5652277 5185167   25760 5218513  7770927  5361198    77831    78162 4984482  5326126
          524288     128   80830   77301  4766033  5506191 5172020   44614 4670675  6316567  5062105    78469    75681 4875604  4868760
          524288     256   81664   74460  5096114  5267691 5041425   55649 4710122  6659311  5183224    78819    80371 4882272  4847071
          524288     512   80657   77280  4879184  5184604 4971534   63751 4863118  5956203  4742628    81838    79739 4776593  4992370
          524288    1024   79054   75483  4754112  5089132 4959213   59202 4837006  6365183  4602779    85245    80121 4538936  4507674
          524288    2048   80314   76804  3814359  3754112 4247138   63259 3937960  3057554  4069772    81020    82380 3874488  4150245
          524288    4096   77925   74620  3347149  3404931 3398264   79663 3183194  2368466  3371629    83789    78714 3739811  3644557
          524288    8192   81024   75464  3311927  3420076 3359185   80289 3553535  2311013  3498165    85515    78650 3332490  3329296
          524288   16384   80386   71492  3387376  3504364 3441632   79729 3437639  2591712  3472912    87172    81498 3443211  3665064

iozone test complete.
