	Iozone: Performance Test of File I/O
	        Version $Revision: 3.420 $
		Compiled for 64 bit mode.
		Build: linux-AMD64 

	Contributors:William Norcott, Don Capps, Isom Crawford, Kirby Collins
	             Al Slater, Scott Rhine, Mike Wisner, Ken Goss
	             Steve Landherr, Brad Smith, Mark Kelly, Dr. Alain CYR,
	             Randy Dunlap, Mark Montague, Dan Million, Gavin Brebner,
	             Jean-Marc Zucconi, Jeff Blomberg, Benny Halevy, Dave Boone,
	             Erik Habbinga, Kris Strecker, Walter Wong, Joshua Root,
	             Fabrice Bacchella, Zhenghua Xue, Qin Li, Darren Sawyer,
	             Vangel Bojaxhi, Ben England, Vikentsi Lapa.

	Run began: Sun Oct  6 09:02:47 2013

	Auto Mode
	Command line used: iozone -a
	Output is in Kbytes/sec
	Time Resolution = 0.000001 seconds.
	Processor cache size set to 1024 Kbytes.
	Processor cache line size set to 32 bytes.
	File stride size set to 17 * record size.
                                                            random  random    bkwd   record   stride                                   
              KB  reclen   write rewrite    read    reread    read   write    read  rewrite     read   fwrite frewrite   fread  freread
              64       4  492717 1310683  5389653 15972885 9006179 4274062 4643754  3588436  4274062  3363612  2561267 3022727 10821524
              64       8  727850 2561267  5860307 2273779112902017 4564786 4274062  4274062 12902017  3057153  3165299 3363612 10821524
              64      16  799377 1690338  5735102 2096219115972885 5283570 4897948  4564786  4274062  2561267  3363612 3203069 10402178
              64      32  743988 1599680  7100397 1231033612902017 5860307 2923952  5283570  7100397  3791156  4274062 4897948 10821524
              64      64  720041 1648808  9318832 1040217812902017 5283570 3022727  4897948  5389653  4274062  3738358 3363612 15972885
             128       4  847059 1911894  4135958 12842051 9795896 4444086 2784517  5545860  3124872  4135958  2286447 3359523 11720614
             128       8  848397 3560017  6045455 14586625 9795896 4889281 4759253  6406138 12842051  3759450  2326073 5325799 14200794
             128      16  841746 2211113  5784891 1077930711720614 5545860 3199360  6727225  4759253  4104338  2409592 5325799  9795896
             128      32  889145 2132084  5847904 1420079416365173 6045455 3380677  6727225  4135958  4444086  2409592 5325799 11470204
             128      64  927549 3759450  7476717 1801235915881078 6114306 1471662  6406138  7082197  3560017  1209698  948860 14200794
             128     128 1196221 2571150 11470204 1588107814200794 6114306 3759450  6114306  5545860  5122535  4759253 5545860 16365173
             256       4  970126 2170027  5117791 12661199 9114515 3705040 4819184  5687020  4404088  4332998  3454704 5569035  9868433
             256       8 1053922 3043436  6398720 1516462412228612 5022044 5242734  6761355  9518507  4572895  3078337 5347168 11091721
             256      16  658008 2582316  5810112 1516462412812277 5810112 5938650  6936061  5217259  4755158  4264168 5810112 14164395
             256      32 1347557 3654598  6398720 1607260814164395 6249745 6107548  7518900 11695808  4907284  4652146 5810112 14953435
             256      64 1084800 3236056  6213578 1607260814353744 6554972 5022044  7518900  8815202  5347168  4998665 5971678 12812277
             256     128 1306564 3009318  5717301 1345445012090911 5022044 5217259  1778290  7735574  3823789  5810112 5938650 14353744
             256     256 1213534 3935921 12228612 1345445012812277 6107548 3275543  5687020  6249745  5569035  4070199 5217259 12228612
             512       4 1110496 2958758  5870558 12499490 2665014 4262523 5067142  5344582  7435738  1875849  1635797 5822804  2141475
             512       8 1201856 3366987  6174377 1462806712427157 5278892 2509312  7115451  7115451  5019764  1909204 6319739 13783088
             512      16 1299295 3346002  6104175 1424006913109944 2486072 4742616  6931711  8562340  4690818  4000485 6156675 13872122
             512      32 1293037 3504346  6551087 1462806712499490 6104175 6086873  7309196  7871843  4882800  4447925 6319739  4571003
             512      64 1089647 3604335  6909408 1503780114146265 5951911 5951911  8140399  9304292  2124526  3366987 6319739 14628067
             512     128 1242896 1657257  6999490 1387212212499490 5624545 5886650  2024389  7900804  5822804  3822466 2613128 13783088
             512     256 1350783 4195896  8140399 1343809212797441 6174377 5566231  6086873  7309196  4447925  7115451 6018636 13109944
             512     512 1463057 4237291 12797441 1343809213109944 5509113 5951911  2294796  6246213  6156675  2235086 3580298 10641343
            1024       4 1150600 2093262  5758828 12173747 9655828 3880507 4920874  5226256  3937426  2509027  3544270 5853003  4694950
            1024       8 1363565 3304314  6317933 1294422410990032 2085132 5277632  7020149 10039528  4810640  4178773 6244448 13643232
            1024      16 1448162 3923040  6599461 1404475812676785 5660167 5950309  4304412  7472033  5194651  4232305 2859868  4762630
            1024      32 1473500 4018473  6874084 1461839313643232 6093831 6489770  8061038  8895850  5390231  2798378 6569179  5479632
            1024      64 1110440 4211554  6402699 1482016114422045 6402699 4282950  7113161 15080341  3791442  4146499 5853003  5690162
            1024     128 1306332 3643490  6733974 1442204513818817 6441107 5720477  7755368  9569770  5507740  4356809 5472650  5853003
            1024     256 1389594 3764854  1973059 1234875412790037 5958564 5853003  4048778  8988941  5444898  5042191 5991815  6059442
            1024     512 1523683 2572135  8246774 1314226512944224 5652717 5593820  3941039  8262639  4614246  6280976 6025439 12944224
            1024    1024 1030016 2403712 11018226 1347205313142265 5652717 3229770  6025439  5813392  5472650  4832290 3671521  4531485
            2048       4  998619 3336148  4613765 12187663 9567698 3585405 4686767  5184636  4889518  3174630  2473485 4276140  9441504
            2048       8 1225591 3536690  6261772 1357436312345306 3586902 6020395  7477273  8749118  4897882  3079044 4031308 12882215
            2048      16 1163032 3210223  4086930 1126097313038646 4697018 5336007  6717153  5785224  4385291  3630870 6114678  8190205
            2048      32 1404546 2812862  5095447 1055526411983630 4120256 5264067  6967792  4223576  4717655  3357009 6340344 13467949
            2048      64 1340333 3430751  4807425  8713618 9389900 4432815 5184636  8029434  4831762  4046500  3044126 6202989  8643474
            2048     128 1363523 3351769  6189580 1157976314040298 4697018 5800851  7470770 11015480  3542524  2824887 4257067 11579763
            2048     256 1272808 3357009  5900467 1191712912959958 4481379 4850862  6967792 12187663  3251539  4146110 5832361 11900619
            2048     512 1023975 2905140  5147354 1234530612635867 5349298 5444228  4472047 10192069  4785996  4170264 5888333 11706006
            2048    1024 1172878 2933915  5345969  5549749 5521212 2653011 5420181  5937172  4441984  2608697  5461535 5769681 11320334
            2048    2048 1076189 2223179  5238385  7616502 3663388 3771144 5238385  4265523  3717289  2295665  3792790 5416763  4957240
            4096       4  920885 2882622  5603704  4654774 5286429 3122019 3534366  5468151  4510565  2359286  2536221 4882301  5843879
            4096       8 1345983 3583764  5851841  6149271 7188814 3408159 5101205  7061751  5666546  3522048  3170416 5926533  6096896
            4096      16 1395511 2989464  4284464  4571782 4928521 3253266 5050220  6439700  6086096  3666363  2788122 6216019  7599002
            4096      32 1244214 3072878  4457897  6919538 7149920 3258820 4390677  7558881  6490793  3803543  2295912 4307020  5802430
            4096      64 1464508 3086681  6120790  4633432 5257310 3018351 5875858  8377131  4813898  3300136  3351642 6330545  7770863
            4096     128 1329011 3379997  5367357  6225028 8356757 4644707 5769304  5587302  1115445  3571100  2736168 5165626  5800471
            4096     256 1290476 2917377  4729091  6897314 8324363 3886139 5556581  7085049 11318885  2359286  3660895 4813898  5594580
            4096     512 1358113 2798112  5953231  5489116 8013724 4161985 3849566  6672297  8642630  3404782  2730514 4841028  5810280
            4096    1024 1104970 2828983  4235870  5784846 6500617 4218190 3621537  3771811 10112910  2459958  3686820 3934195  5198450
            4096    2048 1093993 2072659  3210107  6032669 4730393 3335375 3284363  4039655  6024207  2730948  2769693 2991546  5159420
            4096    4096 1070009 2254041  1016872   633387 1625987 1155741 3454069  2394138  3346419  2320724  1890847 3778448  4079948
            8192       4  901811 2212217  4143818  4087619 3396303 2160336 4037664  5091232  3649155  2334569  2453424 4801658  5250727
            8192       8 1072273 3221485  5343822  5487193 4763052 2796019 4275297  6943036  4366576  2694711  2808359 4607218  4827293
            8192      16 1417024 2758310  4687034  5201445 5056765 2616528 5091232  6809564  4855947  2362824  2905979 6196743  6141364
            8192      32 1422480 3658870  5234728  5736369 5830794 3360100 4818493  7334293  4997921  3247058  2412258 4974045  5326425
            8192      64 1382362 3142235  5361332  5988306 5645881 3914388 5004472  7105276  5347148  3311205  2836411 5375591  6281710
            8192     128  636223 3131639  5400092  5221205 4715983 2948876 4423351  7607087  4702429  2568797  2797840 5769116  5872650
            8192     256 1326845 3607395  5435974  5174810 5123115 3394960 4435342  5641246  5081444  2943571  3433293 4738094  4662863
            8192     512 1461568 3092461  5523358  5740202 6063334 3693481 4678100  6491781 10664745  2987594  2796929 4362141  4940431
            8192    1024 1142058 3105317  5752696  5776876 5591672 3626431 4838850  5748846  9673878  2688596  2164283 5171695  4818493
            8192    2048 1054438 2934270  5072442  5728718 5316535 3059963 3663942  2533940  6006101  2822895  2000589 3052081  4135340
            8192    4096 1089650 2079659  4469381  3311205 4035293 2871493 4255705  2986555  3294063  2203846  3196015 2770319  2684185
            8192    8192 1047846 2677909  3078607  3792546 4257814 2630751 3544870  2294043  4092001  2789210  2128881 2717085  3193638
           16384       4  879116 2222722  4067491  3982628 3679205 2170079 4130072  5509102  3733778  2158355  2453057 5194684  5223112
           16384       8 1251087 2934622  5280100  4824516 4876209 2688050 4305784  7062054  4118686  3035740  2771303 4263310  2473453
           16384      16 1251451 3351874  5499843  5811959 5349148 2752213 5706741  7457506  5838624  3243044  2852755 4765631  4333479
           16384      32 1284096 2809256  4649237  4818765 6106874 3091877 6058953  6809433  6131394  3327367  3082585 5209649  5394499
           16384      64 1286019 2712988  4957469  5655548 5452279 3634450 5520166  8187902  5455742  2916809  1633152 5338759  4627946
           16384     128 1273625 2847908  6045627  5981949 5981429 3075136 5872553  8249829  5459643  3048805  3223269 4786543  5568926
           16384     256 1299295 2910139  4877594  5463116 4537494 3017213 5131073  6617309  5215976  2868354  3460926 4721753  5089650
           16384     512 1262649 2849798  4477770  6036599 5720518 2963220 5680795  7207979  5923681  3282703  2892744 5419600  5626377
           16384    1024 1417281 2433770  5636067  6068049 5809993 3722049 4507434  5592038 12171775  3073348  2878929 5183322  5001124
           16384    2048  741728 2062730  3404852  3703394 4921609 2946197 5214393  3106694  6138514  2414106  2023970 5180196  5214393
           16384    4096 1070433 1629628  4001179  3891733 2859878 2257701 3300519  2456740  3804895  1258672  2256441 3937445  3796067
           16384    8192  831886 2257701  3008890  2306656 2451569 2092247 3901012  2441726  2666666  2236757   976575 3362206  4133302
           16384   16384 1024764 2677576  3696621  4446191 3148975 2648985 4369020  2777464  3594527  2330911  2987568 3123072  3357442
           32768      64  980552 2702947  5011117  6083844 4608827 3004602 4771721  8225047  6125875  3404161  3644937 5573851  5798670
           32768     128 1364987 3178307  5402940  5972021 5985025 3762481 5540596  7967103  6152475  3310600  2791840 4777360  4515254
           32768     256 1305910 3350877  5865236  5988415 5696761 3800981 5237005  6606433  5310869  2881693  3531427 4782181  5165168
           32768     512 1171250 2914015  4882065  5168470 5284323 3372585 5911656  7035953  5792560  3299949  2894438 5786463  5887094
           32768    1024 1103929 2282364  6084114  5951334 6116878 3801402 5276614  6062376  5245400  2645355  3267314 4880505  4473952
           32768    2048 1272290 2121174  4466101  3525720 5338511 2386059 5055169  4100108  5650620  2245631  2174501 4989107  5328990
           32768    4096 1126365 2255508  3786008  4436977 4051879 2702522 4345372  2538358  4333316  2219449  1769619 2760605  2692515
           32768    8192 1234432 2657375  3649389  3548202 3575712 2247761 3100373  2664071  2764325  1910338  2470998 2860343  2840539
           32768   16384 1113571 2414734  3571437  3313234 2778576 2584225 2992239  2858321  2936428  2054307  2535642 4057022  4328676
           65536      64 1072301 3360661  4476196  4989814 5777682 3284681 4908375  6416413  5377552  3040119  2325949 5113550  4774605
           65536     128 1200776 3043789  5520212  5976281 5919652 3502887 5827412  8247704  4429599  3360291  3527838 4517243  4404614
           65536     256 1339001 3365681  5312491  5447246 5270322 3665928 5163596  7216763  4322128  2531225  3178264 4345016  5260538
           65536     512 1379266 3664950  5315573  5947574 5986694 3728330 5687426  6822517  4907236  3141540  1724812 5675097  5163984
           65536    1024 1456161 2998827  5794001  4931978 4882742 3037029 4015700  6675714  4144983  2946210  1724131 4461883  5719139
           65536    2048 1250952 1636647  4991716  3563696 3243098 2450114 3074084  3068730  4767980  1898042  1651445 3109344  2915709
           65536    4096 1121672 2251790  3032405  3335338 2686012 2375785 2694067  2113651  1155328  1669034  1681963 3408162  3169980
           65536    8192 1204728 1940490  4105485  4335832 4293169 2677900 4071613  2945168  4262809  1632400  1648504 2931224  3013555
           65536   16384 1250474 2572756  3027763  3697388 3969997 2569629 2674408  2139946  3900980  1789327  1826227 3906080  4213411
          131072      64 1160114  771315  4842690  5675085 5842573 2921671 5564284  8445333  5613143  2797685  2876844 1373648  5913463
          131072     128 1281889 2366049  5182571  3573978 4245225 2782787 3902580  8082409  5784540  3003279  2537005 5692126  5988311
          131072     256 1330033  412069  5347049  5585881 5632639 3138470 4938615  7258000  5424286  2784323  2543507 5450638  5645770
          131072     512 1292673 3033440  5435334  5513060 5491089 3037730 5417284  6709264  5273042  2721310  1267852 5330303  5704943
          131072    1024 1298064 2868034  5557478  5682007 5709209 2907164 5583725  7032121  5850905  2531724  2549050 1869492  5249828
          131072    2048 1178757 2432571  4631168  4816723 4674285 2444915 4365122  2810658  4733365  1884624    41577 2248078  4200463
          131072    4096 1072638 1516296  3363576  4084767 4117872 2292427 2640393  2185735  3940596  1714933  1660588 3991610  4031005
          131072    8192 1146576 2157497  4050040  4137770 4057813 2288753 4102538  2850324  4147572  1813844  1872185 3916119  3950110
          131072   16384 1158945 1659325  4156792  4017161 4161670 2236909 4076891  2828430  2513412  1723092   849043 2665692  3971254
          262144      64  127028  128135  5677541  5400038 5880816   45952 4539444  7834526  5487055    81455    95672 4716427  5181321
          262144     128   90235   81151  4577887  4501881 4312506   64046 5203020  7942106  4759938    96763    80048 4140447  5829680
          262144     256   95594   78130  5018749  5577432 4729452   82634 4054578  5573163  4877098    97229   101350 4987627  4441613
          262144     512  112287  104048  5212244  4264783 4342140   80714 5076282  7021783  5550011    98331    98946 4016307  4473381
          262144    1024   91139  100884  4948813  5635434 5453931  133187 4961385  5957158  5481420   128810    95145 2477193  5379852
          262144    2048  119406   58496  4376064  4697587 5064521  109278 4007451  3601970  4699173   120634   119574 4527444  4834105
          262144    4096   87094  133682  3929243  4077962 3927138  121568 3861081  2659738  3922319   128334   117602 3727880  3926535
          262144    8192  117902   56400  4026662  3938645 3820112  125032 3507977  2546098  2734281   134145    99181 1123813  3984679
          262144   16384  118030  113271  3942374  3774786 3845336  120900 1198717  2814484  3977961   139692    83667 2930883  2127621
          524288      64   22594   77584  5300066  6238915 5758809    9064 5376981  6674572  4294935    47212    69897 6035803  6263438
          524288     128   78578   33115  5341054  5866552 5686303   17170 5321048  7804574  5376153    66385    69879 1520746  5682967
          524288     256   65695   73375  4322448  5519348 5318731   31446 5222256  6607447  5350866    75747    57368 4372669  4962503
          524288     512   45827   40010  4300226  5403127 5300552   54831 5117901  6683172  5520096    79311    44761 5139732  5500820
          524288    1024   39194   35200  5337463  5297015 5738132   36570 5291611  6428486  5370481    70484    48151 1097084  4072613
          524288    2048   71584   58661  4412158  4635291 4784210   62088  276145  3291114  2434088    59510    79605 2357421  2710156
          524288    4096   41414   73258  3134343  4080889 3994238   74286 3214970  2350697  4211044    53758    71593 3765819  3952264
          524288    8192   68251   73964  3840204  3175504 3730712   37145 4050334  2731533  4107231    94403    87681 3615828  4160980
          524288   16384   89245   85462  3961734  4000116 3971730   89596 4109549  2818448  4117266    93553    95515 4033071  4101547

iozone test complete.
