	Iozone: Performance Test of File I/O
	        Version $Revision: 3.420 $
		Compiled for 64 bit mode.
		Build: linux-AMD64 

	Contributors:William Norcott, Don Capps, Isom Crawford, Kirby Collins
	             Al Slater, Scott Rhine, Mike Wisner, Ken Goss
	             Steve Landherr, Brad Smith, Mark Kelly, Dr. Alain CYR,
	             Randy Dunlap, Mark Montague, Dan Million, Gavin Brebner,
	             Jean-Marc Zucconi, Jeff Blomberg, Benny Halevy, Dave Boone,
	             Erik Habbinga, Kris Strecker, Walter Wong, Joshua Root,
	             Fabrice Bacchella, Zhenghua Xue, Qin Li, Darren Sawyer,
	             Vangel Bojaxhi, Ben England, Vikentsi Lapa.

	Run began: Fri Oct  4 04:21:57 2013

	Auto Mode
	Command line used: iozone -a
	Output is in Kbytes/sec
	Time Resolution = 0.000001 seconds.
	Processor cache size set to 1024 Kbytes.
	Processor cache line size set to 32 bytes.
	File stride size set to 17 * record size.
                                                            random  random    bkwd   record   stride                                   
              KB  reclen   write rewrite    read    reread    read   write    read  rewrite     read   fwrite frewrite   fread  freread
              64       4  610350 1310683  4897948 1597288510402178 4274062 2772930  4643754 10821524  2772930  3363612 4274062 10402178
              64       8  621657 1484662  6421025 2096219112902017 5389653 5389653  4564786 12902017  3588436  3958892 3057153 12310336
              64      16  633392 2006158  7100397 2096219122737791 5283570 2467108  5735102  5389653  3791156  4988978 3738358 10821524
              64      32  752329 1648808  4274062 1597288515972885 5389653 4897948  6271021  3363612  3958892  2561267 3203069 22737791
              64      64  688639 1679761 12902017 2096219115972885 5860307 3363612  4564786  5860307  4564786  4564786 5860307 12310336
             128       4  770474 1827299  4267461 11470204 9977956 4407601 2969325  5545860  3468030  4012317  2202044 5847904 12842051
             128       8  870405 2202044  4557257 1284205112842051 5325799 4012317  6406138  6406138  4759253  1319723 6114306 12842051
             128      16  914904 3560017  4407601 1056714014200794 5784891 3560017  7176872  4717434  4267461  2608629 6045455 18012359
             128      32  551878 1967960  6114306 1863766414200794 6045455 3560017  7082197  4407601  5379161  4135958 5545860 10567140
             128      64 1243315 2248149  8036304 1801235915881078 6727225 5379161  6727225  4267461  4135958  4267461 5545860 11720614
             128     128 1175271 2511022 10779307 1420079415881078 6406138 5603747  6114306  4233807  6045455  2905056 6114306 12842051
             256       4  941213 2205688  5938650 1281227710148242 4652146 3823789  5810112  4652146  4132864  2903529 5841722 12228612
             256       8 1052888 2842047  5810112 1516462412812277 5428265 6107548  7120034  4672389  4929815  3605511 6249745 12228612
             256      16 1126926 2509882  5687020 1583556913454450 5938650 4572895  7314033  5428265  5217259  3605511 6398720 15164624
             256      32  703260 2699161  7314033 1495343514164395 6398720 6398720  7314033  5569035  5320671  3935921 5117791 14953435
             256      64 1248819 3207059  7314033 1709624915164624 6761355 6554972  7791708  8815202  5022044  3368013 6595234 15835569
             256     128 1142514 3197509  8271916 1583556914164395 6719046 4929815  7073132  7735574  4907284  6398720 5347168 14164395
             256     256 1391207 3879045 12812277 1416439513454450 6249745 5938650  6249745  5569035  6073004  4929815 5810112 13454450
             512       4 1153441 2800557  5951911 1249949010044089 4447925 5509113  5822804  5886650  3556580  3678421 5278892 11683444
             512       8 1251589 3388236  6571132 1503780112797441 5551840 6018636  7540170  6395018  4961773  4163357 6571132 14240069
             512      16 1312798 3963567  6472112 1462806713109944 5951911 5019764  7435738  4494470  5331314  4331300 6319739 13783088
             512      32 1316016 3710197  7022379 1503780114240069 6551087 6246213  7900804  8394979  5439343  4701087 5227492 14628067
             512      64 1071167 3628697  6632013 1558341714240069 6736026 5019764  8265729  7900804  5951911  3822466 5760329 15037801
             512     128 1309596 4271001  6999490 1462806713872122 6821616 5744919  8018812  7647578  6086873  4532414 2906696 14240069
             512     256 1471074 3941742  8265729 1343809212797441 6395018 5886650  6736026  7309196  5067142  6571132 6104175 13109944
             512     512 1488408 4411377  3533174 1343809213109944 6174377 6018636  6414119  6086873  6246213  4827914 6018636 13109944
            1024       4 1230718 3083680  5950309 1249242610039528 4374559 5536137  5925680  7269678  3655895  3738636 5925680 11741116
            1024       8 1340582 3684119  6609617 1461839312790037 5277632 5096034  7537599  9300377  4943530  4282950 6559147 13863422
            1024      16 1244266 3955557  5751117 1442204513102174 5660167 6364746  7577494  7927135  5277632  4410497 6650556 14183905
            1024      32 1448162 4215688  6830356 1466831813102174 6479979 6569179  8122014  9064828  5417427  4614246 6244448 14183905
            1024      64 1458489 4379019  7008693 1502757714422045 6650556 6609617  8457895 10990032  5564829  4574926 6290174 11249091
            1024     128 1515083 4249053  6609617 1423090213863422 6599461 6244448  8262639 10255274  5472650  4634161 6128613 13818817
            1024     256 1501313 3112733  6963241 1279003712944224 6280976 5917516  7208671 10454984  4898425  5144870 6059442 12790037
            1024     512 1335165 4415030  8262639  547963213142265 6025439 5991815  6599461  8262639  5175871  6733974 6059442 12790037
            1024    1024 1542286 4321737 12037272 1347205313305116 5958564 6025439  6208343  6137371  6128613  4741598 5983467 12173747
            2048       4 1036454 3195891  4741090 10660056 9796850 4088876 5222461  5769681  7969835  4204968  3224685 5852228 10179991
            2048       8 1285570 3777778  6479029 1278633712488897 4807425 6207471  7419150  6967792  5009275  4284671 6416117 12118884
            2048      16 1475476 3447273  6401772 1157976313280548 5535444 5991003  7698414  6543188  5187767  4531020 6092991 12416686
            2048      32 1439379 4347560  6738230  886651913726200 6189580 4376355  8128206 10192069  5303064  4385291 6503556 12345306
            2048      64 1538641 4414590  6823876 13118295 8793903 6479029 5578583  8398403  9796850  5535444  4490751 6207471  9062970
            2048     128 1423398 4301837  4971585 1248889714017386 6503556 6132138  8159088 10503637  5212953  4396514 6207471 12187663
            2048     256 1403628 3353078  6345027 1138032512729493 6075753 5937172  6340344 12118884  4676561  4432815 5937172 11129659
            2048     512 1511565 4432815  6867521 1157976312416686 5933071 5970183  6851089 10240672  5147354  4829046 5916724 10945301
            2048    1024 1480817 4240255  7135648 1164254310959265 5535444 4621211  6303124  5689430  5068389  5611381 5769681 10289741
            2048    2048 1383954 3657149  7189398  7874853 5107566 4301837 4543002  4414590  5447681  4257067  3507805 4686767  6873016
            4096       4 1032766 3321831  5649775  6817934 6339889 3148338 5325760  5026578  6105563  3404782  3295072 5596402  5843879
            4096       8 1339894 3723578  6281934  7656576 9019223 3462422 5424983  7545601  7085049  3644585  3886139 6160296  6703539
            4096      16 1470148 3696339  6349261  7711565 7418527 4235870 5382492  7599002  7185807  4456740  4031124 5988509  7342434
            4096      32 1440804 3915366  6379914  7784948 7392988 4740836 6207035  8272256  7326777  4628439  3949571 6243125  6490793
            4096      64 1506503 4307020  6451792  7863339 9937420 4659824 6207035  8463799  7515892  4540367  3842678 6361016  6661947
            4096     128 1510211  725078  6060333  7447471 8824645 5025108 5988509  8459632  6480999  4466009  4120064 6024207  7339297
            4096     256 1498226 4104315  5969780  6041154 8276241 4887857 5664678  6178018 13423810  3942321  4067390 5704175  6680080
            4096     512 1549717 4197577  6178018  7111444 6503078 4639689 5728903  6967243 11500738  3841819  4092583 5081590  6615769
            4096    1024 1491592 3961410  6597984  5618365 6793669 4357270 5542240  6114255 10089154  4149921  3893185 5633102  6041154
            4096    2048 1358113 3284991  6005255  6094733 5565581 2807257 5192166  4307020  6066754  3127134  4175134 4496399  5438722
            4096    4096 1309859 2826656  4669958  4696769 4643451 3031667 4490523  2882138  4597474  2832715  3077833 4515307  4718699
            8192       4 1059478 3011949  5681356  5888754 5282208 2760970 5135366  5806161  5139206  2958525  2745307 5062726  5607184
            8192       8 1230393 3200182  5688881  5919188 6014511 2899603 5657967  7685357  5772993  3167728  3369987 5736369  6244039
            8192      16 1423482 3808521  6196743  6486879 6450345 3499380 6104267  7809376  6321001  3711835  2495295 6239504  5901904
            8192      32 1463623 3623372  5622783  5923270 6578789 3548164 6085887  8250021  6374949  3343751  3613845 5897851  6415419
            8192      64 1412364 3940424  6187815  6506533 6019780 4035293 6019780  8642207  6316353  3770075  3738897 5838720  6429825
            8192     128 1471836 3737270  5684175  6224809 5769116 3725115 5622783  8532752  6287458  3650706  3647218 5607184  6192276
            8192     256 1514258 4041463  5855636  5626466 5685116 4306915 5588034  7055669  6104267  3652258  3602100 5741161  5534924
            8192     512 1489962 3849483  5557305  6054786 5645881 3782110 5649594  7154097 12356037  3667070  3715447 5354648  5928379
            8192    1024 1407101  568852  6168929  6290911 5607184 3972772 5406890  6384425 11476943  3440513  3375284 5305043  5888754
            8192    2048 1339466 3108970  5204597  5546540 5371390 3143385 5192013  4047652  6682426  2762968  2869335 4931921  5016162
            8192    4096 1283238 2700853  4409161  4390007 4240474 2896670 3589681  2965931  4302601  2501290  3420647 4239950  4222755
            8192    8192 1247820 2610564  4322629  4287033 4493345 2876301 4233681  2895937  4224832  2923783  2943823 4233681  4311780
           16384       4 1057453 2855956  5701060  5736755 4671678 2457883 5212811  5740589  4877940  2732079  2742109 5408935  5368371
           16384       8 1256049 3218287  6189379  5938526 5284972 2700939 5357907  6265562  5704373  1919602  3248870 5999183  6054683
           16384      16 1387632 3500058  6345402  5966368 5849558 3257185 5906370  7567552  5964297  3259812  3447210 6106332  5242637
           16384      32 1422356 3572662  6224699  6350680 6010201 3462321 5887143  7662908  6250745  3466862  3464590 6184922  6095499
           16384      64 1439458 3723662  6206148  6248471 6187707 3879868 6081474  8441360  6171037  3618375  3597538 5935961  6184922
           16384     128 1443904 3701001  5975188  6166054 6019150 3860470 6010201  8216292  5872553  3371278  3376081 5826743  5966368
           16384     256 1372089 3803210  5720518  5751158 5454010 3815670 5446662  7142056  5386043  3381563  3521221 5380560  5767086
           16384     512 1488923 3723662  5820327  5866036 5767086 3781237 5783101  7089740  5767086  3574149  3491877 5813926  5824273
           16384    1024 1428180 3614378  5851052  6001802 5736755 4001878 5667209  6806735 12309129  3242432  3206275 5479669  5849558
           16384    2048 1328919 3005075  1000373  3330108 3021326 1521830 4720455  3895263  6243929  2174955  2501363 4853136  5132606
           16384    4096 1239153 2701788  4204104  4303626 4195634 2698288 4187197  2952526  4389953  2517491  2553222 4068454  4371243
           16384    8192 1208173 2647251  4283507  4224002 4224002 2759618 3642541  2886547  4219593  2520261  3303851 4317145  4217262
           16384   16384 1159278 2695641  4207450  4305784 4163604 2310224 3941284  2551610  1899860  1190178  2800212 4191283  4266486
           32768      64 1198709 3648614  6222672  6301415 5924653 3557110 6139832  6859324   897802   754886  2113671 5463073  4425120
           32768     128 1346492 3392816  5308202  5252014 5630250 3455861 4999815  5908606  5736708  2949915  2955307 5126443  5314154
           32768     256 1358941 3287635  2620190  5483344 4609445 2474558 5636947  7347002  5678871  3301296  3375733 5539702  5274184
           32768     512 1438325 3756927  6040262  6086269 6014884 3894910 5924397  7270438  5856738  3315232  3444170 5674885  6015938
           32768    1024 1501051 3708872  5806754  5769944 5928742 3876017 5505528  7286627  5303082  3074160  3181029 5812894  6021473
           32768    2048 1355108 3069285  5378835  5361419 5410810 3117462 5120904  4276151  7110944  2272213  2365892 4176992  5163421
           32768    4096 1310454 2229421  4388944  4373164 4449762 2750825 4362060  3072510  4394277  2253622  2393372 4382507  4386703
           32768    8192 1260540 2706087  4362198  4429969 4421561 2760106 4346472  3026769  4345372  2541315  2628156 4391890  4355701
           32768   16384 1303890 2714853  4325270  4349360 4432255 2742810 4270040  2931730  4400749  2637234  3481158 4314950  4252863
           65536      64 1054959 3608183  6193063  6194319 5971996 3510582 5898818  7802867  6064891  3271234  3527612 6182059  6239170
           65536     128 1429386 3609983  5981223  6158375 5991522 3645943 5841530  8279004  5930252  3388458  3580593 6054605  6096907
           65536     256 1440321 3694059  5726169  5760368 5607601 3725096 5770041  7698409  5803298  3382496  3240536 5794001  5968106
           65536     512 1224008 3846877  5624007  5722235 5598008 3720659 5645260  6754950  5671584  3138384  3467668 5789974  5796567
           65536    1024 1437166 3461816  5704777  5702765 5652108 3670235 1788500  6967611  5711771  2911046  3130306 5689427  5780234
           65536    2048 1296099 2862094  5152562  5332898 5319997 3105235 5056824  4113719  5292341  2191400  2319276 5173412  5212852
           65536    4096 1299777 2686012  4352515  4345840 4373150 2747822 4207220  3037029  4381934  2143718  2133469 3333275  3957024
           65536    8192 1048340 2577411  2051912  2468110 3897716 2561989 3534097  2626820  3753941  2053905  1400046 3499186  3777258
           65536   16384 1177500 1576932  3928297  4175330 4234962 2678343 4135255  2580775  4161046  2405706  2570855 4239077  4217225
          131072      64 1247475 2937972  6067020  5963497 5397498 2935948 6037437  8310518  5772574  2742091  2930158 6204302  6365507
          131072     128 1379328 3135016  6141232  6285236 6037371 3057208 5977373  8610680  5991575  2831300  3080644 6122833  6289406
          131072     256 1355517 3288154  5810217  5902289 5830861 3038503 5676550  7675708  5769000  2834730  2977966 5781741  5927618
          131072     512 1418037 2741284  5883717  5952714 5946983 3155095 5850905  7297210  5855080  2786920  3033858 5886616  5908125
          131072    1024 1337768 2482563  3713291  4037844 4515047 2583514 5336201  6297259  5472286  2044744  2451456 5607361  5772332
          131072    2048 1164091 2408486  4931748  4995518 5000289 2506388 4885641  4035088  5039109  1827373  1975848 5152408  5307455
          131072    4096 1170547 2211738  4305333  4362974 4369077 2282927 4279061  2829522  3979014  1902902  1949026 4337433  4056705
          131072    8192 1183194 2220277  4171744  4249786 4167506 2169459 4170541  2888832  4147854  1868450  1930655 4118520  4171744
          131072   16384 1128102 2240583  4159308  4202357 4139858 2382042 4187888  2908702  4153244  2004617  1986752 4298735  4361071
          262144      64  164297  156689  5581084  5562139 5526855  126964 5467383  8280527  5839185   160971   163489 5989512  6203700
          262144     128  158867  159143  5777148  5966630 5236821  134392 5757214  7895625  6014807   162235   162100 5798353  6046029
          262144     256  159884  150443  5191081  5737326 5682500  139267 5329342  7233733  5789163   166680   154166 5116391  5218677
          262144     512  163917  160644  5625170  5783408 5765848  142957 5406570  7090704  5686438   163388   168729 5585507  5736697
          262144    1024  159957  162063  5524745  5770266 5696662  165421 5669081  7256362  5935836   168513   159035 5618186  5673352
          262144    2048  158208  156600  4867684  5053650 5086827  164206 2581480  2524816  3873513   164379   137370 4796861  5077759
          262144    4096  155074  158046  4081337  4230309 4203720  175146 4046550  2909116  4165908   167642   173303 4193907  4383741
          262144    8192  161938  153802  4078733  3995669 4072962  128578 4065522  2886025  4197653   183554   181275 3658723  3766046
          262144   16384  157368  163706  3521267  3491158 3615972  174606 3964006  2960142  4113479   193515   177663 4191956  4268194
          524288      64   55898   87967  6115433  6300622 5860392   31102 5584426  8184184  5909878    91918    88398 6100622  6405305
          524288     128   92938   90510  5780654  5977526 5719357   48889 5873054  8594876  5945189    93483    90014 5651173  6008887
          524288     256   91244   88035  5507115  5710757 5564445   54901 5534559  7637889  5785947    83934    91594 5498853  5695626
          524288     512   91669   88009  5538643  5749714 5634839   62247 5233466  6727417  5504331    93465    84417 5598615  5753821
          524288    1024   92540   86962  5761721  6020551 5972623   64727 5552671  6957375  5729863    93579    88257 3661226  5151242
          524288    2048   91869   85849  4873248  5033393 4954151   89188 4867951  3851180  4953024    93174    92306 4905798  5048995
          524288    4096   91824   88875  4254097  4362814 4277042   88323 4088301  2776874  3992237    92712    87408 4068665  4174535
          524288    8192   91176   87479  3188867  3828791 4040229   94134 3579927  2762582  4067054    94580    90707 3425863  3607322
          524288   16384   91228   83691  4111547  4005712 4062584   94169 4102794  2842871  4151984    96613    94515 4079367  3959280

iozone test complete.
