	Iozone: Performance Test of File I/O
	        Version $Revision: 3.420 $
		Compiled for 64 bit mode.
		Build: linux-AMD64 

	Contributors:William Norcott, Don Capps, Isom Crawford, Kirby Collins
	             Al Slater, Scott Rhine, Mike Wisner, Ken Goss
	             Steve Landherr, Brad Smith, Mark Kelly, Dr. Alain CYR,
	             Randy Dunlap, Mark Montague, Dan Million, Gavin Brebner,
	             Jean-Marc Zucconi, Jeff Blomberg, Benny Halevy, Dave Boone,
	             Erik Habbinga, Kris Strecker, Walter Wong, Joshua Root,
	             Fabrice Bacchella, Zhenghua Xue, Qin Li, Darren Sawyer,
	             Vangel Bojaxhi, Ben England, Vikentsi Lapa.

	Run began: Fri Oct  4 04:48:49 2013

	Auto Mode
	Command line used: iozone -a
	Output is in Kbytes/sec
	Time Resolution = 0.000001 seconds.
	Processor cache size set to 1024 Kbytes.
	Processor cache line size set to 32 bytes.
	File stride size set to 17 * record size.
                                                            random  random    bkwd   record   stride                                   
              KB  reclen   write rewrite    read    reread    read   write    read  rewrite     read   fwrite frewrite   fread  freread
              64       4  520419 2379626  4897948 12902017 9006179 1017549  877797   435202   901377   180788   952555 4274062 12902017
              64       8  673098 1421755  6421025 1597288512902017 5283570 3203069  5735102  5389653  3588436  3203069 4564786 20962191
              64      16  614542 1363961  6421025 2096219115972885 5389653 2467108  5735102  3588436  4274062  3057153 3203069 12902017
              64      32  695778 1599680  7100397 1231033612902017 5860307 4564786  4564786  4018152  2662899  4643754 5735102 22737791
              64      64  952555 1679761 10402178 1597288512310336 5860307 5389653  5735102  4564786  5860307  3541098 4274062 20962191
             128       4  761728 1684006  5784891 10779307 9129573 4407601 5122535  5325799  7476717  3867787  1911894 3867787 11720614
             128       8  816154 1858934  3867787 1588107812842051 4934216 5545860  6114306  5784891  3124872  2027414 3759450 12842051
             128      16  853794 2027414  4012317 1420079414200794 5784891 5122535  6406138  4717434  4934216  3359523 5603747 10567140
             128      32  870405 2098744  6114306 1172061414200794 5847904 3657016  6406138  8548124  4557257  2286447 4012317 14200794
             128      64  852438 2132084  5847904 1801235915881078 6114306 3445772  6406138  7476717  4407601  2920861 6114306 18012359
             128     128 1165070 2367096 11720614 1420079414200794 5847904 4759253  6114306  4267461  6114306  4717434 5784891 14200794
             256       4  852984 2187712  5117791 12228612 9868433 4572895 5347168  5687020  4197489  4117018  3169196 5841722 12812277
             256       8 1062263 2463808  5687020 1416439512812277 5569035 4907284  7120034  4572895  5022044  3511189 6249745 14953435
             256      16 1094754 3159869  5938650 1516462413454450 5810112 3879045  7120034  5242734  5217259  3421677 4572895 15164624
             256      32 1123389 2783115  6554972 1607260814164395 6554972 4264168  7518900  5347168  5569035  3511189 4281170 15164624
             256      64 1108314 2975955  6398720 1607260814164395 6554972 6249745  7314033 10245071  5971678  5117791 5938650 14953435
             256     128 1163562 3236056  9192546 1495343514164395 6554972 4819184  6936061  7518900  4264168  6249745 5810112 15164624
             256     256 1208072 3197509 13454450 1416439513454450 6249745 5022044  6249745  5810112  6249745  4840911 4572895 11695808
             512       4  999850 2736325  5744919 11374040 9304292 4271001 5115422  5566231  5886650  4195896  3533174 5699180 11620224
             512       8 1196499 3140488  6551087 1424006912215097 5509113 5886650  7211022 10434519  4927617  4091959 6395018 14240069
             512      16 1195832 3393590  6395018 1424006913109944 5639315 5760329  7435738  6395018  5227492  4411377 6395018 14240069
             512      32 1251589 2047551  6395018 1514384613872122 6472112 6246213  7647578 11877300  5639315  3459188 6652558 14628067
             512      64 1387437 3533174  6551087 1547114914240069 6571132 6472112  7647578  8528336  5624545  4650188 6104175 14628067
             512     128 1296159 3877684  7115451 1462806713872122 6571132 5886650  7410080 11080601  5760329  2722449 6086873 14240069
             512     256 1394645 3659616  8140399 1352271112797441 6246213 5566231  6551087  7091952  4973263  7115451 6018636 13109944
             512     512 1395552 4305250 12797441 13522711 9468384 6086873 5822804  6246213  6174377  6086873  4916336 6174377 13109944
            1024       4 1153071 3066069  5813392 11489839 9485232 4374559 5356618  5821271  6787181  4199201  3696803 5782087 11520658
            1024       8 1286378 3646583  6479979 1364323211903823 3556008 5925680  7020149  9832672  5018624  4249053 6327241 14044758
            1024      16 1203474 3671521  6355328 1404475813142265 5751117 6317933  7472033  7699755  3379719  4451639 6128613 13863422
            1024      32 1380217 3999762  6441107 1461839313863422 3751699 5472650  7699755  8326715  5564829  4215688 5917516 14422045
            1024      64 1326096 3556008  6402699  897016714044758 5853003 5991815  7811791 10689164  5065980  3291652 5885083 14422045
            1024     128 1359680 3738636  6830356 1442204513818817 6692005 6172653  7811791 11520658  5451810  4700088 5885083 13818817
            1024     256 1345623 4162573  6059442 1298335312828238 6244448 5983467  6963241  9300377  5593820  4995276 5991815 12944224
            1024     512 1473500 4321737  8262639 1314226513102174 6093831 3951918  6519323  7066349  4654248  6519323 6025439 12790037
            1024    1024 1287921 4339202 12828238 1347205313472053 6059442 6059442  3804877  6016997  5245404  4926518 6128613 12790037
            2048       4 1137768 3200654  5804771 10240672 9389900 3319389 5403134  5852228  7088541  4130162  3020577 5769681 10192069
            2048       8 1261962 3880166  5359311 1211888412274742 4783331 6092991  7529708  8678404  3396834  3618634 6420913 12488897
            2048      16 1351084 4138120  6503556 1241668613138359 5359311 5953632  7231767  9179186  5068389  4572018 6479029  7940367
            2048      32 1348963 3975338  6717153 1295995813949098 6114678 5611381  7882079  9308497  5332694  4490751 6649556 12710657
            2048      64 1391351 4312636  6738230 1319892314417342 5225638 6503556  7999524  9653719  5319484  4365235 6603549 12882215
            2048     128 1498120 4204968  6583305 1280539914132698 5769681 6280083  7940367 10834854  5131978  4046500 4674016 12345306
            2048     256 1441069 4188565  6382745 11564174 9483197 5852228 5937172  7042051 12187663  4853603  4347560 5644567 11246230
            2048     512 1491617 4170264  6873016  763681612805399 5888333 5986827  6629029 10192069  5080379  4405533 5937172  9752360
            2048    1024 1443248 4221501  7969835 1205087811642543 5264067 5836323  6382745  8159088  4923146  5754221 5769681 10503637
            2048    2048 1312882 3592903  6583305  7817519 7444871 4301837 5376082  3536690  5430461  4231899  4054139 5447681  6990474
            4096       4 1143814 3136268  5306022  6311938 6905631 2998333 5211065  5779008  5902100  3416292  3160500 5565581  6512939
            4096       8 1240441 3459633  6186918  6096896 8292220 3737349 5891980  7572208  7111444  4240052  3737349 6060333  6389405
            4096      16 1386613 3968731  6281934  6459069 9202815 4279128 6112079  6872481  7380284  3874745  4153935 6204794  6930704
            4096      32 1469142 4240052  6430059  7656576 9914481 4315676 6032669  6989921  7367624  4432592  3965067 6204794  7687410
            4096      64 1431678 4214051  6370451  7697744 9163546 4756587 6195843  8093001  7418527  4628439  3919833 6195843  7629374
            4096     128 1443346 4171080  6166930  7289472 7656576 4894820 5944991  7061751  7076294  4408705  4003879 5461198  7087972
            4096     256 1415284 4157956  5918366  6281934 8093001 4808509 5679660  7161842 11252164  4209920  4039655 5032468  6522830
            4096     512 1435147 3841819  6178018  5666546 7848969 4188367 5535098  6727163 11601703  4183268  3667146 5119446  6461498
            4096    1024 1462389 3886139  6480999  7061751 6919538 3856480 5087609  6480999 10012712  4136930  3977000 5081590  6140479
            4096    2048 1343877 3245890  5961494  5327412 5535098 3412898 5153230  4188367  6058196  2991546  3916259 5139356  5489116
            4096    4096 1212599 2708986  4262142  4438318 4644707 2976515 4357270  2872500  4536770  2752387  2938334 4423462  4669958
            8192       4 1185030 2997498  5497729  5417973 4955393 2643299 4759753  5177930  4830007  2890821  2845337 5354648  5425673
            8192       8 1256857 3351906  5897851  6340832 5461029 2998544 5497729  6919267  5701152  3380930  3386595 6210183  6014511
            8192      16 1360091 3655366  6244039  5817959 6370221 3422010 5748846  6781341  5872650  3500806  3477070 5773964  5868638
            8192      32 1292117 3901055  5724900  6512699 6068689 3819104 5864631  7275280  6014511  3840447   842195 6187815  5948908
            8192      64 1376106 3847758  6385612  6258825 6692839 3607395 5672914  7502444  5472336  3457825  3795898 6022946  5958192
            8192     128 1404168 3732398  6131500  5863631 5825851 4224832 5688881  7287625  6006101  3667070  3687139 6068689  5940679
            8192     256 1378646 3188896  5838720  5665431 5622783 4192356 5291970  6741425  5661696  3369987  3615366 4239950  5519808
            8192     512 1428690 3670204  6022946  5661696 5818944 4164410 5761377  6866721 12391686  3552567  3437759 5393311  5728718
            8192    1024 1422480 3571028  5721087  5984134 6145757 3917958 4740709  6258825 11538609  3384927  3311205 5450634  5564505
            8192    2048 1296848 2994102  5400092  5557305 5062726 3331431 4911476  4133350  6725591  2736125  2778833 4810398  5336352
            8192    4096 1248772 2457812  4309616  4409161 4242044 2845337 4298295  2969006  4349991  2572066  3320806 4426201  4291316
            8192    8192 1184703 2584253  4211884  4166935 4320998 2750802 4355505  2837582  4464155  2871253  2808359 4423351  4346140
           16384       4 1132269 2833114  5492370  5470073 4529718 2434805 5086636  4617684  4949970  2738394  2887517 5578420  5428590
           16384       8 1257980 3156786  6120472  6111219 5452279 2809830 5542874  7468042  5696807  3033061  2939392 6111219  6206148
           16384      16 1322677 3505236  6099827  6222445 5770960 3272230 5919089  7400486  5770960  3437726  3434118 6267848  6049885
           16384      32 1365926 3558602  6291951  6313339 6157214 3704992 6045627  7599353  6357730  3551796  3539357 6184922  6150051
           16384      64 1366795 3617613  6187707  6325543 6048288 3835261 6061091  8043192  6194400  3619137  3576567 6034479  6082012
           16384     128 1377867 3658832  6068049  6085782 5622694 3995131 5849558  7410062  5977266  1807798  3542459 5986118  5435890
           16384     256 1407931 3671734  4723051  5170063 4984437 3658832 5555420  6892759  5755011  3270828  3448594 5683144  5698696
           16384     512 1392723 3557128  4240161  4088788 4348011 2209004 5726715  6673215  5876570  3454315  3434805 5595681  5828720
           16384    1024 1343730 3220701  5861533  5986118 5797739 3500237 5550485  6234299 11924656  3135755  3133325 5561715  5685024
           16384    2048 1208343 2917429  5050375  5153778 5136059 3030118 3076237  3871344  6353028  2447553  2432306 4972175  5157259
           16384    4096 1136275 2711169  4492406  4497405 4328566 2967058 4376254  2974636  4502414  2400528  2624302 4274448  4220629
           16384    8192 1193921 2639219  4292336  4165875 4277641 2586277 4292604  2820440  4158313  2540949  3315168 4210802  4174226
           16384   16384 1170773 2633656  3931813  4310375 4231284 2583749 4363195  2912730  4281105  2896280  2843901 4273119  4354072
           32768      64 1234387 3561350  6271511  6376255 6077119 3510590 5809700  7884378  6104381  3223027  3529885 6205813  6276093
           32768     128 1349189 3688368  6090584  6036813 5885077 3624750 5795491  7710111  5956750  3295913  3598085 5816338  5946956
           32768     256 1392720 3637990  5725715  5823485 5529450 3698392 5350774  6679314  5687096  3232199  3409058 5593815  5708829
           32768     512 1378666 3210604  5995991  5978516 5987110 3783403 5702907  7043886  5572721  3365648  3511308 5974098  5875768
           32768    1024 1432598 3635585  5856738  6147796 5936168 3812897 5899729  7028757  5784271  3037740  3227796 5496941  5995991
           32768    2048 1304249 2978362  5341001  4900167 5334160 2944922 5120904  3737617  7212823  2260181  1962269 5088106  5278438
           32768    4096 1247836 2488267  4323637  4285084 4444294 2718397 4388944  3004865  4269509  2252403  2329441 4420423  4441278
           32768    8192 1254522 2642152  4426403  4419144 4339610 2702044 4315492  2924120  4417440  2524279  2597117 4316711  4424408
           32768   16384 1255427 2341905  4426973  4348259 4431112 2687671 4290702  2911114  4304813  2524464  3396002 4403146  4421561
           65536      64 1192886 3504227  6533386  6551605 6209571 3497138 6355440  7101906  6225604  3326538  3567766 6356615  6519749
           65536     128 1428732 3663241  6185537  6217859 6041298 3619586 6047944  6801920  6138708  3210672  3676224 6149007  6210273
           65536     256 1362158 3761699  5856714  5933452 5816684 3770988 5841530  7361919  5829513  3338214  3555169 5848241  5863460
           65536     512 1435995 3733800  5919142  5975242 6006972 3798765 5842026  7109621  5796567  3318947  3589243 6008023  5945902
           65536    1024 1428703 3744889  5955177  6055138 6029636 3828020 5639931  6917463  5903125  3018851  2346019 5167965  5971867
           65536    2048 1282679 2940663  5183167  5305211 5235689 3012334 5278317  4016169  4963683  2187302  2275558 5184829  5316396
           65536    4096 1243848 2646318  4365025  4393069 4375238 2732036 4321245  3003906  4385430  2104218  2117902 4335285  4383052
           65536    8192 1249377 2649200  4270292  4372872 4359763 2719333 3939670  2285396  3184154  1748555  2337142 4251469  4356861
           65536   16384 1246646 2668722  4352239  4364679 4358865 2692510 4269165  2939499  4305070  2488848  2574466 3668814  3845586
          131072      64 1254950 2957667  5934849  6259687 5940236 2887557 5903367  7910632  5895137  2697290  2961347 6107732  6251359
          131072     128 1243519 2944771  5959942  5689121 5742786 3016545 4641843  6698555  5984205  2834102  2906195 6199264  6237952
          131072     256 1298346 3103023  4544795  5910030 5728186 3048393 5745006  7153732  5764947  2798283  3066656 5775061  5841766
          131072     512 1334213 3112897  5843318  5934400 5888255 3161409 5906284  6853459  5817718  2822520  2924407 5036386  5253792
          131072    1024 1183398 2962336  5761926  6075468 5974125 3112615 5791731  6941641  5930623  2551819  2498472 5885292  5966475
          131072    2048 1175672 2476234  5032513  5283634 5295441 2477830 5082293  3996340  5107839  1939763  1981017 5165188  5285157
          131072    4096 1143876 2329791  4273472  4347173 4385283 2189208 4288741  2941604  3950933  1825056  1996804 4333091  4365885
          131072    8192 1099571 2290708  3752092  3559699 3813781 2035598 4302099  2969393  4312594  1986658  2074974 4268462  4359031
          131072   16384 1131532 1834305  3957133  4017660 4030621 2226996 3962752  1881972  3950450  2044197  2089930 3984551  4006972
          262144      64  146388  142346  6068286  6264637 5889037  124753 5574350  7934598  5947009   166795   134929 6050354  6249113
          262144     128  160449  136303  5796458  6032958 5680269  128486 5575876  7727432  5860317   166370   153579 5799790  6039221
          262144     256  163255  139042  5434845  5697163 5562252  138531 4534016  6749536  5581792   164523   164240 5655987  5887303
          262144     512  163013  148135  5536540  5705115 5628539  150744 5476506  6991644  5563462   172824   165091 5611447  5762162
          262144    1024  167883  148329  5787975  5943505 5944983  166272 5586557  6606776  5315147   169344   167528 5466459  5758631
          262144    2048  165773  145171  4850933  5072535 5030206  170858 4994084  3913705  4877271   171472   163209 4890287  5134838
          262144    4096  161500  148358  4118656  4215210 4176193  176125 4117993  2817080  4181927   171937   167008 4226975  4298849
          262144    8192  159358  155629  3999521  4183662 4152519  177504 4029023  2804699  4201086   172602   177070 4162943  4236454
          262144   16384  163682  149616  4105492  4140182 4128368  161821 4063944  2896998  4145802   199427   205571 4107286  4166571
          524288      64   62337   91937  6292383  6489746 6071231   29219 5884716  7753665  6117577    92307    93623 6256862  6444462
          524288     128   92327   88394  6046308  6207374 5902739   44106 4338626  7828580  5801379    95129    88703 5878518  6043185
          524288     256   93137   87804  5628796  5697913 5539062   57908 5295140  7028916  5595453    93477    91854 5732358  5882213
          524288     512   93425   87586  5596592  5735692 5673437   61723 5553372  6801702  5696555    94798    94446 5651900  5590744
          524288    1024   93294   88002  5597903  5800996 5752677   64731 5580387  6721556  5724717    94370    91893 5698593  5996924
          524288    2048   92596   87707  4842460  4956731 5012318   91468 4793366  3790865  4815810    94852    88861 4796786  4932759
          524288    4096   93354   88738  4158832  4158210 4184735   95601 4113777  2807702  4135680    94289    88530 4065596  4198028
          524288    8192   93235   88934  4231643  4304570 3599027   91966 4073783  2686148  4188042    96016    94034 3270629  3749254
          524288   16384   93392   85349  4069576  3776775 3693547   94345 4122214  2802193  4047807    98304    97064 4039731  4147356

iozone test complete.
