	Iozone: Performance Test of File I/O
	        Version $Revision: 3.420 $
		Compiled for 64 bit mode.
		Build: linux-AMD64 

	Contributors:William Norcott, Don Capps, Isom Crawford, Kirby Collins
	             Al Slater, Scott Rhine, Mike Wisner, Ken Goss
	             Steve Landherr, Brad Smith, Mark Kelly, Dr. Alain CYR,
	             Randy Dunlap, Mark Montague, Dan Million, Gavin Brebner,
	             Jean-Marc Zucconi, Jeff Blomberg, Benny Halevy, Dave Boone,
	             Erik Habbinga, Kris Strecker, Walter Wong, Joshua Root,
	             Fabrice Bacchella, Zhenghua Xue, Qin Li, Darren Sawyer,
	             Vangel Bojaxhi, Ben England, Vikentsi Lapa.

	Run began: Fri Oct  4 04:48:49 2013

	Auto Mode
	Command line used: iozone -a
	Output is in Kbytes/sec
	Time Resolution = 0.000001 seconds.
	Processor cache size set to 1024 Kbytes.
	Processor cache line size set to 32 bytes.
	File stride size set to 17 * record size.
                                                            random  random    bkwd   record   stride                                   
              KB  reclen   write rewrite    read    reread    read   write    read  rewrite     read   fwrite frewrite   fread  freread
              64       4  520419 1255511  4564786 1290201710821524 3958892 3363612  4988978  3588436  3363612  2467108 3022727 10821524
              64       8  727850 1421755  6271021 1597288510821524 3738358 4897948  4564786  5735102  3541098  2662899 3738358 12902017
              64      16  771797 1492919  6421025 1290201710821524 4897948 3057153  5389653  4274062  3541098  3541098 5389653 10402178
              64      32  831569 1638743  3958892 2096219115972885 5735102 3203069  5860307  4018152  4018152  2467108 3363612 12902017
              64      64  901377 1679761 10821524 1290201712902017 5283570 4897948  5735102  5735102  4564786  3541098 4018152 10402178
             128       4  800337 1778862  3982553 10779307 9795896 4407601 3560017  5122535  3199360  3759450  2132084 5603747  9795896
             128       8  859260 3785961  4135958 1284205111720614 5325799 5545860  5122535  6114306  4444086  1967960 3759450 12842051
             128      16  913347 2132084  4104338 1636517314586625 5545860 3759450  6727225  4104338  4267461  2511022 3657016 14200794
             128      32  934004 2248149  4889281 1588107815881078 6406138 5325799  6406138  4557257  5325799  2969325 5603747 18012359
             128      64 1074159 4135958  8036304 2164304914200794 6114306 5122535  6045455  4012317  3380677  5847904 5784891 12842051
             128     128 1093856 3560017 10567140 1636517314200794 6114306 5325799  5122535  5603747  4934216  3895854 6114306 15881078
             256       4 1080434 2754556  5455847 11091721 9114515 4132864 4652146  5217259  7735574  3654598  2812272 3316006 10651598
             256       8 1044693 3078337  5540300 1416439512812277 5428265 5971678  7120034  9434868  4819184  3499745 4929815 14164395
             256      16 1107172 3087188  5428265 1516462413625180 5971678 5217259  7120034  5569035  5455847  4197489 5569035 14164395
             256      32 1168627 2975955  5938650 1583556914164395 6249745 6249745  7518900  5428265  5540300  3950402 5455847 14164395
             256      64 1298662 3207059  7120034 1607260814953435 6554972 5455847  7791708 10651598  6107548  5320671 6719046 14953435
             256     128 1103757 3245838  8024634 1583556914353744 6554972 5687020  6891544  7518900  4572895  5810112 5540300 15164624
             256     256 1340826 3454704 12812277 1416439513454450 6249745 5569035  6249745  6107548  6398720  4496299 6249745 13454450
             512       4 1120344 2544997  5760329 11620224 9468384 4195896 4871723  5509113  5744919  4296637  3659616 4827914 11374040
             512       8 1236455 3259661  6395018 1424006912215097 5384786 4927617  7211022  6736026  4973263  4099771 6395018 13438092
             512      16 1286838 3284589  5566231 1343809212499490 5886650 6156675  7309196  6319739  5453155  4271001 4916336 13872122
             512      32 1354190 3580298  6821616 1462806713872122 6551087 4871723  7758090  8528336  5699180  4620174 6632013 14240069
             512      64 1333173 3768799  6571132 1547114914240069 6652558 5127637  8018812 14240069  5699180  3941742 5699180 14628067
             512     128 1354190 4131319  7309196 1462806713872122 6652558 6018636  7620440  8018812  5886650  5067142 6086873 14146265
             512     256 1261144 4000485  8265729 1319046912797441 6319739 5566231  6632013  7115451  4701087  7309196 5886650 13109944
             512     512 1454140 4271001 13109944 1343809213109944 6156675 5566231  5760329  6104175  6174377  4973263 6174377 13109944
            1024       4  857654 3003881  5751117 11249091 9320560 4110780 5120336  5451810  6692005  4321737  3696803 5630486 11018226
            1024       8 1334750 3722435  6355328 1399898111936907 5194651 5451810  7101400  7927135  5042191  4215688 6280976 13264026
            1024      16 1402756 3970183  6327241 1381881712944224 5885083 6235382  7631350  7644933  5479632  4614246 6599461 13643232
            1024      32 1426043 3403826  6787181 1442204513643232 6355328 5390231  8000971  8474583  5660167  4654248 6059442 14230902
            1024      64 1436056 3863055  4995276 1404475813643232 6529233 6441107  8326715 10557785  5593820  4720752 5417427 14618393
            1024     128 1442326 4178773  6599461 1442204513863422 6692005 6244448  8246774 10039528  5720477  3908759 6093831 14044758
            1024     256 1404591 4410497  7020149 1314226512944224 6364746 5917516  7220790 10557785  5690162  5144870 6093831 12983353
            1024     512 1521524 4374559  8246774 1330511612944224 6244448 5991815  6733974  8262639  4972145  6733974 6093831 12790037
            1024    1024 1505523 4474829 12037272 1347205313472053 6163794 6059442  6317933  6172653  6208343  4876180 6059442 12208350
            2048       4 1208181 3043048  5593112  7969835 8903279 3799501 4472047  5430461  6629029  3696494  3611028 5492967  8866519
            2048       8 1311078 3812993  6243566 1072661511626784 4751580 5904523  7343043  8793903  4945823  3901313 5970183 10240672
            2048      16 1460921 3946119  6440169 1132033412488897 5503525 5937172  7262337  7999524  4310472  4432815 5920802 11305435
            2048      32 1519319 4385291  6261772 1198363013552946 6020395 6207471  7999524  8565901  5389574  4423683 6075753 11260973
            2048      64 1481839 4365235  4500161 1191712914017386 6167360 6202989  7013303  9621281  5475461  4414590 5884299 12050878
            2048     128 1497076 4104506  6189580 1157976313489098 6479029 6092991  8159088 11015480  3618634  4367454 6132138 10945301
            2048     256 1504681 4347560  6261772 1033928212327589 6024617 5884299  6440169 12050878  4259178  4120256 5900467  9887060
            2048     512 1475476 4293237  6851089 1107227511642543 5884299 5362657  6845629 10351742  5159722  4911886 5953632  9990553
            2048    1024 1559592 3819776  7286980 1107227510439809 5578583 5836323  6563185  8221561  5119743  5655716 4934459  8749118
            2048    2048 1442037  801239  6807652  7207495 6284678 4340969 5306340  4469720  5433896  4358590  4112366 5461535  6649556
            4096       4 1202583 2987384  5265366  5649775 6272759 2890868 4917236  5551194  5784846  3379332  3139133 5271829  6195843
            4096       8 1362637 3354260  6186918  7405736 7339297 3641495 5769304  7405736  6408472  4175134  3839243 6049663  6605595
            4096      16 1463386 3680502  5769304  7434579 8883968 4244242 5971855  7642951  6780263  4132949  4183268 6086096  7355007
            4096      32 1484503 3357537  6254490  7756829 8077780 4751325 6234064  8062616  7364466  4289813  4158963 5944991  7502762
            4096      64 1521580 3747131  6389405  6672297 9227530 4952675 6204794  7656576  7816828  4441761  3961410 5867831  5918366
            4096     128 1511406 3972402  6077484  7326777 9023961 4515307 5810280  8276241  7123239  4104315  3954116 6032669  7149920
            4096     256 1535177 4257917  5944991  6941906 7038605 4812550 5696610  7380284 11348794  4294102  3950479 5704175  6727163
            4096     512 1517548 4095510  6131713  6964419 7725436 4707064 5713661  7073381 11601703  4121052  4136930 5751920  6032669
            4096    1024 1533532 4035859  6628532  7289472 6349261 4452120 5681538  5549401  8480511  3886139  3799338 5649775  5542240
            4096    2048 1358542 3274348  5657217  6339889 4971306 3680502 5184332  4329816  6131713  2886496  4262142 4865707  5490871
            4096    4096 1283151 2795836  4316760  4266376 4659824 2925823 4348447  2911444  4546375  2914902  3124291 4348447  4654774
            8192       4 1203290 2943571  5527801  5267631 4995015 2582699 5168583  5531360  4893987  3039661  2974661 5465373  5233930
            8192       8 1365985 3411816  6224809  6118398 6031404 2981113 5480191  6765318  5708730  3495109  3477070 6144658  5906977
            8192      16 1422186 3649155  6150158  6036702 6281710 3453654 5962328  7786370  6160081  3673343  3685162 6238371  6154564
            8192      32 1451443 3732398  6154564  6511465 6196743 3886494 6049456  8366536  6085887  3711835  3740525 6000856  6461262
            8192      64 1472593 3837016  6182248  6517641 6648806 4057211 6224809  6832584  4496285  3932757  3869860 6316353  6205696
            8192     128 1503392 3954028  6122759  6036702 6229323 4087619 5561803  7613830  5988306  3703433  3730372 5669170  6187815
            8192     256 1523523 3888253  5569014  5411147 6099933 4102260 5728718  7515572  5637544  3639106  3740525 5760412  5665431
            8192     512 1506160 3825908  5772993  5919188 5834754 3953573 5450634  6660405 11163712  3886494  3650706 5785631  5565406
            8192    1024 1483529 3581823  5801260  6340832 5901904 3949937 5688881  6643663 11538609  3433293  3323375 5685116  5569014
            8192    2048 1372862 3110096  5483690  5350479 4997921 3394625 5028642  4135340  6301295  2912136  2899603 4842260  5389081
            8192    4096 1321080 2638428  4295608  4200556 4268923 2914112 3686744  2854319  4282224  2527602  3394960 4253598  4430767
            8192    8192 1271226 2496020  4033398  3379600 2017268 2384800 3523423  2788304  4089565  2747063  2918320 4288638  4464155
           16384       4 1183231 2789188  5403831  5201369 3816305 2320991 4956039  5561265  4883486  2779261  2746273 5408935  5439763
           16384       8 1321838 3214524  6099286  6246199 5457909 2877361 2690259  6377792  5533055  3102486  3348444 5962227  6145101
           16384      16 1399502 3420614  5881097  6139062 5822793 3095359 5881097  7488387  5935961  3048669  3242432 6365386  6318564
           16384      32 1478702 3681767  6466008  6277582 6296564 3807636 6291951  8300650  6427303  3662927  3557128 6437538  6432718
           16384      64 1513517 3825440  6409917  6516903 6340133 4084899 6238827  8489329  6345402  3438414  3694236 6392625  6481253
           16384     128 1493518 3717820  6201667  6203907 6159422 3809324 6041375  8595515  5795294  3354656  3754381 6145651  5807538
           16384     256 1497750 3937445  5718614  5797739 5673291 4205390 5709112  7484309  5828225  3578802  3627926 5019755  5634219
           16384     512 1465990 3834405  5801655  5548244 5841105 4071588 5616719  6948516  5730536  3291350  3544103 5655548  5781155
           16384    1024 1439458 3664490  5927257  5864034 5843092 3792506 5512638  6945005 12326793  3115991  3257958 5626377  5535284
           16384    2048 1332268 2995773  4867574  5389422 5045925 3033596 5022690  4210802  6739975  2524891  2460787 4958900  5176684
           16384    4096 1231977 2626509  4326386  4259875 4235718 2894206 4387991  3031856  4323120  2615214  2601059 4374861  4179811
           16384    8192 1140159 2509768  3048129  3675859 3782069 2582584 3489041  2470785  4029568  2374483  3206873 4338951  4371522
           16384   16384 1226261 2529910  2468566  3878773 3966078 2252964 4244614  2947334  4272056  1571168  2921646 4306053  4372356
           32768      64  433393 2837080  6087347  6104381 5986328 3352267 5321150  4653299  3998014  2363857  3368782 5840064  4158414
           32768     128 1347971 3275178  5716665  5935143 5584950 3398773 1896185  2682635  2961165  1553934  3575712 5842050  6043449
           32768     256 1454937 3641750  5405490  5477880 5921079 3851469 5833619  7724411  5870247  3349489  3692133 5860734  5934117
           32768     512 1498040 3847803  6012516  6077119 5858736 3895352 5788412  7209796  6014621  3352594  3394576 5791339  5987371
           32768    1024 1515918 3779034  5809700  5875517 5950045 3907090 5917001  7335630  5941557  3054687  3345005 5917001  5811911
           32768    2048 1377850 1071199  5208624  5478753 5216333 3124052 5263076  4504746  7345432  2282060  2218266 5300627  5274791
           32768    4096 1307525 2699814  4447314  4457555 4380691 2750109 4353355  3045346  4448466  2239338  2391456 4332633  4367882
           32768    8192 1289165 2738438  4350462  4426973 4074099 2729573 4256155  2828962  4363860  2505961  2640426 4348259  4428685
           32768   16384 1314981 2727298  4423411  4333179 4428685 2748789 4349360  2889570  4373164  2553639  3459776 4322413  4355701
           65536      64 1229450 3598499  6109510  6199068 6017492 3497138 6044619  7766710  6032415  3253192  3552642 6235631  6158237
           65536     128 1426708 3661435  4787161  5866088 5828030 3638896 5830131  8256871  5803175  3239200  3611406 6000940  5984478
           65536     256 1466791 3652871  5617226  5712246 5583226 3674356 5858212  7536310  5806363  3408754  3626175 5774041  5945387
           65536     512 1515006 3693413  5834338  5987215 5992175 3870767 5801093  7239953  5881904  3383870  3594923 5989955  5829636
           65536    1024 1485402 3640679  6036787  6023030 6023030 3845801 5811027  7095673  6011965  3058011  3280095 5880394  5976801
           65536    2048 1353826 3020078  5244980  5337247 5390734 3029865 4973562  4148924  5219484  2181331  2330820 5183558  5130443
           65536    4096  997442 2657704  4318122  4389281 4392508 2735680 3920062  2818745  3906968  1826992  2224960 4301971  4353963
           65536    8192 1289164 2166989  3827593  3677650 3693413 2353612 3774250  2690297  3647782  1941463  1812344 4058208  4382773
           65536   16384 1300422 2693724  4291761  4364679 4337884 2677900 4332073  2998794  4358588  2502420  2629761 4279467  4304261
          131072      64 1285032 2991822  6234698  6514481 6033793 2978498 6063942  8568005  6121947  2784619  2485774 6221645  6427877
          131072     128 1359359 3034779  5927937  6072113 5513724 2943115 5844374  8081458  5276838  2864836  3067152 5973281  6245677
          131072     256 1366101 3087669  5678779  5950523 5823326 3106933 5639168  7636896  5783566  2829274  3011555 5719425  5824128
          131072     512 1367225 3235555  5828018  5879502 5921170 3164903 5811199  7349106  5828574  2827819  2961076 4190441  3802175
          131072    1024 1329666 1975607  5063242  5264558 5298197 2722833 5637491  6974489  5654248  2602027  2735568 5675378  5808866
          131072    2048 1245468 2474262  5050358  5188294 5118206 2423542 4983382  3946622  5093736  1877281  2061173 5074178  5314741
          131072    4096 1140151 1621493  4311715  4387943 4353680 2403495 4293095  2996339  4311039  1821790  1939886 4305906  4383674
          131072    8192 1199557 2326370  4296853  4295879 4197961 2289582 4317980  3025593  4251988  1859231  2011850 4249786  4295611
          131072   16384 1192669 2341949  4281427  4226751 4292793 2213679 4273472  3021552  4237698  2026750  1617234 4271115  4344460
          262144      64  159561  141796  5859942  6312762 5950646  120837 4518792  8236794  5683088   166124   152057 6043802  6281458
          262144     128  157558  152216  5820114  6010960 5741970  119634 4993585  8092093  5944854   159101   152701 5771538  5957836
          262144     256  158001  148426  5576131  5734065 5575283  127738 5423692  5528829  5434388   138731   152613 5386810  5601841
          262144     512  162320  163107  5441596  5734065 5659889  135939 5607126  7261777  5880030   157448   156138 5519752  5745751
          262144    1024  150426  134066  5553206  5815343 5722664  159492 5479262  7085541  5738823   159835   149447 5606269  5756339
          262144    2048  155918  135743  4094789  4393287 4217587  163457 4682642  3609455  4991205   155630   151652 4999875  5247168
          262144    4096  159346  142477  4074924  4188076 4038331  162995 3966409  2695873  4116651   164959   164253 4203993  4337977
          262144    8192  157490  140443  4016542  4091528 3892203  174963 4098575  2893262  4166113   160750   160845 3286452  3822396
          262144   16384  148581  146847  4079293  4043692 4199417  169200 4157984  2942129  4219691   190597   190996 3918726  4003365
          524288      64   63484   89070  6092965  6292077 5880970   25708 1878588  8288104  5923154    89704    91293 5993149  6249554
          524288     128   90671   83992  5888293  6072220 5711751   45414 5687891  8148942  5778815    90371    87021 5864393  6004490
          524288     256   89657   86262  5726044  5906481 5745808   56694 5418264  7344207  5564149    90379    88032 5462016  5699523
          524288     512   89551   81873  5551479  5711009 5694151   59899 5482976  7001434  5660760    91753    88884 5539759  5734181
          524288    1024   89900   84845  5605866  5796501 5373014   62226 4882825  5495802  5078296    91255    84342 3871255  5315646
          524288    2048   88661   85181  5015473  5103411 5050456   85113 4890567  3953074  5038664    91135    88377 4879921  5086177
          524288    4096   87046   86088  4038611  4062734 3926835   89851 4094688  2726960  4127343    91858    90272 3811946  3971221
          524288    8192   88323   85935  3429726  3762816 3925840   81754 3864065  2761517  4080412    92521    92989 4118454  4114385
          524288   16384   89504   85047  4130724  4021999 4152376   91173 4128017  2849949  4116712    93925    94294 3605956  3623198

iozone test complete.
