	Iozone: Performance Test of File I/O
	        Version $Revision: 3.420 $
		Compiled for 64 bit mode.
		Build: linux-AMD64 

	Contributors:William Norcott, Don Capps, Isom Crawford, Kirby Collins
	             Al Slater, Scott Rhine, Mike Wisner, Ken Goss
	             Steve Landherr, Brad Smith, Mark Kelly, Dr. Alain CYR,
	             Randy Dunlap, Mark Montague, Dan Million, Gavin Brebner,
	             Jean-Marc Zucconi, Jeff Blomberg, Benny Halevy, Dave Boone,
	             Erik Habbinga, Kris Strecker, Walter Wong, Joshua Root,
	             Fabrice Bacchella, Zhenghua Xue, Qin Li, Darren Sawyer,
	             Vangel Bojaxhi, Ben England, Vikentsi Lapa.

	Run began: Sat Oct  5 10:05:56 2013

	Auto Mode
	Command line used: iozone -a
	Output is in Kbytes/sec
	Time Resolution = 0.000001 seconds.
	Processor cache size set to 1024 Kbytes.
	Processor cache line size set to 32 bytes.
	File stride size set to 17 * record size.
                                                            random  random    bkwd   record   stride                                   
              KB  reclen   write rewrite    read    reread    read   write    read  rewrite     read   fwrite frewrite   fread  freread
              64       4  695778 1780008  4988978 15972885 9318832 4018152 4274062  3541098 10821524  2561267  2892445 4564786 10402178
              64       8  666414 2772930  6421025 12310336 4274062 4564786 4988978  4564786 10821524  3165299  3203069 5735102 12902017
              64      16  712397 2772930  5735102 1290201710821524 4274062 4564786  4274062  9006179  3203069  3203069 5283570 12902017
              64      32  780776 2772930  7940539 2096219115972885 5283570 5735102  5735102  8182586  4897948  5283570 5735102 20962191
              64      64  799377 3541098 15972885 2273779115972885 5389653 4897948  4643754  5735102  4988978  3791156 5283570 20962191
             128       4  718889 2166499  5379161 12842051 9795896 4267461 4934216  5122535  7476717  4012317  3053774 4596273 12842051
             128       8  921183 2843510  6406138 1284205111470204 5122535 4717434  4557257 12842051  3445772  3124872 5784891 11720614
             128      16 1030846 1755594  5603747 1636517314200794 5122535 5325799  6406138 12842051  4557257  3124872 6045455 16365173
             128      32 1183041 3199360  6114306 1147020412842051 5784891 4717434  6406138  8036304  4557257  3867787 5545860 15881078
             128      64 1093856 3982553  7082197 1284205114200794 6114306 4759253  4934216  7082197  3036502  5325799 5603747 10779307
             128     128 1093856 2905056 14200794 1172061414200794 6406138 5847904  6406138  6406138  6406138  4596273 5545860 15881078
             256       4  920240 2228578  1437779 1222861210245071 4332998 4132864  5540300  8271916  2975955  3078337 5320671  1028679
             256       8 1080434 2588541  6073004 1362518012812277 1420658 5347168  6719046  9518507  4350555  2975955 5971678 14953435
             256      16  992545 3823789  5687020 1435374414164395 5320671 6107548  1391207  9868433  4264168  4132864 5117791 13454450
             256      32 1137672 4054829  5687020 1156978314353744 5117791 4734192  7120034 12812277  5347168  4496299 6719046 15164624
             256      64 1190657 3557725  6719046 1495343513454450 6073004 6249745  7791708  8534922  5117791  5022044 6213578 15164624
             256     128 1028679 3605511  7735574 15835569 1897721 5569035 5569035  6719046  8815202  3879045  5938650 5841722  7120034
             256     256 1202660 4117018 12812277 1416439513454450 6107548 4840911  5841722  5687020  5569035  4422226 5569035 11695808
             512       4 1051242 2665014  5822804 12215097 9304292 4099771 5227492  4447925  8528336  3325278  3504346 5551840 11943357
             512       8 1193838 1968713  6395018 1352271112499490 2216629 5760329  7115451  8394979  4620174  3822466 6319739 13522711
             512      16  984720 3884698  6104175 1279744112215097 5624545 4571003  7211022  8394979  5067142  4340054 5684095 12499490
             512      32 1373241 3905895  5278892  361039513522711 4061007 4532414  6931711 12797441  3163620  3304808 3628697 14240069
             512      64 1312798 3710197  6821616 1168344414240069 6414119 3346002  7758090  8109658  4784885  4155301 1875849 12797441
             512     128 1174254 2681653  6551087 1319046913872122 6246213 4271001  7540170  9145790  5951911  2337255 5566231 14146265
             512     256 1391032 4305250  8394979 1310994413190469 6086873 2463259  6246213  3815675  3140488  5760329 4916336 10235583
             512     512 1245780 2811557 12146009 1279744112499490 3877684 4340054  4061007  5684095  5453155  4262523 5886650 12499490
            1024       4 1066594 2966535  4162573 11132462 9569770 3863055 5144870  5472650  6402699  3643490  3606774 5885083  5018624
            1024       8 1193442 2679655  6280976 1466831812790037 3301774 6280976  7699755  9300377  5144870  3631168 3379719 13305116
            1024      16 1105865 2859868  6559147  498947312208350 5120336 6402699  7869040  9569770  3335105  4060261 6402699  8895850
            1024      32 1178380 3643490  6559147 1386342213472053 3818408 6650556  8122014  9946527  5564829  3937426 6650556 14618393
            1024      64 1312720 4114719  6479979 1508034114618393 6692005 6364746  8000971 10230845  5564829  3220084 6787181 14871477
            1024     128 1095429 3481072  6441107 1442204513863422 6025439 4995276  7269678 12828238  2391665  2918161 4079544  9743447
            1024     256 1305935 3281592  6776473 12492426 5065980 6093831 3029305  6650556  9765601  2225595  4265934 4249053 12639479
            1024     512 1431748 2822283  8326715 1326402613142265 6244448 5917516  6599461  6235382  3631168  6244448 3579719 11773301
            1024    1024 1164956 2960401 11520658 1234875410662628 2391665 1187831  2421329  2976816  2820430  1980337 5623115 11645609
            2048       4  580683 1787035  5184636  9228493 9179186 3604966 3142115  4983122  7444871  2972495  2281034 5640860 11440955
            2048       8 1170321 2582036  6132138 1278633712398764 2477051 2064488  3771144   926657  3351769  1503627 3245396  5769681
            2048      16 1316302 2216868  2519185  513504610084382 1975239 3219850  5319484  4643695  3663388  3362265 5920802 11129659
            2048      32  912676 1943069  5769681 1295995813219235 5389574 4934459  4839929  3390131  2228948  2124745 5319484 10351742
            2048      64 1264935 2235910  5107566  832514713118295 5345969 4968710  5949508  3730203  4188565  3065856 4785996  9268323
            2048     128 1302135 3302797  5535444  897772112118884 5020987 5655716  5704543 14613561  3696494  3525079 4581773  6945257
            2048     256 1301938 3592903  5820505  926832312257227 5535444 4775354  6670210  7189398  4136128  3400869 5071381  9349021
            2048     512 1151187 3402216  5582208  8029434 7609754 4421406 4864597  6359119  8120522  3777778  3543986 1050781  8029434
            2048    1024  718353 1453505  7159438  7393606 7782107 4240255 5144271  4807425  7874853  3470953  3682233 5359311  1204623
            2048    2048  686326 2790021  3929871  4875642 5107566 3766184 4796687  3757946  4330028  2716781  3079044 4511980  5389574
            4096       4 1049164 2786313  3965067  4796426 5069594 2329851 4691638  4887857  4432592  3002525  2509913 4471821  5113352
            4096       8 1220524 2778652  5475122  6140479 6166930 2985308 4871226  7261741  5211065  3063563  2896717 5304384  5572803
            4096      16 1258800 1909552  5657217  5520868 7073381 3049966 5171846  7261741  5928578  3476435   438208 3747948   818213
            4096      32 1288058 3180393  6005255  6872481 6737716 3227596 4835578  7983931  5438722  4452120  3175103 4752639  4977067
            4096      64 1336766 3430618  5936773  4835578 7249484 4325455 4713521  8127459  4946971  3683658  3289394 5902100  5996870
            4096     128 1099314 3129412  4819300  5642353 5627567 3693955 3199942  7515892  4686519  2425231  3393349 4801789  4785737
            4096     256 1413421 3524939  4184286  4841028 5580043 3427880 4941279  7024216 12523544  2771033  3555579 4476482  3561476
            4096     512 1079896 3810292  4893426  5020702 5696610 3276846 5633102  6850558  7421732  2608620  2087771 3709909  3785107
            4096    1024 1179384 3864287  5192166  6565206 6826060 3886139 4686519  5475122  8603675  2994153  3874745 5139356  4634682
            4096    2048 1011127 2289487  4965558  5696610 5347310 3608605 4618485  4240052  5411313  3070682  2506983 4399673  4104315
            4096    4096 1019407 2328587  3546038  3697135 3650006 2294686 2216526  2234690  3871253  2912925  2547503 3841819  3697135
            8192       4 1030561 2332034  4768340  5244315 5208541 2444696 4581417  5230743  4754484  2655351  2486087 4925558  4657175
            8192       8 1163482 2721605  4721816  4589372 4748571 2736125 5859631  7249187  5974769  3244298  2615532 4956108  5940679
            8192      16 1249544 3011949  4413692  5312425 5047850 3171529 5961293  6703285  6131500  3210048  2745307 5657036  4940431
            8192      32 1246688 2838520  5772993  6506533 5697371 3851208 4715983  8257953  6032463  3673735  3632950 5550123  5204597
            8192      64 1273629 3000639  5810089  5736369 6742748 3730372 5210911  7353127  5450634  2990714  3133924 4787608  5085204
            8192     128 1287035 2820115  6081578  6163396 5692651 3571028 5204597  7556896  4986316  3644124  3064603 5602613  5028642
            8192     256 1285013 2764746  4479286  5910025 5599873 3994015 4449702  6316353  5123115  3006415  3219976 4457206  4423351
            8192     512 1097551 3650706  4827293  4516379 4556507 3705430 5035275  6131500 10654824  2908931  2435857 5038228  5257958
            8192    1024 1072809 2077020  5720134  5957159 5797345 3641034 4940431  6136976  6814966  1951835  3181514 4635812  3600968
            8192    2048  978497 1869022  3206154  3480240 4065372 2594988 2932017  2173593  4997921  2757425  2349415 4819168  5162371
            8192    4096 1169780 2091941  3346682  3457825 4306915 2576116 3847758  2947864  4266273  2533753  3076126 3736863  4196452
            8192    8192 1077756 2676241  3201375  3789200 3206454 1884087 3927363  2227274  2998544  2017742  2924530 3938618  3780445
           16384       4 1077043 2355358  4990591  5107050 3854191 1236811 2982641  2321697  3417552  2329647  2446768 5154164  5464853
           16384       8 1218240 3311972  5468768  5454443 5123041 2538602 5895223  7648409  5628220  2773652  3169745 5077241  4473980
           16384      16 1203118 3444100  6442366  6462967 5523715 3009022 5799696  7457506  4840488  2649905  2987568 5645791  4657114
           16384      32 1368510 3376744  6159422  6430310 6315660 3563215 5428590  7961193  5692559  2850389  3338845 5779211  5234650
           16384      64 1309970 2926748  6462967  6473317 6373060 3301312 5795783  5622694  5809993  3087293  3721847 6345402  5137595
           16384     128 1313350 3640033  5923170  6215691 6255866 3902784 5326345  7698966  5553625  3164782  3755202 5244638  5368371
           16384     256 1446853 3220097  5354150  5986118 5957575 3907445 4582885  7536017  4636064  2677993  3582721 5225892  5252655
           16384     512 1358446 3074586  5949323  4473980 5016457 3087848 4262252  6241661  4394726  2302097  3665272 5618556  5983512
           16384    1024 1169458 2526469  5153778  3620853 4280039 2258591 4198710  4493875 10543345  2756850  3306554 5641619  5938526
           16384    2048 1356515 1916657  2740250  4336761 4230243 3153889 3183844  2586666  5683144  2284799  2584623 5129924  4171945
           16384    4096 1202423 2116476  2776454  3032391 2903868 2273988 3994202  2291122  2778362  2299478  2624803 3399799  3492765
           16384    8192 1300008 1918048  2427666  2789641 2877482 1985721 3983320  3073348  4007713  2620599  2494463 2785457  3064166
           16384   16384 1184924 2359482  4466710  4267811 3604142 2779261 4397256  2674866  4117452  2179024  2798274 3944225  3929116
           32768      64  989283 3169731  3745358  5146407 5718806 3416176 5593815  8274567  4313866  1368916  3008483 4145245  5368330
           32768     128 1314352 1990143  6241606  5842050 4484463 3394995 4318475  7325465  5197986  3282766  3042515 5259853  5274184
           32768     256 1358605 3787365  4580259  4693183 5253018 3909312 5684038  6606433  5249607  3018990  3695906 5061498  5148913
           32768     512 1235364 2929106  5316827  4515402 4550385 3324374 5089048  6581125  5125487  3185010  3472363 5713813  6014884
           32768    1024 1088816 2190513  1650525  2239958 3519310 1930924 5144095  3038345  5867239  2680856  2213586 5634174  5562347
           32768    2048 1322522 1877278  5307382  2783133 5186413 3107734 4347572  4013659  5138518  2027368  1291187 4306432  3606014
           32768    4096  774946 2683473  3137173  4232562 4039493 2501400 2792804  1901695  4044010  2146752  2333079 2779756  3108577
           32768    8192 1071408 2460779  3563659  3478163 4100598 2545504 4174328  2347425  2752257  1792842  2170346 4092904  4342489
           32768   16384 1105714 2713031  3908868  3265994 4120267 2625897 4218920  2102934  3088945  1826314  3113930 4403710  2780487
           65536      64 1074342 3495226  5340254  5248385 5128816 3378131 5598008  7416143  5158751  3227865  3417782 6176364  5281359
           65536     128 1234525 3452164  4630473  4849833 4791668 2648894 3490078  8517850  4779753  1974515  2303552 5685426  5813485
           65536     256 1402826 1685945  4890386  5112028 4944220 3061144 5294074  6335080  4618104  2232695  3553055 4948047  5614817
           65536     512 1432231 3146539  5624928  5446383 4864251 2634726 4461883  5638427  5280040  3196708  2612664 4646598  5126042
           65536    1024 1224101 3016068  5731661  5029161 5032752 3354140 5493843  3011080  4848721  2218997  2097363 4611905  5187275
           65536    2048 1218458 2358600  4157018  5241179 4469500 2058412 4929678  2356053  3224532  1503808  2267449 3007324  4441264
           65536    4096 1155916 2097827  2703846  2751398 2778121 2088201 2738187  2708749  2739333  1572511  2140580 2800082  2777896
           65536    8192  995246 2244766  2708215  2568716 2830676 2128134 3675388  2100777  2695415  1644854  2199044 2591285  3018155
           65536   16384  749574 2247997  4134509  2643341 2655547 1593506 2276123  2235801  3417442  1517599  2291856 4183591  2959118
          131072      64 1124889 2840134  4459270  5292229 4357165 2262632 5509524  8483518  5817656  2697502  2880824 5938375  6039360
          131072     128 1233212 2670029  5784053  4589835 4410084 2425060 5548728  7963573  4736301  2734425  2843219 3366171  5782046
          131072     256 1167639 3171421  5226123  5646466 5583952 3083616 5397922  7005864  4417951  2196398  2922122 1980389  5426053
          131072     512 1028032 2429464  5537438  4923841 4351681 2259433 5415523  5707194  5023867  1782226  2427308 4974634  5775364
          131072    1024 1039865 2868603  5394585  5689887 5304638 3163537 3352991  5069499  4926798  1887691  2358983 4915345  5374230
          131072    2048 1157561 1916401  4378403  4565858 3828948 1873340 4676631  3635138  3690086  1241480  1978686 4082886  2943462
          131072    4096  886052 1618553  3940483  4079160 4107688 2308299 2619446  2900461  4181199  1880865  1541950 3219638  3601371
          131072    8192  885472 1807118  3623088  3759096 3410653 1933215 3809895  2698230  4039446  1784824  1834844 4081583  4025427
          131072   16384 1127036 2151612  3894342  3905242 3926776 2054840 3939890  2844440  3917151  2020687  2067514 3830949  4012616
          262144      64  121017  132058  5602926  5911867 5646866   41476 5492455  8481411  4740402    99461    89327 5306784  5820391
          262144     128   81566   71367  3193100  4780427 3816333   57761 4009044  3701500  5202306    83357    81857 5176320  5688292
          262144     256   78988   88992  3978507  4914198 5257078   63748 3329867  4352091  3816889    79804    93420 4070233  5171913
          262144     512   81583   81749  5224479  4459140 4109159   72212 4134500  6424151  4150090    77564    56665 2147031  5591102
          262144    1024   77192  123653  3271199  5254013 5950130   69526  550537  6804674  3733133    80165    81684 3496553  5011155
          262144    2048   89241   97383  4199208  2813641 2455473   79152 4402011  1931048  2726883    76535    79085 2027064  4775630
          262144    4096  100428   81308  2117190  2778391 3107002   78493 2681338  2374104  4052620    81286   105883 1250586  2693575
          262144    8192   93823   92351  3671895  4047801 3919257  143402 2359300  2741693  4026544   124160   106629 3747651  4033664
          262144   16384   98990   75828  3814890  4050485 3984130  102507 1917029  2291910  2767627   102184    95263 2618216  3857545
          524288      64   35823   66777  5759442  6402507 5769718   13133 1855919  8058282  5750722    38693    69800  801978  6187968
          524288     128   68542   65842  5460877  5041563 4496126   13843 4096450  7976613  5644428    46284    68306 5475753  5814048
          524288     256   77752   43230  5232831  5467992 5371373   24101 4941505  7019515  5418825    79120    77036 4347082  4376106
          524288     512   39435   68682  5191128  5007387 5692471   26267  998733  5255392  4672710    37343    40680 5274261  5607109
          524288    1024   43598   73515  5333502  5634651 5561152   48117 5214467  6784097  5504165    81451    46416 4931686  5083121
          524288    2048   39051   67574  4648392  4716173 4542509   50383 4291389  3328646  4448692    77039    80550 2471832  2337648
          524288    4096   42187   38734  3910905  3939526 3934353   77899 3236462  2382500  3960086    75691    65847 3880539  3979716
          524288    8192   75763   50262  3346380  3694615 3498377   29421 3799740  2697010  3900348    39379    79268 3210858  3967495
          524288   16384   71038   60031  3760416  3753253 3850276   59457  440629  2737112  4046154    79137    43515  851005  4047740

iozone test complete.
