	Iozone: Performance Test of File I/O
	        Version $Revision: 3.420 $
		Compiled for 64 bit mode.
		Build: linux-AMD64 

	Contributors:William Norcott, Don Capps, Isom Crawford, Kirby Collins
	             Al Slater, Scott Rhine, Mike Wisner, Ken Goss
	             Steve Landherr, Brad Smith, Mark Kelly, Dr. Alain CYR,
	             Randy Dunlap, Mark Montague, Dan Million, Gavin Brebner,
	             Jean-Marc Zucconi, Jeff Blomberg, Benny Halevy, Dave Boone,
	             Erik Habbinga, Kris Strecker, Walter Wong, Joshua Root,
	             Fabrice Bacchella, Zhenghua Xue, Qin Li, Darren Sawyer,
	             Vangel Bojaxhi, Ben England, Vikentsi Lapa.

	Run began: Sat Oct  5 10:05:56 2013

	Auto Mode
	Command line used: iozone -a
	Output is in Kbytes/sec
	Time Resolution = 0.000001 seconds.
	Processor cache size set to 1024 Kbytes.
	Processor cache line size set to 32 bytes.
	File stride size set to 17 * record size.
                                                            random  random    bkwd   record   stride                                   
              KB  reclen   write rewrite    read    reread    read   write    read  rewrite     read   fwrite frewrite   fread  freread
              64       4  512471 1460430  4897948 1597288510821524 4018152 3057153  5283570  4274062  3541098  2467108 2772930 12902017
              64       8  653436 2561267  4897948 1597288515972885 4988978 4897948  5860307 12902017  3022727  1357066 3363612 12902017
              64      16  780776 3203069  8182586 2096219115972885 5389653 5283570  5860307  7940539  3203069  3203069 3588436  4564786
              64      32  282027 3203069  7940539 2273779115972885 5389653 3203069  5283570  7940539  5389653  2358717 3203069 15972885
              64      64  877797 3022727 15972885 2096219112902017 4897948 4564786  4643754  5389653  4564786  3541098 4564786 20962191
             128       4  841746 1911894  4267461 1147020410779307 4407601 3124872  5545860  5122535  4104338  1939522 5379161 12542043
             128       8 1133103 2969325  5545860 1636517314200794 5325799 5847904  6727225 10567140  3536566  1291158 5847904 15881078
             128      16  422464 2985839  6727225 1801235914200794 5545860 5603747  6406138 12842051  5122535  3277486 4759253 11720614
             128      32 1217930 3380677  7582312 1863766414200794 5784891 5545860  7082197  8036304  3867787  4759253 1076312 15881078
             128      64  876086 2248149  7582312 1863766416365173 6406138 4889281  6406138  7082197  3867787  4717434 5545860 18012359
             128     128 1067750 3036502 12842051 1801235914200794 6045455 3759450  6406138  5784891  5784891   934004 5847904 15881078
             256       4  937924 2509882  5022044 1281227710245071 4496299 3557725  4672389  8271916  3756894  3087188 1985448 12090911
             256       8 1185399 2911402  6437081 1583556913454450 5569035 4496299  7314033  9778562  4929815  3275543 5810112 12812277
             256      16 1224606 2726577  5841722 1495343514164395 5810112 4197489  7518900  5455847  5242734  3043436 5022044 13454450
             256      32  833776 4070199  7120034 1607260814164395 6107548 6398720  7518900  5117791  5569035  3935921 4572895 13454450
             256      64 1231629 3557725  6595234 1607260814164395 6554972 4652146  7735574  6398720  3935921  3499745 6595234 15164624
             256     128  755195 4132864  8467615 1516462414164395 6073004 5242734  5242734  6554972  4197489  6249745 5938650 14164395
             256     256  737558 3316006 12812277 1345445012812277 5841722 3879045  4264168  5810112  5717301  4070199 6073004 13625180
             512       4  888930 2811557  4271001 11943357 9468384 3122224 5227492  5227492  5439343  4061007  3604335 5886650 11620224
             512       8  978885 3239989  6571132 1462806712797441 5439343 5951911  2198475  9814569  3177664  4000485 6319739 14240069
             512      16 1323315 3182373  6551087 1424006913438092 4827914 5951911  7620440  6551087  5278892  4228947 6246213 14146265
             512      32 1329871 3815675  6652558  327957313109944 2152206 5278892  7115451 11620224  5439343  4331300 2357784 14146265
             512      64  988345 3459188  7022379 1558341714628067 6086873 6104175  7211022  9468384  4784885  4262523 2739816 15037801
             512     128 1406520 4091959  7115451 1462806712427157 5509113 5822804  7309196  8394979  4701087  4650188 6018636 14146265
             512     256 1479181 3768799  7871843 1310994412499490 5331314 5384786  5886650  8018812  2256220  5453155 5495016 11683444
             512     512 1009722 3487274 10911694 1162022412499490 4973263 5453155  5439343  5453155  5164632  4742616 5744919 13522711
            1024       4 1214706 3210456  5958564 12173747 9946527 4064103 2995501  5660167  7066349  4014717  3495237 5751117 11398360
            1024       8 1226500 3198502  6163794 14422045 5751117 4679604 6025439  7524394 11520658  4805258  4211554 3458646 13102174
            1024      16 1402756 2789291  4249053 1364323213305116 5200941 3179559  6093831  8000971  4126579  2301937 6244448  5277632
            1024      32 1442326 4095102  6569179 1461839313142265 5758828 5885083  3579719  8457895  4215688  3618930 6093831 13818817
            1024      64 1412443 2827858  6559147 1508034114422045 5983467 4826859  3709575  5175871  4720752  2478620 4943530 13472053
            1024     128 1446211 4182843  5782087 1263947910354166 4474829 5813392  7631350 10329265  5251818  4142499 4614246 14044758
            1024     256 1083819 3324778  6650556 1217374712944224 5652717 4456258  6280976 10255274  4356809  2760606 5983467 13142265
            1024     512 1328146 3121783  4876180 1330511613142265 5390231 5336651  5758828  7420395  2681328  5782087 6093831 12983353
            1024    1024 1111877 3251778 12208350 1314226513142265 3066069 5390231  4265934  5652717  5120336  4550690 5958564 12944224
            2048       4  919613 2258247  5723548 11187641 9796850 2327387 5345969  2964289  4462754  3908414  2905140 5553337 11502234
            2048       8 1321161 2933915  4540600  699047410834854 4432815 5937172  7698414  4301837  3330973  2972495 5659442  7318020
            2048      16 1249480 2691246  6298503 1346794913384011 3513544 4911886  7213548  6149699  4385291  2801852 5517666  6649556
            2048      32 1445434 4172290  6603549 1401738613926483 5119743 6110328  7911115  9308497  5225638  2723672 5626082 12580349
            2048      64 1372675 4207028  6629029 14638464 8398403 5785224 3901313  7670915  6900622  4923146  3513544 6132138 11260973
            2048     128 1371579 2864451  6062888 1303864611260973 5719737 6058611  7183386 11015480  4934459  3065856 6058611 13467949
            2048     256 1358993 2437686  4934459 12416686 7846081 4543002 5596757  5461535  9228493  3204236  3915540 5704543 11835033
            2048     512 1512364 3494960  5238385  6543188 9525260 4511980 5521212  6132138  8600205  1992189  3683812 4120256  5197183
            2048    1024 1203273 3357009  4367454  5362657 8431376 5119743 5403134  6225466  8221561  4853603  4623699 3901313  9228493
            2048    2048 1025075 2332443  5009275  6990474 6962145 3567536 5135046  4196751  2920945  3835124  3771144 5264067  6670210
            4096       4 1185897 2445600  5497899  5165626 6015769 2979096 5007531  5963564  6186918  3284363  2366110 5013377  5153230
            4096       8 1185488 2692851  6186918  7515892 8847367 3441614 4730393  5397712  6758923  4072211  3007255 5835938  6905631
            4096      16 1251829 3072878  3540193  4734303 6769576 4059701 4447510  7447471  5133213  3611639  3828122 5185897  5418140
            4096      32 1330246 2923334  6169144  6585338 5996870 2878758 4456740  7274040  5424983  3340563  2796291 5087609  6140479
            4096      64 1258432 3140855  4784405  4803131 9062041 4791076 6114255  6682678  7329903  3882626  3160500 5988509  7038605
            4096     128 1304390 3290024  6060333  4768469 6189146 4145915 4235870  7653165  5153230  2519114  3782607 5818150  5325760
            4096     256 1297396 2577699  5810280  6782940 7421732 4587653 3689988  7225093 11193514  4079948  3543113 4686519  4958393
            4096     512 1052442 2343197  4315676  6552685 6049663 3890540 4311344  6780263 10860922  3256349  3210107 3018351  5996870
            4096    1024 1081052 3689988  3615440  3908241 3242827 2046975 4018865  5565581  4205798  1848330  2071909 3595765  5955295
            4096    2048 1226012 2269226  5093643  4311344 5382492 2666933 4087714  2884558  5784846  2515794  2952980 4851966  4175134
            4096    4096 1257234 2128907  3879120  3362795 4607338 2803592 3195181  2618960  3908241  2673574  2389808 3349029  3828122
            8192       4 1094022 2843453  4291316  5191229 4447398 2128881 4059608  5372229  4566196  2879434  2294656 4538452  4796296
            8192       8 1160495 3289963  5626466  4057211 4291316 2315532 4339005  7293813  4576535  2736125  2717945 4406899  4220161
            8192      16 1394367 2790342  4563770  4774304 4992112 2691123 4496285  7528746  4354953  2808359  2784463 4760413  4821197
            8192      32  816324 2941555  3531027  3422010 3094689 1735182 5000831  8142493  4824582  2860259   737621 5988306  6191160
            8192      64 1539566 3580330  5696426  5932474 5931450 3540122 5136133  8069823  4914286  2841572  2932017 2180351  2955217
            8192     128  783470 1108528  5814021  5704938 5047850 2357313 5610847  8000301  5053047   677923  1690116 5495091  4905166
            8192     256 1337016 3334017  5378957  5343822 4917099 2852423 5479317  7167528  3634487  1784012  1874630 5123115  5429103
            8192     512 1346500 1685556  5044145  5231540 5278962 3048560 4207758  3747869 11329356  3145975  1675283 3590057  3829746
            8192    1024 1246326  770003  2286410  4602281 5123115 2979046 4855947  6827153  9133841  2563240  1887088 5680416  5347148
            8192    2048 1269113 1815208  4483963  5704938 5291970 3204958 4259926  4378260  5979968  2749041  2360065 3670204  3506880
            8192    4096 1288483 2478734  3963149  3614985 3685162 2524445 4173515  2787400  3274287  2123881  2493665 3073925  3152036
            8192    8192 1092560 2608780  3031882  3149436 4093951 2609771 3670204  2469825  3571399  2645131  2251059 3011685  4282224
           16384       4 1054726 2291733  4331840  4830281 4152032 2091101 3797746  5051860  4996397  2402375  2558450 4559774  5382246
           16384       8 1169438 2596145  4750148  5293522 4646722 2591153 5686906  6166607  5175124  2717602  2973478 5118462  5041113
           16384      16 1234567 2760615  4821470  6466008 5061534 3114297 5516178  7111015  5429019  2920528  3477740 5139132  5466592
           16384      32 1268687 2920032  6455681  6496572 5590219 2854770 5689260  7922644  6047756  3420444  2908046 4899502  4876209
           16384      64 1287754 3050429  6414703  6467833 6304073 3722856 6210635  8485137  5601154  2944556  3240444 4984799  5473995
           16384     128 1240450 3249484  5521940  5055577 5396617 3182664 5959642  8475718  5826249  2639219   840206 4398382  4398382
           16384     256 1486765 3799635  5028939  4855880 5632372 3830558 3902784  7581746  4204361  2129462  3302422 3864160  4507139
           16384     512 1338444 3717619  5927769  6072875 5309472 3632913 5877073  5002580  5904340  2910632  2583749 4940717  5828225
           16384    1024 1034405 2790660  3570992  4181592 4176509 3043134 5826743  6980986  7539324  2218918  2992512 5450117  5251050
           16384    2048 1031548 2522944  3072112  3376081 4029568 2387269 2736540  3915906  6649324  2278436  1921642 4924783  5326345
           16384    4096  877410 1973234  2809830  2773204 2997995 2185399 2775557  2234939  4253283  2502183  2622700 3871344  4068454
           16384    8192 1056965 2108877  3624099  4441306 4430425 2747152 4175240  2815586  3682556  2056434  3293243 4239115  4425860
           16384   16384  879769 2464140  3382229  4463229 3949893 2180476 4240161  2652462  3712598  2345550  2762946 4411370  4447342
           32768      64 1409372 2815633  4976101  4790682 5850506 3178896 5828672  8279053  6366508  3127037  3028503 5616904  5634174
           32768     128 1258508 3126397  4641356  6301415 5082650 2975396 5009656  5626332  5227046  3052787  3041101 5923376  6236791
           32768     256 1450546 2227434  5478535  1336645 4450915 2199769 4911901  5911656  5888102  2899078  2911422 2558393  4568232
           32768     512  781214 1911002  3832460  3116331 3476403 1918712 5363093  6414945  4448034  2424916  1108371 5179963  5091499
           32768    1024 1285018 3481158  3535970  5142363 4949757 3727885 4210777  5799648  5691806  2403585  1942028 5935143  6024640
           32768    2048 1158211 1886140  2765660  2809819 3200660 2315743 5115186  4086819  3181987  1605880  2299202 3161419  3287006
           32768    4096 1287643 2185115  4355701  3182576 3236385 2270674 2769003  2351642  4288961  1633245  1684903 2997721  2997198
           32768    8192 1300990 1938222  4038900  3463874 4125957 2561015 3796047  1836662  3257943  2223686  2013143 3598933  3710574
           32768   16384 1071274 2545269  4243933  4062418 3964683 2456556 3513283  2799916  3667404  2307462  3120505 3006245  4175850
           65536      64  873999 3309875  6107745  4832015 4233071 2811739 5326904  8184834  5188548  2769556  3170126 4838053  6096907
           65536     128 1375766 3127030  4588961  4487596 2478302 2984468 6019074  7199374  4798024  2619760  3351033 6065828  4634142
           65536     256 1323795 3186923  5533659  4868214 4803306 3279117 3128668  6694737  5584701  1852079  2780369 3809346   986750
           65536     512 1439243 3447099  5696384  5709636 5989955 3673963 5567620  6459233  4020869  1874216  3468236 5566718  4311552
           65536    1024 1436715 2901765  5838428  4752482 5397827 3472662 3603264  3144703  3525304  1703614  2968514 3550164  5914302
           65536    2048 1280898 2928444  3720257  3985886 4882395 2668722 4574299  2547363  5015031  1369610  1838318 3087239  3397379
           65536    4096 1102723 2044176  4147297  4370508 4225393 2678108 4210506  2540653  4238815  1498643  1721324 2729080  3018818
           65536    8192 1000837 2413839  3608230  3624788 3682824 2319041 4222926  2775064  3988083  2077736  2224798 4108615  4308174
           65536   16384 1239664 2544793  4322332  4047452 3799395 2453723 3185852  2672640  3593184  1837691  2542910 4228448  3983749
          131072      64  852716 2948878  5703050  6276768 6203392 2929565 5342891  8223868  3233709  2792810  2912909 5772089  6111127
          131072     128 1299103 2987871  5599707  5911619 5419580 3029511  927587  7622284  4949865  2864134  2770544 5573705  5737152
          131072     256 1309045 3042236  5179495  5288615 5160533 2467377 5174133  7329412  5621063  2920119  2694791 5332475  5337237
          131072     512 1308167 2934428  5283887  5621063 5654539 3047700 5181106  6856280  5448369  2659901  2526012 5236377  5795822
          131072    1024 1296713 2976676  5504945  5655528 5592530 3042673 5355800  6763244  5585371  2274408  2244223 5178470  5629986
          131072    2048 1090950 2404767  4195910  3565032 3822452 2157531 4471020  2949811  3714671  1839683  1663346 4237143  4253238
          131072    4096 1036305 1442444  3219902  3232587 2936199 1731237 3218149  2837920  3675899  1420448  1637602 2013640  2494470
          131072    8192  878510 1662401  3074201  2946096 3363576 2072385 4041941  2770963  3872261  1468887  1870077 3977805  4115530
          131072   16384 1104349 2259739  3777512  4015694 4016427 2223708 1544241  2824405  4026046  1920049  1965563 4019746  3448997
          262144      64  119424  111541  4890569  5687909 5757997   69062 5010972  7858942  5542848    87771    94963 5261933  6046029
          262144     128  119780  116886  5497178  5647446 5515101   76423 4109359  8299904  5718676   101115    86125  715976  5735830
          262144     256   87789   82160  5038527  5099188 5271015   80655 3991955  6692635  5143605    83852    81012 2429941  5239017
          262144     512   82218   88535  4400461  5477761 5317203   78989 4992066  7044412  5582501   113179   100845 4866671  5568055
          262144    1024  117347   61644  5231066  5607012 5427869  108462 5024115  6672166  3491989   111164    83713 4874655  5345640
          262144    2048  101190   99681  4472144  4511172 4690112  112352 4296464  3582920  4649180   118906   111338 4325094  4956018
          262144    4096  115743  102899  3453535  4003234 3800136  126702 3903672  2736139  4053875   111866   119750 3850696  3881307
          262144    8192  105365  103422  3411551  3444911 3456629  126581 1543640  2327482  3423949   105899   100783 3754998  4061857
          262144   16384  113563  105384  2856224  3391598 3775655   80682 2271353  1846801  3719620    85464   138712 3782526  3611304
          524288      64   48243   58879  4220435  4492223 5300769   18792 4658594  7614377  4472679    72273    70017 5034061  6048970
          524288     128   76898   71064  5535827  5934679 5391139   15033 2070158  7591010  5360767    61902    75771 4468180  5283030
          524288     256   48220   37451  3653094  4436199 5062653   25934 5260458  7303182  5584072    74517    41857 4798492  4910443
          524288     512   63524   66882  5340548  5507750 5560491   58282 5207305  7134432  5588655    74043    75581 3601621  3117851
          524288    1024   50655   58603  5088096  5116353 5284147   30818 4875560  6413693  5315478    76706    76595 5428603  5722855
          524288    2048   74261   37141  4491957  3130862 3085695   34053 4495501  3392968  4855279    76715    77604 4551667  4785272
          524288    4096   53223   68185  3771664  3707178 3827391   57297 3900894  2227175  3983464    74452    76454 2730282  3848410
          524288    8192   74260   40358  3774001  3938729 3941659   64955 2512219  2186101  3099377    42018    66133  382647  4041253
          524288   16384   72507   55355  3844037  4010219 3973768   77712 3250551  2720621  4130367    80316    74665 3230580  3584385

iozone test complete.
