	Iozone: Performance Test of File I/O
	        Version $Revision: 3.420 $
		Compiled for 64 bit mode.
		Build: linux-AMD64 

	Contributors:William Norcott, Don Capps, Isom Crawford, Kirby Collins
	             Al Slater, Scott Rhine, Mike Wisner, Ken Goss
	             Steve Landherr, Brad Smith, Mark Kelly, Dr. Alain CYR,
	             Randy Dunlap, Mark Montague, Dan Million, Gavin Brebner,
	             Jean-Marc Zucconi, Jeff Blomberg, Benny Halevy, Dave Boone,
	             Erik Habbinga, Kris Strecker, Walter Wong, Joshua Root,
	             Fabrice Bacchella, Zhenghua Xue, Qin Li, Darren Sawyer,
	             Vangel Bojaxhi, Ben England, Vikentsi Lapa.

	Run began: Sat Oct  5 10:05:56 2013

	Auto Mode
	Command line used: iozone -a
	Output is in Kbytes/sec
	Time Resolution = 0.000001 seconds.
	Processor cache size set to 1024 Kbytes.
	Processor cache line size set to 32 bytes.
	File stride size set to 17 * record size.
                                                            random  random    bkwd   record   stride                                   
              KB  reclen   write rewrite    read    reread    read   write    read  rewrite     read   fwrite frewrite   fread  freread
              64       4  284418 1562436  4897948 1290201710821524 4274062 4274062  4897948  4564786  3203069  1279447 3791156 10402178
              64       8  769584 3057153  6421025 1597288512902017 4897948 4897948  1101022 12902017  4274062  3203069 4564786 12902017
              64      16  627470 2561267  5860307 12902017 9006179 4018152 2801873  5283570  7940539  3363612  3363612 5735102 15972885
              64      32  792299 1452528  4274062 1597288510402178 5389653 3057153  5860307  5860307  4897948  4274062 4897948 15972885
              64      64  780776 1484662  5283570 1597288515972885 5860307 5283570  4564786  3791156  3958892  1768283 4018152 12310336
             128       4  848397 2027414  5847904 11720614 9977956 4407601 3036502  5325799  3380677  3468030  2660335 4759253 11720614
             128       8  864797 2058509  6406138 1636517314200794 5122535 3199360  6114306 14200794  3536566  3124872 6045455 11720614
             128      16  881842 2248149  4759253 1588107815881078 5603747 3759450  6406138  5074121  4135958  2211113 4407601 15881078
             128      32  870405 2098744  6406138 1172061412542043 6114306 3359523  6406138  7176872  4717434  4104338 5325799 11720614
             128      64 1152564 3277486  9129573 2164304915881078 6114306 4889281  6727225  7082197  3560017  4759253 5122535 15881078
             128     128 1093856 2453642 11470204 1863766414200794 6406138 3895854  6114306  5847904  4889281  3657016 4889281 12842051
             256       4 1040643 2413957  5810112 12228612 9868433 4496299 3950402  5810112  4404088  4054829  2812272 4197489 11695808
             256       8 1089202 2639446  6554972 1495343513454450 5569035 6107548  7120034  5117791  4755158  3410808 4350555 12228612
             256      16 1108314 3465855  6398720 1516462414164395 2754556 5810112  6936061  8534922  4197489  3994490 6249745 14353744
             256      32 1292410 3009318  5810112 1495343514953435 6398720 4929815  7073132  5428265  5569035  3285566 6554972 15164624
             256      64 1286217 2943325  5687020 1516462413454450 5569035 5022044  6249745 10245071  5938650  4929815 5217259 11207494
             256     128 1137672 3197509  8208677 1607260814164395 6595234 5347168  7120034  6719046  4350555  5347168 2943325 13454450
             256     256 1391207 2783115 12812277 1416439513454450 6107548 5569035  6249745  6073004  6073004  3454704 4054829 11695808
             512       4  967855 2681653  5822804 1249949010235583 4340054 4650188  5822804  3459188  4163357  1992458 5566231 11877300
             512       8 1130370 3788747  6246213 1503780113109944 5331314 5227492  7435738  6736026  4882800  4131319 4650188 13872122
             512      16 1282994 3068685  6395018  665255813109944 5067142 5227492  6652558  7540170  4131319  4091959 6319739 12797441
             512      32 1344020 2665014  4916336 1414626513109944 4827914 5624545  7513788 13190469  5331314  4375425 6491676 13109944
             512      64 1368865 3736016  7022379 1558341714628067 5624545 4973263  7988981  7988981  5509113  4620174 6174377 14628067
             512     128 1264113 3510074  6821616 1424006912499490 6018636 5227492  6736026  9145790  4882800  4420457 5886650 13438092
             512     256 1282994 3409755  8018812  699949012146009 5624545 2116152  6319739  7540170  4305250  5019764 5684095 13190469
             512     512 1005938 3659616  2926501 1343809212499490 5509113 5639315  5509113  4411377  5439343  4340054 5384786 11683444
            1024       4 1150600 3010197  5417427 10134284 9320560 3556008 5151040  5417427  7524394  3436508  3324778 5623115  5660167
            1024       8 1360111 2633647  3618930 1330511612790037 4493556 5630486  6787181  6479979  2716948  3818408 5958564 12790037
            1024      16 1400469 3738636  6355328 12790037 4433259 5144870 5917516  7306780  8542002  4614246  3937426 6208343 13305116
            1024      32 1454537 4451639  6733974 1461839313818817 5821271 6163794  7644933  7208671  4810640  3631168 6163794 13472053
            1024      64 1244266 4064103  6172653 1386342214044758 5507740 6093831  7160597  5251818  3160839  2625597 5991815 14422045
            1024     128 1389594 4512441  6609617 1442204514044758 6650556 6025439  7941793  9855234  5417427  2737730 6137371 13643232
            1024     256 1378445 2240689  6489770 11903823 5390231 5660167 5885083  7008693  6559147  4374559  4926518 6102490 12639479
            1024     512 1039489 3606774  7590887 13305116 4594502 5728107 5472650  6059442  5917516  3984917  3778101 5720477 10354166
            1024    1024 1089317 2455943 12173747 1310217410039528 5226256 3684119  5789881  5885083  5751117  4594502 5991815 12348754
            2048       4 1009416 2852087  5785224 10660056 9796850 3319389 5475461  4349761  7477273  2293826  2547576 5147354 10620516
            2048       8 1201926 2984890  4581773 10503637 7643611 4330028 3946119  6097316  7940367  4387531  3991965 6220958 13138359
            2048      16 1298788 2760434  4460436 1164254313118295 3710866 6041567  7643611  8498106  4751580  4338776 4321315  9441504
            2048      32 1346425 4094723  6303124 1211888412257227 3946119 5306340  7616502  9359208  3286370  4162181 6420913 11320334
            2048      64 1440344 3736694  6608629 1256195213639023 5852228 5020987  7761014  5750369  4231899  4240255 6189580  7616502
            2048     128 1284801 3245396  6127764 1234530613836752 4720248 4911886  4014352 10555264  4772701  3862718 6058611 12274742
            2048     256 1316100 2392202  5986827  758958412118884 4572018 4666399  6711905 11517657  3171115  3807923 5306340  8830061
            2048     512  208363 2649737  6378005  843137610889797 5119743 5549749  5970183  6243566  3696494  3395491 5032754  7698414
            2048    1024 1382840 3033377  7419150 10889797 9140117 4676561 5403134  5336007  7343043  3878414  3922692 4572018  5564129
            2048    2048 1115459 2817475  2573527  1447382 5280246 3709263 1538916  2767549  4394265  2113766  2956128 4276140  4864597
            4096       4  944218 2582349  4366128  5418140 5081590 2499324  869655  3042943  4248440  2882138  2205712 4676314  5618365
            4096       8 1286514 2890382  3923414  4432592 4581535 2499324 5306022  6532752  5696610  3045641  2886496 4471821  4893426
            4096      16 1487202 2836457  5920406  7418527 7149920 2886982 4535572  6978564  4633432  3327622  2560030 5062125  5038371
            4096      32 1224875  592331  4266376  3901141 5440445 2443861 6169144  7656576  3846119  2459958  3751222 4227532  5374073
            4096      64 1335104 2241981  2603876  4671228 6989921 2782703 5877869  2822940  4871226  3973321  2239351 5490871  2363506
            4096     128 1285263 2054073  4791076  5698499 5777065 3627654 5397712  7585581  2439696  3063563  3007255 5549401  5849848
            4096     256 1318303 3436794  5131680  6321227 7380284 3220336 4214051  3736536  8032459  2105942  2794017 2948925  2848213
            4096     512  984587 3210107  4935601  5826043 6204794 3757786 4023571  3321831  7954358  2915397  3110150 5001700  5044289
            4096    1024  701511 2968287  5672159  6236327 5649775 3225172 4551192  5139356  6480999  1920438  2870580 5057654  4691638
            4096    2048 1255672 1535314  4723889  4471821 5013377 2771033 3979764  2962145  4456740  2458549  2113715 4307020  4698053
            4096    4096  604120 1669763  3546038  3667146 3961410 2405199 3433360  2957047  4491697  2821086  2377242 4240052  3699523
            8192       4  895185 2566495  5098030  4844991 5149219 2666686 4520538  4743981  3631414  2760970  2249291 3921536  4498640
            8192       8 1109136 3345053  5372229  5802240 5291970 2716226 4801658  5957159  5696426  3230268  2955471 4662231  4749227
            8192      16 1427444 2916338  4594281  4555903 4561346 2537683 4471708  7407022  5126937  2761857  2666686 5701152  4768340
            8192      32 1330493 2209941  5316535  5091232 5724900 3558822 4802330  7541967  4931921  3347660  3152036 5281396  6158977
            8192      64 1337016 2793973  5905961  6450345 6410631 3563251 5022761  6763986  5214865  3169189  3331431 6305921  6045199
            8192     128 1255847 2718805  5940679  4670469 4922735 3407755 4882166  6501608  5915112  3572513  3017239 5365518  5893805
            8192     256 1218698 2523703  5534924  5966469 5785631 3996338 4715983  7413415  5281396  3624519  2717085 4353298  5164698
            8192     512 1077756 2558468  5165475  4350542 4754484 2594008 5748846  6961323  9893942  3307062  3568061 4366576  5315713
            8192    1024 1025302 1989354  5802240  6234975 5708730 3689911 3723500  2959544  7823601  2858355  2600684 4097857  5867636
            8192    2048 1208794 3075300  4798976  4763052 4213951 2744430 3814017  3311524  5004472  2389111  2601472 4318282  5101058
            8192    4096 1293528 2000939  4122934  3101953 3199884 2333776 3558822  2819189  3671773  2436030  3071452 3648767  3661989
            8192    8192 1222861 2140019  4478702  3191265 3154351 2162648 3742154  2727005  3089958  2158030  2670002 4141820  4449702
           16384       4  960040 2700514  4657114  4509801 1823677 1562772 4574039  5412770  3701599  2378922  2747591 5031885  5045925
           16384       8 1225430 2591544  5632372  5994996 2884003 2393255 5808029  7575060  5923170  2738394  2930367 6255866  6377792
           16384      16 1237078 3211820  5354150  5599785 4864473 3091321 4993492  6593184  6109046  3322059  3343719 5249846  5734361
           16384      32 1402386 3040845  5455742  5344157 5317690 2947208 5004402  6668035  6270136  3303851  3516536 5832677  5934423
           16384      64 1257796 2972963  4816063  5094556 5148758 3416193 5777267  7783552  4697224  3611339  3182075 6345402  6335457
           16384     128 1251839 3174578  5153778  5387732 5847069 3793343 6106332  8636565  5824273  3682556  3227053 4233631  4434142
           16384     256 1525106 2720291  5019755  4331021 4248813 3069367 4052380  6363028  5628220  3458661  3560814 4877594  5211229
           16384     512 1256141 2480148  4984437  4372356 5494127 3767142 5866036  6703812  5716711  3408398  2806961 4596987  5421738
           16384    1024 1054921 1978745  5872553  4491232 4405431 2865364 3628884  6898295  6382531  1954211  3280039 4951396  3966078
           16384    2048 1163222 2045173  4509801  2936252 2947713 2008589 5243037  4128831  6728755  2388348  2058282 4642641  4607467
           16384    4096 1270376 2447117  3819062  3410428 3575823 2480954 3445655  2913224  3317248  2181930  2367285 4238853  4357661
           16384    8192 1094245 2008119  3395599  3111336 3091321 2469276 4277907  2815586  4302549  2164951  3173405 3220701  3069367
           16384   16384 1152029 2192162  4220629  3394257 3392916 1814816 3386396  2107260  3574893  2381065  2652359 3315968  3426925
           32768      64 1068683 2430319  6013569  3526444 3738939 2329441 5089802  8467262  6061306  2860819  3580089 5944898  5409958
           32768     128 1341027 2824370  4593731  4563075 5215344 3222952 5337682  7092596  4243540  3027302  3552789 6168491  6099775
           32768     256 1510188 2826054  4095954  5751833 5645746 2811026 4013659  5927719  4093880  2334387  3097787 4389505  4473952
           32768     512 1365339 3177720  5861984  5804792 5813140 2690776 3042245  5630250  3820528  1972917  2396377 5648762  5995991
           32768    1024 1039897 3082571  4472933  4773875 4418008 3744032 3697596  4685822  3801822  1946291  1691331 4367327  4575380
           32768    2048 1280803 2309052  4044486  5280060 5285136 2106996 2775994  2043890  3362930  1999030  1545807 2839776  3186930
           32768    4096 1242332 2619990  3574968  3578877 3596108 2141834 4024118  2926237  4303061  2159909  2062198 3721525  3975693
           32768    8192 1210534 2396878  3817345  4172680 4250627 2557013 3765573  2899567  3562550  2244568  2208393 4248918  3965141
           32768   16384  593268 2473400  3696304  4017648 3141978 2228192 3187521  2685256  3151054  1975299  2607266 4069153  4054867
           65536      64  901656 1632157  5844138  5911631 5782301 3235539 6045816  7716562  5313415  2840005  3267967 4590954  4823789
           65536     128 1214528 3418462  4754208  5881904 5837436 3650252 5224146  6091773  5622512  3205318  3154410 4467612  4566320
           65536     256 1430167 3312747  4377259  5451784 5792414 3757379 4406662  6978579  5741238  3082185  2914009 4411117  3882247
           65536     512 1285955 2903543  5468160  4571788 3781675 2372934 5339840  7130461  5663287  3229495  3179514 5803788  5820748
           65536    1024 1173364 3319949  4342407  3276302 5219979 3507043 5850855  6248672  5901478  2825932  2878790 5772586  4700631
           65536    2048 1019033 1618568  5083007  3107727 3007225 2616419 2180604  2744722  4702641  1587368  1480936 3935158  2257764
           65536    4096  995834 1838011  2793395  3648605 2850992 2069274 3510806  2780003  2722512  1876417  2154083 4092405  4121985
           65536    8192 1202078 2497191  3953211  3996084 4124582 2462383 3836997  2857602  3684453  2108350  2148930 3951790  3995097
           65536   16384 1218436 2386076  3984672  3817812 3883838 2463840 3766028  2808378  4040669  2335315  1673118 3876280  4189202
          131072      64 1238211 2716241  5758124  6238519 5710217 2937062 5301876  7867951  5713956  2814212  2663909 5621293  4626608
          131072     128 1319587 1107972  5740207  5906284 5681008 3023081 5513945  8026475  5300955  2853238  1296511 5549456  5609535
          131072     256 1343982 3015867  4370397  4554887 5632870 2902191 5435925  6829875  5397234  2887300  2480536 4334663  4391343
          131072     512 1248946 3118318  3714445  4329815 4476809 2417052 5188294  6700677  5075021  2348111  2686902 4879656  4086285
          131072    1024  936255 2928395  4844098  5277952 4895124 2774837 5355591  6844074  5597313  2534653    51223 5466573  4523778
          131072    2048  967791  916151  3075353  4655404 4698614 2026437 5065995  2609549  3827135  1888242  1772823 2372860  4143789
          131072    4096  984046  291978  3954030  4052817 3904881 2202257 4004520  2782970  4029764  1796371  1774145 3611710  3746288
          131072    8192 1161994 1158044  4076770  4142603 4202229 2265989 3983223  2762733  4104744  1843174  1882024 1028507  4107166
          131072   16384 1186225 2286792  3506368  3351192 3398299 1876851 4107811  2884512  3878791  2047204   437831 3793046  4037222
          262144      64   94045   72031  5352484  5940133 5550263   58230 1247919  6370294  5614915   114350   104801 5533030  6227170
          262144     128   93407   96892  5249498  6037397 5751311   85830 4839297  8127985  5737955   116461    69095 5132632  5381616
          262144     256  118168  106935  5061769  5494761 5412612   93393 4869215  6850035  5341044   111605    93172 1909471  5563913
          262144     512  106317   59539  5287414  5620225 4734421   97734 4901252  6662705  5523107   117784   116946 5021430  5553206
          262144    1024  113149  107735  4172659  5270913 5449877  118312 5061280  6951946  5288686    91333   116511 4983445  5449958
          262144    2048  113593   80096  4562519  4922911 4448621  107155 3558499  2489803  4650674    85433   101900 4423992  4726463
          262144    4096   77973   90831  3778211  4022390 3978018   53097 3809233  2711376  4097154   104951   116503 3735086  4048680
          262144    8192  114068  106704  3765620  3988494 3897888  118285 3696759  2741631  4094469   107233   106196 3715033  4009541
          262144   16384  113000   93370  2442074  2488389 2983791   90619 3426051  2761094  4005801   144874   111445 3852679  4073520
          524288      64   23447   73265  5716428  6101892 5695626   10579 1963720  7928870  5702997    62328    55895 5016960  5636110
          524288     128   74447   35180  5581450  5773778 5488902   14563 4396026  8128490  5830203    36978    70771 5606695  5748331
          524288     256   72856   64934  5281114  5456270 5476271   33253 5067681  6069556  5349929    39377    70904 1890594  5662349
          524288     512   34648   65755  5354684  5747009 5557259   27741 1755780  7026288  5590986    72213    68865 3232375  5643994
          524288    1024   60407   35372  5087648  5704047 5575746   54283 5264677  6828166  5622090    40280    34855 1311812  5756789
          524288    2048   73147   38286  2521162  3256409 4587665   33920 2101254  3519299  4798146    48484    72367 2382747  4937400
          524288    4096   65114   39297  4129134  3378908 3687546   59683 3913856  2786809  4226186    33611    41734 4024840  4258596
          524288    8192   40644   37505  3662226  3557945 3599198   64041 3829657  2512426  4073179    69706    80169 3647471  3448540
          524288   16384   81507   76712  3494041  3354348 3553076   77594 4015990  2490231  4132610    85314    68904 3552043  3646382

iozone test complete.
