	Iozone: Performance Test of File I/O
	        Version $Revision: 3.420 $
		Compiled for 64 bit mode.
		Build: linux-AMD64 

	Contributors:William Norcott, Don Capps, Isom Crawford, Kirby Collins
	             Al Slater, Scott Rhine, Mike Wisner, Ken Goss
	             Steve Landherr, Brad Smith, Mark Kelly, Dr. Alain CYR,
	             Randy Dunlap, Mark Montague, Dan Million, Gavin Brebner,
	             Jean-Marc Zucconi, Jeff Blomberg, Benny Halevy, Dave Boone,
	             Erik Habbinga, Kris Strecker, Walter Wong, Joshua Root,
	             Fabrice Bacchella, Zhenghua Xue, Qin Li, Darren Sawyer,
	             Vangel Bojaxhi, Ben England, Vikentsi Lapa.

	Run began: Sat Oct  5 10:05:56 2013

	Auto Mode
	Command line used: iozone -a
	Output is in Kbytes/sec
	Time Resolution = 0.000001 seconds.
	Processor cache size set to 1024 Kbytes.
	Processor cache line size set to 32 bytes.
	File stride size set to 17 * record size.
                                                            random  random    bkwd   record   stride                                   
              KB  reclen   write rewrite    read    reread    read   write    read  rewrite     read   fwrite frewrite   fread  freread
              64       4  551422 1183548  4897948 1231033610821524 4274062 4564786  3791156  4274062  3541098  2772930 4564786 10821524
              64       8  743988 1421755  5735102 1231033610821524 5283570 3057153  5389653  5735102  3588436  2561267 5283570 12902017
              64      16  725882 1526887  5735102 1290201712902017 5283570 2923952  5860307  4564786  2662899  2923952 5283570 10821524
              64      32  735831 2067979  9318832 2273779115972885 5283570 4274062  4274062  4564786  4564786  5860307 5283570 10821524
              64      64  821391 3203069 15972885 2096219115972885 4274062 3738358  3958892  5283570  4274062  3363612 3541098  4274062
             128       4  805138 1885042  3657016 11720614 9795896 4596273 3359523  5325799  3380677  4012317  2784517 3359523 11470204
             128       8  907174 3468030  6114306 1284205111720614 5325799 5325799  6406138 12842051  3560017  2499332 5325799 15881078
             128      16 1000121 3895854  6114306 1588107814200794 4934216 1067750  6727225 12842051  5122535  3657016 5122535 11720614
             128      32  435487 2098744  7176872 1863766412842051 5603747 1521718  6727225  7917784  4407601  4934216 5122535 12842051
             128      64 1007629 3199360  7582312 1801235915881078 6045455 5325799  5545860  1421023  4135958  5847904 5545860 12842051
             128     128 1142750 3468030  1040839 1420079412542043 5847904 3867787  6045455  4407601  5784891  3560017 6045455 14200794
             256       4  933846 2486631  5687020 12090911 9518507 4264168 2435861  5347168  4572895  4197489  2783115 5841722 11569783
             256       8 1062263 3159869  5971678 1495343511695808 5117791 5687020  6936061  8534922  4929815  4197489 6249745 14164395
             256      16 1190657 3368013  5938650 1435374411091721 5687020 5022044  6761355 15164624  5022044  4132864 5810112 14164395
             256      32  873809 3087188  6719046 1583556912661199 5971678 4840911  7314033  7791708  5217259  2911402 5569035 14353744
             256      64 1036624 3009318  6891544 1583556914353744 6936061 5938650  7314033  8271916  5217259  4332998 5810112 14164395
             256     128 1053922 2509882  8534922 1435374413454450 6249745 4572895  6936061  7735574  4132864  4496299 5569035 13454450
             256     256 1280084 3245838 12812277 1416439512812277 6249745 3935921  4496299  5810112  5971678  4350555 5569035 12812277
             512       4  895230 2782414  6018636 1279744110044089 4571003 4690818  5886650  5760329  4532414  3653390 5509113 11877300
             512       8  980673 3580298   395062   775599  713258 2016784 6018636  7211022  7334159  3877684  3659616 5115422 13872122
             512      16 1248678 3182373  6395018 1424006913438092 6018636 4732165  6931711  4973263  4000485  4030519 4973263 12797441
             512      32 1286838 2782414  6909408 1503780113872122 6246213 4927617  7620440  9145790  5384786  3710197 5744919 13190469
             512      64 1336492 3481620  6472112 1503780114240069 6551087 4030519  6909408 13109944  3849877  4784885 5822804 13438092
             512     128 1325766 3610395  7435738 1462806713438092 6491676 6246213  5177083  8808176  3437042  4871723 5019764 13438092
             512     256 1380303 2651850  7758090 1310994412797441 3158966 5624545  2287463  2099600  2875558  5886650 5227492 10235583
             512     512 1383861 4305250 10641343 10044089 8992598 4457157 5566231  6156675  6018636  6174377  4927617 5760329 12215097
            1024       4 1092921 3200886  5983467 12313351 9765601 3124054 5251818  5885083  4396951  4126579  1954207 2426801 11398360
            1024       8 1174513 2653170  6431462 1442204512639479 4832290 3261656  7220790 10230845  4762630  2540189 6059442 14044758
            1024      16 1343938 3999762  6402699 1418390513142265 4848656 5336651  7020149  7699755  4783849  4396951 4876180 13998981
            1024      32 1395010 4110780  6393168  624444811773301 4720752 6327241  7485055  9402175  3170172  4130547 3696803 13643232
            1024      64 1391395 4265934  6441107 1524088114422045 3926627 6280976  7869040 10329265  5096034  4654248 6733974 14820161
            1024     128 1368780 4199201  4674510 1220835010454984 4972145 5593820  7869040 10662628  5444898  4594502 6208343 13818817
            1024     256 1254808 3877004  6974549 1314226512790037 6199382 3738636  6776473  9946527  5417427  4848656 5507740 11773301
            1024     512 1383774 2578312  5720477  6874084 7306780 4396951 5853003  6441107  8474583  4783849  6317933 3229770  4634161
            1024    1024 1131503 2638501 12944224  932056013142265 5690162 5536137  5660167  5917516  5950309  4832290 6093831 13305116
            2048       4  937683 2676988  3922692  8940345 6171791 3598924 5306340  5820505  7318020  3771144  2972495 4643695 10289741
            2048       8 1140942 3650932  6498636 1232758912416686 3056039 5852228  7318020  9525260  3314266  2446713 6225466  7999524
            2048      16 1394061 3864455  4376355  4785996 5884299 4441984 6007763  6608629  6459541  4462754  4146110 6479029 11917129
            2048      32 1189938 2653011  4295384 1101548013639023 5754221 6321679  7874853  9228493  5083385  4460436 6202989 12729493
            2048      64 1322992 4079167  5068389 1413269814613561 5970183 6225466  8325147  4500161  3465352  3937075 4550221 12470765
            2048     128 1246579 4006862  6321679 1311829513836752 6149699 4128177  7183386 10889797  4196751  4188565 5430461  5119743
            2048     256 1360931 2947000  6382745 1150223412729493 5888333 6020395  5535444 12257227  4796687  4086930 5970183 10945301
            2048     512 1519319 3256469  5884299 1107227511015480 5345969 4971585  4204968  9140117  4112366  3743207 4403275  6807652
            2048    1024 1240458 2631876  7698414 11072275 8325147 3637020 5212953  4633675  5376082  3953383  4886737 5754221 10084382
            2048    2048 1129540 2572756  3960675  4490751 5549749 4016229 3710866  3580921  4540600  3723735  3302797 3908414  3675930
            4096       4  630921 2972395  5334028  5944991 6022095 2758132 4076076  5728903  4016047  2573067  2840208 4000150  5120972
            4096       8 1303994 3379332  4917236  5728903 3911800 2858639 4761860  6480999  5953231  2727047  2970339 4418911  7421732
            4096      16 1364477 3341213  6096896  7906767 6302675 3192212 5291314  6585338  5918366  3838385  2987384 5642353  7639552
            4096      32 1355327 3237937  5736555  776033210018551 4830139 4713521  7998800  7529067  4113159  3531460 4841028  7529067
            4096      64 1183120 3110150  5081590  7670249 9729195 4917236 6189146  8292220  7711565  4623457  3319264 5139356  6207035
            4096     128 1286033 3175103  4858827  4586428 5777065 3823862 4622213  7939654  7585581  3747131  3131694 5818150  5075585
            4096     256 1276762 3077282  5520868  5063617 7954358 4121052 3555579  5875858 12803544  4176149  3778448 5657217  6272759
            4096     512 1222000 2874423  3785107  4917236 6451792 3689988 4607338  6769576 11633127  3886139  2965725 4071246  5334028
            4096    1024 1085629 2684016  4746074  5258919 6682678 3789282 5611025  6608135 10190895  4075109  2830382 4171080  5867831
            4096    2048 1170944  924404  4751325  3673419 3795980 2188015 4941279  2538094  3957760  2776856  3122019 4587653  5424983
            4096    4096  942250 2324492  4141917  4012295 4649735 2327326 4032070  3038638  3263773  2449785  2550529 3143729  3641495
            8192       4  870003 2186178  4164914  4224832 3900612 2404493 4406334  4378818  3864202  2541813  2468938 5558204  5494212
            8192       8  992602 3044239  6336155  5936574 6028229 2968237 5250727  5685116  5598961  3447763  3061326 5732541  5227560
            8192      16 1332454 2884511  4782278  4530672 4474037 2865268 4362141  6924845  5175590  3061326  3400672 5534924  4387765
            8192      32 1409988 3629496  5357988  5531360 5329730 3137644 5602613  7585256  4617744  3098317  2910163 4847725  5932474
            8192      64 1355210 2927769  5716328  5680416 6495463 4033398 4643957  6495463  4815791  3054523  2984220 5599873  6340832
            8192     128 1290467 3778367  5110162  5126937 5244315 3605502 5181834  6206817  4861443  2824752  2772107 4819168  5028642
            8192     256 1358317 3201076  5450634  5509188 6136976 3749505 5194368  5958192  4844308  2850293  2730689 4654652  4683839
            8192     512 1425194 3512976  5097274  5231540 5234728 3329817 4081792  5700206 11174604  2957252  2482316 5271672  4114541
            8192    1024 1337068 3263713  4320454  5476697 5996667 3233004 4708228  5928379  5542961  1874119  1986478 4203126  4932629
            8192    2048 1096081 2941555  3411816  4139325 3412155 2444001 3917512  2672702  2656378  1848808  2553714 3736863  4792951
            8192    4096 1241956 2140019  3420306  3053437 3079711 2183399 2406513  1655587  2776812  2165374  1374015 3084134  4177574
            8192    8192  794411 1934364  3792546  2638225 2439489 1746737 2953185  1885431  3544870  2309462  2371140 3685162  3742154
           16384       4  602687 1876309  4949970  5370049 3974796 1574480 3238611  2721153  2351972  1424332  1208173 3338845  3208071
           16384       8  737825 2743532  1359225  5512638 4787877 2524056 5599328  6731392  4402045  2983806  3044752 5391113  4314976
           16384      16 1186827 3164782  5647647  6267848 5574800 2708070 4999668  7667183  4108344  2689417  2673721 5430306  5180196
           16384      32 1400100 3521943  6040844  6127020 5740589 3034132 4640133  7336490  6122653  2969238  3463891 4470197  4792218
           16384      64 1261583 3402660  5324694  5677040 5494566 2954811 5921129  8419641  5973110  2989778  2808796 4482736  4816063
           16384     128 1267821 3796067  6138514  6227520 6194400 2999697 5364599  7356911  5443210  3353346  2809715 5443210  6152253
           16384     256 1424302 3570249  5428590  4554938 4886612 3110772 5483605  7353761  4565227  2623100  3290090 4427001  4585637
           16384     512 1263903 3644859  5981429  4952824 5568926 3877679 5444935  6488597  5259490  3223269  2500635 4336761  4567654
           16384    1024 1191044 3780197  5628681  6142904 5416182 3526461 5769022  7067864  8842150  2033012  1914948 4135291  4534799
           16384    2048 1146532 2995251  3915906  3794390 3567840 2335506 3150852  3540086  3206873  1703642  1894100 4396975  2977859
           16384    4096 1294864 2559212  3522665  3488864 3570249 2487330 4253283  2935750  3806792  2296558  1989285 2734254  2835101
           16384    8192 1079310 2258666  4439872  4022492 3589833 1751403 4100254  2659751  2761947  1811801  3410428 2707217  3090209
           16384   16384 1080957 2741672  3590583  3897251 4460622 2604312 4399790  2269257  2792475  1981884  2229067 2999042  2773652
           32768      64 1079139 3359149  6504198  6042386 5314360 3229692 5837832  7028757  5761961  3379551  3413715 6041324  6099775
           32768     128 1340478 3413292  5977476  6313863 5391283 3644067 4436404  6924642  5005095  2398091  3173684 5496941  5023572
           32768     256 1411022 3283707  5912673  5857737 4946728 2553023 4333726  5723807  5548200  3363588  2743248 5607051  5006554
           32768     512 1478159 3260184  6049035  5171776 5086600 3315552 4644650  5730728  5277627  2445193  3470785 4576598  5799648
           32768    1024 1448894 3093673  4996725  5789388 6090584 2945427 4358602  5620580  4350462  1989567  2969995 5616675  4549782
           32768    2048 1332963 2269887  4621691  3153802 3197161 2094473 3036331  2456205  3187891  1548227  2268014 2180885  4970163
           32768    4096  606422 1605411  2906988  3300900 3260184 2306804 3608476  2677357  3626758  1263855  1545007 4404839  3882477
           32768    8192 1187974 2094856  2894194  4325270 2823383 2734787 3455079  3004602  4190364  2422437  2081153 3427592  3579623
           32768   16384 1227727 1947808  2868821  3078567 3678102 2726324 2954735  2128499  2990025  1712383  2528784 4319561  4272695
           65536      64  946298 3270261  4299414  6295470 6122574 3591212 5101687  8407387  6075481  2775905  2971466 6001988  6251088
           65536     128 1377876 2994971  5033858  4943508 4979238 3253693 5711178  8088972  5976801  2790190  3484283 5056452  5956854
           65536     256 1294799 3362552  4461883  4817787 5811027 3657732 5608516  5040412  5243779  3266025  2772013 4471318  4604489
           65536     512 1395660 3268628  6015780  5789486 5933068 3830260 5728197  5444549  5451243  2111281  2104831 4663547  3855078
           65536    1024 1236268 3376596  5589925  4229749 4301432 2356901 2257838  4940843  4882308  1168034  2824828 5763871  3672736
           65536    2048 1304873 2447932  2884379  2849396 3223625 2330583 2779526  3016201  2808722  1409494  1556598 5124800  3923363
           65536    4096 1166141 1921822  3540561  2729297 4248709 2561989 2702729  1666059  2713830  1586177  2151335 2773776  2924674
           65536    8192 1166433 2538377  2700074  3287824 2781551 1994646 2734755  2373959  2743462  1711975  2223664 2733042  4195340
           65536   16384 1072393 2035020  4330094  2819844 4374890 2712143 4294309  2896353  2756060  1917371  1763803 2722619  2778711
          131072      64  813626 2944187  5868205  5983944 6074327 2939103 5669467  7969923  5809419  2751244  2668460 6000665  6220800
          131072     128 1316301 2496996  5717165  4917191 4416319 2637163 5470435  7542390  5683181  2873761  3081007 2825929  5935426
          131072     256 1339943 3172885  5295441  5669935 5515826 2985226 1127880  6987165  5363429  2765582  2584534 4441903  5237674
          131072     512  576531 1179787  5468150  5641193 5675847 2976144 5357731  6664934  5290701  2759003  2686337 1703893  5356635
          131072    1024 1286153  924833  5532367  5816364 5262039 2851374 5306994  6663237  5517431  2466768  2437089 5267787  5686650
          131072    2048 1162860 2212111  4067781  4105112 3890319 2266307 4719590  3689888  4805734  1816409  1967307 4551757  4386333
          131072    4096 1142070 2333985  4015577  3947472 4138549 2318824 3876138  2070613  3477820  1853602  1873551 1740109  3754988
          131072    8192 1068726 1576764  2687716  2760222 2952996 2231733 4081310  2023714  4059701  1850962  1574551 2888195  2818150
          131072   16384 1017655 2319901  2755698  2965164 3547273 2272828 1940455  2730039  4031389  2014725  2059906 4093710  3736256
          262144      64  123439   97851  5734065  6152600 5725525   70692  575949  7584313  5881225   108987    98966 5365884  5952417
          262144     128  108848   87486  5328774  5903487 5484318   81848 1758811  7843245  5673996   114201   118690 3835262  5615775
          262144     256  109537  111673  5056206  5415624 5425726   86443 4840980  7061876  5474679   115719   109029 5031748  5598618
          262144     512   91607   84471  4464916  4109297 4514673   69667 3937982  5448148  4552130    80784    75474 3606968  5166300
          262144    1024   78714   78411  3241591  3522124 3641348  101610 5289322  3155546  3538276    98458    72147 1398043  4824497
          262144    2048   77426   77120  2438980  2895884 3411202   77846 2390035  2933111  2712219    79379    69328 4318028  2705891
          262144    4096   80121   74202  3757693  3948135 4095292  121525 3632818  2564555  3997921   124232   114957 3755331  3873227
          262144    8192   99456   74662  2787816  3295672 3678233   70836 3426990  2829644  3984245   119169   124307 2834079  4032540
          262144   16384  116949  114392  3930184  4012365 3659953  124599 2681638  2734798  4013903   121149   130832  185660  4234610
          524288      64   47732   36434  5129924  5416702 5347808   12823 5447822  8120205  5597119    77013    70926 3959608  4213989
          524288     128   43085   36556  5515333  5177134 4933456   17875 5232732  7674568  5478686    55013    76117 5588357  5960384
          524288     256   33600   59483  5255015  5448848 5426353   26164 3521289  7313577  5429488    70347    45444 5069854  5441607
          524288     512   66202   47057  5169783  5435742 5704802   45170 5270128  6891636  5154116    37635    45214 4981738  5346118
          524288    1024   44561   61856  5159037  2753019 3308270   35045 1156008  6567232  3450943    56917    39678 5132426  5538769
          524288    2048   38426   71263  4489233  4604505 4690441   63557 4449115  3461628  4670090    72364    72277 2305921  4600709
          524288    4096   77515   47299  3795589  4032021 3892725   56710 3280078  2635540  3349076    49883    42589 3745474  3908194
          524288    8192   72071   53011  3743631  3964426 3804566   76358 3444705  2195291  3153115    39623    81318 3387679  3537444
          524288   16384   37655   49483  3273794  3696596 3610698   69381 1612935  2019707  4212536    47284    40391 3848518  4032457

iozone test complete.
