	Iozone: Performance Test of File I/O
	        Version $Revision: 3.420 $
		Compiled for 64 bit mode.
		Build: linux-AMD64 

	Contributors:William Norcott, Don Capps, Isom Crawford, Kirby Collins
	             Al Slater, Scott Rhine, Mike Wisner, Ken Goss
	             Steve Landherr, Brad Smith, Mark Kelly, Dr. Alain CYR,
	             Randy Dunlap, Mark Montague, Dan Million, Gavin Brebner,
	             Jean-Marc Zucconi, Jeff Blomberg, Benny Halevy, Dave Boone,
	             Erik Habbinga, Kris Strecker, Walter Wong, Joshua Root,
	             Fabrice Bacchella, Zhenghua Xue, Qin Li, Darren Sawyer,
	             Vangel Bojaxhi, Ben England, Vikentsi Lapa.

	Run began: Fri Oct  4 13:12:17 2013

	Auto Mode
	Command line used: iozone -a
	Output is in Kbytes/sec
	Time Resolution = 0.000001 seconds.
	Processor cache size set to 1024 Kbytes.
	Processor cache line size set to 32 bytes.
	File stride size set to 17 * record size.
                                                            random  random    bkwd   record   stride                                   
              KB  reclen   write rewrite    read    reread    read   write    read  rewrite     read   fwrite frewrite   fread  freread
              64       4  528618 1392258  3958892 1290201712902017 4274062 4988978  4897948  4564786  3363612  2689580 2662899 12902017
              64       8  666414 1452528  4018152 1290201710821524 4564786 2772930  5860307  5860307  4018152  1734015 3738358  8182586
              64      16  752329 2923952  3541098 1290201712902017 5283570 3057153  5389653  7940539  3363612  3022727 4564786 20962191
              64      32  799377 1599680  6271021 2096219115972885 5283570 3203069  4564786  4018152  2772930  2444640 5283570 12902017
              64      64  939223 3165299 10402178 2096219120962191 5860307 3363612  4564786  3738358  4564786  1892980 5735102 12902017
             128       4  785122 1878447  2511022  979589610567140 4407601 3657016  5545860  3560017  3560017  2464907 3536566 12842051
             128       8  826202 2969325  4407601 1588107812842051 5325799 3560017  6727225  6406138  4407601  3199360 4012317 12842051
             128      16  883293 2175277  5784891 10779307 9795896 5545860 3536566  6330599 11720614  4407601  2035099 4135958 11470204
             128      32  940549 3124872  6330599 1588107815881078 6114306 3560017  6406138 11470204  4934216  4759253 3759450 14200794
             128      64  913347 2367096  7476717 1863766414586625 6114306 5325799  6812590  5379161  4407601  3106789 5603747 11720614
             128     128 1142750 2660335 12842051 1801235914200794 6406138 4717434  5325799  4012317  5784891  2660335 4407601 15881078
             256       4  641497 2413957  5569035 1345445010245071 4572895 5117791  4070199  5687020  3879045  3197509 5810112 12228612
             256       8 1016025 2557711  6554972 1516462413454450 5569035 4264168  7314033  5022044  5117791  3285566 5117791 14953435
             256      16 1090308 2613746  6073004 1607260813625180 5810112 1740810  7518900  5569035  5117791  3823789 5569035 14953435
             256      32 1148625 2812272  6554972 1607260814953435 6249745 5117791  7518900  6398720  5455847  4572895 4132864 14164395
             256      64 1163562 3087188  6891544 1607260815164624 6595234 5428265  7735574  8024634  5938650  3275543 5117791 16072608
             256     128 1053922 3879045  8534922 1516462413454450 6249745 4734192  7073132  7571923  1280084  7314033 5687020 14164395
             256     256 1306564 3705040 12812277 1435374413454450 6107548 5938650  6249745  6073004  6249745  3410808 6073004 13454450
             512       4 1075459 3346002  5760329 1249949010235583 4411377 5398323  2725905  6571132  4262523  3580298 5886650 11683444
             512       8  996139 3201349  6571132 1462806713109944 5384786 5079126  7334159  4882800  4927617  4131319 4701087 14240069
             512      16 1276891 3264616  5951911 13109944 7620440 5886650 6246213  7435738  6652558  1132755  4305250 6395018 14240069
             512      32 1227971 2196227  6319739 1503780113872122 6319739 5019764  7988981 10641343  5566231  4532414 6174377 14146265
             512      64 1333173 3742527  7022379 1085653014240069 6571132 6246213  8018812  9145790  5624545  4742616 5684095 14628067
             512     128 1051242 4262523  6909408 1462806713872122 6736026 5744919  6018636  3762197  5822804  2891043 5886650 14240069
             512     256 1230786 4061007  7871843 1137404012797441 6156675 5822804  6736026  3279573  4973263  6551087 6018636 13190469
             512     512 1455126 2141475 13190469 1343809213109944 6174377 5886650  6319739  6086873  6319739  4690818 3795443 13109944
            1024       4 1070048 3133170  6128613 1263947910134284 4282950 5175871  4810640  6559147  3849207  3696803 5950309 11903823
            1024       8 1177088 3671521  6609617 1461839312828238 2976816 6208343  7472033  9569770  4972145  4270175 6479979 14422045
            1024      16 1201790 3880507  3908759 14044758 5536137 5564829 5623115  7811791  9569770  5144870  4029784 5720477 13863422
            1024      32 1251882 2976816  6479979 1487147713863422 6290174 6479979  7883484 12492426  5652717  4570058 6692005 14044758
            1024      64 1262555 4415030  4300102 1482016114618393 6650556 6519323  8391792 10134284  5623115  4720752 5885083 14871477
            1024     128 1227552 4287225  6650556 1442204513818817 6692005 3880507  8262639 10354166  4720752  4654248 6327241 14044758
            1024     256 1291406 3951918  6963241  906482812790037 6244448 6025439  7054742 10039528  4195100  5114239 5417427 12790037
            1024     512 1517224 4507705  8262639 1330511613142265 6137371 5853003  6599461  8183918  2950233  6609617 6059442 12790037
            1024    1024 1250425 4396951 12790037 1347205313142265 2128533 6102490  6093831  6128613  6163794  4926518 6093831 12790037
            2048       4 1167617 2720222  5970183 11015480 9853037 3089009 5535444  4347560  8365686  4120256  3425279 5852228 10302081
            2048       8 1348327 3205431  6149699 1280539912805399 4684211 6007763  6780783  8758039  4829046  3573472 6359119 10766950
            2048      16 1395193 4071433  6518362 1258034913219235 4889518 5836323  7643611  9024882  4875642  4104506 6420913 12187663
            2048      32 1386635 4367454  6690992 1303864611900619 6020395 6401772  6873016  9140117  5303064  4248644 6440169 12635867
            2048      64 1428369 4376355  6829301 1346794914514788 4330028 4785996  8498106  9887060  5006356  4128177 6629029 10192069
            2048     128 1455475 3346546  6479029 1256195213219235 6464402 4829046  8325147 10903620  5184636  4213218 5785224 12327589
            2048     256 1425051 4414590  5937172  854035111380325 5416763 5900467  4347560 12118884  4853603  4231899 5868220  8903279
            2048     512 1482862 3454204  4509611 1144095512274742 4490751 5953632  5916724 10339282  4728042  4240255 4394265 10834854
            2048    1024 1388428 4172290  8029434  594950810192069 5420181 5750369  6225466  8221561  3999400  5461535 5659442  4686767
            2048    2048 1300361 3683812  7059413  7754008 5264067 4441984 5319484  4531020  5359311  3346546  4086930 5461535  6690992
            4096       4 1130864 2961635  5826043  5468151 6103394 2832715 5171846  5867831  5894001  3564431  3114661 5483860  6149271
            4096       8 1140624 3548968  6024207  7015611 8730470 3580030 5250883  7367624  6049663  3504089  3667146 5894001  6872481
            4096      16 1380041 3641495  5483860  6321227 9081201 3341213 5572803  7339297  7149920  4096486  3605576 6024207  7380284
            4096      32 1437669 3979764  6420447  6103394 7339297 4032070 5961494  7874151  7061751  4180214  3571100 5841891  5769304
            4096      64 1426685 3689988  5926533  7076294 9267351 4530788 5826043  7555557  7264812  4201683  3788446 5190597  7367624
            4096     128 1440804 3980686  4924283  6131713 7225093 4171080 5875858  7670249  7364466  3945943  3595765 5728903  7096756
            4096     256 1427159 4032070  5211065  5841891 8047509 3401411 4929936  5843879 10089154  3761900  3734100 5050220  5736555
            4096     512 1359940 3831537  5382492  5558378 7447471 4136930 5512011  6919538 10950922  3782607  3462422 5025108  5625724
            4096    1024 1415868 2542602  6522830  7061751 6420447 4031124 4941279  4718699 10112910  3664018  3394019 5246072  5769304
            4096    2048 1197970 3052133  4928521  4971306 5007531 2848685 4922872  3882626  5792648  2848685  4016047 4649735  4911613
            4096    4096 1142521 2647616  4136930  3385325 4108241 2576153 3753681  2807716  4087714  2910951  2561557 4390677  4329816
            8192       4 1119727 2620719  5139206  5461897 4902367 2484649 4790278  4523514  4689593  2773226  2859307 4694077  5136133
            8192       8 1292311 3295327  5446314  5756551 5603526 2701915 5607184  7295362  5614514  3075300  3255981 5728718  6090202
            8192      16 1418780 3158120  5716328  5776876 5871647 2947864 5688881  7413415  5885728  3251975  3449493 6063334  6072979
            8192      32 1279987 3656923  5931450  5502130 5901904 3475663 5274909  7307775  6220301  3683582  3396638 5741161  5483690
            8192      64 1459458 3544870  6022946  5432536 6154564 3847758 4687034  8368573  4807705  3499380  2678744 4411425  4949683
            8192     128 1454577 3441891  5191229  5561803 5598961 3828039 5626466  7440706  5278962  3409108  3207351 5224380  5146134
            8192     256 1473920 3730372  5688881  5588034 5211701 3556980 5312425  6638529  5645881  3171529  3240321 5595314  5464503
            8192     512 1330957 3713439  5665431  5649594 5817959 4009863 5224380  6638529 11804201  3566209  3433293 5531360  5007390
            8192    1024 1238018 3582197  5550123  5966469 5716328 3603989 5237920  5724900 10103411  3078607  3144824 5265210  5457560
            8192    2048 1290079 2800577  5198297  5298499 4858693 3239099 4464155  3418945  5772993  2523703  2582505 4821874  4884248
            8192    4096 1275189 2548033  4282224  4300447 4059608 2617125 4035293  2685024  4205698  2446089  3255981 4188268  4316113
            8192    8192 1231496 2375895  4015486  4162896 4289173 2634988 4222755  2615532  4205698  2800577  2549546 3672165  3178865
           16384       4 1085756 2648169  5158807  4930437 4189239 2396761 4786543  5340419  4507139  2730234  2589981 4825871  4918439
           16384       8 1204700 3077891  5503367  5620854 5025629 2583069 5599328  7539324  5378876  2888610  3124350 5624074  6140708
           16384      16 1312923 3141776  6106332  5883111 5587946 2887639 5748753  7343546  5803614  3182517  3347139 5835154  5870546
           16384      32 1310919 3433432  5904340  6162183 5679386 3333501 5893706  8075328  5979347  3495607  3210769 5979347  5726715
           16384      64 1357748 3414156  5349148  5912977 5849060 3649699 5595681  8419641  6097662  3527185  3340956 5690674  5640230
           16384     128 1446214 3455009  5781155  5826743 5822300 3558602 5597504  8445510  5667209  3214373  3481616 5700587  5499843
           16384     256 1436930 3731346  5253057  5599328 5188409 3928891 1719026  7282069  1292307  1645825  3374754 5175124  5300463
           16384     512 1435189 3472643  5487108  5557667 5450117 3894380 5380560  6957662  5211229  3141058  2979537 5512638  5564868
           16384    1024 1405139 3258576  5584313  5777267 5384355 3503092 5241438  6887233 12001713  3095917  3076788 5338759  5544663
           16384    2048 1172131 2771303  4729552  5007319 4799246 3161143 4779552  3915013  5940580  2335585  2393589 4750476  4400636
           16384    4096 1140538 2520631  4185922  4206420 3990259 2476394 4078596  2885456  4097077  2439213  2488050 3330754  3780197
           16384    8192  979666 2421165  3268184  3093687 3049211 1807988 3804052  1634784  4095123  2442420  3202539 4109326  4098054
           16384   16384 1102407 1366822  3954666  3732156 3656301 2399188 4122639  2586666  4106380  2842489  1455711 2830197  4168908
           32768      64  877017 2527621  5172554  5775035 3929993 2580344 4276151  6897189  5629328  2608058  3004602 5342039  5536132
           32768     128 1140110 3124691  1617141  2235659 2928294 2665777 5479627  6578605  5052010  3050483  3287635 5269129  5357657
           32768     256 1307475 3585132  5332505  5573625 5552010 3546005 5482469  7066340  5430479  3220762  3213532 5278438  5472427
           32768     512 1333662 3590189  5453968  5579508 5348900 3632798 5551114  6887166  5570011  3152572  3285356 5377151  5628406
           32768    1024 1353214 3435904  5639954  5647602 5511710 3537153 5399332  6411354  5441444  2810738  3013694 5487722  5598600
           32768    2048 1210768 2760827  5052010  4973940 5019536 2809589 4461317  3786947  6508202  2085796  2234895 4716860  4824483
           32768    4096 1176715 1182191  3987805  4049968 4123852 2559632 4029427  2790876  3975693  2124321  2204355 3871431  4002904
           32768    8192  993301 2389045  3945675  4163201 4048417 2520021 4099619  2777902  4044010  2340429  2444801 3997083  4076032
           32768   16384 1088601 2534240  4065422  4104149 3997083 2523723 3916777  2747855  4037002  2394957  3040832 3592160  3820422
           65536      64 1370901 3382163  5863460  6118622 5716166 3282563 5684486  7511391  5856090  2912465  3484283 6102728  5788389
           65536     128 1316825 3501771  5681431  5710229 5697801 3465132 5695321  7565973  5646187  3156693  3382662 5209493  5771011
           65536     256 1086127 3334124  5513347  5352421 5170103 3462731 5331140  6640556  5300914  3081286  3397043 5249989  5386298
           65536     512 1326184 3665292  5290304  5477313 5430136 3550164 5308695  6644569  5399205  2948074  3367000 5182385  5484635
           65536    1024 1302308 3184892  4863907  5234094 5146195 3489458 4961802  6956326  5155461  2140013  2915832 5287760  5218592
           65536    2048 1224423 2599495  4806750  4905310 4486278 2696975 3863694  3230102  3850973  1774839  2159125 4771456  4316631
           65536    4096 1149978 2315915  3007884  3543437 3451080 1757556 3166912  2372422  3007884  1618291  1549054 3985192  4135317
           65536    8192 1068874 2484214  4094722  4099852 3791743 2492821 4062707  2816348  4007620  2068231  2064503 4064509  4134011
           65536   16384 1177495 2486754  4026051  4032489 3999748 2536223 4049658  2787672  4059706  2402614  2520617 4052644  4084560
          131072      64 1173103 2815480  5908188  5799123 5703464 2734874 5631255  7947111  5534929  2580773  2927412 3082959  6034852
          131072     128 1256054 3058569  5681478  5758606 5441359 2910057 5669935  8012787  5559052  2630224  2811075 5545425  5688886
          131072     256 1233062 2896930  5279625  5478885 5337445 3074425 5338118  7012566  5309351  2656507  2826104 5387924  5370922
          131072     512 1241906 2943383  5215711  4706337 4955799 2713546 4958436  6986100  5556972  2613444  2865403 5224931  5622731
          131072    1024 1264856 2888331  5313868  5486924 5384810 3111946 5337237  6381912  5560232  2401689  2604406 5473921  5460654
          131072    2048 1162242 2426098  4748451  4816006 4770578 2381402 4740753  3847707  4850894  1737112  1925462 4641686  4863898
          131072    4096 1100260 2332945  4037222  4144977 3998404 2167911 3615891  2776785  4071939  1787476  1840539 4057184  4078797
          131072    8192 1121932 2230212  4043190  4128386 4142853 2284881 3912134  2847460  3996340  1831690  1892845 3942857  4085526
          131072   16384 1106420 2019098  3901639  2929893 3662162 1864224 3898623  2750321  4025309  1814017  1987175 4059221  4136836
          262144      64  156054  138082  5827641  5933145 5564025  114567 3713452  8195597  5139878   148706   128593 5764065  6089864
          262144     128  147900  132946  5468960  5848036 5519863  122393 5298396  8315974  5624192   160410   147913 5211306  4657116
          262144     256  146619  152042  5416078  5557557 5405932  130656 4911278  7006168  5365648   150599   131816 5383065  5495667
          262144     512  146616  137181  5321527  5565800 5491056  138610 5368399  7145030  5347148   154980   152621 5089275  5363240
          262144    1024  153367  137484  4382203  4590176 4865422  158691 5300976  6512428  5516955   148683   138950 5209429  5315481
          262144    2048  154407  127973  4665395  4885007 4768257  159799 4762536  3729043  4888547   159561   150488 4505127  4857298
          262144    4096  149661  135909  3833310  4091787 4026795  154796 4047980  2757639  3907751   161617   157076 3439081  3534647
          262144    8192  153775  137940  3951285  4056582 3988871  166776 3899394  2833407  4075740   165125   165977 3962221  4002986
          262144   16384  150502  122915  3747051  3703907 3720728  136957 3641854  2636972  4036893   155686   160770 3398024  3560677
          524288      64   60398   81137  5712879  5889097 5530703   26032 5657280  7853211  5779955    85893    87468 5699213  5974651
          524288     128   86502   83204  5584298  5805683 5412396   46413 5365646  8345730  5491657    86577    85104 5603109  5814494
          524288     256   86284   80820  5387481  5588954 5406368   52457 3274486  7326467  5417877    86791    85859 5365816  5515098
          524288     512   87282   75462  5452698  5587818 5535423   65150 3868830  5835804  4966538    80529    81787 5401256  5436414
          524288    1024   87569   82138  5318615  5579255 5500242   62292 4365464  6079540  4604794    78241    70355 4836921  4618178
          524288    2048   78136   80833  4714737  4365325 4582254   63881 4421615  3083739  4775981    87353    78248 4748168  4768379
          524288    4096   86811   81486  3148271  3434531 3509314   85805 4009788  2656451  3866232    86397    86035 4029140  3989253
          524288    8192   84456   81997  3924081  4006237 4067905   88424 3961463  2731180  3998872    88062    87979 3916896  4052342
          524288   16384   86203   83346  3991258  3533295 3833864   86293 3904995  2762013  3988247    89823    81029 3099377  3572999

iozone test complete.
