	Iozone: Performance Test of File I/O
	        Version $Revision: 3.420 $
		Compiled for 64 bit mode.
		Build: linux-AMD64 

	Contributors:William Norcott, Don Capps, Isom Crawford, Kirby Collins
	             Al Slater, Scott Rhine, Mike Wisner, Ken Goss
	             Steve Landherr, Brad Smith, Mark Kelly, Dr. Alain CYR,
	             Randy Dunlap, Mark Montague, Dan Million, Gavin Brebner,
	             Jean-Marc Zucconi, Jeff Blomberg, Benny Halevy, Dave Boone,
	             Erik Habbinga, Kris Strecker, Walter Wong, Joshua Root,
	             Fabrice Bacchella, Zhenghua Xue, Qin Li, Darren Sawyer,
	             Vangel Bojaxhi, Ben England, Vikentsi Lapa.

	Run began: Sun Oct  6 15:38:26 2013

	Auto Mode
	Command line used: iozone -a
	Output is in Kbytes/sec
	Time Resolution = 0.000001 seconds.
	Processor cache size set to 1024 Kbytes.
	Processor cache line size set to 32 bytes.
	File stride size set to 17 * record size.
                                                            random  random    bkwd   record   stride                                   
              KB  reclen   write rewrite    read    reread    read   write    read  rewrite     read   fwrite frewrite   fread  freread
              64       4  477808 1210227  3541098 1597288510821524 4274062 3363612  4897948  4274062  3541098  2444640 2772930 10821524
              64       8  546928 2772930  6421025 2096219112902017 4988978 2801873  4564786  4988978  4564786  3057153 5283570 15972885
              64      16  855419 1452528  6421025 1082152412902017 5389653 4897948  4274062  5283570  2662899  1679761 5283570 12902017
              64      32  942521 2923952  5389653 15972885 9006179 4897948 4564786  4564786  7940539  3738358  4897948  735831 15972885
              64      64  679917 1385075 10821524 1597288515972885 5389653 2923952  5283570  3791156  4274062  1780008 4897948 20962191
             128       4  396271 2558895  5545860 12842051 9977956 4267461 4934216  5325799  7582312  2905056  1755594 4717434 10779307
             128       8  592699  723735  5325799 1588107814200794 5122535 3785961  6406138 15881078  4934216  2367096 5122535 18012359
             128      16 1065630 3785961  5603747 1420079415881078 5545860 4267461  5847904 10779307  5379161  3106789 3359523  3982553
             128      32  902598 2004703  4934216 1588107815881078 6114306 4759253  7082197  4596273  4557257  3124872 4267461 18012359
             128      64  992724 3867787  6812590 1588107815881078 5784891 4444086  6406138  7176872  3657016  5325799 6406138 15881078
             128     128 1067750 3277486 14586625 1801235914200794 6045455 5074121  5784891  5545860  5784891  3982553 5325799 10567140
             256       4 1089202 2943325  5217259 1281227710245071 4350555 4819184  5841722  7735574  4070199  2903529 5569035  9868433
             256       8 1108314 2783115  5022044 1516462412228612 4070199 5687020  7314033  8534922  4281170  3605511 6398720 15164624
             256      16  748875 2943325  5569035 1416439513454450 5938650 4332998  7314033  7120034  5242734  2754556 5242734 14164395
             256      32  735537 2943325  6554972 1583556914353744 4572895 5810112  7518900  8271916  3557725  3454704 1897721 15164624
             256      64 1230218 3114048  7735574 1583556914164395 6398720 6107548  7518900  5971678  3285566  3879045 5810112 14953435
             256     128 1260547 3605511  8534922 1516462413454450 5971678 5347168  6936061  5810112  4734192  5687020 5687020 14953435
             256     256  996229 3236056 11569783 1156978312090911 4840911 5810112  5810112  5938650  5569035  4572895 1437779 11207494
             512       4  962218 1619757  5822804 11620224 9859630 4131319 5278892  6018636  5509113  4061007  3459188 5684095 10694336
             512       8 1182010 3684733  6491676 1424006912427157 5067142 5019764  7211022  8665997  4690818  2875558 6018636 14240069
             512      16  926116 3437042  6319739 1414626513109944 5509113 4784885  7211022  7309196  5214798  3684733 5331314 13783088
             512      32 1187895 3970896  6571132 1462806713438092 6035551 6174377  7647578  7540170  5079126  3768799 6571132 14240069
             512      64 1221684 3710197  4610256 1352271112797441 4660280 6035551  7211022  7758090  5278892  4610256 4195896 10911694
             512     128 1343179 2962840  7211022 1424006913522711 6174377 5684095  6909408  8265729  5453155  5127637 6104175 13872122
             512     256 1357615 3768799  8018812 1279744112499490 5744919 5886650  6491676  3459188  4375425  4784885 5968453 12797441
             512     512 1267845 3795443 12797441 1137404011877300 3604335 5822804  5760329  6156675  5699180  4650188 6174377 13438092
            1024       4 1035229 2467229  5821271 11645609 9743447 4130547 3066069  5336651  8474583  2598591  2617596 5601115 11645609
            1024       8 1162433 3261656  6441107 1423090212639479 4810640 3631168  7369466 10662628  4493556  4095102 6208343 14230902
            1024      16 1242826 3556008  6059442 1294422412208350 5390231 3191372  7160597  7883484  4949226  4321737 5720477 12944224
            1024      32 1167489 3447541  3261656 1314226512790037 5096034 5782087  7644933  8000971  5120336  3791442 5958564 13142265
            1024      64 1035479 3304314  4178773 11132462 9320560 4396951 5690162  2110750 14422045  4614246  2528227 4966395 12348754
            1024     128 1370965 3606774  6093831  8988941 5479632 3671521 5303701  7369466  9300377  4826859  4379019 4339202 12173747
            1024     256 1365299 3671521  6609617 1220835012208350 4805258 5219904  6441107  9946527  5175871  4321737 5144870 12173747
            1024     512  916004 2454539  4995276  8326715 8326715 4805258 5630486  6050905  7883484  4876180  4456258 5251818 11520658
            1024    1024 1233900 3849207 11773301 1279003712313351 3835457 5593820  5564829  3556008  2478620  3999762 3751699  9240349
            2048       4  805975 3171115  5567735 10959265 9708272 3671217 4934459  5640860  7213548  3235617  3413030 4023754 10192069
            2048       8 1063794 3030166  6007763 1338401112257227 3368858 5884299  4762117  4591569  4293237  3454204 5549749  7343043
            2048      16 1142763 3850597  6303124 1248889712654482 5131978 5820505  7582884  7336772  4633675  3065856 3771144 11072275
            2048      32 1232980 4231899  4613765 1227474213404897 5332694 6378005  7940367  8784909  5032754  3530875 6024617  7911115
            2048      64 1241175 3235617  5704543 10289741 7846081 4764758 4730646  4783331  6459541  3012103  3441748 6041567 12882215
            2048     128 1475476 3368858  6185123 1241668613660713 4751580 5184636  8261095  8398403  3380791  2702252 3425279  5044577
            2048     256 1445191 3924484  6171791 1164254312488897 5704543 5475461  7088541  5970183  2833273  3037667 3955204 10503637
            2048     512 1292145 3730203  6583305 1177016612274742 5447681 5611381  4572018  9268323  2676988  3199462 5376082 11015480
            2048    1024 1312080 3379461  7846081 1112965910607402 5080379 4063729  4531020  4783331  3185225  3309159 4248644  3351769
            2048    2048  857295 2510351  3246623  6873016 4531020 2544558 4096676  4038890  5420181  4081105  3341339 4374126  4196751
            4096       4  820166 2637454  4462528  5483860 5416431 2479484 3923414  5894001  4591331  3427880  2457143 4253700  4298399
            4096       8  294802 3439547  4887857  5953231 6342230 2784507 4082857  7582234  7197849  3792628  2942360 5936773  7301864
            4096      16 1279615 3809447  5867831  4915829 5851841 3965067 4551192  7558881  5159420  3598778  3775126 5347310  5217395
            4096      32 1286803 3686029  6420447  7925004 9545402 4038705 5802430  6955959  5299475  3421735  3404782 5360658  6585338
            4096      64 1282002 4120064  4467170  6263611 6243125 2880688 5347310  8142867  5038371  3713919  3838385 5050220  4796426
            4096     128 1277617 3930595  5719367  7380284 9163546 4789740 4023571  7925004  5107271  3430618  3016231 5461198  5642353
            4096     256 1293002 3479956  5360658  6916752 8193352 4649735 3683658  6049663  9124610  2625764  3138560 4187346  5535098
            4096     512 1325524 2541097  5649775  6542703 8256354 4023571 5184332  6828774  8324363  3245277  2788122 4807163  4505833
            4096    1024 1251009 2092858  4773769  5019235 6480999 3860813 4551192  6542703  6349261  3413576  2109303 5601877  5001700
            4096    2048 1077864 2992067  3767675  6122971 4941279 3497668 3465216  2505155  4587653  2362206  3730046 3326978  3070133
            4096    4096  967617 1798222  4019805  4571782 3571100 2178581 4267436  2957047  3666363  2352502  2708986 4501111  4125010
            8192       4  850324 2702765  4467057  4836126 4194403 2469115 4620849  5439416  4255705  2405166  2295882 4724413  4652131
            8192       8 1144454 3367015  4911476  5315713 4985593 2538620 4518161  7230880  4181641  2525373  3283361 5505657  5439416
            8192      16 1338527 2741583  5517150  4654652 4638941 2777036 5494212  6978288  4625826  2712581  2870294 6211306  5041185
            8192      32 1378701 2963884  5227560  4327528 5919188 3125656 5010310  7742506  5676663  2839693  2793064 5657036  5579867
            8192      64 1258192 2836411  4721167  4599816 6099933 3564729 6272536  8342160  6010303  3618412  3098317 4770989  4699856
            8192     128 1366692 2807442  4518161  5204597 4383287 3926914 5721087  6145757  6257686  3618412  2982148 4077433  4931921
            8192     256 1446067 2887420  4581417  4657175 5063472 2893498 5201445  7359427  5572627  2790116  3501163 4646469  4983423
            8192     512 1337641 2590879  4568624  4513413 5171695 3319202 4807033  6616796  8056577  2485368  3154351 4456628  4830687
            8192    1024  986164 1953722  5159270  5494212 5603526 3733615 4416529  5927357 10381195  3089125  3103074 4137332  5062726
            8192    2048  980507 1831463  4652131  2931016 3280853 2362174 4401818  2985257  3478478  1938948  1625357 3358786  3667070
            8192    4096  997588 1240835  3710232  3891776 3828039 2341888 2359417  1759078  3837016  2204553  2882333 4164410  4045270
            8192    8192 1068871 2425883  4073566  4251492 4440501 1969625 4385525  2633171  3371310  2150062  2161424 3575859  3856828
           16384       4  856234 2425780  4561287  4746211 4098054 2248982 4736397  5350814  3965163  2289290  2528793 3972957  4699794
           16384       8 1178705 3155047  5761284  6115570 4658693 2799756 4729552  7089740  4732483  3062391  2469364 4490058  5036679
           16384      16 1156079 2691208  5102121  5981949 5808029 3079684 5855539  7512126  5461379  2895181  3221305 5233056  5189585
           16384      32 1244877 2861307  6318564  6384903 6104704 3227053 5107050  7211005  4787877  3005732  3184434 4666285  5407233
           16384      64 1124266 3631952  6084166  4898106 5712434 3503092 5643936  8191806  5503367  3107256  3048129 6176029  6199429
           16384     128 1301460 2997995  5678917  5946749 5826249 3509174 4392478  7914432  5354567  3024517  3459532 5219542  5637917
           16384     256 1353710 2881947  4489765  4625454 4880712 3828211 5779211  7536017  4820117  3279413  2889581 5470509  4766953
           16384     512 1296305 3041383  5602981  6041375 6029713 3865899 5738671  7223891  5988204  3397613  2844960 4524946  5350398
           16384    1024 1308947 2115760  5305783  3994202 3876148 2756850 4936458  6936592 12217217  3087848  3156786 4558867  5293522
           16384    2048 1000606 2746273  4804615  2852874 2983288 2152946 4313892  2121180  6550447  2312867  1932993 4226080  4041655
           16384    4096 1143023 1806372  4396975  4423296 3690071 2437396 3363522  2478717  4287783  2353019  2494463 2782186  2657591
           16384    8192 1195208 1953267  3429833  4398382 4213900 2696488 3318049  2425866  3812071  1833653  2844843 2797363  2766617
           16384   16384 1067440 2477555  3713400  3404852 3264458 1668280 3816305  2253038  4058602  2797704  2607672 4338951  4311457
           32768      64 1101081 3576549  4523576  5392129 5677933 3071618 5098488  8029474  2955561  2813903  3044469 5231025  5841057
           32768     128 1371854 3139896  6223799  5844038 5227842 2513477 4655190  7465935  5953396  2993347  2859094 5201330  4760646
           32768     256 1394373 3621980  5806754  5818308 4890055 3004011 4485633  6565406  4434114  2704543  3019786 4575837  4563833
           32768     512 1293228 2957978  5558522  4508441 4428685 2944606 4351701  5793292  4900167  2838075  2227434 5919294  4984583
           32768    1024 1103335 3629632  4533424  5579508 3655115 2044163 3153513  6098422  3486987  1464877  1860355 4086819  4101087
           32768    2048  891333 2207506  3409397  4909795 5100001 2504408 2829428  1639382  5652480  2201107  1531646 2828206  3203719
           32768    4096 1281795 2447196  3537153  3506470 3287320 2310993 4332769  2031233  4128559  2146182  1594256 2964870  3011515
           32768    8192 1258865 2491469  2782570  2767330 2759884 1534656 4307107  2053908  2743686  1628543  1968621 2751982  4381249
           32768   16384 1192862 2621639  4237913  4261698 4303735 2649384 4040443  2692515  3967544  2341745  2934046 3742401  3783403
           65536      64 1039480 1756758  5400584  4376910 5070817 3314904 4766326  7667700  6233793  3138670  3349644 5277506  5597552
           65536     128 1295617 2944253  5778168  4735942 5550083 3104498 6021315  8031305  5948089  3352218  2830559 5210382  5766531
           65536     256 1230331 3125501  5800114  5869345 5801706 3735119 5135331  3926445  4780834  2228586  3198307 4417355  4419201
           65536     512 1155819 2863078  5962669  5437333 4530944 3214464 5699809  4209604  3974302  2609340  2051652 3998293  4102973
           65536    1024 1012751 3663875  5965386  5334244 5358995 2982428 5870724  4320973  5486387  1426804  1434900 4288212  4422756
           65536    2048 1005046 1732891  3172724  3303233 3867771 2670459 3092344  1669246  2805139  1272690  1358207 2834470  2648766
           65536    4096 1146476 1775080  2699279  3103482 3120782 2285966 2745078  2154168  4326686  1546605  2142465 2668074  3485210
           65536    8192  915857 2625215  4122541  4116059 3952984 2532694 3949860  2811509  4034975  2156229  2172727 3820040  4155510
           65536   16384 1051468 2504426  3665536  4082195 4117601 2469329 3755685  2917256  3901201  2327603  2418299 3928577  4168681
          131072      64 1131150  785440  5796005  6082526 5843629 2896183 2402255  7861313  5458811  2815841    34914 5478940  6210189
          131072     128 1306041 3090880  5639689  5771786 5470217 2795196 3233309  5719663  5205636  2824637  1817766 5763920  5665727
          131072     256 1300382 3119362  5296257  5621983 5200268 3075078 5607361  7200958  5401476  1940051  2106386 5132062  5751016
          131072     512 1006628 2549937  5538665  5540061 5489005 2657573 4121886  6879015  5459244  1896953  2766918 5545649  5430126
          131072    1024 1262066 2900017  5364371  5612914 5719187 3076748 5558827  6567714  3466504  2146613  1789891 5452909  3382242
          131072    2048  938065 1077089  3901666  3479207 3791293 2143274 4231533  3394333  4643999  1732131  1846945 4514899  4862092
          131072    4096 1156468 2235272  4091760  3991118 4011504 2267138 3901999  2713251  3977172  1761197  1816132 3938705  4141012
          131072    8192 1121932 1610733  4182949  3998171 3038352 1664555 3530371  1977127  3971540  1823403  1463086 2495466  2451412
          131072   16384 1052769 1944057  2925185  4040812 3828814 2247535 2849704  2474228  3736916  1807445  1899208 3999625  4207632
          262144      64  118589  129450  5642491  5953352 5700531   86208 5209528  4136662  5807234   111266   110627 5590960  6093948
          262144     128  122411   80810  5242039  5667620 5519060   80730 2407794  6961366  5540502   117363   110585 5333659  5659918
          262144     256  114332  108372  4999216  5375748 5375433   68264 4877098  6760118  5463254    91425    77116 3816439  5603040
          262144     512  101671   66566  4969278  4336181 4338833   74439 5190763  7113596  5280812   101889    78926 4688932  5445126
          262144    1024   96975   68233  4949482  5355769 5150086   97923 5058742  6640412  5484647   119791   109924 5086238  5418000
          262144    2048  115169  105051  2785175  4650655 4744083   90563 4307539  3441654  4729961    90511    79559 4197397  3289923
          262144    4096   64780  106076  3240388  3566244 3228295  126016 3751244  2687413  3907349   121740   120304 3565758  3988249
          262144    8192  116000   51492  3828425  4117037 3982629  124832 3704431  2694711  4021243   134205   125162 3611494  3971466
          262144   16384  122191  102366  3859942  4024937 3962449   98320 3373751  2747317  3866022   149929   139406 3482808  4096650
          524288      64   25687   66923  5766284  6239606 5873195   12874 1151972  7887944  5746183    67638    72196 3622451  5970709
          524288     128   44742   61635  5358350  5584483 5370048   18743 5295893  7783607  5489121    45900    40983 3499195  5685686
          524288     256   41367   36360  5331976  5615643 5483659   28655 4224651  6999005  5503587    76578    39756 5403034  5443183
          524288     512   78855   66959  5254651  5592948 5510593   55415 4590318  6243379  4926416    57132    40814 4098718  5469134
          524288    1024   77908   73396  5255442  5542734 5481540   56882 5078038  6219013  5354410    41610    75034 3203556  5404189
          524288    2048   37623   65031  4389401  4479175 4709577   30242 2790518  3561645  4768121    36603    41239 4566061  4591967
          524288    4096   76476   36149  2853470  3799878 3999847   34205 2749989  2571918  2631887    42430    78955 2626258  3881142
          524288    8192   38352   40542  2912228  3813254 3779827   25870 3576515  2688256  3999723    68809    88099 4003940  4054255
          524288   16384   89807   84686  3553070  3345296 3482598   90589 4107584  2449006  4005223    90570    92876 3723555  4074386

iozone test complete.
