	Iozone: Performance Test of File I/O
	        Version $Revision: 3.420 $
		Compiled for 64 bit mode.
		Build: linux-AMD64 

	Contributors:William Norcott, Don Capps, Isom Crawford, Kirby Collins
	             Al Slater, Scott Rhine, Mike Wisner, Ken Goss
	             Steve Landherr, Brad Smith, Mark Kelly, Dr. Alain CYR,
	             Randy Dunlap, Mark Montague, Dan Million, Gavin Brebner,
	             Jean-Marc Zucconi, Jeff Blomberg, Benny Halevy, Dave Boone,
	             Erik Habbinga, Kris Strecker, Walter Wong, Joshua Root,
	             Fabrice Bacchella, Zhenghua Xue, Qin Li, Darren Sawyer,
	             Vangel Bojaxhi, Ben England, Vikentsi Lapa.

	Run began: Sun Oct  6 15:38:26 2013

	Auto Mode
	Command line used: iozone -a
	Output is in Kbytes/sec
	Time Resolution = 0.000001 seconds.
	Processor cache size set to 1024 Kbytes.
	Processor cache line size set to 32 bytes.
	File stride size set to 17 * record size.
                                                            random  random    bkwd   record   stride                                   
              KB  reclen   write rewrite    read    reread    read   write    read  rewrite     read   fwrite frewrite   fread  freread
              64       4  496362 1279447  4897948 1290201710821524 4274062 2662899  4897948  4564786  3406295  2923952 2801873 10402178
              64       8  673098 1363961  4274062  538965312310336 5389653 3541098  4564786  4564786  4274062  1638743 2892445 15972885
              64      16  752329 1892980  5860307 1040217812902017 4897948 2662899  4274062  4564786  2772930  3541098 3541098 10402178
              64      32  735831 1599680  7940539 3438968820962191 5735102 3057153  5860307  3958892  4274062  4564786 3203069 15972885
              64      64  855419 1879725 12902017 2096219120962191 5860307 4207076  5860307  3791156  5389653  3738358 5735102 12902017
             128       4 1022989 1997245  5847904 1420079410779307 4557257 4267461  5545860  3468030  3895854  1852520 3759450 11720614
             128       8 1048974 2035099  4557257 1284205111720614 4407601 4934216  4889281 12842051  3380677   699227 4135958 12842051
             128      16  877518 3053774  5545860  912957310567140 5545860 3785961  6727225  9129573  3785961  1142750 3560017  8548124
             128      32  516318 4444086  5325799 1147020412842051 6045455 5325799  7082197  9795896  5379161  2969325 5122535 10779307
             128      64  921183 3359523  7082197   85243812842051 6114306 5545860  6045455  9129573  4596273  2511022 5122535  7476717
             128     128 1185654 3380677 14200794 1801235914586625 6045455 5122535  6114306  5545860  5784891  3657016 5545860 11720614
             256       4 1044693 2699161  5320671 12228612 9434868 4070199 5117791  5455847  8024634  1319408  2392442 5320671 11569783
             256       8 1224606 3605511  6398720 1416439513454450 5455847 5841722  7314033  4422226  4998665  3159869 1632308 14164395
             256      16 1219045 3197509  5569035 1516462413454450 5569035 4734192  7518900 10245071  4197489  2613746 5347168 13454450
             256      32 1123389 3667079  6936061 1281227713625180 6107548 5428265  6761355  8815202  4422226  3557725 4840911 12812277
             256      64 1208072 3717869  6719046 1583556914164395 2747508 5810112  7518900  8534922  5217259  5022044 5687020 12228612
             256     128  827989 3994490  7965107 1516462412812277 6107548 5971678  1718521  7735574  4652146  5841722 5428265 11569783
             256     256 1384034 4070199 12090911  751890011695808 5569035 5687020  5687020  5320671  1321031  1243036 5810112 13454450
             512       4 1064266 2560168  2381315 11374040 9638369 4271001 3279573  5453155  4237291  3556580  3504346 5807059 11374040
             512       8 1207940 3299730  6319739 1343809211877300 5278892 5509113  7211022 10641343  4411377  4163357 6035551 13438092
             512      16 1038532 3366987  6035551 1387212213109944 2860238 2307123  5067142  6472112  3970896  3580298 6174377 14240069
             512      32 1252318 4331300  6319739 1462806713872122 4882800 6156675  7334159  8665997  4447925  4411377 2958758 13109944
             512      64 1199171 3913012  7091952 1387212213109944 6246213 6246213  7620440  9814569  4882800  4305250 2391924 15037801
             512     128 1258188 3736016  2381315 1424006913438092 3415178 4827914  7410080  3182373  5115422  4871723 5684095 12499490
             512     256 1358474 3849877  8140399 1319046912146009 5384786 5699180  5760329  8018812  1992458  5566231 3201349  2497638
             512     512 1108203 3481620 12499490 1343809213190469 5684095 5886650  6246213  6246213  6246213  4650188 6086873 13109944
            1024       4  860575 2160657  5950309 1231335110039528 4287225 5536137  6059442  7369466  4433259  3366474 5782087 11773301
            1024       8 1291406 3179559  2286009  4512441 4512441 1187831 6093831  7420395  8391792  5200941  3955557 6093831 13472053
            1024      16  867003 3808251  4232305 11398360 9485232 3821805 6172653  7631350 10039528  5226256  4433259 3908759 11368190
            1024      32 1335165 3849207  3863055 10134284 8610501 3966517 5169641  7755368  8750850  5451810  4589593 5690162 13686709
            1024      64 1340164 3358576  4832290 1279003712790037 5728107 3966517  7066349  8822754  3301774  2737730 3403826 13643232
            1024     128 1437980 4270175  6529233 1330511612944224 4654248 5356618  7644933  8680108  5507740  4215688 4674510  4674510
            1024     256 1080275 2206161  5120336 10158253 9220512 4392454 3894582  4783849  7755368  4162573  3748425 5251818 11936907
            1024     512 1197769 3251778  7101400 11132462 4014717 5782087 5720477  6431462  6609617  4736370  6102490 5751117 12348754
            1024    1024 1398645 3355952 11773301 12944224 4470172 5720477 5330028  3447541  5363307  5782087  4215688 5071963 12348754
            2048       4 1134013 2473485  4472047 10726615 9841749 3777778 4276140  5578583  3489282  3644736  2649737 5489457  8903279
            2048       8 1222626 3777778  3567536  4945823 8713618 3402216 2753355  7262337  5549749  3937075  3130664 5750369 12398764
            2048      16 1277540 3690142  4511980 1190061912882215 5197183 4188565  7262337  4971585  4240255  2582036 4783331  1378181
            2048      32 1388428 3650932  6003564  6207471 5461535 3637020 4772701  3644736  4697018  3470953  3089009 3946119 12416686
            2048      64 1232980 3530875  5920802 1205087813058467 5359311 4581773  7999524  5578583  4601407  3525079 4889518 11440955
            2048     128 1338453 1835140  5430461 1112965912257227 4643695 3723735  2090107  7962448  3675930  1135212 3494960  6149699
            2048     256 1144133 3219850  4367454 1100137212488897 5704543 4088876  4643695 12187663  4633675  4154130 5430461 11983630
            2048     512 1174964 3519302  6459541  7933034 8531869 2875960 3924484  3650932  7874853  3089009  4146110 5447681  4945823
            2048    1024 1423398 3929871  7670915 1144095510401883 5303064 5068389  4490751  7393606  3034448  2503036 3341339  3841986
            2048    2048 1092894 3525079  5032754  5264067 5349298 3384788 3967993  4023754  3894239  3400869  3704465 5197183  6097316
            4096       4  891589 3230631  5468151  5818150 6532752 2815077 4994430  1554485  4262142  2813233  2919360 4823359  4112175
            4096       8 1065298 2550529  6207035  7515892 7367624 3709909 5095153  6919538  4141917  3957760  3357537 4192455  2016936
            4096      16 1232963 2944377  5468151  6565206 8193352 3175103 4928521  6693092  4447510  2942360  2752387 6140479  7542289
            4096      32 1479262 3255732  6112079  7683972 7392988 4767146 4628439  7555557  5063617  3660115  3447830 4975625  5404504
            4096      64 1502550 3699523  4871226  5475122 5190597 3853020 4824714  7173805  4462528  4526013  2737912 4691638  5497899
            4096     128 1489910 4079948  5618365  5497899 6449370 3878244 5334028  6562698  6263611  4409837  3459633 5291314  7038605
            4096     256 1210377 3886139  4441761  5649775 4952675 3779279 5549401  7351860  9966244  2985308  2505155 5038371  6103394
            4096     512 1286033 4015108  6112079  6883496 7434579 4680135 3764373  6342230  9100443  2868663  2637454 4735608  5640500
            4096    1024 1019407 3509816  4551192  6669706 3954116 3038638 4929936  5320812  8620945  3321831  2237018 5542240  6122971
            4096    2048 1034632 3112968  4280194  3743865 4485833 3325046 3167493  2550529  3743865  2281885  3343163 2600722  2624160
            4096    4096  988211 2730948  4297324  3240380 3961410 2836457 3806071  2605455  3332786  2784507  3054304  280259  3875619
            8192       4 1072541 2389111  4259926  3657312 4055296 2667514 5078440  5707781  3871168  2475698  2347328 5038228  4835445
            8192       8 1108099 3482709  5082195  5842692 5421393 2657200 4876623  6425016  5326425  3156959  3411816 4558321  4956108
            8192      16 1356708 3660429  6395120  6527546 6466126 3593060 4779617  7494262  5333867  3121964  2836645 4838850  4699856
            8192      32 1291486 3864202  6450345  6585093 6623173 4049083 6141364  8332045  6464909  3705031  3222694 5207752  4790946
            8192      64 1302797 3217563  4514006  6370221 6821731 4255705 6140266  6936028  6140266  3496531  2847459 4584473  5309142
            8192     128 1316424 3295327  6154564  6140266 6296676 4013610 3061326  6522590  2482495  1003063  3515851 4861443  5224380
            8192     256 1315114 2884511  5204597  5892794 6114043 4025365 5340499  6786699  4986316  3196312  3280539 3886494  4940431
            8192     512 1275000 2985517  4847725  6032463 6224809 3780445 4406334  7160060  9406396  3233004  2944580 5598961  5210911
            8192    1024 1182787 2651049  5769116  3546333 3716653 3481298 1887503  3641034  7550253  1743723  1695704 3693481  5542961
            8192    2048  592676 2671039  3917512  3323375 3204958  948907 3353214  3427471  4216019  2316781  2450450 3974610  3855097
            8192    4096  645801 1579336  3319202  3460959 3398990 2281249 2598128  1597473  3252283  1607487  3200182 3990304  4207758
            8192    8192  535250 1592881  3079711  4397311 3940424 2392438 3423373  2452024  3840876  2886692  2234517 3397646  3465497
           16384       4 1067904 2640030  5535284  5333373 4612415 2363865 5247842  5209649  5027467  2752213  2626910 4471651  3856786
           16384       8  657063 2643890  5196256  5366694 5439333 2865364 4956039  6668035  5522384  2749460  2842019 4884875  5142593
           16384      16  707086 3142926  5113510  5908402 5748753 2755966 5883111  7430091  5845080  3256568  2890675 5231064  5156872
           16384      32 1256141 3280196  5824273  5595681 5576609 3057350 5380560  7139088  5261503  3006258   538255 5145674  5426876
           16384      64 1290196 3621616  5083626  6122653 6138514 3453620 4936458  6697931  4318230  2688155  3257185 4603454  5069376
           16384     128 1300524 3112463  5828225  6054683 5970515 3771690 4975415  6725463  3165949  2652462  3366983 4428142  5045925
           16384     256 1242806 1907983  5425162  5400434 5201369 3366983 5546453  6008099  4517212  2657180  2708070 4522266  4825871
           16384     512 1318440 3682556  4669138  5038156 3434118 3755202 4541092  7281298  4270994  2246262  2295944 3914121  4818765
           16384    1024 1487312 3497921  3483028  3299885 3610390 2230586 3325918  3852462 12128809  3200004  2915325 4755737  3492587
           16384    2048 1338444 1493940  4295824  4465549 4675810 2240988 2896158  2226395  5105532  1945635  2278058 4918791  4522266
           16384    4096 1283808 1563341  2756408  4234674 4412787 2654203 2737521  2549716  3606411  1882786  1879285 2620999  3740689
           16384    8192 1217678 1872424  4392759  2690365 2838028 1538112 2672785  2205954  2988218  2129462  3319812 2685004  4393883
           16384   16384 1085464 2634968  3528091  4176255 4442455 2376865 3604898  2781173  4305784  2747152  2465201 3903671  4301471
           32768      64 1267374 3675938  5927719  5855491 5828672 3216014 5956750  8464654  5190526  2836318  3130599 4287891  5089802
           32768     128 1256345 3561350  5776006  5659462 5657599 3375733 5835849  7562475  4455821  3482658  3200958 4689179  4887099
           32768     256 1329546 3814696  5938220  5835849 5904038 3877767 5856489  6936524  5278438  2962250  2635110 5739583  5921334
           32768     512 1182964 1736967  5945927  5150457 5981899 3818617 5265495  6543214  5243598  3186044  3175517 4621069  4543615
           32768    1024 1401968 2606426  4901041  6149997 5870247 3931342 5209413  5725715  5560546  2325775  3035459 3428362  4635408
           32768    2048 1121458 1969101   913137  2275072 3380549 2657375 2749009  3589814  5005642  1982221  1937320 4073616  3685104
           32768    4096  869389 1361363  3300266  2045715 2654809 1801915 3823504  2981916  4217237   478693  1879434 3977189  4282947
           32768    8192 1093399 1411254  2866607  2979137 3596955 2244531 2943597  2829254  2968392  2480542  2474379 3479660  3541711
           32768   16384 1130042 1917026  4410210  2945174 2920516 2147188 1604062  2131536  2915869  2453443  2421328 3870995  4246818
           65536      64 1127848 1617577  5833100  5255107 5613326 3375186 5929868  4434744  6053005  3001840  2527733 5033121  5573264
           65536     128 1390865 3787981  6180947  6215609 5429707 3737658 5571457  8120756  4875121  2705523  3726612 4853858  4707393
           65536     256 1287467 3171516  4851973  5548179 4275539 3317785 5065771  6587245  5392638  2928850  3011904 4424251  4546005
           65536     512 1187035 2950891  4462172  4504511 5463704 3742798 5952340  7071213  5244579  2337162  3338741 4698542  4875813
           65536    1024  965226 1656791  5709754  2989759 2390683 2585144 3257896  6178585  5614358  2846917  3023699 4495523  5686955
           65536    2048 1215812 1943949  2949814  3021074 3293931 2588308 4652575  3797033  2792572  1955719  2121940 5108418  3280917
           65536    4096  943033 1949615  2781213  2968642 3015506 2429241 2967040  2273018  4034738  2112904  1995370 3945324  3112196
           65536    8192 1149372 1151206  2857453  2924145 2731439 2489412 2955142  2753272  4265852  1234430  1937795 4177678  3138706
           65536   16384 1001297 1873744  2769444  2976614 2819121 1898317 2841708  1720828  2708642  1672181  2263211 4024813  4060486
          131072      64  943670  576914  4449273  5576815 5252136 2803320 1013547  8365019  5849287  2864522  2541732 5753785  4642352
          131072     128 1229615 3166453  5404396  5817164 5273244 2562596 5332423  7474097  5556018  2715905  2557208 4844482  5853522
          131072     256 1295293 3028743  5359246  5373547 5352515 3129555 4918071  2944439  1986479  2262315  2525966 3566975  5347881
          131072     512  989618 2513999  5276433  5637491 4898570 2465153 5079335  6883235  5447938  2746858  2624072 4571439  4720927
          131072    1024  811008 3044578  5302285  5638474 5521643 2967838 5414403  6286170  5571615  2425595  2518686 3757041  4637770
          131072    2048  987494 1426230  3753834  3948067 4123184 2328479 3365842  2993533  4633978   337502  1171186 4700101  4729985
          131072    4096  879902 1706066  4058562  2858966 2967918 1828850 3610809  2347620  3899204  1828576  1482313 2843145  3007272
          131072    8192 1094738  244134  3875236  4006592 3852344 2307524 3494688  2441364  3417247  1703624  1685293 3670966  3971512
          131072   16384 1114556 2298831  4082068  3758556 3793124 2273467 3982617  2752924  4085404  2002134  1471131 3890759  4075622
          262144      64  112000   99905  2822424  5050052 4267432   76740 5213060  8245071  5942991   123399   119235 5377089  6067583
          262144     128  105727  114129  5227609  5378878 5383513   52893 3911894  8203241  5562365   110394   106091 5247293  5536289
          262144     256  118408   78239  5094227  5062655 5384146   64026 3560435  6977490  5306861   121681   117596 5071061  5512916
          262144     512  115247   77777  5135053  5534562 4777124  112728 5086427  6956917  5469749   119476   118560 4929201  4538432
          262144    1024  106784  114347  5137669  5377326 5473098  103710 5094510  5777664  4907683    81350   102127 4935573  4590636
          262144    2048  101871  103518  3788430  3201365 3152587   86250 2432419  2683399  4146990   102723   110798 4434537  4852260
          262144    4096  119776  113053  3651894  3946931 3970677  129443 3836105  2566291  3364017   127337   118268 3758502  3988205
          262144    8192  118905   80880  3325898  3920850 2993401  127466 2821265  2736970  3883089   124099   101538  789433  2444691
          262144   16384   75691   99724  3777990  3959039 3987294  125872 2524717  2457175  3817274    66723   137409 4011325  3770877
          524288      64   41627   61826  5633150  6025401 5633627   18432 5329482  1658530  5597532    73876    70625 2815424  5652946
          524288     128   82697   80983  3717481  4514977 4040065   17070 4933036  7328689  5140225    52586    61834 5690865  5759065
          524288     256   76175   37373  4846355  5259439 4346790   30225  305805  7150090  5424827    82564    79560  524272  5372751
          524288     512   53243   40671  5364429  5644124 5581931   40452 5071608  5725492  5117901    81787    84215 5299313  5331976
          524288    1024   51279   78618  3471163  3477448 3793415   40139 3692059  3152112  3482763    49183    60356 3754086  5036771
          524288    2048   46129   43240  2640930  2624011 2613132   48180 2768327  1873494  2640397    42274    80846 3807602  3969837
          524288    4096   79762   50425  3713852  3862531 3965091   74801 2119663  2353780  3804506    80773    81194  888119  2431840
          524288    8192   46294   79811  3309291  3523111 3645596   65699 2856810  2688861  2688395    43872    84540 2978823  2609630
          524288   16384   56064   37288  3403824  3433137 3497236   79380 1582432  2716239  4011748    83967    42657 1056638  2664430

iozone test complete.
