	Iozone: Performance Test of File I/O
	        Version $Revision: 3.420 $
		Compiled for 64 bit mode.
		Build: linux-AMD64 

	Contributors:William Norcott, Don Capps, Isom Crawford, Kirby Collins
	             Al Slater, Scott Rhine, Mike Wisner, Ken Goss
	             Steve Landherr, Brad Smith, Mark Kelly, Dr. Alain CYR,
	             Randy Dunlap, Mark Montague, Dan Million, Gavin Brebner,
	             Jean-Marc Zucconi, Jeff Blomberg, Benny Halevy, Dave Boone,
	             Erik Habbinga, Kris Strecker, Walter Wong, Joshua Root,
	             Fabrice Bacchella, Zhenghua Xue, Qin Li, Darren Sawyer,
	             Vangel Bojaxhi, Ben England, Vikentsi Lapa.

	Run began: Sun Oct  6 05:11:24 2013

	Auto Mode
	Command line used: iozone -a
	Output is in Kbytes/sec
	Time Resolution = 0.000001 seconds.
	Processor cache size set to 1024 Kbytes.
	Processor cache line size set to 32 bytes.
	File stride size set to 17 * record size.
                                                            random  random    bkwd   record   stride                                   
              KB  reclen   write rewrite    read    reread    read   write    read  rewrite     read   fwrite frewrite   fread  freread
              64       4  432398 1690338  4897948 1290201710821524 4018152 3958892  4564786  6421025  2892445  2133730 4274062  9318832
              64       8  752329 2561267  6421025 2096219112902017 4274062 4564786  4274062 10821524  3203069  2923952 5283570 12310336
              64      16  576282 1690338  6421025 12310336 9318832 3791156 4564786  6421025  8182586  2133730  3363612 5389653 15972885
              64      32  866463 2689580  6421025 1082152410402178 4274062 5283570  5860307  6421025  4274062  4274062 4897948 15972885
              64      64  681644 3363612 15972885 20962191 4018152 4564786  901377  2561267  6421025  4897948  4018152 6421025 20962191
             128       4  719853 2608629  5784891 14200794 9795896 4267461 4759253  5122535  7476717  2969325  3359523 5325799 11470204
             128       8 1009524 2571150  3867787 1588107812842051 5122535 5603747  6330599 14200794  4759253  2727923 5847904  2660335
             128      16  969421 3359523  6727225 1801235914200794 5847904 5325799  6406138 14200794  5122535  4135958 5784891 16365173
             128      32 1048974 3468030  7176872 1863766415881078 5325799 5122535  6045455  9795896  4407601  4012317 6114306 18637664
             128      64  785122 2175277  6330599  7476717 6812590 3199360 4934216  5545860  5545860  2969325  5325799 4889281 12842051
             128     128  695603 3124872 11720614 1801235914200794 5325799 4012317  5325799  4135958  3468030  3982553 5545860 11720614
             256       4  697776 2049885  2223962 12090911 8534922 3654598 4332998  4734192  3654598  1970871  1967260 3557725  4652146
             256       8  855703 1384034  6249745 1416439511569783 3557725 5217259  5217259  9434868  3454704  3605511 5971678 14164395
             256      16  941213 2975955  5428265  297595512812277 5117791 3511189  5971678  6719046  4907284  2350543 4070199  8815202
             256      32 1224606 2563818  6761355 1607260810651598 5117791 5455847  6073004 12228612  3770085  3605511 5687020 14353744
             256      64 1201314 3123106  6249745 1156978314353744 5687020 5455847  6761355  8534922  5569035  4264168 5687020 14953435
             256     128 1163562 2943325  8534922 1516462413454450 5810112 5142301  5117791  7791708  3326279  4840911 5810112 13454450
             256     256 1049800 3043436 12812277 13454450 4929815 5347168 5428265  5569035  2783115  4929815  4350555 5971678 13454450
             512       4  875164 2600470  5495016 11943357 9468384 3684733 4973263  5177083  8665997  3220553  3122224 4228947  9638369
             512       8 1225169 3046915  4305250 1023558312215097 4447925 5067142  6395018  6551087  4375425  3459188 4701087  9859630
             512      16 1267097 3556580  6086873 1424006912797441 5265948 5624545  6821616  6571132  4305250  3788747 6174377 13783088
             512      32  540002 1689859  6571132 1424006913522711  798972 1985091  3415178 13783088  1264113  2016784 2826358  6472112
             512      64  724325  984720  6018636 14628067 6999490 2860238 5822804  6909408  7410080  1303238  2860238 4340054 10641343
             512     128  777002 1100818  6319739 1343809212797441 5624545 5639315  6571132  7758090  2509312  4228947 4610256  9859630
             512     256 1414860 2449212  8018812 1343809213109944 5019764 5822804  6472112  6931711  4030519  5019764 2613128 12499490
             512     512 1361920 1652157 11877300 11620224 9304292 2055390 5624545  5439343  4973263  5384786  4411377 5331314 12797441
            1024       4 1051192  346317  2659742  6874084 6559147 2019445 4720752   992412  4832290  3591693  2592318 4741598  8970167
            1024       8 1258117 1565902  4898425 1013428410557785 3764854 5682634  7020149  5042191  4079544  3483896 5151040 13472053
            1024      16 1085737 2820430  6317933 1347205312492426 5018624 3984917  7054742  5564829  3923040  3877004 6163794 13472053
            1024      32 1304745 3894582  6441107 1423090213472053 5175871 3048658  7883484  3709575  4783849  3151562 2877110 13305116
            1024      64 1450117 4014717  4114719 1508034114230902 5789881 3037876  5120336 14422045  4339202  2798378 5564829 12492426
            1024     128 1408275 4396951  6819511 1423090213863422 6393168 5917516  7356843 12790037  5120336  1828574 5853003 13472053
            1024     256 1439908 3778101  1458984  2510493 2281152 1168760 5690162  6733974 10557785  3594699  4321737 3281592 12944224
            1024     512 1160862 4215688  8199542 1310217412983353 6025439 5660167  5845038  7755368  3251778  4594502 5813392 12983353
            1024    1024 1368780 3012308 12639479 1347205313102174 5444898 5853003  5751117  5782087  5303701  2791104 4966395 11018226
            2048       4 1044393 3298992  5868220 11564174 9708272 3841986 5251194  5916724  5832361  3931669  2730599 1274318  1068824
            2048       8 1287304 2880782  5765808  484265810401883 4223576 4301837  5820505  4423683  2488533  3246623 3423913  7999524
            2048      16 1165557 2543804  3500658 1124623012805399 4878411 6132138  7477273  4265523  2589040  3702868 5933071  8190205
            2048      32 1500214 4394265  6243566 1124623011770166 4276140 5986827  5626082  5044577  3977179  3618634 6092991 12729493
            2048      64 1446164 4130162  6261772 1366071314417342 5535444 4310472  8431376  4807425  5092426  3304067 3908414 12959958
            2048     128 1472188 4403275  6225466 1383675213836752 6007763 6024617  8159088 10607402  4775354  3302797 3569018 12118884
            2048     256 1109408 3969827  6075753 12274742 9179186 5372719 5832361  7213548  9990553  2298737  3240499 5403134  6378005
            2048     512 1125986 2473485  6280083  715943810660056 5403134 5820505  5376082 10240672  4785996  4008732 5704543 11706006
            2048    1024 1183218 2211731  4540600  7969835 9389900 5159722 5659442  6167360  8159088  4511980  3519302 3555722  5187767
            2048    2048  998039 2972495  6243566  7636816 7393606 2864451 4643695  4048407  5172149  4112366  3812993 4686767  4591569
            4096       4 1134673 2485583  5519094  4510565 5424983 2371663 4380601  3667146  5418140  2963678  3160500 5075585  6032669
            4096       8 1247285 2822940  6131713  6625976 8393502 3673419 5497899  5589120  6122971  4157956  2851995 4196552  5996870
            4096      16 1284014 2917377  5657217  7502762 9414629 3596518 5250883  7670249  4244242  3646906  3178040 5153230  5689064
            4096      32 1290961 2872500  5007531  5833956 7921350 4063542 5544029  7670249  5145513  3757786  3878244 4864330  5089116
            4096      64 1252194 3454069  5107271  5204750 6379914 3820460 5490871  6916752  6114255  3276846  3213108 3908241  1432634
            4096     128 1276003 3828122  5339001  5618365 7742845 4452120 4125010  6291135  4357270  3112404  2617364 5767368  4830139
            4096     256 1119734 3908241  4136930  4417775 5056165 3402085 5625724  7314299 11252164  3927899  2935823 4235870  4939858
            4096     512 1148325 3314142  5777065  5618365 5679660 3396704 5527974  5389246  7612471  2748864  3253266 5558378  3716329
            4096    1024 1218706 3298235  5151685  4654774 2617364 3148338 5535098  6815229  7770863  2255521  3393349 5468151  5418140
            4096    2048 1094272 2970339  5633102  4928521 5418140 3214912 3789282  2723588  4395170  2474841  2913419 4586428  4638436
            4096    4096 1182388 2324492  3540193  3757786 4197577 2734426 4112175  2944377  4192455  2836457  2792200 3335375  3027393
            8192       4 1022343 2358769  5028642  5079190 4371019 2347328 4887722  5948908  4275297  2909917  2444522 4229512  3976450
            8192       8 1128702 3248286  4974045  6239504 4437634 2573607 5234728  4615263  5424817  3181219  2802633 5251529  5665431
            8192      16 1332247 2872454  6296676  6196743 5810089 3241850 6042010  7550253  5764277  3446379  2715367 5407741  5278151
            8192      32 1248954 3439135  4445097  4841578 5120061 3260925 6205696  7884642  6506533  3650706  3171529 4781612  5316535
            8192      64 1270709 2783561  6350207  6267959 6258825 3615366 5072442  8183217  4992112  3607395  3059963 5035275  5595314
            8192     128 1223776 3535386  4970447  5204597 5740202 3730372 5534924  8579626  4469381  2774122  2846279 5110922  5244315
            8192     256 1230217 2824984  5372229  4251492 5357988 3757706 5724900  7522154  4943985  2872454  3158120 4631437  5010310
            8192     512 1204514 2920552  4770989  4158362 5281396 2937280 5385702  6580049 10792033  3550731  2708945 4768340  5392464
            8192    1024 1068040 2254308  5793435  6354905 5876668 3777121 4209820  4793620  9505279  3170359  2247525 4881472  5712526
            8192    2048 1079347 2909178  4518161  4264684 4833405 2988633 3895306  2568029  5704938  2511345  2265456 3862465  3287130
            8192    4096  999270 2519078  2583476  3478478 4302601 2266054 3387931  2484649  4149824  2485548  3191265 3006415  2742459
            8192    8192  993319 1847615  2934020  3497955 3847758 1835083 3803462  2725275  3720275  2554474  2495295 3101673  3551098
           16384       4 1075627 2773652  4494757  4612724 4017553 2135020 4103192  5193114  4323936  2758731  2626509 3934740  4180574
           16384       8 1232530 3252099  5501604  5257880 4902299 2578127 5080244  7145026  4586862  1700480  2461140 5268360  5347483
           16384      16 1110764 3359411  5126480  5430735 4595758 2764280 4356556  6954141  4060281  2848971  3022256 5284972  4686652
           16384      32 1291797 2949484  4960332  5921129 6049885 3397781 4312810  6998761  4545899  2665321  2734254 5514407  5593859
           16384      64 1337037 3643506  5004037  5237842 5637917 3566358 4558564  7340408  4723051  2831246  2855838 4477770  5121895
           16384     128 1348027 3685124  5904340  6019150 5975188 3714404 5380560  7746700  5407233  3130898  2903377 5948808  5630064
           16384     256 1298337 2963348  5551830  5770960 5758869 3728714 5179805  6895526  5176294  2803068  3534806 4876209  5014993
           16384     512 1241683 2972963  6014409  6052550 4532407 3748442 5207675  6470878  5225892  3387230  3483734 4984437  4952824
           16384    1024 1182355 2870870  5239839  5940580 6129753 3806581 5507336  7265132 12217217  2668841  3293401 4467872  4982992
           16384    2048 1168543 1940087  4164613  3574149 5319336 2765726 3966078  4221407  5410639  2308206  2313412 2852755  2864886
           16384    4096 1090165 2735233  4480106  4326386 3388566 2273687 2954684  2349961  3666836  1766076  2441726 2825775  2816163
           16384    8192 1037356 2585012  3572662  3229631 3489572 2575614 4393883  2470075  4425860  2461580  3437038 3396438  2846021
           16384   16384 1126275 2045965  2864408  4235979 4444753 2467148 4228160  2710741  4321760  2083683  1861569 2789301  2758731
           32768      64 1195216 3255627  5764861  4844379 5067096 3677315 5058331  7987940  6168491  2147590  2878977 4499732  5606136
           32768     128 1308521 3762584  5734793  5383259 5248003 3719008 5553805  8716981  5158770  2759607  3519310 5018803  5363721
           32768     256 1212466 2890117  5936168  5680984 5519458 3821272 5328163  6789856  5141786  3039958  3207832 5475043  5034983
           32768     512 1294617 2857607  4622468  5199559 5115186 3322284 4792018  6614700  5990503  2969482  3425542 5506411  5645746
           32768    1024  887591 1988013  6027018  4371355 5683098 3598838 2976685  3952711  4242361  2625445  1589279 4881891  5415501
           32768    2048 1121805  698039  4971601  3204690 3059038 2307269 4632127  3861967  3011449  2099272  1960506 4731963  4507258
           32768    4096  954140 1800428  4065061  2936428 2920765 2544326 2726811  2818520  3769912  2125866  2140733 4396104  3935169
           32768    8192  937485 2003313  4183349  3306538 4289631 2712389 4307647  2950485  3510232  2164058  2581798 4235171  3172731
           32768   16384 1024358 2013999  4018588  4298082 4185005 2518082 2856835  2537187  4295261  2407248  2938311 4328676  3322927
           65536      64 1275885 2920634  5969273  5368729 5936656 3419015 5883541  8410731  5174191  3116324  3307724 6146120  5393379
           65536     128 1424911 3529877  5848241  5994919 5748682 3587088 5710229  7862684  5963316  2844796  3108746 6015780  6140354
           65536     256 1449175 2878037  5689309  4452415 5574734 3150614 5034319  7031779  4835160  2796862  3497494 5308285  5532879
           65536     512 1437001 2632708  5565253  5498349 4521627 2984079 5383766  6852963  4922351  2649302  3141576 4526243  5381026
           65536    1024 1316617 3352749  5567169  4342407 4254496 2011594 4084014  5339840  5822351  1703393  2954729 3809346  5226629
           65536    2048 1171583 2553113  3480753  4435961 4716196 2669474 4961085  3990747  3257896  1555673  1402589 4893259  3495448
           65536    4096  927902 2218764  4127493  3909802 4209926 1969239 2835464  2394348  2723294  1447641  2010873 4239077  4335216
           65536    8192 1077095 2309145  4039422  2723645 2595788 1900194 4057968  3006107  2657370  2153459  2081244 2856622  3731468
           65536   16384 1169614 2082758  4046141  2799255 4286474 2648435 4190032  2945452  2802251  1671327  2428683 4091187  2731222
          131072      64 1049827 1486936  5542406  5799368 5734220 2866150 5534651  6996858  4838556  2829027  2796376 5047622  6189633
          131072     128 1328105  697867  5898046  5593497 5960006 3089855 1615300  5090152  3695295  2271973  2750831 5276838  4406655
          131072     256 1158288  310170  5225726  5221606 5457023 3151459 2269919  6502538  5527194  2688268  2549795 5418459  5427874
          131072     512 1320944  712882  5173938  5470707 4395310 2661149 5236577  6768157  5295186  2835959  2599492 5488786  5460220
          131072    1024 1283571 3022798  5200268  5745967 5798879 2958988 5243719  6435251  5494107  2457890  2362896 4985596  5739488
          131072    2048 1210122 2303020  3855181  4222530 4222141 2243390 4082492  2938380  4338836  1757678  1606060 4284096  4676313
          131072    4096 1149864 2122758  3998898  3841174 3918575 1979555 2142330  2859635  4048817  1733573  1809211 3896329  3223451
          131072    8192  998064 2292829  4080583  3945914 4160347 2333202 4155473  2891445  4108978  1906803  1842321 4015811  4128262
          131072   16384 1085159 1782029  4010889  4101895 2931736 1463612 3899314  2091791  2772850  1334284  1616055 2362460  3543821
          262144      64   87612   92852  5575989  5817681 5612880   73875 5338658  7493903  5133447    88215    74819 5414318  6116287
          262144     128   95770   87765  3862736  4575811 4863894   54373  941531  7881419  4253087   100276    88415 3730056  5724541
          262144     256   84703   63364  5026917  5400569 5437317   90609 4968807  7280771  5379510   116004   104859 5118106  5311065
          262144     512  115040  106460  5173568  5402267 5551916   97083 5035320  6848969  5448283   119523    84044 5177758  5798475
          262144    1024  102759   75091  4942940  5337880 5438097  103492 4787587  7095692  5487521   119619    74087 5010789  5655871
          262144    2048   78002   94542  4347617  4529085 4586634   78489 4367599  3541239  4587342   109039    78283  896337  4747197
          262144    4096   78999   98672  3771265  3272708 3689415   92367 3087459  2098445  3976335    80503    97396 2071088  4034226
          262144    8192  102432   73176  3896548  4048367 3437727   89997 2978666  1945264  4004094    81119   103955 3776796  4153570
          262144   16384   73922   91278  3839924  4009555 3954810   99051 1377870  2786573  3889614   130707   114612 2002185  3906349
          524288      64   25375   75533  5607481  5659667 5795599   16439 4989515  7512254  5108022    69322    65528 5730729  6280109
          524288     128   78803   70972  5850507  5315273 5395412   16984 4833710  8425705  5594015    49201    65873 3978628  5820573
          524288     256   77256   72329  5447255  5546270 5491657   51818 3616649  6323796  5294758    46074    68303 3884535  5431795
          524288     512   65895   70530  5404415  5410612 5530884   52108 5216792  6945947  5368449    77283    46442 5265787  5659172
          524288    1024   76733   48976  5484124  5661547 5651783   55862 5155590  6602626  5249019    67662    74143 3885887  3617250
          524288    2048   56983   63741  4577857  4873378 4795154   35190 4538974  3275286  4867542    73065    50195 2577012  2719662
          524288    4096   44262   68235  3719461  3875546 3812917   52170 1820526  2644939  3754144    78821    77432 1139660  4049052
          524288    8192   73718   71691  3901759  4099391 4043646   62096 3860625  2574266  4062614    74708    69499 2895483  3891278
          524288   16384   64489   67795  3885915  4009020 4102121   75134 3170166  2740042  3941694    78446    45141  848932  3955370

iozone test complete.
