	Iozone: Performance Test of File I/O
	        Version $Revision: 3.420 $
		Compiled for 64 bit mode.
		Build: linux-AMD64 

	Contributors:William Norcott, Don Capps, Isom Crawford, Kirby Collins
	             Al Slater, Scott Rhine, Mike Wisner, Ken Goss
	             Steve Landherr, Brad Smith, Mark Kelly, Dr. Alain CYR,
	             Randy Dunlap, Mark Montague, Dan Million, Gavin Brebner,
	             Jean-Marc Zucconi, Jeff Blomberg, Benny Halevy, Dave Boone,
	             Erik Habbinga, Kris Strecker, Walter Wong, Joshua Root,
	             Fabrice Bacchella, Zhenghua Xue, Qin Li, Darren Sawyer,
	             Vangel Bojaxhi, Ben England, Vikentsi Lapa.

	Run began: Sun Oct  6 05:11:25 2013

	Auto Mode
	Command line used: iozone -a
	Output is in Kbytes/sec
	Time Resolution = 0.000001 seconds.
	Processor cache size set to 1024 Kbytes.
	Processor cache line size set to 32 bytes.
	File stride size set to 17 * record size.
                                                            random  random    bkwd   record   stride                                   
              KB  reclen   write rewrite    read    reread    read   write    read  rewrite     read   fwrite frewrite   fread  freread
              64       4  659861 1279447  5389653 1597288510821524 4564786 3203069  5389653  4564786  3541098  2561267 2923952 12902017
              64       8  969761 1484662  4274062 1597288512902017 4897948 3203069  5389653  5389653  2923952  3738358 5389653 12902017
              64      16  712397 1518251  4988978 3048429715972885 5283570 2561267  5860307  4274062  3958892  1734015 3791156  6421025
              64      32  693980 1421755  7100397 1290201710402178 5860307 4897948  5735102  9006179  4897948  5283570 3738358  7100397
              64      64  727850 1638743 15972885 3048429715972885 5860307 5860307  5283570  4018152  4564786  3363612 5860307 12902017
             128       4  710329 2066432  4557257 1284205110779307 4557257 2905056  5545860  3445772  4267461  2326073 4759253 12542043
             128       8 1032829 1975201  4407601 1284205112542043 5122535 5545860  7082197  4934216  4759253  2420455 5545860 18012359
             128      16  508012 2166499  4717434 1172061412842051 5603747 3657016  6406138 10567140  4444086  2326073 5122535 11720614
             128      32  934004 2035099  6045455 1588107814200794 6114306 5325799  7476717  7176872  5122535  1885042 5545860 11720614
             128      64  927549 2202044  7176872 1284205114200794 6045455 5122535  4934216  7917784  3199360  2985839 5325799 10567140
             128     128  955616 3297617 10779307 1801235916365173 6045455 5847904  5847904  5122535  5122535  2660335 5784891 11720614
             256       4 1008392 2719671  5428265  2435861 9868433 4264168 4929815  5455847  8208677  4070199  3236056 4404088  4132864
             256       8 1202660 2350543  6595234 1495343513454450 5569035 4054829  7571923  4132864  5022044  3326279 4132864 15164624
             256      16 1185399 3465855  5117791 1495343513454450 5717301 4070199  7314033  5217259  5117791  2639446 6073004 14953435
             256      32 1112909 2842047  1642294 1495343513625180 5841722 5569035  6213578  6554972  5455847  4422226 5569035 14353744
             256      64 1219045 3756894  6554972 1583556914953435 5687020 5455847  6107548  8888172  4572895  4350555 5569035 11695808
             256     128 1248819 3236056  7518900 1516462413454450 6398720 4132864  6249745  8271916  3823789  3994490 5455847 14164395
             256     256 1219045 3465855 12090911 1281227712228612 5810112 5455847  5569035  5687020  5455847  3823789 5687020 13454450
             512       4  994294 3012719  5684095 12146009 9468384 4091959 4927617  5509113  6395018  4262523  2845081 5227492 11138071
             512       8  990625 3081897  2253852 1310994412499490 5164632 4375425  2158696  5744919  3604335  3140488 5019764 13522711
             512      16 1158418 3325278  6319739  711545112797441 5067142 5509113  1510391  5566231  4271001  1924603 6018636 12499490
             512      32 1270846 2548017  4411377  8808176 8109658 3064306 3941742  4000485  8665997  1977778  2160868 5453155 13872122
             512      64 1339827 3610395  6246213 1462806713783088 5439343 5760329  7115451  8955098  2768068  2521095 5760329 14240069
             512     128 1303238 4131319  6246213 1387212213109944 5509113 5509113  7022379 11138071  5384786  3012719 2891043  8394979
             512     256  748563 3393590  7758090 1242715711943357 5509113 3459188  5227492  7871843  3877684  5822804 4571003  5684095
             512     512  756207 2413429 11877300  968182312427157 5067142 4411377  4091959  3762197  3304808  2708713 2178404 11374040
            1024       4  417603 1385560  2701567  5071963 4493556 1976691 3631168  2419964  4995276  2852271  3020783 5120336 11132462
            1024       8  810859 2976816  5096034  5169641 9743447 2716948 5845038  7008693  8610501  4531485  2659742 5200941 11520658
            1024      16 1096268 2968586  5917516  5751117 8610501 4215688 5751117  6364746  8326715  2852271  4304412 5720477 13264026
            1024      32 1299219 3532609  5363307 1330511612639479 4659297 5479632  5682634  4679604  4415030  2723840 5751117 12983353
            1024      64 1000037 3447541  5821271 1234875412456195 5330028 5383475  7577494 10134284  2753527  3696803 5950309 13305116
            1024     128 1317957 3469823  6327241 1314226512790037 6172653 3631168  6355328  9320560  3984917   953418 5251818 12208350
            1024     256 1441842 3709575  4130547 1231335112348754 5813392 5782087  6692005  9485232  5303701  4162573 5417427 12071103
            1024     512 1444266 3304314  7826025 1231335112313351 5813392 5018624  5751117  7755368  4995276  5623115 3241960 12208350
            1024    1024 1273410 4014717  3835457 1294422412639479 5169641 5660167  5720477  5950309  5925680  4339202 4762630  9240349
            2048       4  881579 3324528  5489457 12050878 9841749 3112514 5238385  5349298  7393606  4164199  3500658 5578583  9944290
            2048       8 1264191 3592903  6132138 13384011 7733066 2937929 3151337  5044577  8643474  3200654  3962502 4293237 11187641
            2048      16 1232980 4154130  6359119 1211888412959958 4751580 4229816  7451329  8059569  4686767  3924484 6225466 12050878
            2048      32 1351722 3205431  4983122 1278633713748169 4460436 4138120  5095447 10452512  5006356  3543986 6167360 12580349
            2048      64 1327285 3084572  4807425 1313835914226322 6007763 4231899  4751580  9228493  4889518  4031308 6058611 10726615
            2048     128 1433374 4207028  6058611 10339282 6080053 3977179 5689430  8221561 10037248  4751580  2741930 3612546  9525260
            2048     256 1189938 3256469  5836323 1183503312635867 3819776 4240255  4839929 10503637  3638560  3984558 5738844 10959265
            2048     512 1220541 3452815  6583305 1183503312729493 5704543 4079167  5626082  9228493  3418463  4122233 4170264  8159088
            2048    1024 1157079 2625441  7477273  7817519 6738230 3573472 4240255  5332694  6543188  4248644  4775354 5567735  9796850
            2048    2048 1055688 2546821  7013303  7817519 7444871 3821475 4875642  3351769  5184636  4031308  3743207 3880166  4385291
            4096       4 1036692 3059199  4128976  5841891 6872481 2942360 3522048  5217395  3485604  2752387  2260566 3673419  6300364
            4096       8 1191407 3054847  6149271  4964124 7969117 3445064 3853020  6321227  4149921  2740095  2752828 4491697  1425738
            4096      16 1455081 3577048  5618365  7035723 7983931 3393349 5151685  6618318  5424983  3271853  3537277 5728903  4231697
            4096      32 1299555 3923414  4526013  4796426 4325455 3219732 5512011  7653165  4691638  3234889  3923414 4880914  6459069
            4096      64 1394605 3248345  5589120  7683972 9267351 4876757 5944991  8292220  5179642  3676563  3512686 4935601  5347310
            4096     128 1174948 3370712  4730393  5454263 6512939 3486312 5306022  8356757  4917236  2972395  3189841 5133213  6930704
            4096     256 1554485 3954116  5204750  5704175 5953231 3552638 4796426  6291135 13258059  3673419  3007255 5642353  6131713
            4096     512 1263429 3326978  5679660  5225329 7351860 4063542 5736555  6987078 10476771  3210107  3098371 5704175  6575257
            4096    1024 1207570 2772822  5081590  6461498 6618318 3586757 4270618  5468151  9124610  3441614  3761900 3754501  4205798
            4096    2048 1091630 2163764  5728903  3813675 3269363 2271626 4205798  3518442  5440445  2955520  2983234 4408705  4413235
            4096    4096 1106750 1510875  3172758  4633432 2915397 2671911 4471821  3086681  3720353  2647616  2794017 2763900  2095155
            8192       4 1001951 2938285  4521133  4950396 4454894 2353921 3683582  5120061  4081792  2395273  2524631 4705005  5649594
            8192       8 1323217 1300529  6072979  6301295 5227560 3055609 5524246  7961372  4555903  2789210  3049913 4771651  5516264
            8192      16 1394650 3358786  4609690  3015121 5637544 2762079 5821902  7899143  6177802  3420647   643720 5681356  5145363
            8192      32 1284389 3912159  4576535  5958192 6628284 3871604 5424817  7340560  5696426  3782110  3705031 5333867  5393311
            8192      64 1231143 3099435  5523358  6154564 6769317 2983443 5411147  8384911  5234728  3141086  3750733 4213951  4578974
            8192     128 1405604 3535750  5538493  5961293 5872650 3968642 5275719  7392679  5288712  2953185  3006152 4268923  5497729
            8192     256 1245919 1295625  5198297  5034537 4385525 2469648 5708730  7328036  5868638  3611945  2952170 4596740  4911476
            8192     512 1228765 2904014  4406899  5152307 5368033 3790873 4768340  5435974 12356037  3675307  2971574 5413705  4401818
            8192    1024 1184173 2644316  5442863  4490996 4670469 3810210 4798976  5333039 10894690  2550492  2988633 4510450  4446823
            8192    2048 1136204 1968271  4657175  5285458 4768340 2312727 3121964  2684185  5649594  2758310  2745307 3246751  3497599
            8192    4096  762536 2667514  3532479  3534295 3561773 2312260 4309076  2899848  3083303  2171807  2417859 4063449  4203126
            8192    8192  996951 2269796  3376942  3420647 3300708 2417859 4133350  2762746  3076402  2522962  1923966 3544870  2783561
           16384       4 1000606 1895197  3907445  4096832 4249075 2473364 4374861  5443210  4431854  2499453  2356731 4560077  4528225
           16384       8 1278007 2826356  4654590  4637315 4322848 2373745 5236246  7750195  5706741  2576870  3045832 2886547  4924783
           16384      16  967800 3378737  5677040  5319748 3829918 2890068 4290192  7046846  3360233  2065520  3089514 5696334  4604997
           16384      32 1358554 3043134  4616753  4750148 5432453 2709031 5039634  7698966  5551830  3343719  2801696 5783101  4981547
           16384      64 1185088 2907062  4748835  5059671 5094556 3428464 4817414  8449664  5740589  3272853  3129757 1792519  1174234
           16384     128 1246797 3151863  5718614  4724349 4411370 3541728 5765150  8533606  6056817  3250714  3218890 5828225  5797739
           16384     256 1464584 3202539  5553625  4510985 5754529 3953529 4559774  7402877  5110468  3409751  3427609 4945339  5291891
           16384     512 1441239 2453758  4400636  4702688 5637917 2935123 5078742  7145026  4174226  2321697  3414835 5283347  5326345
           16384    1024 1401642 3560999  4431568  4871715 5069376 3250868 4007946  7126502 12143812  3076237  3303216 5186451  5005860
           16384    2048 1318541 2997341  3178248  4882098 4975415 2819051 4202048  4236763  3040307  2083367  1889776 4245663  4108344
           16384    4096 1023162 1937790  3969973  3202987 3492765 2209572 4225820  3011792  2809370  1920299  2152137 3927993  4443891
           16384    8192  850669 1899387  4227120  3024517 3378072 2693845 2844960  2327595  3547030  2505558  3256568 3153889  4186942
           16384   16384 1222879 2582195  4116465  4319587 4434142 2611834 3682754  2802610  2940398  1976639  2260151 2970265  4082715
           32768      64 1325520 3567173  5307382  4966391 5322180 3454385 6117967  8126805  5849261  3387631  3447453 4986753  5011117
           32768     128 1115695 3850498  4563075  5994945 5378835 3069011 5419772  8352511  4399622  2740950  3103593 6120147  6090584
           32768     256 1436311 3815543  4597111  4651882 4798376 3093116 5171776  7672236  4321326  2639209  3471574 5539926  5925674
           32768     512 1356406 3485219  4863063  5369169 4625579 2927546 5215344  5946956  5020269  3008153  3561719 5253821  5586085
           32768    1024 1238492 2953973  4575227  5746783 5883062 3531790 4456977  7304441  6027018  2662987  3111252 5379677  4841649
           32768    2048 1205332 1927052  5272363  3106259 5132761 3111533 3687675  3976728  6582386  1555869  2237479 4547976  2941707
           32768    4096 1087343 2708807  3886210  2750164 3379967 2353495 3524545  2487321  3676036  2060621  2255175 2786632  2689617
           32768    8192 1261129 1932879  2965446  4375391 3613979 2493187 3801822  2832402  4305353  2097158  2608305 2602477  3019786
           32768   16384 1024281 2021226  2983794  4197274 3988268 2625847 4257210  2933858  2987101  2420475  3231591 2596283  4332087
           65536      64  951988 3569898  5362131  6336979 6200187 3359264 6286975  7761228  5870724  3426174  3345567 3900703  6111140
           65536     128 1467112 2851998  4456674  4069262 4237966 2876651 5943202  7812181  4453353  2669940  2245994 4470082  5303983
           65536     256 1321186 3434822  4443993  4529152 4418278 2608499 5335486  6963728  4692206  2310212  2491487 5694849  4450324
           65536     512 1464525 3227561  5648160  5001617 5107184 3383537 4485985  5949119  5291119  3231394  3581013 4655254  4570800
           65536    1024 1406357 3652289  5509590  5465877 5338491 2856592 5734770  4548864  5293258  2698272  1778168 5637965  5700755
           65536    2048 1248991 1926617  3718948  3835230 3796142 2046017 3484459  2942142  4911269  1575269  2115034 3181206  4876937
           65536    4096 1221544 2167109  4045427  4353963 4339871 2678657 3673129  2836313  3502173  2009079  2119388 4053719  2860069
           65536    8192 1209036 2290347  4087294  3156693 3503691 2603754 2706855  2114139  3947421  2078066  1826178 2908551  4017871
           65536   16384 1257966 2674617  2793991  2808607 3136736 2380002 2598880  2525480  3765357  2346099  2386863 4042690  4121552
          131072      64 1162892 2795480  5826720  6076811 6065882 2915628 5882458  8665923  4479399  2354910  3179197 2557945  6209628
          131072     128 1339163  364290  5526527  5674382 5684180 3034980 1067458  7745133  5558602  2905919  2743637 5605931  5838912
          131072     256 1314083 1310078  5460003  5583499 5293503 2827935 1825031  7289856  5477084  2841734  2754014 5076943  5535375
          131072     512 1340574 2905796  5450422  5708201 5658438 2926758 3819000  6853118  5510021  2597441  2971752 5428303  5558827
          131072    1024 1325953 1190417  5434850  5584690 5309608 3129929 5306789  6917098  5495480  2509122  2463109 5488731  5379541
          131072    2048 1151623 2491587  4584209  4864286 4564265 2371274  515503  3699373  4944611  1798069  1810188 4805902  4852521
          131072    4096 1141264 2277338  3983829  4100610 4194982 2325042 4016427  2752456  4145883  1828418  1761197 3279837  3899342
          131072    8192 1146457 2217805  3941670  4073085 3922909 2286430 3800519  2672482  4052937  1438421  1857673  355705  3052303
          131072   16384 1158627 2289945  4016281  4085890 3894232 2299138 3928656  2828546  4048549  1944222  1543313 2441137  3796320
          262144      64  117282  124629  5668730  6044201 5697399   68900 2287628  2639359  5229175   101547   108359 5772690  5944436
          262144     128   96917   97166  5259718  5843716 5412852   57332 1115516  7939640  5504692   115387    92855 5369920  5745000
          262144     256  100443  118185  5037350  5515461 5372229   66635 4970514  7161038  5281421   114027    80020 4600220  5363240
          262144     512   81010  103993  4512727  5428539 4718472  103520 5105629  6914741  5468960   113240    77342 5162637  5423505
          262144    1024  112835   68662  5032531  5564729 5590733  100422 5119512  6750903  5450660   116266   101916 1789488  5779213
          262144    2048   77359   82329  4423244  4638549 4789673   77717 2467652  2483319  4805204    74391    82283 4133520  4637923
          262144    4096   77540   68724  3971753  3893126 3783008  117364 3828039  2719168  3935628   121334   112739 3750170  3876272
          262144    8192   98977  109285  3798967  4061662 4069419  102374 3524156  2736765  4190087   124418   114195  598745  4084961
          262144   16384  109366   95349  3764976  4081004 3877871  117380  506786  2704940  3910726   127726   112965 2664708  3015782
          524288      64   29937   77134  5400473  5811866 5823486   13326 2809284  7671649  5852921    78564    73854 4990987  5698223
          524288     128   72399   68374  5180403  5832615 5595396   15859 4202272  8063631  5531802    68023    67513 5576227  5898955
          524288     256   77338   71846  5395743  5473368 5458993   44587 3253412  7171426  5417156    41871    75199 2441547  5471244
          524288     512   55591   41619  5345351  5553610 5332092   30597 5065627  7066637  5447093    73108    49399 5265370  5543041
          524288    1024   76571   42615  5345728  5536301 5439117   35897 5152956  6472040  5654472    65386    38961 5217882  5387137
          524288    2048   74080   65978  4421908  4710757 4710878   42617 4418150  3459619  4800335    72167    39004 4456824  4667354
          524288    4096   43025   49250  3754465  3892697 3250671   46811 3191584  2481024  3864608    43629    76423 3852624  3998174
          524288    8192   70932   33461  3289238  3605235 3781952   40807 2063956  2621349  3792211    70678    73175 1126098  2642701
          524288   16384   38217   56770  3800285  3947354 3819945   75296 3106005  2798755  3999636    42723    40287 2331474  3905578

iozone test complete.
