	Iozone: Performance Test of File I/O
	        Version $Revision: 3.420 $
		Compiled for 64 bit mode.
		Build: linux-AMD64 

	Contributors:William Norcott, Don Capps, Isom Crawford, Kirby Collins
	             Al Slater, Scott Rhine, Mike Wisner, Ken Goss
	             Steve Landherr, Brad Smith, Mark Kelly, Dr. Alain CYR,
	             Randy Dunlap, Mark Montague, Dan Million, Gavin Brebner,
	             Jean-Marc Zucconi, Jeff Blomberg, Benny Halevy, Dave Boone,
	             Erik Habbinga, Kris Strecker, Walter Wong, Joshua Root,
	             Fabrice Bacchella, Zhenghua Xue, Qin Li, Darren Sawyer,
	             Vangel Bojaxhi, Ben England, Vikentsi Lapa.

	Run began: Thu Oct  3 13:05:37 2013

	Auto Mode
	Command line used: iozone -a
	Output is in Kbytes/sec
	Time Resolution = 0.000001 seconds.
	Processor cache size set to 1024 Kbytes.
	Processor cache line size set to 32 bytes.
	File stride size set to 17 * record size.
                                                            random  random    bkwd   record   stride                                   
              KB  reclen   write rewrite    read    reread    read   write    read  rewrite     read   fwrite frewrite   fread  freread
              64       4  533875 1357066  4897948 12902017 9006179 4274062 2772930  4897948  4564786  3588436  2561267 4564786 15972885
              64       8  939223 1363961  6421025 1597288510402178 4988978 4897948  4564786  5283570  3541098  3203069 3791156 12902017
              64      16  743988 1518251  6421025 1597288515972885 5860307 3203069  4564786  7940539  3588436  3406295 4988978  2662899
              64      32  769584 1768283  7940539 2096219115972885 5860307 3363612  4564786  4018152  4274062  4564786 5283570 10821524
              64      64  842003 1679761 12902017 3048429715972885 5735102 3363612  4897948  3203069  4564786  2133730 4564786 15972885
             128       4  774922 2905056  3895854 1284205111720614 4596273 3053774  5545860  5122535  4267461  1303699 1040839  9795896
             128       8 1183041 3124872  4934216 1636517312842051 5545860 3297617  6406138  6330599  4407601  2248149 6114306 12842051
             128      16  895074 2238774  4267461 1636517314200794 5784891 5545860  6727225  4557257  4934216  2286447 4934216 11470204
             128      32  948860 2367096  5122535 1801235914200794 6114306 5325799  6406138  8548124  4557257  2464907 5545860 11720614
             128      64  971174 2464907  7476717 1636517315881078 6406138 3657016  6727225  4407601  3982553  3053774 3982553 14200794
             128     128  584313 2727923 11720614 1801235914200794 6406138 4889281  6045455  4407601  5545860  2843510 6045455 12842051
             256       4  958864 2392442  5455847 1345445010245071 4572895 5455847  5687020  4496299  4332998  3511189 5687020  2097948
             256       8 1118707 2613746   873809 1435374412812277 5117791 5320671  6936061  5217259  4652146  3654598 5022044 14953435
             256      16 1157291 3605511  3421677 1583556914164395 5971678 3557725  7314033  5938650  5320671  3326279 6249745 14953435
             256      32 1148625 3823789  6107548 1607260814953435 6398720 5217259  7791708  5687020  5687020  4496299 5428265 13454450
             256      64 1108314 1439707  8024634 1709624914353744 6761355 5569035  7518900  9868433  6073004  3499745 5687020 14953435
             256     128 1084800 4197489  7314033 1416439514164395 6437081 5569035  7120034  5938650  4404088  6936061 5217259 14164395
             256     256  900936 4197489 11207494 1156978312812277 6249745 5687020  6398720  6213578  6249745  3810220 5971678 14164395
             512       4 1135150 2613128  5067142 1242715710044089 4411377 5453155  5870558  5886650  4305250  3684733 5886650 11138071
             512       8 1225169 3415178  6652558 1424006912797441 5639315 5177083  7410080  6632013  4927617  4163357 6551087 14628067
             512      16 1014013 3325278  5886650 1462806713872122 6086873 6246213  7647578  7211022  4411377  3580298 6319739 14240069
             512      32 1329871 3849877  5744919 1462806714240069 6395018 5331314  5384786  7540170  5684095  4650188 6246213 15037801
             512      64 1091863 3659616  6246213 1547114914628067 6571132 2958758  8234036 13109944  5886650  2427068 6319739 15037801
             512     128 1333173 4340054  7410080 1462806714240069 6652558 6018636  7900804  8701110  5822804  5214798 5886650 14240069
             512     256 1028091 3822466  8109658 1343809213190469 6246213 5453155  6821616  7620440  4457157  5509113 6086873 13522711
             512     512 1394645 4237291 13109944 1343809213109944 6174377 5886650  6319739  6018636  2910635  4973263 6104175 13522711
            1024       4 1067920 3579719  5983467 12313351 8408221 4114719 5356618  5660167  6874084  4110780  3631168 5917516 11614118
            1024       8 1262555 3696803  6692005 1508034112828238 5390231 5789881  7577494 11520658  5226256  3048658 6441107 10039528
            1024      16 1424152 4048778  6172653 1442204510662628 5564829 6441107  7472033  7644933  4379019  4162573 5885083 14230902
            1024      32 1276817 4146499  6479979 1461839313863422 6441107 5789881  8122014  8750850  5630486  3179559 4926518 14422045
            1024      64 1283303 4033569  6819511 1508034114422045 6402699 3923040  7941793  9381637  5424269  3200886 5720477 14230902
            1024     128 1258117 4304412  6609617 1442204513818817 6744549 5853003  8199542  9240349  5536137  4762630 5151040 13863422
            1024     256 1239598 4079544  6918376 1294422412828238 6208343 5991815  6963241  9320560  5024495  5200941 6137371 12790037
            1024     512 1336827 3655895  8310603 1310217413142265 6172653 5925680  6599461  4609294  4854136  6529233 6025439 12790037
            1024    1024 1322828 4265934 11903823 1314226512790037 5991815 5853003  6093831  5390231  5991815  4876180 5917516 11773301
            2048       4 1024953 3112514  5852228 10766950 5836323 3848872 5376082  5800851  8253158  4112366  3624742 5723548  6823876
            2048       8 1268859 3512108  4937295 1239876412345306 3828288 5738844  7643611  9101380  4923146  4128177 6378005 10401883
            2048      16 1288076 4170264  6518362 12561952 7846081 5433896 4839929  7643611  8464610  5095447  3723735 6359119 12488897
            2048      32 1474462 4347560  6563185 1303864613660713 4656281 5933071  7969835  8866519  4818211  4394265 5970183 12729493
            2048      64 1377076 4240255  6340344 1112965914226322 6378005 6041567  8253158 11320334  5372719  4451191 5937172 12805399
            2048     128 1397008 4432815  5578583 1218766313574363 6459541 5986827  8325147 11770166  5184636  3458376 4775354 12257227
            2048     256 1345582 4330028  5225638  7237860 9610516 4023754 5521212  6649556 12257227  4839929  4310472 5765808 11380325
            2048     512 1467911 4319142  6303124 1136526812580349 5251194 5852228  6003564 10131961  4611288  4601407 5836323 11015480
            2048    1024 1360715 4162181  7903836  993279110834854 4983122 4327846  6420913  8029434  3341339  5475461 4521480 10192069
            2048    2048 1158327 3573472  6261772  6829301 7213548 3657149 5403134  3799501  5461535  4196751  4046500 4500161  6608629
            4096       4 1170306 3068488  5119446  5818150 6439700 2832715 5217395  5244471  5649775  3234889  3131694 5127086  6490793
            4096       8 1198723 3640724  6302675  6638778 7035723 3379332 5885924  6693092  6815229  4000150  3605576 5360658  6195843
            4096      16 1357683 3519162  5461198  7434579 8002526 3919833 5875858  7845385  6989921  4011358  3953206 5299475  6351609
            4096      32 1490556 3904688  6420447  7146945 9701724 3387995 5902100  7314299  6703539  4209920  3823862 5513780  7418527
            4096      64 1509680 3589754  5833956  7683972 7969117 4456740 5802430  7073381  6850558  4338563  3436107  981998  5397712
            4096     128 1399376 4112175  5565581  7197849 7434579 4481152 5497899  8393502  7555557  3977000  3757786 4560858  4746074
            4096     256 1506899 3516281  5000244  6480999 5944991 4496399 5490871  6041154 10112910  3839243  3919833 5093643  5936773
            4096     512 1406133 3835814  5618365  6894546 7892238 4266376 5083093  6459069  9042961  3878244  3630721 5751920  5826043
            4096    1024 1372653 3605576  6186918  6672297 6967243 3751222 5520868  5944991  9394037  3817065  3657777 5319164  5777065
            4096    2048 1280855 3101168  5777065  5563779 5198450 3404782 4471821  3720353  6094733  2788575  3961410 5093643  5389246
            4096    4096 1178656 2587405  4113159  4257917 4240052 2723588 4153935  2761679  4339659  2959594  2716268 4223375  3977000
            8192       4 1067510 2841572  5392464  5110162 4788276 2580178 4953250  5716328  5047109  3124235  2685024 5375591  5464503
            8192       8 1251456 3280853  6140266  6091282 5669170 3037511 5565406  6804170  5932474  3287445  3386595 5843686  5996667
            8192      16 1359231 3490493  5595314  5588034 6046263 3198692 5692651  7293813  6150158  3273040  3446034 5949938  5524246
            8192      32 1388283 3644124  6068689  6210183 5859631 3784193 5880691  7968758  5669170  3683582  3463751 6006101  5378957
            8192      64 1362843 3721887  5553712  6145757 5760412 3880787 5588034  7765253  6244039  3597574  3170359 5805180  5531360
            8192     128 1495670 3737270  5701152  5741161 6028229 3860295 5764277  7793434  5931450  3400672  3402019 4311239  5871647
            8192     256 1480588 3410461  5681356  5364680 5672914 4041463 5368033  7243074  5793435  3392279  3367015 5299316  5697371
            8192     512 1504511 3698649  5257958  5527801 5880691 3803041 5353814  6344344 11771848  3537206  3531027 5081444  5336352
            8192    1024 1478422 3558822  5645881  5953031 5487193 3851640 5353814  6537482 10112331  3000901  3099435 5490700  5148447
            8192    2048 1291534 2745307  5004472  5268439 4411425 3089125 4586921  3847758  6168929  2765637  2620519 4926264  4873856
            8192    4096 1285206 2641673  3936361  4118487 4122934 2741802 3967268  2630550  4173515  2359417  3160444 3905045  4137332
            8192    8192 1226353 2522221  4118487  4079854 4069706 2694711 4116513  2864312  4037664  2646149  2746185 3514054  3371310
           16384       4  934363 2640841  5380560  5283347 4400917 2319033 4878979  5419600  4881752  2922019  2901416 4964632  5224303
           16384       8 1228739 3150707  6087939  6122653 5437611 2855363 5438041  7258993  5667209  3035740  3185763 5722423  5883111
           16384      16 1422592 3258576  5849060  5887143 5350814 2974507 5602981  6826343  5473995  3092434  3348444 5994996  6115570
           16384      32 1394390 3412630  5893706  6043501 5758869 3478444 5655548  7628034  5857536  3486739  3437038 6032360  5866036
           16384      64 1425573 3662927  5665340  5777267 5758869 3751922 5765150  7687769  5975188  3354492  3425388 5836640  5851550
           16384     128 1379582 3623144  5805576  5626377 5316044 3585899 5396617  7638208  5426876  3246261  3322701 5580232  5690674
           16384     256 1380302 3668598  5403406  5628681 5669079 3977787 5378876  7055528  5626377  3506846  3414665 5450550  5516621
           16384     512 1372171 3494185  5587946  5540639 5592038 3746603 4442455  6734030  5516621  3016154  2972449 5324694  5485356
           16384    1024 1486218 3406878  5293930  5373408 5523715 3534078 5297194  6395004 12029023  2943547  3006784 5354567  5396617
           16384    2048 1231867 2767063  5001124  5016457 4837421 2815125 4576476  3808480  6147850  2389095  2329647 4650810  4728576
           16384    4096 1173652 2640436  4113508  4198710 4157306 2748910 3959223  2387601  4057644  2394923  2499453 3950801  4079807
           16384    8192 1177352 2540949  4035484  3943320 4059322 2515924 4122639  2881464  4150026  2334236  3191829 3959223  3988406
           16384   16384 1119195 2679769  4135291  4215969 4216227 2806961 4033352  2627312  4072553  2585109  2781173 4022492  4160579
           32768      64 1292523 3316592  5669969  5470467 5744861 3414055 5924397  6179307  5075517  3220762  3281355 5318473  5264890
           32768     128 1340870 3545182  5759788  5686861 5313538 3396338 4561864  3344029  4916293  2945427  3041370 5452237  5193861
           32768     256 1357585 3663592  4801057  5001270 5237005 2011552 5507293  7335630  5346403  3278146  3154454 5455917  5395728
           32768     512 1363173 3389051  5610942  3019852 4893712 3336236 4426403  6476003  5471338  2527993  2565796 3368452  5186413
           32768    1024 1144172 3245020  5412515  5308202 4842331 2281265 4980790  5645746  4524172  2106996  1359277 4512882  4787845
           32768    2048 1093399 1665627  3169951  3190629 4417298 2694099 4590662  3950325  2280167  1996098  1959919 4492525  4763617
           32768    4096 1033330 1613875  4128559  4054389 4073133 2600458 3714284  2728814  4057980  2149707  2111884 3593381  3652201
           32768    8192 1191218 2528784  4019058  4053432 4049968 2561588 4105252  2868342  4089860  2428515  2469533 3995108  3976728
           32768   16384 1172249 2529389  4162570  4123852 4154643 2608701 4014714  2693412  2394414  2372098  3331788 3987805  4100108
           65536      64 1084169 3416720  5927183  5970829 5673574 3422250 5707265  7648073  5741718  3061553  3107587 5172146  5841530
           65536     128 1372880 3244514  5682370  5889213 5581752 3457070 5329383  8351700  5004713  3038573  2481770 4993621  5172049
           65536     256 1061932 3571243  4638052  5166896 5315676 3621159 5318967  6789991  5372612  3147439  3324687 3132090  5114787
           65536     512 1333796 2624588  4804650  4693488 5101687 3312109 5343369  6842387  5490222  3024431  3366011 5250891  5140517
           65536    1024 1354159 3453422  5357741  5523096 5529095 3549385 5217007  6884028  5230309  2697504  2781776 5157493  5131976
           65536    2048 1210314 2696393  4708441  4712477 4868559 2879062 4818800  3861143  4786495  2083090  2034974 3339065  3916989
           65536    4096 1132649 1933556  4081467  3235539 3496916 2352927 3974532  2846917  3784070  1970764  2000118 4036694  3989762
           65536    8192 1214056 2198235  3999282  4152058 4019340 2543098 4032726  2858196  4024342  2124137  2182717 3870494  3961073
           65536   16384 1163717 2479039  3979135  3958449 3961073 2560008 3983229  2760904  4104198  2356638  2479889 4138119  4140799
          131072      64 1152757 2942989  5785027  5941905 5707964 2731681 5749272  7948490  5826226  2649836  2758311 5658904  6100345
          131072     128 1223313 2961076  5838912  5881389 5550128 2892967 5619340  7842920  5589402  2656456  2884815 5637780  5729200
          131072     256 1260295 2998202  5452044  5581344 5216354 2920631 5299218  6896706  5368929  2675877  2905151 5499603  5477302
          131072     512 1286189 2920957  5508365  5087231 5456589 2928972 5186042  6487804  5155017  2515874  2705800 5439313  5430555
          131072    1024 1257815 2836807  4972744  4720603 5103856 2738485 5154243  6482678  5401688  2274408  2380051 5354235  5551081
          131072    2048 1122182 2349586  4637575  4671108 4738016 2321625 4710773  3804148  4681649  1761813  1867682 4594668  4685320
          131072    4096 1030570 2242923  4000353  4123834 3804464 2177959 1366586  2827339  4092917  1765899  1824093 3964924  3998782
          131072    8192 1097654 2179116  3974900  3836563 3963466 2200081 4054700  2844690  3981291  1807415  1878602 3935406  4060570
          131072   16384 1090376 2170461  4046701  4053714 3953319 2229760 4099968  2735800  4034851  1980211  2012255 3971770  4005512
          262144      64  167086  161693  5708077  5991862 5637746  116473 5326296  8057993  5686644   168327   169597 5860817  5860192
          262144     128  165626  157435  5595028  5697281 5546147  128260 5257706  7038009  5344522   138716   146424 5487274  5759113
          262144     256  145342  164126  4593378  5201494 5028366  131605 4926043  6855417  4602820   173102   120499 4705588  4604902
          262144     512  165582  166232  5299264  5640406 5442296  148353 5315918  6833050  5490398   176441   172342 5304531  5431569
          262144    1024  166419  153018  5240166  5473425 5462819  150067 5168364  6503184  5436887   174924   174599 5283451  5433126
          262144    2048  167020  161166  4491380  4674043 4702067  173153 4593628  3646407  4708550   172529   171573 4123831  4210207
          262144    4096  167161  151210  3852571  3948022 3912131  172194 3804817  2641806  3993405   181548   178831 3764383  3985271
          262144    8192  146694  160471  3840326  3963535 3845605  176213 3823858  2743752  4036033   192833   187929 3866661  3909738
          262144   16384  164650  158918  3915628  3932841 3938053  167000 3962692  2768617  3935206   201877   202769 3815949  3958155
          524288      64   66859   88624  5874969  5987894 5670555   28079 5031113  8368247  5696983    87462    89112 5867992  6023734
          524288     128   90745   85899  5444706  5583051 5447538   47149 5468577  8313705  5674169    86317    89857 5543209  5740963
          524288     256   87021   76483  5356053  5393308 5273565   52980 5108378  6688112  5210204    88125    84870 5142292  5359787
          524288     512   85333   80677  4989277  5356001 5202759   59397 5129314  6782507  5392911    83710    86177 5313334  5043367
          524288    1024   81408   75011  5155505  3500783 3615852   58975 3731194  3373491  4121797    84135    84604 4876696  3975830
          524288    2048   84848   74755  4048493  3306017 2980147   66880 4376176  3271607  4521828    82148    86365 4551780  4301782
          524288    4096   83737   86547  3818333  3852199 3895911   86211 3975313  2637383  3924487    90776    82495 3142629  2966874
          524288    8192   85895   85069  3758122  3837617 3865552   91258 3431674  2507089  3718090    85430    77527 3572314  2806215
          524288   16384   78934   86115  3618577  3963769 3949857   91380 3158668  2654678  3909125    91465    88547 3432531  3393141

iozone test complete.
