	Iozone: Performance Test of File I/O
	        Version $Revision: 3.420 $
		Compiled for 64 bit mode.
		Build: linux-AMD64 

	Contributors:William Norcott, Don Capps, Isom Crawford, Kirby Collins
	             Al Slater, Scott Rhine, Mike Wisner, Ken Goss
	             Steve Landherr, Brad Smith, Mark Kelly, Dr. Alain CYR,
	             Randy Dunlap, Mark Montague, Dan Million, Gavin Brebner,
	             Jean-Marc Zucconi, Jeff Blomberg, Benny Halevy, Dave Boone,
	             Erik Habbinga, Kris Strecker, Walter Wong, Joshua Root,
	             Fabrice Bacchella, Zhenghua Xue, Qin Li, Darren Sawyer,
	             Vangel Bojaxhi, Ben England, Vikentsi Lapa.

	Run began: Thu Oct  3 13:05:36 2013

	Auto Mode
	Command line used: iozone -a
	Output is in Kbytes/sec
	Time Resolution = 0.000001 seconds.
	Processor cache size set to 1024 Kbytes.
	Processor cache line size set to 32 bytes.
	File stride size set to 17 * record size.
                                                            random  random    bkwd   record   stride                                   
              KB  reclen   write rewrite    read    reread    read   write    read  rewrite     read   fwrite frewrite   fread  freread
              64       4  443837 1526887  4564786 12902017 9318832 3958892 4274062  4897948 10821524  3791156  2561267 4018152 12902017
              64       8  659861 2467108  6421025 1597288512310336 4897948 4897948  4207076  5860307  2892445  3057153 3541098  4897948
              64      16  735831 2278628  7100397 2273779115972885 5283570 4018152  5860307  4274062  3738358  4564786 5389653 10402178
              64      32  673098 1648808  7100397 1698346312902017 4897948 4564786  5735102  3022727  3791156  2067979 4018152 12902017
              64      64  727850 4018152 15972885 3048429715972885 5860307 4897948  5735102  7100397  5860307  4564786 5389653 12902017
             128       4  743788 1802755  4267461 14200794 9977956 3359523 3468030  5545860  7917784  3867787  2098744 3759450 11470204
             128       8  553586 2027414  4407601 1636517314200794 5545860 5325799  2673584  6045455  3468030  1967960 4557257 16365173
             128      16  853794 2985839  6727225 1801235914200794 5847904 3657016  6406138  4889281  4934216  2326073 3759450 15881078
             128      32  723735 2286447  4596273  584790414200794 5122535 3380677  7082197  4717434  5122535  4267461 5325799 11720614
             128      64  969421 3053774  7582312 1863766416365173 6406138 3560017  7082197  7476717  3759450  6727225 3657016 14200794
             128     128 1206978 2985839 14200794 1636517315881078 5603747 5122535  6114306  5847904  6114306   677178 4717434 16365173
             256       4  941213 2366082  5687020 1345445010245071 3823789 4652146  5569035  7735574  3511189  2880164 5569035 11695808
             256       8 1153561 2665657  6437081 1583556913454450 5455847 5217259  6249745  9868433  4652146  3717869 5569035 14164395
             256      16  677522 3368013  5841722 1416439514164395 6107548 1415041  7518900 10245071  4496299  4477549 6213578 14953435
             256      32 1190657 4197489  6398720 1583556914353744 6398720 6249745  7518900  4734192  5569035  3810220 6107548 15835569
             256      64  508929 2187712  6719046  124881915164624 1254656 5971678  6554972 12090911  5569035  3717869 5242734 15835569
             256     128 1230218 3654598  7791708 1281227714164395 6398720 4840911  5569035  7571923  3326279  4281170 5841722 14953435
             256     256 1340826 3879045 12812277 1416439513454450 2000242 5841722  6107548  5117791  5971678  4332998 6073004 14353744
             512       4 1101383 2958758  5886650 1249949010044089 4532414 4690818  5886650  8109658  4228947  3481620 4375425  6909408
             512       8  958781 3104171  6395018 1424006912797441 5331314 5177083  7022379  6571132  4882800  4271001 5807059 14240069
             512      16 1276891 3140488  6736026 1462806713109944 6156675 5265948  7758090  9145790  5495016  4375425 5214798 12874162
             512      32  899731 4411377  2736325 1503780114240069 6174377 5453155  7988981 10044089  5551840  4447925 6018636 14628067
             512      64 1155924 3993047  6909408 1547114914240069 6821616 5453155  4228947 13783088  5684095  4827914 5019764 14628067
             512     128 1326585 3822466  7211022 1462806713872122 6246213 2979282  7758090  8394979  5495016  4701087 6086873 14628067
             512     256 1462061 3366987  8140399 1343809213109944 6174377 5684095  6395018  8265729  4494470  6632013 5886650 13109944
             512     512 1240025 4099771 12427157 1187730011943357 3346002 5398323  5278892  5744919  6018636  4742616 2768068 13109944
            1024       4 1175799 2934110  5853003 12348754 9832672 3970183 5120336  5660167  7306780  2950233  2509027 3849207 11645609
            1024       8 1109579 3458646  6128613 14618393 6059442 4512441 6059442  4162573  7883484  5071963  3863055 6137371 13818817
            1024      16 1406431 3984917  5479632 1364323212639479 4634161  761275  3251778  5024495  3074849  3659010 6355328 13863422
            1024      32 1049138 4265934  6776473 1461839313998981 6280976 5813392  7927135  9569770  4810640  4361233 3951918 13472053
            1024      64 1477555 2993413  6874084 1529515714618393 4079544 6519323  8474583  9142007  3291652  3804877 6317933 14820161
            1024     128 1410588 4282950  6519323 1423090213818817 4146499 6163794  8061038 10454984  5660167  3863055 6059442 13818817
            1024     256 1203137 3556008  6733974  599181512348754 6093831 5660167  4287225  9320560  4654248  3149251 3751699 12313351
            1024     512 1309518 4265934  6963241 1203727211645609 5277632 5284125  6355328  7941793  5120336  6172653 3103735 11645609
            1024    1024 1307923 2916180 12790037 1249242612983353 2791104 3764854  5991815  6025439  6025439  1875690 3794792 12639479
            2048       4 1044393 2673655  4581773 10555264 9567698  754574 5044577  4338776  7477273  4054139  3051697 4293237  7670915
            2048       8 1307685 1116764  6075753 1321923512118884 3230749 4785996  5904523  6479029  3953383  3766184 6149699 12118884
            2048      16  922973 3351769  6420913 1280539911246230 5492967 3459769  4633675  6829301  4897882  1030239 4886737 13138359
            2048      32 1146577 3454204  6420913 1346794913748169 4613765 6149699  7237860  5674397  5293261  3234398 5006356 13138359
            2048      64 1273562 2652192  6220958 1441734214321195 1894641 5535444  8423109 10503637  5131978  3185225 6280083 13836752
            2048     128 1406616 4071433  4396514  871361810780463 2322353 3638560  2864451 12050878  3312988  2976615 5197183 12050878
            2048     256  760453 2925920  4686767  891251610192069 4276140 3007884  4481379 10555264  3271351  2691246 5416763 11202231
            2048     512 1439379 1492913  4994712  7361923 8608824 3929871 4472047  5719737  7874853  3230749  3771144 3806235  5937172
            2048    1024 1425051 3494960  7036283 1118764110607402 4267642 4196751  5800851  7664071  3052781  5080379 3140967  6823876
            2048    2048 1094565 2888532  4056054  5135046 6543188 3715681 4444282  3402216  2107025  3165272  3071337 4643695  5937172
            4096       4  936650 3063563  5025108  4366128 4104315 2552044 4184286  5426697  5944991  2942360  3075079 4270618  6281934
            4096       8 1105539 2552044  5469892  7380284 8193352 3480661 4964124  7711565  5013377  3421735  3656998 5996870  5704175
            4096      16 1287286 3643812  5145513  6572741 8902382 3734100 5411313  3549702  5835938  4227532  3586757 5944991  6281934
            4096      32 1342092 1772435  6379914  6782940 8308260 4253700 6160296  6552685  6272759  2915397  3667146 5113352  6512939
            4096      64 1387509 3410865  6225028  2842558 6131713 4011358 6178018  7486415  7209932  4192455  3483484 4413235  7286380
            4096     128 1291252 3733288  4964124  3686820 4536770 4149921 5867831  7392988  5980170  4117102  3189841 5278308  6836927
            4096     256 1212941 3220336  5513780  5936773 6850558 2202037 4871226  6572741 13176709  3468014  3305851 4404184  4761860
            4096     512 1077661 3627654  5476867  4602401 6291135 3628421 5157871  7050159 11641010  3647681  3103408 4846491  5625724
            4096    1024 1359510 3491981  5869835  5679660 5312585 3789282 5087609  5476867  6302675  3474326  3308398 1890222  4404184
            4096    2048 1093715 2792200  5000244  4541567 4729091 3012001 3489144  2807257  5284803  2498960  3824713 4214051  3849566
            4096    4096 1200817 2691164  3303309  4063542 3214912 2717987 3522048  2784507  1755590  1509813  2776856 3795980  4027344
            8192       4  826654 2300494  4469381  4638941 4071635 2416499 4413692  6018726  4177574  2526859  2758310 4735482  5274909
            8192       8 1263048 3107845  5104089  5842692 1815592 2270546 5198297  6272536  5669170  3086627  3120547 5424817  5136133
            8192      16 1237082 3343751  6018726  5768148 5798323 3212449 5723946  7313997  5642173  2320066  2997498 5053790  5442863
            8192      32 1377706 3437759  5740202  5741161 6211306 3459217 5603526  7340560  6172253  3614985  3284616 2291442  2770543
            8192      64 1185848 3342450  5971654  5129233 6187815 3615366 5278151  8134781  4216019  2578436  3621463 4719221  6018726
            8192     128 1233352 3334341  5580773  4850463 4807705 3810210 5188093  6409435  5553712  3411816  3577348 5207752  3490493
            8192     256 1325770 3475663  4289173  5155399 5885728 3685162 4670469  7012469  5539386  3478478  3149436 5028642  5210911
            8192     512 1284389 3528126  5078440  5483690 5174810 1728982 5425673  6072979 12280959  3020687  1586702 5435974  3061326
            8192    1024 1070403 3322090  5720134  5564505 5442863 3744193 3198692  6660405 10100441  2384800  1662637 4506310  5107124
            8192    2048 1251273 2796019  4491583  4139325 4635812 2812267 4118487  3759762  4956108  2550492  2036276 3119697  4027724
            8192    4096 1067211 2330610  3634487  3019626 3250744 2453424 3561773  2665858  3771731  1760159  3084410 3819104  3776706
            8192    8192 1029788 1812336  3639106  3815287 4181641 2418710 3571028  2711724  3921536  1748159  2573607 4116513  3663942
           16384       4  811406 2323974  5160357  4876209 3940380 2210140 3609632  4986246  3723662  2631941  2481671 4054532  4236763
           16384       8  976464 2973478  5193114  5832677 5113891 2164610 5343741  6141257  5196256  2681023  2913224 5257880  4578915
           16384      16 1120582 1726454  3147821  5414475 3891733 2374812 5010605  7430091  3524833  2701895  3043673 5550036  5680795
           16384      32  759223 3345673  6081474  5906370 5726715 3141633 4192306  5490615  5206492  2724281  2106744 5036679  4091953
           16384      64 1239980 2574553  5602981  5651827 5714809 3591333 5683144  5428590  5259490  3084384  1637238 4975415  5171619
           16384     128 1203202 2674137  4790547  5574800 5494566 3398453 2467414  2505924  3079684  1462589  3095917 1615150  5671418
           16384     256 1320137 2616010  5450550  5457475 5174735 3240444 1207812  3950801  1252501   821916  3366983 5345404  5347067
           16384     512 1357185 3291981  4303626  5033359 5672823 3634450 4863096  7038185  5338759  3160416  3206873 5373828  5100984
           16384    1024 1358768 3447729  4979742  5770960 5542874 3972727 5013529  6450228 10475840  2770856  2749020 4835719  5499843
           16384    2048 1240629 2638307  3413986  1623621 3747625 2604312 3841479  2779711  4636064  1659818  2040315 3973646  4183883
           16384    4096  776019 2404476  3853326  3742319 3751922 2397430 3770863  1691689  2806387  1588823  2288604 3547946  3881621
           16384    8192 1100853 2457795  3789996  3812071 3729523 2470430 3841479  2747152  3848794  2364597  3209419 3705991  3831626
           16384   16384  944158 2489222  3414835  3231606 3223269 1610381 3810169  1586952  3256568  2056742  2660575 3897030  3706790
           32768      64 1168114 3373579  4162570  5061498 5788169 2536251 5692749  4030963  3859690  2561635  3326707 5972800  5898969
           32768     128 1279599 3342646  5371897  5672309 4186025 2693835 4407947  7658129  5455917  3043323  3074160 5633019  5138518
           32768     256 1283806 3036868  5403790  5205467 5293686 3277756 5306563  6897189  5262270  3091933  3116896 5425334  5083402
           32768     512 1306071 3458296  5357866  4425832 5407191 3464136 5408255  6432659  5049782  3047913  3252776 5430479  5388536
           32768    1024 1384262 3201257  4564439  5555826 5338511 3513193 4973040  4589436  4938020  2510768  3000732 4507997  5335196
           32768    2048 1214663 2655014  4835176  4773875 4472205 2824834 4634782  3793009  6354146  2051976  2126951 4601575  3382712
           32768    4096 1138957 2473266  3688764  3183534 3503789 1864443 3857848  2849609  3655115  2072866  2155100 4003371  4005354
           32768    8192 1171369 2533866  3889839  4012721 3968919 2424745 4018118  2821702  3729200  2231992  2140733 3832994  3930442
           32768   16384 1157675 2415455  4098152  3994644 3852765 2508110 3930442  2667795  2970252  1090561  3127606 3133882  3722735
           65536      64  895508 3198754  4949472  4576584 3785842 2622810 5481026  7691085  4949116  2961956  2232151 5369148  5772586
           65536     128 1354606 3438432  5225338  5685897 5440454 3435509 5556253  7788055  5547395  3127742  3269133 5501210  4928617
           65536     256 1327554 3279899  4320702  5265577 5087429 3416338 5390311  7189206  5263963  3150036  3367041 3951336  4733251
           65536     512 1193472 3052001  5147737  4234114 5279229 2543215 4864595  7058140  5195511  3109802  1474138 4893695  5027689
           65536    1024 1272766 3380083  5369253  5416654 5346383 3487820 4813147  4481670  4748295  2215028  1934468 4977255  4837372
           65536    2048  983921 2536995  4077895  4651237 4104995 2333571 4119390  2649634  4362116  1955760  1650077 3822005  4409631
           65536    4096 1112574 2142048  3418292  3472662 3609604 2199044 3860275  2501282  3546317  1562687  1534946 2321745  2676700
           65536    8192  765922 2130278  3751329  2548852 2629635 1408014 2919580  2237020  3365145  1551695  1247376 3657343  3392808
           65536   16384 1025427 2329438  3594359  3352913 3083741 2116597 3551861  1909274  3624788  1873795  2396373 3895838  3743002
          131072      64 1100575 2804349  5699561  5849038 5205636 2651830 5690122  8185908  5519037  2656880  2726965 5732665  5568511
          131072     128 1259218 2613444  5321635  5636798 5029428 2667373 5326791  7396865  5302080  2461257  2640875 5317980  5073054
          131072     256 1223188 2504812  4955308  5400362 5260528 2765582 5335062  7074653  5191380  2660338  2806855 5293503  5137674
          131072     512 1190796 2928722  5158451  5207657 5241819 2807758 4314016  6461876  4990575  2524017  2603838 5302438  3962380
          131072    1024 1142169 2708826  5028462  5297125 4651111 2567371 5224285  6613460  5466355  2295241  2341740 5098886  5335942
          131072    2048 1063316 2146152  4488909  4375475 4150860 2191547 4500631  3383449  4512231  1731968  1765326 4308741  4544157
          131072    4096 1097091 2114471  3802938  3903495 3661552 2106079 3247232  2438235  3202104  1508847  1494499 3709082  3902470
          131072    8192 1051502 2189426  3895391  3892385 3841174 2212824 3401916  2540252  3810344  1686073  1529981 3388538  3412008
          131072   16384 1086128 2120973  3436343  3441096 3485692 2028007 3755424  2294676  3936448  1781180  1899372 3731286  3743736
          262144      64  149902  164194  5189856  5608185 4803714  117833 4910160  7170846  5133519   157100   148502 4313420  5512087
          262144     128  145578  152925  5255068  5457017 5337984  126848 4586060  7487066  5138077   155608   157902 5092363  5416532
          262144     256  149053  144898  4824581  5195496 4933824  139223 4825026  7019542  5279645   161228   161540 4217167  5242239
          262144     512  139306  154153  4932164  5321089 3530936  135786 4738849  5076376  4161934   166135   154289 5040260  5390798
          262144    1024  149863  147625  4881537  5322506 4520278  154378 4899526  6220336  5267101   155626   160759 4860819  5281547
          262144    2048  152672  164798  4252413  4330084 4455345  153482 4347823  3545933  4446876   160387   152544 4172200  4650320
          262144    4096  144566  162024  3850750  3710144 3584719  171172 3003688  2492670  3859034   162405   159604 3722000  3581741
          262144    8192  152279  157575  3723903  3799518 3880513  171464 3799571  2681449  3904851   172906   176876 3692426  3894698
          262144   16384  157694  156925  3743632  3983408 3736431  160757 3233792  2359640  3120839   170193   165957 3726756  3715033
          524288      64   61798   88459  5380573  5286014 5130116   22881 3243412  7244643  4913438    82989    81833 5286446  5485793
          524288     128   83786   81938  5269269  4925246 5404535   40555 4430354  7283395  5166467    87714    83328 4360746  4543419
          524288     256   77249   73123  4843932  4604591 4697585   50897 4548023  6679600  5034407    85692    84601 5079070  5294452
          524288     512   88771   81304  5292744  5192869 5308447   60288 5010878  6978792  5240838    81535    75568 5346053  5347210
          524288    1024   85220   79960  5205148  5139227 5118997   61165 4624977  6898424  4894726    77991    80483 5176671  5211402
          524288    2048   83315   75499  3994666  3959373 4223499   64519 4314095  3272727  3539875    83354    78299 3915139  4192658
          524288    4096   79940   72528  3595720  3763003 3829151   89544 3817001  2316456  3459254    91615    75723 3262564  2777064
          524288    8192   81572   75006  3085097  3268402 3705841   85000 3323645  2596887  3869143    83690    84126 3864866  3615953
          524288   16384   80771   67808  3250488  3687966 3314878   80727 3289588  2618546  3799018    92609    83382 3881142  3446589

iozone test complete.
