	Iozone: Performance Test of File I/O
	        Version $Revision: 3.420 $
		Compiled for 64 bit mode.
		Build: linux-AMD64 

	Contributors:William Norcott, Don Capps, Isom Crawford, Kirby Collins
	             Al Slater, Scott Rhine, Mike Wisner, Ken Goss
	             Steve Landherr, Brad Smith, Mark Kelly, Dr. Alain CYR,
	             Randy Dunlap, Mark Montague, Dan Million, Gavin Brebner,
	             Jean-Marc Zucconi, Jeff Blomberg, Benny Halevy, Dave Boone,
	             Erik Habbinga, Kris Strecker, Walter Wong, Joshua Root,
	             Fabrice Bacchella, Zhenghua Xue, Qin Li, Darren Sawyer,
	             Vangel Bojaxhi, Ben England, Vikentsi Lapa.

	Run began: Thu Oct  3 13:05:36 2013

	Auto Mode
	Command line used: iozone -a
	Output is in Kbytes/sec
	Time Resolution = 0.000001 seconds.
	Processor cache size set to 1024 Kbytes.
	Processor cache line size set to 32 bytes.
	File stride size set to 17 * record size.
                                                            random  random    bkwd   record   stride                                   
              KB  reclen   write rewrite    read    reread    read   write    read  rewrite     read   fwrite frewrite   fread  freread
              64       4  520419 2772930  4988978  401815210402178 4274062 2467108  4988978  3958892  3541098  2467108 4274062 12902017
              64       8  500060 3363612  6421025 1290201710821524 4643754 4274062  5735102  5389653  3791156  1562436 5389653 15972885
              64      16  659861 1392258  6421025 2096219115972885 5283570 3203069  4564786  4274062  3738358  3363612 4274062 20962191
              64      32  551422 1518251  7100397 1290201712310336 5389653 3057153  5860307  1070292  3022727  2379626 3541098 10821524
              64      64  769584 1679761 12902017 1290201710821524 5860307 2892445  4897948  3363612  4897948  3363612 3541098 12902017
             128       4  799146 1455701  5545860 12842051 9977956 4135958 4135958  5603747  2035099  4135958  2098744 5603747  9795896
             128       8 1057236 3053774  5847904 1420079412842051 5122535 3380677  6406138  5847904  3657016  2202044 4135958 10779307
             128      16  864797 2377579  5545860 1056714011720614 5545860 5784891  6727225  4759253  4759253  2377579 3759450 12542043
             128      32  864797 2175277  6330599 1801235916365173 5847904 4934216  6045455  4135958  4407601  2499332 4267461 16365173
             128      64  826202 2499332  7082197  131972312842051 6045455 5122535  4889281  5122535  4012317  2843510 4104338 11470204
             128     128 1206978 3277486 11720614 1588107814586625 6045455 3867787  5784891  4407601  5784891  3982553 5545860 11720614
             256       4  934659 2285501  5569035 11091721 9434868 4350555 3865082  5569035  4009406  4281170  3557725 5569035  2223962
             256       8 1012194 2247235  5687020 1362518012228612 5217259 5810112  7120034  4840911  4652146  1598292 5687020 13625180
             256      16 1066483 1970871  1894373 1435374412812277 5569035 4907284  7314033  5242734  4929815  3557725 6107548 14164395
             256      32  825443 3009318  5540300 1416439513454450 6073004 6107548  7518900  5117791  5242734  4734192 3705040 14164395
             256      64 1099237 2880164  6554972 1516462414164395 5938650 6073004  7518900  6719046  5569035  3454704 4553502 13454450
             256     128  838988 2911402  8815202 1416439512812277 5841722 5938650  6554972  6249745  4734192  1981783 5717301 12812277
             256     256 1231629 3499745 12812277 1416439510245071 5841722 5971678  5810112  3557725  5938650  3935921 5347168  5428265
             512       4  912733 2681653  5822804 11374040 9468384 4262523 3822466  5744919  5822804  4000485  3504346 5744919 10856530
             512       8 1150351 3604335  6319739 1352271112499490 5331314 5807059  7115451  6551087  4961773  4061007 6395018 13872122
             512      16 1240025 3201349  6018636 1387212213190469 5566231 6246213  7309196  3029721  4973263  4228947 6319739 13783088
             512      32 1239310 3604335  6931711 1462806713872122 2879414 2991733  7758090 14628067  5227492  3628697 5067142 14628067
             512      64 1355045 3684733  7211022 1558341714240069 6156675 6414119  7758090  7871843  5566231  4305250 6246213 14628067
             512     128 1336492 3941742  3086326 1424006913438092 6319739 6104175  7513788  7758090  5760329  5067142 6086873 14146265
             512     256 1040545 3963567  8234036 1310994412797441 2845081 5807059  6156675  7647578  4340054  6736026 5699180 13190469
             512     512 1055375 3970896 12797441 1343809211877300 4784885 6018636  5886650  6104175  5822804  4660280 6104175 13109944
            1024       4 1088213 2882904  5853003 11773301 4810640 3984917 4854136  5782087  7066349  4130547  3671521 5853003 11773301
            1024       8 1220575 3804877  6402699 1399898112313351 4898425 5720477  7420395  8610501  4972145  4095102 6479979 12983353
            1024      16 1291406 3529706  6650556 13818817 5917516 5682634 6355328  7644933  7420395  5120336  3149251 3891053 13643232
            1024      32 1208894 4249053  6479979 1442204513818817 5226256 5720477  8000971  9655828  5219904  4374559 5472650 14230902
            1024      64 1326505 4146499  6208343 1487147714230902 6280976 6479979  8246774 15516181  5363307  4356809 6327241 14668318
            1024     128 1335165 4249053  6692005 1442204513818817 6364746 6128613  7631350  5451810  5169641  4410497 3422814 10906310
            1024     256 1389145 4162573  7160597 1234875412173747 5983467 5991815  7066349 10662628  5417427  3401130 6059442 12828238
            1024     512 1399100 3029305  8262639 1326402610158253 5690162 5336651  6402699  8183918  4570058  5789881 6025439 12790037
            1024    1024 1239598 4178773 12790037 1364323213102174 5813392 6059442  6025439  6128613  5821271  4783849 6128613 12492426
            2048       4 1038459 2925920  5362657 10302081 9483197 3786104 5303064  5447681  7616502  3413030  3093459 5689430  9525260
            2048       8 1345582 3757946  6359119 1196693511983630 3792790 6024617  5475461  6629029  4818211  4128177 6303124 11835033
            2048      16 1180454 3561619  6058611 1205087812882215 5235193 6110328  7393606  9062970  3771144  3542524 6401772  7698414
            2048      32 1399740 4215286  6670210 12729493 7343043 5156624 6132138  7882079  9308497  5362657  4412322 6464402  7874853
            2048      64 1380839 4164199  6738230 1288221511706006 5974336 6397004  5800851  9990553  5119743  4284671 6359119  8029434
            2048     128 1456462 4031308  4934459 1232758913748169 4772701 6062888  8229438 10607402  4994712  3574960 6243566  7556202
            2048     256 1343057 3771144  6359119 11305435 7817519 5719737 4697018  6990474 12257227  2648920  4122233  577249  2359349
            2048     512 1289623 3806235  5144271 1144095512033995 4321315 5916724  4707314  9944290  4875642  3567536 5852228  9062970
            2048    1024 1342008 3430751  5800851 11320334 7754008 5197183 5754221  5953632  8036946  3967993  5319484 5655716  7088541
            2048    2048 1241175 3384788  6780783  5611381 7368238 3751381 4472047  2844532  5447681  3657149  3899542 5389574  5868220
            4096       4 1064968 3023131  5549401  5802430 6263611 2890382 4768469  5784846  4551192  3214912  3038638 5327412  6480999
            4096       8 1233671 3696339  6216019  6195843 7473388 3477139 5627567  7249484  6836927  4023571  3682869 5374073  6490793
            4096      16 1424792 3839243  6263611  6370451 7728911 3889659 5278308  7756829  6332878  3927001  3886139 5513780  6420447
            4096      32 1483990 3954116  6439700  6850558 8356757 4137927 5696610  6480999  6131713  4096486  3615440 6151473  6693092
            4096      64 1395511 3864287  6391782  7418527 9571993 4540367 5944991  7261741  6379914  4083827  3904688 6114255  6930704
            4096     128 1334171 3919833  5411313  6213770 9119767 4452120 5304384  6872481  6060333  4087714  3686029 5944991  7149920
            4096     256 1420198 3767675  5988509  6216019 7138037 4240052 5334028  7073381 13136407  3841819  3757786 5095153  5761565
            4096     512 1385606 3889659  5657217  6332878 7711565 3778448 5218980  3595765 11704457  3950479  3640724 5761565  6510471
            4096    1024 1458788 3509816  5726993  6243125 6847827 3379332 5019235  5133213  9571993  3824713  3631489 5389246  6207035
            4096    2048 1250372 3021005  5625724  5320812 5231694 3319264 5075585  3835814  3442303  1723881  3717133 4676314  5056165
            4096    4096 1210377 2620558  4249491  4149921 4149921 2581185 4171080  2799480  4361695  2799480  2691164 4231697  4275933
            8192       4 1026803 2954201  5347980  5004472 4670469 2449053 5016894  5851647  4602281  2911150  2973374 5487193  5120061
            8192       8 1315567 3153193  4798976  5953031 5357988 2864312 5505657  7062921  5614514  3245831  3249514 5741161  5414558
            8192      16 1277227 3493332  5669170  6239504 5760412 3400336 5708730  7211152  5375591  3418945  3540122 5905961  5517150
            8192      32 1308603 3722290  6220301  6168929 5927357 3742154 5569014  7439095  5618186  3330140  3231787 5607184  6122759
            8192      64 1401991 3088014  6081578  6164502 6480761 3951754 5992483  8167655  6340832  3424738  3332724 5970616  6244039
            8192     128 1372423 3577348  5708730  5724900 5802240 3563251 5516264  7649426  5785631  3624901  3315039 5386547  5681356
            8192     256 1289063 3663551  5167806  5351312 5371390 3884297 5523358  7032563  5851647  2752565  3483062 5400092  5626466
            8192     512 1388732 2974661  4903066  5050818 5175590 3204958 5472336  6627005 11554130  3077228  2939542 5347148  4995015
            8192    1024 1308005 3172701  5152307  5221205 5316535 3649155 5188093  5712526 10064936  2962862  2915349 4456628  4982701
            8192    2048 1210028 2645131  4770989  4784941 4503356 2930766 4373245  3465148  5712526  2532446  2481778 4397311  4525898
            8192    4096 1227054 2294043  3697057  3686744 3596445 2518339 3749096  2621518  3792965  2237573  2684185 3325949  3294063
            8192    8192 1106280 2297264  3882541  4168957 4304757 2501290 4063449  2621518  3863768  2640861  2722467 4222236  4131362
           16384       4 1024260 2828217  4921609  5227880 4346911 2283736 4750476  5755011  4507434  2538227  2503277 4917031  4776562
           16384       8 1256347 2949991  5992904  6047756 5273212 2721045 5706741  7413259  5490615  3057350  3153165 5971034  5736755
           16384      16 1238103 3396942  5521940  5809993 5490615 3024118 5736755  7791495  5641619  3072249  3430518 5753084  5870546
           16384      32 1387548 2922640  5405531  5820327 5626377 3185763 5550485  7220096  5732926  3095917  3343719 5849558  5858035
           16384      64 1360786 3421806  5752602  5872553 5815894 3384394 5760801  7895336  5977786  3297194  3370451 5728625  5693031
           16384     128 1364217 3424705  5535284  4854508 5708638 3589083 4984437  7481050  4924783  2816509  2927246 4086843  4358490
           16384     256 1383888 2033252  4915976  5696807 5407233 3906556 5129541  6516903  5479669  2969110  3295138 5298828  5425162
           16384     512 1412272 3483734  5616719  5475740 5684554 3696820 5536622  6921919  5744908  3423340  3183844 5405106  5382246
           16384    1024 1225889 3211820  4876209  5503367 5310703 3768175 4092928  6046159 10069074  2531495  2684165 5249445  5588400
           16384    2048 1221488 2849443  4748835  4978299 4817414 3113732 4605923  3863074  6427303  2379664  2331860 4603454  4653330
           16384    4096 1221879 2544524  4100010  4059322 4021550 2751772 4179557  2785457  4134048  2372762  2394673 4159319  4194609
           16384    8192 1162317 2553601  4206420  4210802 4206420 2633151 3986555  2749460  4109326  2444679  3180749 3988406  3932713
           16384   16384 1187422 2619700  4149023  4122886 4006778 2644704 3971809  2728391  4027679  2435582  2671019 4127839  4198966
           32768      64 1248539 3605258  6170983  6195463 5838824 3528435 5644818  7768509  5804547  3208805  3389637 5619660  5968650
           32768     128 1353600 3417535  5545514  5909368 5707643 3621598 5136022  6049035  5534126  2948650  3483717 5831639  5619660
           32768     256 1376456 3300266  5306563  5409107 5397423 3534879 5574756  7184545  5567980  3124336  3242111 5351607  5572721
           32768     512 1396044 3492659  5408894  5499800 5445109 3570324 5396576  7148298  5197986  3181029  2978685 5424264  5447699
           32768    1024 1357410 3069011  5316827  5369169 5452237 2840246 5124914  5330643  5360374  2484848  2861832 5566176  5614839
           32768    2048 1228825 2773641  4948509  4811141 4647320 2846186 4593270  3982952  4751758  1732216  1877714 4334409  4714109
           32768    4096 1180059 2500444  3870559  4051998 4061938 2530926 4081722  2880486  4115085  2120650  1672926 1658552   955108
           32768    8192 1000977 2211058  3627524  3695906 3704673 2365078 2697854  2474914  3762172  2192015  2173779 3591784  3588690
           32768   16384 1057679 2323495  1579634  2073273 1909781 1517307 3845973  2689617  4036527  2266107  3130313 3973279  3909757
           65536      64 1018761 3321795  5756387  6001464 5854594 3280565 5670648  7797113  5695321  3063293  3393688 5719258  5810413
           65536     128 1337990 3513229  5659906  5809922 5678966 3419738 5704304  6981415  5479169  3152276  3285505 5732139  5873985
           65536     256 1377849 3498785  5287760  5437226 5398357 3598735 5359517  6807479  5364747  3222000  2108496 5404088  5480917
           65536     512 1342289 3214126  5207420  5449082 5381026 3455288 5411216  6896982  5602800  3039144  3236492 5362131  5444549
           65536    1024 1368526 2683809  5461750  5407277 5402282 3462949 5325563  6321094  5499889  2729866  2775064 5408554  5445520
           65536    2048 1233777 2440564  4689564  4709086 4692846 2690534 4853772  3982710  4845216  2028861  2076480 4767236  4894043
           65536    4096 1217416 2474442  4044891  3877209 4021398 2453154 3881315  2001589  3310234  1871014  1901955 4060966  4095271
           65536    8192 1179618 2387713  4066252  4118958 4017167 2536808 4046916  2796151  3718143  2064705  2138415 3985886  4019164
           65536   16384 1159231 2485427  4059946  4014703 4006101 2116190 4176662  2853863  4048644  2326362  2458947 4008321  4075658
          131072      64 1164411 2923940  4179323  4532991 4877448 2517948 5626356  7483865  5804818  2637214  2758837 2525664  2427662
          131072     128 1009146 2854913  5569245  5704233 5469564 2874768 5512341  8099914  5510187  2575393  2770837 5693069  5735177
          131072     256 1266345 2798240  5464291  5491308 5456968 2884694 5309146  7231554  5509966  2664232  2789720 5157290  5558096
          131072     512 1296472 2854661  5427606  5474575 5572801 3011621 5251082  6607101  5403015  2643707  2773773 5486978  5433453
          131072    1024 1250232 2929768  5409289  5430984 5502576 2963694 5361493  6914923  5516490  2324796  2436150 5323129  5430984
          131072    2048 1113657 2334074  4742471  4833918 4623689 2445556 3703535  3276299  3752322  1676520  1945667 4108978  3610809
          131072    4096 1080845 2080605  4048937  4048937 3919246 2197311 4043309  2843763  4027550  1740897  1778771 4012616  3985996
          131072    8192 1142079 2194994  3913303  3875345 3841603 2297572 4094594  2863210  3903024  1747604  1916621 3466155  3810001
          131072   16384 1171291 1925381  4021598  4102661 4101008 2215856 3961181  2845500  4114390  1927643  1971745 3807020  3913888
          262144      64  166260  167302  5831535  6045597 5618186  118543 5412052  8159592  5840612   165949   170145 5451687  5047432
          262144     128  169068  154708  5618674  5842443 5546959  121169 5407474  8104380  5537098   124634   176655 5427092  5749176
          262144     256  164572  159078  5341147  5393998 5368189  123924 5210367  7080385  5322712   174412   171304 5240690  5322815
          262144     512  174863  157900  5287923  5447932 5483717  140851 2511075  4476587  5099874   154298   170285 5262034  5423799
          262144    1024  175230  159804  5369369  5505960 5157575  167318 5354804  6803622  5507780   172904   169626 5354804  5504664
          262144    2048  165170  141532  4414613  4708812 4679135  133831 4514524  3715824  4768071   178599   176490 4583020  4772231
          262144    4096  161347  165377  3190265  3325355 3492976  170727 3292721  2564005  4056567   180455   178381 3827705  3968871
          262144    8192  170931  165760  3888624  4058154 4112386  181018 3854313  2757874  4078158   197943   199363 3865058  3885106
          262144   16384  171283  160224  3901719  3920557 4001646  179010 2822975  2765727  3913872   214721   202581 4006969  4025365
          524288      64   62496   86210  5686112  5958285 5400075   25698 5641445  8124586  5782767    93718    90922 5846727  5995780
          524288     128   92742   87169  5321486  5706474 5413409   44900 3969113  7751150  5564853    92484    90049 4849080  5013220
          524288     256   89213   76635  5334084  5512665 5423596   56112 5202303  6951503  5446918    89321    92350 5374288  5463278
          524288     512   85842   82783  5224539  5601125 5390584   62488 4833572  6328474  5209797    85837    77784 5529354  5681616
          524288    1024   93140   83863  5529132  5671974 5727416   63784 5106883  5434439  5362139    85596    76447 5559015  5701947
          524288    2048   85367   70374  3305142  3554661 4714019   82253 4236844  1915627  4855419    87863    88006 4869935  4702427
          524288    4096   86231   89064  4147779  4216332 4130980   93874 4103276  2356933  3457111    92520    92674 4084323  4023051
          524288    8192   92323   88630  4111739  4052805 4116974   94050 4103276  2759500  4182626    94755    94117 4055100  3940945
          524288   16384   91816   81486  3165037  3699438 3731428   89360 4051618  2416329  4341933    90576    87810 3726281  3726470

iozone test complete.
