	Iozone: Performance Test of File I/O
	        Version $Revision: 3.420 $
		Compiled for 64 bit mode.
		Build: linux-AMD64 

	Contributors:William Norcott, Don Capps, Isom Crawford, Kirby Collins
	             Al Slater, Scott Rhine, Mike Wisner, Ken Goss
	             Steve Landherr, Brad Smith, Mark Kelly, Dr. Alain CYR,
	             Randy Dunlap, Mark Montague, Dan Million, Gavin Brebner,
	             Jean-Marc Zucconi, Jeff Blomberg, Benny Halevy, Dave Boone,
	             Erik Habbinga, Kris Strecker, Walter Wong, Joshua Root,
	             Fabrice Bacchella, Zhenghua Xue, Qin Li, Darren Sawyer,
	             Vangel Bojaxhi, Ben England, Vikentsi Lapa.

	Run began: Thu Oct  3 13:05:36 2013

	Auto Mode
	Command line used: iozone -a
	Output is in Kbytes/sec
	Time Resolution = 0.000001 seconds.
	Processor cache size set to 1024 Kbytes.
	Processor cache line size set to 32 bytes.
	File stride size set to 17 * record size.
                                                            random  random    bkwd   record   stride                                   
              KB  reclen   write rewrite    read    reread    read   write    read  rewrite     read   fwrite frewrite   fread  freread
              64       4  520419 1226821  4897948 1290201710821524 4274062 2467108  4897948 10402178  3541098  2662899 2892445 12902017
              64       8  653436 1452528  5860307 1597288510821524 5283570 2772930  4564786 12310336  4274062  2772930 3738358 12902017
              64      16  503814 1484662  6421025 1290201715972885 5283570 4897948  5860307  3791156  4018152  1452528 3541098 10402178
              64      32  720041 3203069  7100397 1597288510821524 5735102 3022727  6421025  7293312  4018152  2278628 4897948 15972885
              64      64  852702 2298136 12902017 3048429715972885 5735102  639427  5860307  6421025  5860307  3588436 5735102 22737791
             128       4  670413 1663139  5122535 12842051 9795896 4407601 4407601  5545860  3468030  4012317  2464907 3785961 10567140
             128       8 1067750 2004703  3982553 1420079412842051 5545860 5603747  7176872  6727225  4934216  1504659 3982553 12842051
             128      16  876086 2004703  5847904 1801235915881078 5847904 3468030  6812590 10779307  5325799   962469 5784891 10779307
             128      32  907174 2066432  6727225 1801235916365173 6114306 5122535  5325799  6114306  5122535  4267461 6406138 15881078
             128      64  962469 2377579  7476717 1458662515881078 6114306 4135958  6727225  4557257  3867787  6727225 4889281  2066432
             128     128 1278855 2608629 12842051 1588107815881078 6045455 5784891  6406138  3867787  6114306  3124872 6812590 15881078
             256       4  690151 2325094  5810112 1281227710245071 4734192 5022044  5569035  5117791  4132864  3245838 5841722 12812277
             256       8  790209 2692393  6554972 1516462413454450 5687020 5938650  7314033  7120034  5117791  4132864 6249745 15164624
             256      16  828628 3557725  3454704 1607260814353744 6107548 4132864  7314033 10651598  5455847  4132864 5841722 14953435
             256      32 1148625  621448  5347168  593865014164395 5540300 4652146  7120034  9192546  4819184  3605511 5687020 15164624
             256      64 1208072 4404088  6398720 1709624915164624 6554972 6398720  8024634  7314033  1952947  4572895 5687020 15164624
             256     128 1224606 2943325  8024634 1416439513625180 6554972 5938650  7314033  6554972  4477549  6398720 5117791  7791708
             256     256 1306564 3654598 12812277 1345445013454450 5841722 1707589  6107548  6398720  5938650  4819184 6249745 14164395
             512       4  866338 2722449  5214798  9859630 9145790 4000485 5384786  5566231  2548017  3795443  3634839 5684095 10911694
             512       8 1021732 1803387  6086873 1503780112797441 5384786 6018636  7435738 10044089  4973263  3941742 3029721 14628067
             512      16 1463057 3299730  6571132 1462806713783088 2681653 3012719  7115451  6491676  5398323  4485083 6571132 14240069
             512      32 1086890 4411377  6999490 1503780114240069 6551087 6571132  7871843  6843354  5684095  3177664 6246213 14628067
             512      64 1388334 3659616  6652558  430525014146265 6652558 2958758  7871843  8394979  5744919  4871723 6652558 15143846
             512     128 1510391 4030519  7211022 1462806713872122 6472112 5744919  7647578 11138071  5331314  5127637 5807059 14146265
             512     256 1138158 2405320  8234036 1310994412797441 6319739 3012719  6652558  7871843  4650188  6736026 6174377 13109944
             512     512 1127402 4340054 13109944 1352271113438092 6246213 2875558  6319739  6156675  6228097  3346002 4195896 10434519
            1024       4 1073257 3151562  5958564 12173747 9655828 4270175 5444898  3849207  7319232  2461573  2803859 5018624 11773301
            1024       8 1374474 2820430  4949226 1487147712492426 3591693 5751117  7577494  8750850  5226256  4356809 6519323 14044758
            1024      16 1264413 4232305  6776473 1404475813305116 5950309 5593820  4550690  8895850  5390231  3483896 5720477  9064828
            1024      32 1400926 3999762  6650556 1404475813472053 5690162 5356618  6918376  9655828  5310258  4215688 5789881 14044758
            1024      64 1342258 4029784  6692005 1461839313998981 5917516 5065980  7927135 15240881  5042191  3894582 6163794 11903823
            1024     128 1360111 4014717  6431462  985523412944224 5363307 5853003  7319232 13472053  4531485  4282950 5845038 13472053
            1024     256 1316341 3249318  6918376 1263947912983353 6244448 4270175  4029784 10557785  3738636  5175871 5950309  5821271
            1024     512 1347311 4110780  8183918 1330511613102174 3804877 6059442  4162573  8061038  4300102  5983467 6059442 13142265
            1024    1024 1314327 2461573 10454984 10769573 7269678 3655895 5536137  5682634  3835457  6059442  4741598 5917516 10906310
            2048       4 1034457 2715922  5750369 10607402 6543188 3924484 5197183  5900467  7112016  3418463  3127245 5689430 10131961
            2048       8 1292923 3922692  4997618 1205087811983630 4023754 5953632  7616502  8749118  4056054  3194702 6207471 12398764
            2048      16 1286533 4122233  4983122 1183503311770166 4120256 4509611  7698414 10726615  5032754  3261415 5006356 11983630
            2048      32 1219675 3079044  6132138 12729493 9525260 5800851 5904523  8229438  6623917  5172149  4511980 5107566 12050878
            2048      64 1321364 3657149  6608629  8159088 8713618 6167360 4911886  8431376  7036283  5277002  3637020 5937172 13639023
            2048     128 1295458 2649737  6114678 1220498012561952 6132138 5626082  5277002 14840791  3984558  3630870 4674016 11246230
            2048     256 1359854 4240255  4521480 1183503312398764 4441984 5738844  6321679  8059569  4796687  4472047 5816563 10903620
            2048     512 1439137 3175804  5032754 1107227511917129 4472047 5800851  5626082  7112016  5009275  3864455 4572018 10240672
            2048    1024 1067761 3151337  7670915  8325147 9990553 5251194 5626082  6261772  7817519  3862718  4686767 4500161  9062970
            2048    2048 1095821 2938934  5970183  6851089 6185123 4257067 5018054  4301837  5172149  2687036  3430751 5359311  6340344
            4096       4 1093158 2866748  5278308  5759634 6908408 2794017 4638436  4988629  5988509  3042943  2284616 5139356  5711761
            4096       8 1316182 2598755  5490871  7408930 7502762 3439547 5418140  7863339  6293440  3949571  3349029 5178081  7367624
            4096      16 1375951 3806915  5777065  7582234 7342434 3676563 6049663  6585338  7529067  4028288  3770983 6291135  6503078
            4096      32 1390316 2898672  5535098  5634950 9019223 4219226 6103394  7742845  6883496  4376138  3709909 5292944  5231694
            4096      64 1408554 3842678  5513780  6804432 9414629 4329816 4830139  7515892  7085049  4315676  3730856 5476867  6358661
            4096     128 1432156 3806915  6007355  7061751 7892238 4751325 5833956  7339297  6300364  4076076  3303309 3503374  1551537
            4096     256 1449924 3673419  2339368  3202328 4035859 3912691 5649775  6086096  9773474  3686820  3548968 5151685  6595451
            4096     512  843688 3456849  5761565  6471234 6758923 3757786 4471821  6815229  9202815  2944377  2919360 3740604  3991785
            4096    1024 1288444 3500519  5869835  6291135 4819300 2432442 4751325  6330545  4887857  3904688  3012001 4137927  3831537
            4096    2048 1175350 2864359  5664678  4713521 4842392 3102848 3167493  1841791  1900679  1396986  3571100 4581535  4471821
            4096    4096  897458 2135523  2792200  4059701 4252647 2860067 3300136  2784507  3637640  2809093  2398148 3260676  3158176
            8192       4 1000959 2442611  5072442  4873164 2783561 2398785 4313945  4964702  4122934  2545768  1821656 4013610  5439416
            8192       8 1177517 3201076  5107124  5069448 4893987 1939386 4765695  7275280  4192356  2985517  2445392 4919916  5161595
            8192      16 1286409 3152036  5685116  4774304 5467982 3289963 4313945  7122952  4602281  3124235  3250744 5129233  5638469
            8192      32 1415331 3517291  6072979  5765244 6239504 3644510 5468852  6877717  5557305  3691893  3411816 6019780  6059057
            8192      64 1336600 3532479  5704938  5614514 6359610 3481651 2785592  6709830  5880691  2999591  3383593 5993529  4620849
            8192     128 1422244 3361415  5630154  5603526 5728718 3906377 5167806  6409435  5855636  3484475  3541581 5214865  5721087
            8192     256 1401820 3680425  5047850  5104089 3393619 3102794 5155399  6872214  5764277  3382261  3346356 5113965  5576245
            8192     512 1411436 2360227  5254742  5231540 4108146 3770075 4724413  6947247 12298542  3214854  3292485 5417973  5350479
            8192    1024 1377706 3404716  4224832  5479317 5274909 3247978 4997921  5231540 10738070  3049913  2551249 4255178  5558204
            8192    2048 1122360 2714509  3399327  4528283 4628318 2635797 1864357  1515928  2856454  2069264  1937964 3554036  3397646
            8192    4096 1151048 2468938  4118980  4118487 4055775 2760083 2533940  2531513  3771317  2358122  3165394 4073566  3938618
            8192    8192 1228765 2362824  4083733  4005655 4075982 2544071 2943571  2679789  3890014  2837582  2796019 3957671  4124419
           16384       4 1024565 2854888  5587946  5484918 4564014 2438434 4880365  5597504  4647979  2814203  2723849 5241038  4436432
           16384       8 1233083 2960157  5726715  5931862 4721428 2587933 4346911  5722423  5317690  2731536  2764725 5354150  6187150
           16384      16 1307254 2901906  5624535  5134524 5559465 2734254 4725649  7258993  4700115  2379664  3200004 5175124  6072338
           16384      32 1267798 3176485  5511311  5430735 4966426 3186353 5781155  7831452  5748753  3288043  3387898 5651827  4800252
           16384      64 1200302 3477036  5889665  5811959 5748753 3705192 5591583  7957506  5820327  3505415  3484441 5868040  5756940
           16384     128 1362378 3512043  5303735  5634219 5620854 3531899 5268360  7370324  5590219  3173991  3200600 5107050  4485076
           16384     256 1462713 3401313  5636067  5446662 5499843 3601686 5132990  7001613  5459210  3419082  1635951 5042962  4595758
           16384     512 1419888 3535533  5696807  4452241 4915624 3618375 5457909  6365386  5537068  3215577  3251329 5464853  5067880
           16384    1024 1334208 2776454  4475437  5641619 5121513 3529540 5349148  6809433 11314072  3020131  3013905 5275236  3719430
           16384    2048  869780 1342838  3609632  4906849 4867574 2676220 4655852  3741300  6077171  2226034  1507971 4589312  4827566
           16384    4096 1185190 2497182  4043557  3714404 3197473 2594087 3769001  2768958  3826292  2190624  2324603 3337548  3261204
           16384    8192 1248223 2537383  4078596  4026734 3997920 2502092 3978477  2501363  3771690  2134489  3086600 3891733  3969973
           16384   16384 1144698 2319738  3979629  3905668 3847070 2625204 3942189  2583457  4077628  2442854  2783539 4054532  4114493
           32768      64 1156690 3400876  5786219  5865236 5452237 3463089 5607051  7505073  5483344  2717752  3410835 5855491  6042386
           32768     128 1320388 3579623  5077205  4566259 5468725 3314592 5361419  7543381  5700778  3012835  2936490 5419772  5379677
           32768     256 1442704 3631646  5432411  5193861 5452237 3482923 4700566  6081691  5103220  3039420  3358082 5101705  5461337
           32768     512 1412225 3323329  5093009  5409958 5360374 3628386 4979166  6733966  5585177  3132668  3386880 5361210  5629097
           32768    1024 1337581 3178013  5378835  5100001 5291852 3287635 5038859  5708592  5293686  2605586  3004602 5418063  5370218
           32768    2048 1184463 2608503  4897199  4952075 2412784 2666656 3454732  3213157  6243874  2144073  2000368 4444294  4188576
           32768    4096 1216329 2412106  4136761  3210604 4003837 2535642 3830751  2263755  4038900  2028954  2106867 4019175  3794370
           32768    8192 1146578 2552833  4055944  3945562 3245020 2424916 3896346  2540188  3940810  2366421  2361988 3869578  3088390
           32768   16384 1172589 2527993  4017178  4003487 4086212 2551222 3944996  2680647  3824462  1985715  3066136 3723139  4040443
           65536      64 1070030 3390716  5740159  5561424 5330313 3228054 5216215  7836457  5003893  3017194  3213487 5689781  5627807
           65536     128 1356967 3468061  5557152  5601887 5441854 3379377 4970864  7006149  5358681  3091892  2546372 3657538  4772450
           65536     256  964149 2230250  2886651  5335072 3559220 2707868 2761625  6024086  3603264  2494427  2093401 3092936  4498319
           65536     512 1245477 2957272  5166411  4991716 2959788 2236419 4164955  6537271  3507983  2309145  1747166 3028463  5221169
           65536    1024  922236 2062768  5136867  2842707 5199540 2485989 3657538  3487997  3609604  1900194  1950473 4393982  3546729
           65536    2048  923925 1429289  2926356  3222793 4019869 1701084 2466537  2280391  3711165  1717269  1452998 4236333  2545476
           65536    4096  754858 1415365  2243538  2353350 2461546 1767523 2441258  2091267  3432635  1629641  1704449 2371747  2334145
           65536    8192  897373 1712103  1490670  2454074 2319198 1881980 2424848  1776674  3197526  1668557  1583646 2439546  2367212
           65536   16384  994670 1696465  2279199  2796265 2467645 1838822 3097152  2433284  3291446  2101243  1822824 2606520  2634070
          131072      64 1021908 2063541  4897304  4599820 4915345 2287667 3905020  6617201  4800446  2437781  1992310 3933378  4488762
          131072     128 1186870 2106684  3890429  4595321 4513675 2498892 3202178  7837776  3761256  2368148  2168099 3878900  4594323
          131072     256 1114899 2096146  3868147  4622523 4121639 2438322 3753270  4802207  4185592  2191329  2023461 3731691  4032513
          131072     512 1090167 2083846  3785133  3735418 4084615 2409721 3795560  4717362  3853911  1872243  2064773 4281860  4009543
          131072    1024  881547 2175546  4508863  4565213 4431984 1982482 4479873  4321408  4056705  1652616  1660127 4469639  4058562
          131072    2048  867280 1828802  3127827  3593085 3576605 1878788 3527607  2026220  3261062  1371821  1262127 3419308  3265692
          131072    4096  911576 1708755  2317847  2747325 3212714 1893093 2771312  2154166  3169666  1469005  1484964 2848714  2968174
          131072    8192  965141 1849187  2337399  3252554 3180963 1880163 2814572  1976751  2633500  1357767  1616435 2924080  3263172
          131072   16384  965327 1690465  2805008  3216567 3020589 1846058 2982910  2320763  3028810  1625055  1625175 2400064  2981551
          262144      64  169023  172995  4470398  4916879 4880908  128080 4536710  6832031  4920686   180796   168714 3930845  4506124
          262144     128  178367  149785  3660965  4506143 4502876  137350 4467038  6547408  4756479   167006   166702 4160548  4387712
          262144     256  169617  137583  3162662  3735746 4183932  146961 4532539  5830886  4713718   180798   171572 3591945  3506847
          262144     512  166052  125346  3598952  3908043 4237221  165577 4034967  5944436  4593935   183389   173035 4213111  4572709
          262144    1024  173757  163173  4126369  4619198 4086100  162632 3933094  4489381  4253581   147858   167915 3578570  4341574
          262144    2048  171774  166333  3414485  3235353 3290908  172334 3110544  2591532  3461057   175849   164361 2634161  3476938
          262144    4096  175807  156235  2709860  3112825 3184841  170616 2526522  2230405  3119643   173719   174555 3027908  3196330
          262144    8192  167465  157557  2672455  3173268 3154867  182165 2454070  2319797  3032702   185129   182932 2565890  3171740
          262144   16384  165265  173794  2644768  3227224 3157567  179131 3008512  2256557  2953272   215845   207363 3240101  3112208
          524288      64   62933   94451  4253168  4940894 4666522   29770 4406782  6855669  4544480    94371    95683 3946759  4930215
          524288     128   91014   93568  3957484  4768079 4827344   51656 4260221  6686322  4642386    89192    95098 4373434  4652611
          524288     256   97519   92127  4352236  4594749 4452664   57926 3959102  6249483  4556448    98557    93837 3585466  4650456
          524288     512   96831   92477  4222850  4710031 4587703   63920 3925454  5853450  4416092    98447    91310 3888052  4834412
          524288    1024   95293   91196  3982260  4217820 4364623   87722 3605382  4734745  3936007    98202    92195 4098688  4189942
          524288    2048   96240   93371  2963096  3475761 3483778   90508 2920044  2588015  3349464    99273    99634 3391979  3441632
          524288    4096   97847   92590  2969194  2975727 3027924   96366 2685528  2094186  3098595    98457    98302 3610426  3291508
          524288    8192   95968   93349  3832267  3632384 3745289   99866 3288702  2581874  3644605    99040    97517 3716589  3698418
          524288   16384   96931   92573  3682007  3753734 3767761   99498 3816080  2641622  3871568   102831   102727 3881977  3710299

iozone test complete.
