	Iozone: Performance Test of File I/O
	        Version $Revision: 3.420 $
		Compiled for 64 bit mode.
		Build: linux-AMD64 

	Contributors:William Norcott, Don Capps, Isom Crawford, Kirby Collins
	             Al Slater, Scott Rhine, Mike Wisner, Ken Goss
	             Steve Landherr, Brad Smith, Mark Kelly, Dr. Alain CYR,
	             Randy Dunlap, Mark Montague, Dan Million, Gavin Brebner,
	             Jean-Marc Zucconi, Jeff Blomberg, Benny Halevy, Dave Boone,
	             Erik Habbinga, Kris Strecker, Walter Wong, Joshua Root,
	             Fabrice Bacchella, Zhenghua Xue, Qin Li, Darren Sawyer,
	             Vangel Bojaxhi, Ben England, Vikentsi Lapa.

	Run began: Thu Oct  3 13:05:37 2013

	Auto Mode
	Command line used: iozone -a
	Output is in Kbytes/sec
	Time Resolution = 0.000001 seconds.
	Processor cache size set to 1024 Kbytes.
	Processor cache line size set to 32 bytes.
	File stride size set to 17 * record size.
                                                            random  random    bkwd   record   stride                                   
              KB  reclen   write rewrite    read    reread    read   write    read  rewrite     read   fwrite frewrite   fread  freread
              64       4  400168 2203800  4897948 1597288510821524 4274062 4274062  4564786 10402178  3541098  3203069 2662899 12902017
              64       8  809014 3363612  6421025 2096219112902017 4897948 5283570  5735102 12310336  4897948  3541098 5860307 20962191
              64      16  842003 3363612  7100397 2096219115972885 5283570 5860307  5860307 10402178  3363612  4274062 5389653 20962191
              64      32  866463 3588436  7940539 2096219115972885 5860307 5389653  6421025  7940539  3588436  4897948 5860307 22737791
              64      64  901377 3791156 15972885 2096219115972885 5860307 5389653  5283570  6421025  5389653  4274062 6421025 20962191
             128       4  889145 3124872  5847904 1284205110779307 4407601 4934216  5122535  8548124  4135958  3199360 5325799 11720614
             128       8  757430 1684006  6812590 1588107812842051 5122535 5603747  6406138 14200794  4717434  3895854 6114306 16365173
             128      16  761728 3895854  2571150 1420079414200794 5122535 5784891  6727225 12842051  5122535  4135958 4012317 16365173
             128      32  503723 3053774  7582312 1636517314200794 5545860 5545860  6812590 11720614  5545860  4759253 6727225 16365173
             128      64 1123617 4135958  9129573 18012359 5847904 5784891 3277486  6406138  9287508  3657016  6114306 1939522 16365173
             128     128  927549 3895854 14200794 1636517314200794 5784891 5784891  5847904  6406138  5784891  4407601 2511022 12842051
             256       4  844929 3043436  5971678  6249745 9868433 4422226  736041  5320671  9518507  4332998  3454704 5717301 12090911
             256       8 1126926 3275543  6554972 1516462412661199 5117791 5569035  6554972 11207494  4840911  3667079 5810112 14164395
             256      16  701422 2030503  4840911  9518507 7965107 3316006 4819184  6398720  9434868  3159869  3197509 5347168  9868433
             256      32 1195962 2557711  6936061 1583556914164395 5971678 5810112  7735574 13454450  5687020  4496299 6761355 15835569
             256      64 1173737 2719671  1778290  9868433 9518507 1740810 4009406  3326279  8534922  4840911  2192179 5347168 14353744
             256     128 1070737 3410808  4840911 1516462414164395 6398720 4929815  5117791  5938650  4332998  6554972 1871263 14164395
             256     256 1123389 3511189 12812277 1416439513454450 6107548 5938650  6213578  6107548  4332998  4132864 1740810 13454450
             512       4  984720 2613128  5624545 11877300 9510316 1890713 4375425  4784885  8394979  2942541  2521095 4742616 11138071
             512       8  573303 2668325  5822804 1424006912146009 4784885 5384786  6319739  9468384  4375425  3533174 5951911 13872122
             512      16 1276891 3580298  5822804 1424006912797441 4784885 5624545  7540170  6571132  5177083  3822466 5331314 14240069
             512      32 1032540 3580298  5822804 1503780114240069 6319739 6246213  7988981  7334159  2427068  3849877 6395018 14240069
             512      64 1326585 3905895  6652558 1558341714628067 6652558 6491676  8140399 13109944  5744919  3877684 5331314 15583417
             512     128 1296941 4061007  3145087 1462806713872122 6472112 2337255  6174377  9145790  5495016  5278892 5684095 14146265
             512     256 1098566 3993047  8234036 1310994413109944 6104175 5807059  6632013  6999490  4610256  6571132 6035551 13109944
             512     512 1316016 3628697 13109944 1343809213109944 5951911 5886650  6174377  6018636  6174377  4973263 2651850  5624545
            1024       4  959596 3181915  5917516 12037272 9655828 3999762 5390231  5200941  6974549  4162573  3567824 5758828 11368190
            1024       8 1281389 2225595  6519323 1442204512639479 4356809 3908759  6918376  8262639  4232305  2716948 6025439 13998981
            1024      16 1336827 3671521  6479979 1423090213102174 1617808 5564829  7537599  7631350  5065980  4060261 4995276 13818817
            1024      32 1239956 3955557  6874084 1442204514044758 3631168 6529233  8122014 12492426  5417427  4379019 6650556  6280976
            1024      64 1352402 4249053  6874084 1482016114422045 6208343 6479979  8122014  8262639  5564829  4589593 6244448 14820161
            1024     128 1189476 4099011  6519323 1404475813818817 6208343 6093831  6489770  9765601  5336651  4488860 6128613 14044758
            1024     256 1169078 4304412  6830356 1310217413142265 5144870 5917516  3894582 10557785  5120336  3923040 6025439 12983353
            1024     512 1429841 4182843  8326715  595030913102174 6025439 5720477  6559147  8199542  4741598  6364746 5983467 12983353
            1024    1024 1347311 3852659 12790037 1368670912639479 5720477 5751117  5885083  6163794  5950309  4700088 2528227 11645609
            2048       4  848069 2976615  5416763 10726615 9796850 3618634 5447681  4490751  5916724  4138120  3127245 5769681 10143926
            2048       8 1189279 3696494  6359119 12257227 9853037 4451191 4686767  6041567  5832361  3855782  3112514 5319484  8531869
            2048      16 1130283 3282603  5611381  7933034 7846081 3319389 4330028  6202989  5785224  4231899  3234398 4472047  9944290
            2048      32 1147956 3245396  5212953  9268323 8540351 3618634 5225638  6717153  4358590  3470953  2905140 4490751  9268323
            2048      64 1201254 1887563  5937172 1177016612187663 4968710 5159722  8059569  6649556  4338776  3165272 4911886 11015480
            2048     128 1237599 3240499  4831762  867840410726615 5567735 4312636  6321679 11502234  3644736  2980747 4347560  7189398
            2048     256 1145354 2575842  5655716 1118764112187663 4403275 5475461  6317030 10179991  4207028  3696494 4460436  7698414
            2048     512 1209031 2562778  4405533  6939647 7343043 4006862 4180412  4994712  7213548  3319389  3154809 5144271  9853037
            2048    1024  684740 2763097  4231899  4709895 3586902 1779631 2734075  2602375  3165272  1978424  2319218 3702868  4276140
            2048    2048  546718 1468162  2723672  3276342 2937929 1730862 3637020  2162183  4284671  1695335  2126323 3230749  3929871
            4096       4 1069144 2279462  4773769  3676563 5133213 2610206 3571100  5178081  2842558  2661562  2012682 4648477  4214051
            4096       8 1212599 2944881  3969648  4253700 3509816 2905044 3548968  6804432  5761565  3266255  3042943 5178081  5679660
            4096      16 1053475 3454069  5469892  5926533 8096815 3723578 4946971  6826060  6149271  4158963  3399392 5769304  5818150
            4096      32 1211060 3703511  5556581  7200866 9419791 4329816 6096896  7173805  6651630  4153935  3824713 6103394  7612471
            4096      64 1426211 3878244  5375755  7161842 9287391 4438318 6086096  7123239  6828774  4321103  3867766 5961494  6649056
            4096     128 1416335 3734100  5928578  6850558 8981502 4470657 4817948  6758923  6471234  3934195  3719547 5794602  6398924
            4096     256 1327265 3650781  5544029  6815229 7012747 4510565 5440445  7314299 12299398  3810292  3747131 5519094  6024207
            4096     512 1474944 3923414  5411313  5580043 7697744 4179197 5634950  6608135 11539362  3806071  3686029 5360658  6024207
            4096    1024 1333757 3611639  6503078  6989921 6330545 4016047 5304384  5402804  9914481  3770983  3693161 5389246  5438722
            4096    2048 1286418 2632605  4723889  5340661 4887857 3107900 3586757  3555579  5139356  2725317  3945943 4924283  4791076
            4096    4096 1199811 2588965  4235870  4244242 4248440 2484145 4007615  2816923  4315676  2663212  2714551 4062581  3961410
            8192       4 1088925 2807442  4861443  5378116 2211079  659903 4852518  4001923  4694077  2814110  2778833 5261179  4824582
            8192       8 1201523 2647780  5162371  5817959 5809106 2931016 4409161  7080386  5872650  3208849  3055609 5838720  6122759
            8192      16 1280369 3523423  5454094  6081578 5948908 3332724 4779617  7032563  4686395  3186234  2292665 4702429  4937591
            8192      32 1238420 3199884  4589372  5885728 6077276 3754011 5645881  7447157  4876623  2681462  3262473 4513413  5558204
            8192      64 1406122 3658870  5490700  3847758 6330318 3108970 5257958  7507362  4776959  3600968  3274287 6150158  5598961
            8192     128 1298858 3708229  4853203  5842692 5472336 3915726 5302587  7197556  6001904  3426104  3615366 5901904  5607184
            8192     256 1297435 3670204  5361332  5407741 5406890 3747460 5126172  5966469  5842692  2752785  3585187 5411147  5309142
            8192     512 1371000 3600968  5676663  5526912 5424817 4055296 5524246  6748045 11751717  3387931  2522221 5261179  5553712
            8192    1024 1343604 3473906  4757117  5893805 5572627 3500806 5082195  6450345 11523131  3268991  3120547 4853203  5382328
            8192    2048 1181242 2828705  4776295  5165475 4689593 3177689 4713395  3812324  6032463  2632364  2663998 4740709  4893290
            8192    4096 1177517 2585031  4122934  4194915 4171488 2763857 4150325  2783561  3820802  2332509  3291223 4183678  4135340
            8192    8192 1174458 2400964  3986600  4027724 4069706 2366241 4081792  2807442  4259926  2811117  2739834 4077917  4264155
           16384       4 1105902 2816625  5563066  5428590 4387991 2439213 4954252  5669079  4837421  2773204  2640436 5115033  5196256
           16384       8 1229751 2944682  5843092  5897753 5237842 2649905 4837421  6804039  5592038  3151430  3095359 5667209  5714334
           16384      16 1301140 3169745  6085782  5893706 5370049 3072798 5484918  6812133  5724807  3208221  3411275 5957575  6012304
           16384      32 1328790 3572662  5123422  5593404 3926197 2894206 3049887  6684900  4385470  2925751  2780273 5736755  5851550
           16384      64 1302175 1339122  6001278  5563066 5945205 3510608 1988364  4725649  4637315  3409075  2970265 4419598  5791875
           16384     128 1136990 3154468  4462939  5078742 5720994 3386396 5430306  7498192  4582885  2715239  3223269 5595681  5746830
           16384     256  745776 2886547  4824516  5085131 3838046 2986010 4313622  5814418  5132990  2661090  2978375 4570084  5005860
           16384     512 1201876 3614378  5227880  4848685 4758701 3514378 5380560  5298828  4952824  2478627  1876975 5439763  5680795
           16384    1024 1108364 3254717  3070464  5010605 5463116 3219494 3920374  4495933 10428149  3045427  1920997 2396009  4148773
           16384    2048 1269179 2622299  5061534  2935625 3956488 1519441 3245035  2856787  1023284  1852136  1500366 2240988  4164865
           16384    4096  911232 1969953  3163617  3018406 3062391 2469719 2611437  1806989  2842019  2059331  2265516 2681965  3029584
           16384    8192  855701 1152415  3683346  3863291 4127096 2105324 2618502  2207442  2712560  1698504  2596832 2976182  2817549
           16384   16384  780257 2131973  3332854  3522665 3400640 2314113 3324630  1484869  3155627  1516490  2085011 2376536   563991
           32768      64  960568 2228192  2927047  4480223 5052938 2977008 5590857  5965282  4283347  3043660  3224237 5499800  5081146
           32768     128 1156291 3090751  5434129  5770186 5143133 3344029 5302263  7184545  4579801  3077395  3184125 4801225  5436064
           32768     256 1315295 2559965  5525005  5296338 5292055 3262118 4368993  6702441  5270746  2554209  3245326 5245400  4604812
           32768     512 1235364 2873139  5088295  5175086 4756528 3069080 5347235  6933725  5357866  3121356  2754298 5516578  5228637
           32768    1024 1256449 3315952  5539702  5417208 5426834 3236690 5265697  6362677  4239613  2618093  2423462 4711362  5209611
           32768    2048 1138646 2359636  3889839  4623556 4397229 2616797 3740160  3725763  5330643  1673456  1904119 4455243  3930442
           32768    4096 1058225 2364549  3463874  3225524 3882916 2418686 3859148  2670127  4012721  1750239  1933559 3897229  3983529
           32768    8192 1065485 1899487  3975693  3620358 3778202 2423291 4092904  2655629  3320679  2266107  2141567 3851038  3871868
           32768   16384 1115849 2310876  3812897  3905535 4058459 2183657 3828937  2600409  3980068  2261111  2030603 3525358  3249854
           65536      64  902414 3260834  4583910  5010734 5655015 3113359 5522985  7180379  5330727  3051154  3371708 5811027  6101509
           65536     128 1269140 3614160  5195118  5484635 5524428 3488926 5607486  8184834  5246281  3223776  3358238 5596982  5790462
           65536     256 1323451 3558667  5075593  5174970 5212852 3389503 5166022  7140649  5367366  2863705  3100541 5047075  5073625
           65536     512 1288964 3462034  5535107  5190997 3893520 3549018 5344615  5430995  4515017  2785553  3279273 5242379  5371772
           65536    1024 1310534 3325210  4794844  4791417 4657147 2758355 5216611  6063152  5291526  2713696  1796789 4678469  4261421
           65536    2048 1109950 2219445  3910247  3761905 3675388 2305736 4576203  3478727  4648248  2036422  2003792 4511904  4174823
           65536    4096  789877 1379848  2679649  2399720 2104750 1942492 2679544  2070396  3278139  1619292  1432261 2585533  2546679
           65536    8192  797311 2292582  2842707  3988546 3730607 2259472 2595910  1962743  2869864  1790936  1915808 3855510  3998293
           65536   16384 1175954 2552520  3615349  3706561 3566794 2329102 2856117  2506345  3716886  2217941  2335911 3851621  4023341
          131072      64  923093 2692086  5909713  5771847 5688121 2939229 5608791  6342374  4575586  2250240  2668020 5899059  5698025
          131072     128 1144245 2813060  5568060  5064222 5369558 2887997 5567835  6963094  4959555  2342827  2722388 5168830  4312019
          131072     256 1173786 2509466  5519758  5259874 4996244 2833620 5409714  5109453  5243919  2763261  2691796 5242269  5452476
          131072     512 1148867 2782195  3821681  5504890 5264558 2595896 5277294  6954901  5262442  2818641  2812283 5247874  5189763
          131072    1024 1064249 2691809  5344605  4753255 4564910 2775299 5219078  6703782  5299474  2463341  2494470 5296257  5091142
          131072    2048  987858 2367333  4676949  3790195 3842624 1920975 4746074  3138559  4664845  1852952  1381626 2082622  3177121
          131072    4096  956045 1878763  3986372  3770440 3178425 1830025 3997299  2706759  4010275  1475585  1840822 2714095  3240494
          131072    8192 1042055 2111953  3565702  3531301 3389311 2008278 3977086  2536806  3963580  1793119  1800071 4064743  4064623
          131072   16384 1096413 2175107  4021363  4082219 4091912 2218208 3409152  2744048  3657752  1873736  1959104 3990133  4023217
          262144      64  164988  144513  5868857  6146684 5638960   97541 5239192  7542173  5615861   151223   170078 5616005  5932345
          262144     128  168427  156145  5419896  5778029 5559552  104014 5186869  7667455  5330634   151853   163614 5507476  5644663
          262144     256  137073  140333  4967572  5382617 5028458   93844 4824243  7136080  5249072   134704   147267 5197142  5142090
          262144     512  145547  122336  5008301  5019894 4779471  133910 5192528  6610788  5461680   138574   125457 5319467  5422916
          262144    1024  158843  138754  5083064  5327483 5158180  132445 4221263  5280051  4965598   149444   157286 5116106  5531972
          262144    2048  158326  143804  3597609  3914471 3976464  154437 4199208  3346916  4271112   156254   157610 4489290  4550077
          262144    4096  161561  149258  3779951  3879075 3666605  171936 3343120  2507090  3879185   161070   146083 3704119  3925133
          262144    8192  152523  129929  3473632  3552383 3607525  144569 1022131  2174134  3405085   162558   158027 3560873  3819342
          262144   16384  163020  125263  3695032  3832615 3824683  171938 3509903  2628324  3525377   195215   152643 3712035  3766769
          524288      64   52614   80249  5123745  5571847 5135951   21752 5380073  6679174  4523577    85148    86480 5905402  5946523
          524288     128   87703   76242  5024319  5303607 4691441   28135 4349309  7822760  4971534    86817    87503 5659959  5736695
          524288     256   85412   80349  5071117  5173298 4839508   44553 5256070  6761340  5393956    88978    85835 5352612  5546131
          524288     512   85670   82317  5114307  4573706 4644229   61208 3699438  5319542  4753166    82773    86072 5411331  4923901
          524288    1024   86787   77946  5382061  4422878 4691241   59159 5223447  5080654  5318127    88485    78333 4153467  4621973
          524288    2048   86731   81963  4650210  4311076 3829797   81578 4285151  2665363  3829211    89508    81220 3668892  3485335
          524288    4096   87482   79091  3984525  4072711 3880998   64296 2012298  2387728  3233868    87721    90256 3141085  3712109
          524288    8192   88173   77111  3153631  3315382 3387240   87273 3408916  2235207  2967563    88737    83953 3554857  3645923
          524288   16384   86356   78842  3887096  3413578 3393932   88762 3870369  2239245  3141521    90921    91784 3825919  3362781

iozone test complete.
