	Iozone: Performance Test of File I/O
	        Version $Revision: 3.420 $
		Compiled for 64 bit mode.
		Build: linux-AMD64 

	Contributors:William Norcott, Don Capps, Isom Crawford, Kirby Collins
	             Al Slater, Scott Rhine, Mike Wisner, Ken Goss
	             Steve Landherr, Brad Smith, Mark Kelly, Dr. Alain CYR,
	             Randy Dunlap, Mark Montague, Dan Million, Gavin Brebner,
	             Jean-Marc Zucconi, Jeff Blomberg, Benny Halevy, Dave Boone,
	             Erik Habbinga, Kris Strecker, Walter Wong, Joshua Root,
	             Fabrice Bacchella, Zhenghua Xue, Qin Li, Darren Sawyer,
	             Vangel Bojaxhi, Ben England, Vikentsi Lapa.

	Run began: Sun Oct 27 20:00:36 2013

	Auto Mode
	Command line used: iozone -a
	Output is in Kbytes/sec
	Time Resolution = 0.000001 seconds.
	Processor cache size set to 1024 Kbytes.
	Processor cache line size set to 32 bytes.
	File stride size set to 17 * record size.
                                                            random  random    bkwd   record   stride                                   
              KB  reclen   write rewrite    read    reread    read   write    read  rewrite     read   fwrite frewrite   fread  freread
              64       4  789967 2379626  9318832 15972885 9006179 3791156 7940539  4274062 10821524  2892445  2662899 7100397 12310336
              64       8  863676 2561267 12902017 2096219112902017 456478610821524  5735102 12902017  4564786  336361212902017 22737791
              64      16  877797  561808 12902017 2273779115972885 5283570 9006179  5735102 15972885  4564786  401815212902017 20962191
              64      32  831569 2772930 12902017 2096219115972885 538965310402178  2561267 15972885  5283570  4897948 6421025 15972885
              64      64  771797 2689580 15972885 2096219115972885 586030710821524  5860307 12902017  5860307  401815210402178 20962191
             128       4  921183 2969325 10567140 1420079410567140 4012317 7082197  4934216  9129573  3895854  3468030 9795896 11470204
             128       8  935631 4135958 12842051 1172061414200794 512253510567140  5325799 16365173  4557257  444408611720614 15881078
             128      16  659704 4759253  9129573 1801235914200794 554586011720614  6406138 15881078  4934216  493421612842051 15881078
             128      32 1196221  831319 12842051 1588107814200794 584790410779307   789741   969421  5122535  554586012842051 15881078
             128      64 1111981 4717434 14200794 1588107815881078 611430612542043  6727225 14200794  4012317  803630412842051 18012359
             128     128 1231904 3982553 14200794 1636517316365173 604545511470204  6406138 12842051  5784891  578489112842051 15881078
             256       4 1053922 3756894 10758322 12090911 9868433 4054829 9518507  3823789  9192546  1439707  278311510245071  9518507
             256       8 1248819 4572895 13454450 1416439512228612 499866510245071  4572895 11695808  4755158  351118912812277 13454450
             256      16 1180188 4840911 13454450 1495343511091721 393592112228612  7120034  7965107  4819184  492981512812277 14353744
             256      32 1195962 5117791 12812277 12228612 5022044 584172211695808  6107548 15164624  5320671  556903513454450 14353744
             256      64 1213534 5022044 13454450 1607260814164395 639872011569783  7314033 14953435  5217259  534716814164395 11569783
             256     128 1347557 4819184 13454450 1516462413454450 180216712090911  7120034 14164395  4819184  853492210245071 14353744
             256     256 1306564 4819184 10245071 1281227712812277 5569035 8271916  5810112 12228612  5242734  568702012228612 11569783
             512       4 1075459 3481620 11374040 11620224 3351224 4030519 9638369  5177083  8844453  3849877  345918810856530 11138071
             512       8 1224470 3527371 13109944 1387212212215097 497326312215097  6551087 10694336  3941742  3877684 8701110 11683444
             512      16 1082507 4532414 13438092 1424006912797441 269511511374040  7211022 12499490  2509312  248607213438092 13872122
             512      32 1323315 3941742 12427157 1343809212797441 6035551 8665997  7115451 14240069  5019764  507912612427157 13109944
             512      64 1260404 3158966 12797441 1387212212797441 617437712215097  7410080 13783088  5439343  533131412797441 13109944
             512     128 1289930 4973263 12146009 1310994412499490 223508611683444  7410080  3628697  5566231  601863612146009 10434519
             512     256 1309596 4701087 11374040 1194335711683444 580705911080601  5886650 11877300  4571003  787184311374040  8808176
             512     512 1094088 4784885  3684733 1249949011943357 580705911374040  5760329 10235583  2678309  582280411683444 12499490
            1024       4 1172909 2837198  4614246 10878686 7941793 3179559 8525047  5120336  8970167  3684119  3684119 8457895 10230845
            1024       8 1250425 4451639 12492426 1364323211645609 453148511520658  6918376 11645609  3966517  419510012348754 12639479
            1024      16 1306332 4474829 12639479 1347205312492426 516964111903823  7113161 11773301  4265934  3281592 5417427 12983353
            1024      32 1374474 3472628 12208350 1381881712983353 386653311249091  7699755 12828238  5200941  294214912828238  5885083
            1024      64 1286763 5330028 13102174 1423090213472053 656917912639479  8061038 16037624  5444898  556482912983353 13863422
            1024     128 1291406 4826859 12313351  582127112983353 655914712208350  4392454 15516181  3544270  3436508 3031444 12037272
            1024     256 1368780 4832290 11489839 12313351 9855234 5991815 9064828  6650556 12639479  5417427  5120336 4972145 12071103
            1024     512 1422266 4810640 10878686 12456195 5363307 581339210557785  3937426  4396951  4741598  3220084 9569770 12313351
            1024    1024 1432225 4634161 12492426 1113246212639479 5853003 8262639  5950309  9946527  2432298  5071963 8750850 12492426
            2048       4 1204792 2925920  5235193 10037248 8749118 3060395 7670915  4751580  8029434  3561619  4128177 7846081  6780783
            2048       8  960541 3506373  6759439 12959958 7419150 3757946 4046500  5184636  7135648  2737561  3012103 8866519  6097316
            2048      16 1371579 1423162  9944290 1319892311983630 5107566 6690992  6483920  7419150  3915540  316061310503637  7846081
            2048      32 1424342 3744839  9308497  822943813118295 348928210889797  7556202  6518362  4178378  3878414 6503556 12729493
            2048      64 1414259 3835124  5172149  652331213748169 7262337 7082696  4807425  6321679  4071433  3489282 9140117  8423109
            2048     128 1454489 4164199  8128206 1241668613219235 5754221 8949659  7042051 15738081  4900677  4403275 6503556 12635867
            2048     256 1454489 3915540  4327846 1101548012274742 4412322 4188565  6378005 12187663  2223755  3070239 6154104  7286980
            2048     512 1057248 2579710  6243566  718939811835033 4396514 6266340  4923146  7496851  2888532  3624742 5461535  8987113
            2048    1024 1408461 3414387  6498636  7207495 6717153 3901313 5670651  4500161 10401883  2913021  2837016 6359119  9796850
            2048    2048 1330781 3189957  4785996  6603549 5018054 3319389 3892474  3261415  4071433  2144371  3506373 4104506  6321679
            4096       4  863578 1827683  5396016  8013724 6216019 2671911 4659824  4964124  6207035  3042943  2278253 4612286  3509816
            4096       8 1256866 3330202  5519094  6693092 4000150 2592481 4965558  4875373  5527974  3540193  2872500 4357270  6300364
            4096      16 1179384 3605576  4586428  6693092 6060333 3217321 4911613  5936773  5802430  3052133  2838800 5424983  6060333
            4096      32 1128709 1883178  2994153  4922872 4779081 2542602 5769304  5217395  7515892  3768502  2934319 3300770  2522072
            4096      64 1128338 3580030  4633432  6293440 5674032 3061379 3580776  5728903  6605595  2921843  3054847 5179642  3234889
            4096     128 1429772 2160499  4136930  6490793 4664886 3592757 5649775  5572803  6410863  3398719  3433360 4071246  3720353
            4096     256 1439717 3567392  5211065  5089116 5250883 2200063 4576653  4813898 10190895  2842558  2919360 5119446  5810280
            4096     512 1165621 1693965  4456740  4768469 7286380 3494822 6522830  3637640 11222762  3102848  2955520 4676314  4526013
            4096    1024 1362529 2622157  5810280  2588965 5818150 2985308 4893426  5918366  9751284  3036489  2940345 4335279  4137927
            4096    2048 1263429 2192762  3700320  4456740 3743865 2423862 3720353  2609016  4137927  2632605  2723157 2116840  3574071
            4096    4096 1068346 2151300  5089116  2133136 3673419 2581185 2861973  2247848  3856480  2737912  2105942 3168077  3419011
            8192       4  182368 1593768  4293461  3261235 3441891 2033264 4976206  4836126  3727135  2748821  2296650 2722467  4168957
            8192       8 1342502 2635797  5457560  4724413 3017239 2426568 4051471  4749227  4578974  2208662  2817109 5038228  3483062
            8192      16 1226703 3154351  4992112  4830687 7647724 2663172 5393311  6996761  5595314  3396638  3400672 5038228  4946832
            8192      32 1441457 3013006  4730266  4807705 4771651 2773226 7255309  7250716  4454894  3114889  3379267 4952536  4280090
            8192      64 1231319 2880400  5688881  5501249 5527801 2392605 4599816  6709830  4946832  3014063  3410461 5736369  5676663
            8192     128 1384758 2922540  4899570  4740709 4576535 2646761 5572627  6258825  4110112  2836411  2847459 5117011  5817959
            8192     256 1224692 3082197  4673010  4853203 6149057 3371310 4787608  5572627  4929091  2282007  3319202 4346140  3148282
            8192     512 1185194 3502234  4830007  4568624 4604748 3364377 4890505  6350207 15697939  3279287  3297857 4985593  5085204
            8192    1024 1438982 3557348  5649594  5542961 5022761 2943571 4081792  6282859  9011667  2632364  2702765 3227537  4336267
            8192    2048  982723 2295882  4521133  2861450 3728753 2373105 3456781  3538663  5997714  2052699  2182844 3044239  4216536
            8192    4096 1145255 2074386  3165394  3949937 2710655 2483931 3267748  2411581  3114889  2066651  2645131 3847758  3375284
            8192    8192 1004294 1969174  2803547  3078607 3663551 1539911 2536933  1618009  3054251  2586588  2336633 3274287  3291223
           16384       4 1011982 2082105  5226290  5134524 3638298 2405823 3920597  3848578  4707843  1565763  2305650 5227880  3987481
           16384       8  979135 2940398  4667870  5232657 4443604 2843430 5280100  5258282  5174735  2371779  2495640 5525936  4820455
           16384      16 1221032 2529910  5822300  5919089 4708166 2662430 4867574  7031703  3869600  2493015  3080788 4854508  5097579
           16384      32 1320847 2889703  4430425  5908402 5194684 2578127 4554938  8155834  5801655  2911126  3040845 4030513  4501234
           16384      64 1219494 3506846  4319587  5677040 4193585 3236019 4937877  7491652  4634813  2449036  3024517 4818765  5793340
           16384     128 1203455 3166532  4957111  5110468 4683777 3374589 5472251  7934536  4056446  3248256  2952653 4435287  5038156
           16384     256 1275208 3442720  4337856  5041113 5298828 3305918 5156872  5561265  4687931  2506655  2496819 4838784  4096100
           16384     512 1152666 3113591  4242255  3645053 4181592 3545566 5149144  4864818  4364580  2262086  2697864 4642641  4747523
           16384    1024 1129459 2802039  4396975  3933614 4203333 3124350 4417325  5178244  8003847  2173511  2473720 5085131  4952824
           16384    2048 1172631 2102682  3548678  4344712 3931813 2397430 3127336  2720183  4720455  1829211  1828189 4327475  4382953
           16384    4096 1105991 2004897  3107677  3417722 3519778 1942116 3302422  2316063  3468962  1890816  2041103 3503092  3360233
           16384    8192  941713 1902490  3783944  3981474 3479325 2590372 3692648  2627312  3754381  1893891  2478717 3409751  2708070
           16384   16384 1161001 2422958  3865247  3284115 3252714 2175850 3211369  2311234  3093687  2157813  2367611 3918585  3107115
           32768      64 1258174 3104154  5945927  5311690 5553805 3152862 5334989  7703197  5021920  2884778  3289681 5620580  4459436
           32768     128 1312407 3211955  4320104  5404427 4975380 3327754 5389381  6789856  5022654  2391290  3305266 5577470  4257210
           32768     256 1143449 3012571  4405969  4364415 5020269 3177352 5165944  5631173  4366633  2584225  2746921 4086333  4451492
           32768     512 1182872 2863860  4664512  4587444 5270746 3371510 4872545  6143125  5391283  2810968  2388838 4675143  4246818
           32768    1024 1236898 2489033  5109671  4642610 4392591 2685886 4159924  5613922  4137383  2136241  2572038 4861687  4947619
           32768    2048 1063894 2401443  4112377  4712816 4118662 2297126 4263417  2366951  4526556  1642929  1876099 3673089  3584758
           32768    4096 1046334 2418856  3266693  3484159 3722433 2474335 3650649  2463602  3111322  1719732  2111625 3842317  3492304
           32768    8192 1125858 2102934  3634431  3266693 3268635 2053387 3062105  2245925  3271514  2177291  2095431 3156845  3282374
           32768   16384 1110063 2326760  3729908  3767741 4069997 2633898 3378803  2456029  3337208  1987754  2795417 3319636  3696801
           65536      64 1262252 3001282  5083007  5585155 5520655 3044766 5370512  7173446  5046705  2748976  3007324 5792902  5749284
           65536     128 1179810 2787446  5136867  4833799 4512867 3213487 4479844  6794691  5085829  2660276  2859593 4692126  5066144
           65536     256 1215521 2959788  5117644  4239861 4288681 3116147 4507909  6520368  4327299  3033075  3051730 5247583  5268605
           65536     512 1135864 3192994  5334554  4862444 4557462 3533734 5169617  6519595  4744197  2877043  2590870 4463114  5214533
           65536    1024 1279896 2954761  4899888  4640636 4779836 3008311 4620433  6279793  5115548  2483833  2775540 5133221  4500160
           65536    2048 1113367 2373364  3608609  3868696 4226497 2377696 4036457  2447366  4092649  1819795  1744140 3907912  3582787
           65536    4096 1088333 2191994  3054307  3163996 3197340 2098900 3212398  2495197  3291130  1555453  1733350 3630821  3288965
           65536    8192 1123478 2340306  3313426  3134948 3351727 2273657 3635816  2705762  3387916  1752301  1920251 3869350  3465132
           65536   16384 1042191 2251624  3158071  3363580 3446018 2174033 3162613  2401103  3854159  2193814  2029356 2757691  3339958
          131072      64 1062550 2436506  4968609  5552931 5057746 2241350 5430984  6179127  3125285  2059937  2433615 5414616  5254846
          131072     128 1140549 2250784  4706539  5187657 5278560 2472125 5220515  6394382  5096475  2248813  2455683 4657376  4791868
          131072     256 1050779 2789650  4357303  4357718 4208566 2479182 4541492  6773744  5190351  2365927  2577119 4557417  4511971
          131072     512 1178939 2416606  4407856  4540704 4917895 2504527 4796425  5291516  4899006  2108761  2387732 3829374  4880349
          131072    1024 1053430 2463904  4154028  4550627 4560139 2367414 4394537  6136023  4809602  2091966  2408971 4490925  4947459
          131072    2048  894352 1973415  4208856  4064864 4185178 2188546 3723225  3010384  4142072  1498822  1617153 3545352  4231273
          131072    4096 1001123 1942670  3155240  3271989 3357537 1967955 3117116  2332618  3124627  1510186  1616753 3213878  3294341
          131072    8192  952136 1896325  3445625  3440665 3712037 2393178 3692069  2439598  3607420  1725585  1682956 3594354  3391088
          131072   16384  941027 1749723  3224812  3498981 3753936 1988591 3283284  2403400  3238833  1837518  1656036 3522499  3509367
          262144      64  152062  147273  5341355  5665751 5238793  122187 5304198  6712328  5063145   149163   150018 5540753  5708314
          262144     128  154635  145319  4897671  5029516 4731487  125415 4609380  6446411  4927323   153623   145949 5002650  4945942
          262144     256  143796  146514  3783398  4572709 4793807  130213 4567846  6670668  5161037   157955   153841 4978233  4876990
          262144     512  151684  128430  4650497  4930284 4865229  143224 4542670  5612507  4706011   160619   133986 5068723  4983355
          262144    1024  135115  141852  4556979  4623510 4396836  148003 4850826  5912407  5076165   157260   149642 4778951  4628181
          262144    2048  147532  137535  3717721  3859644 3875411  146939 3611542  3056824  3981951   164964   148346 3692067  3735682
          262144    4096  148200  139110  3541341  3388891 3291824  152593 3500572  2419152  3621522   166651   165355 3393231  3259397
          262144    8192  149650  149895  3348720  3401545 3250869  155863 3625379  2581196  3519419   164877   157867 3752845  3309849
          262144   16384  151985  131620  3489019  3386313 3429417  153456 3500895  2359787  3234230   191655   184356 3631354  3386960
          524288      64   57262   75606  5204421  5025387 5126850   27873 4944861  7637571  5377968    79519    74384 5164125  5518642
          524288     128   75606   74574  4763834  5357645 5007809   37712 4914910  7208687  5098642    83001    80241 4898334  4753588
          524288     256   82122   73554  4571395  4712918 4853715   52635 4730304  6285908  5110373    81498    78957 4600064  4778285
          524288     512   81171   75772  4793095  4867272 4790161   61110 4692082  5951931  4867359    81571    80917 4863075  4658683
          524288    1024   82444   77319  4816517  4580088 4915184   59007 4823574  5529299  5010924    75626    80341 4802621  4822907
          524288    2048   81942   76412  3997222  4132090 3924635   61943 3831452  3142140  4084034    83029    79209 4023264  4140867
          524288    4096   81074   75500  3520883  3301183 3296996   77353 3408319  2444049  3350408    82748    80978 3412201  3751985
          524288    8192   81444   76415  3601544  3409714 3348138   80450 3272279  2093217  3405152    84895    80072 3504040  3614259
          524288   16384   81713   77308  3295108  3372689 3645318   78771 3740771  2484705  3730390    84508    79792 3680504  3471322

iozone test complete.
