	Iozone: Performance Test of File I/O
	        Version $Revision: 3.420 $
		Compiled for 64 bit mode.
		Build: linux-AMD64 

	Contributors:William Norcott, Don Capps, Isom Crawford, Kirby Collins
	             Al Slater, Scott Rhine, Mike Wisner, Ken Goss
	             Steve Landherr, Brad Smith, Mark Kelly, Dr. Alain CYR,
	             Randy Dunlap, Mark Montague, Dan Million, Gavin Brebner,
	             Jean-Marc Zucconi, Jeff Blomberg, Benny Halevy, Dave Boone,
	             Erik Habbinga, Kris Strecker, Walter Wong, Joshua Root,
	             Fabrice Bacchella, Zhenghua Xue, Qin Li, Darren Sawyer,
	             Vangel Bojaxhi, Ben England, Vikentsi Lapa.

	Run began: Thu Oct  3 21:42:31 2013

	Auto Mode
	Command line used: iozone -a
	Output is in Kbytes/sec
	Time Resolution = 0.000001 seconds.
	Processor cache size set to 1024 Kbytes.
	Processor cache line size set to 32 bytes.
	File stride size set to 17 * record size.
                                                            random  random    bkwd   record   stride                                   
              KB  reclen   write rewrite    read    reread    read   write    read  rewrite     read   fwrite frewrite   fread  freread
              64       4  633392 2662899  5283570 1597288512902017 4274062 4564786  4564786  3791156  3541098  1304314 4207076 12902017
              64       8  627470 2662899  6421025 2096219115972885 4897948 2923952  4564786 12902017  4564786  3588436 5860307 20962191
              64      16  633392 1421755  5860307 1290201710821524 5283570 5860307  5860307 10402178  4564786  4018152 5389653 20962191
              64      32  720041 1526887  7100397 1231033612902017 5283570 3363612  5860307  3363612  3791156  4897948 3791156 12902017
              64      64  592827 1638743 10402178 2096219115972885 5860307 4274062  5389653  3738358  5389653  2923952 3738358 15972885
             128       4  770474 1802755  4267461 11720614 9795896 4596273 5122535  5545860  3277486  4012317  2464907 5603747 11470204
             128       8  852438 2286447  6114306 1588107814586625 5122535 4012317  6727225  6114306  4407601  2098744 4407601 12842051
             128      16  859260 2166499  4557257 1636517315881078 5784891 4717434  6727225  4717434  4934216  2066432 4759253 12842051
             128      32  908709 1858934  4407601 1636517314200794 6114306 3657016  6727225  4444086  5122535  2511022 4135958 11720614
             128      64  895074 2166499  8036304 1801235915881078 5784891 3867787  6727225  7476717  4596273  6406138 5603747 11720614
             128     128 1152564 3560017 11720614 1801235916365173  953918 5122535  5603747  5603747  6114306  4407601 5545860 11720614
             256       4 1028679 2392442  5971678 1345445010245071 4672389 5022044  5455847  4070199  4264168  3326279 5687020 12228612
             256       8 1185399 2639446  6398720 1516462412812277 5428265 4496299  7120034  9434868  4496299  3236056 4734192 14164395
             256      16 1045710 2754556  5022044 1516462413625180 5687020 6249745  7314033 15164624  5022044  3009318 6595234 14953435
             256      32  725106 2726577  6398720 1345445015164624 6073004 6107548  7314033  9114515  5347168  1790149 6398720 15164624
             256      64 1128110 2984226  7073132 1709624914953435 6398720 4734192  7518900  7120034  5938650  4929815 5687020 15164624
             256     128 1089202 3410808  7120034 1516462414164395 6107548 5569035  6398720  6249745  3950402  5687020 4840911 13454450
             256     256 1312954 3557725 12812277 1345445013625180 5938650 1652404  5569035  5428265  4054829  4652146 5810112 13454450
             512       4  936209 3201349  2187279 1279744110044089 4228947 5278892  4131319  9304292  4000485  2141475 5744919  3913012
             512       8 1237168 3081897  5951911 1424006912146009 4973263 6104175  7309196  9859630  4882800  4163357 6319739  2845081
             512      16 1282994 3481620  6571132 1424006913109944 5951911 6246213  7647578 11877300  5278892  1551867 6246213 14240069
             512      32 1347393 3604335  6999490 1503780114240069 6395018 5177083  7309196 10434519  5439343  4532414 6246213 13783088
             512      64 1361920 3459188  7022379  343704212797441 6174377 6174377  7758090  6909408  5227492  4411377 5951911 13438092
             512     128 1055894 3659616  7022379  866599713438092 5951911 5624545  7211022  9145790  5624545  2891043 5886650 12499490
             512     256 1429934 3970896  8109658 1221509712797441 5684095 5744919  6174377  7871843  4494470  5886650 5509113 13109944
             512     512 1365383 4163357 12499490 1310994412797441 5744919 5744919  3081897  5760329  5453155  4532414 4163357 12797441
            1024       4 1183902 3181915  5720477 11489839 9300377 3863055 3010197  2553783  7699755  4064103  3696803 5845038  9485232
            1024       8 1335165 3738636  6569179 1404475812492426 5144870 5444898  6874084  9064828  4142499  3532609 5853003 12639479
            1024      16 1395010 4064103  4456258 1035416610158253 3631168 5821271  4470172 10134284  4594502  4195100 4920874 12944224
            1024      32 1389145 3970183  6519323 1423090213472053 5472650 5472650  7485055  9591140  5065980  3461434 6364746 13818817
            1024      64 1343938 3142339  3923040 1399898113643232 5363307 5853003  7699755 14668318  5096034  4265934 2985091 12348754
            1024     128 1448162 4079544  6559147 1381881713643232 5950309 4178773  6479979  8840915  4146499  4392454 4095102 13686709
            1024     256 1468964 3101494  6559147 13142265 9485232 5917516 5782087  7066349 10134284  5451810  4265934 4339202 11903823
            1024     512 1216082 4300102  8262639 1347205313305116 4949226 6025439  6609617  8262639  4832290  4130547 5507740 12037272
            1024    1024  872108 3495237  8750850 1330511612492426 4949226 5789881  6059442  3778101  2625597  3631168 5536137 12037272
            2048       4  639617 2909075  5674397 11015480 9431138 2290767 5372719  3644736  5953632  3671217  2726266 4707314 10192069
            2048       8 1324829 3165272  6149699 1413269812327589 4276140 6114678  6261772  6895083  4040790  3436240 5197183 10048990
            2048      16 1431225 3960675  6459541 1401738613219235 4945823 3567536  7556202  8574451  4875642  2968386 5852228  8713618
            2048      32 1386411 4284671  4358590 1083485412635867 5144271 6075753  7846081  8498106  4994712  3901313 4720248 10401883
            2048      64 1455475 3297725  4240255  711201613219235 5852228 5933071  8067138  9483197  5095447  2868277 6167360  7609754
            2048     128 1343897 4231899  5816563 1330111313949098 5916724 6243566  8229438 13748169  3696494  4196751 4186524  9708272
            2048     256 1317918 4276140  5444228 1164254311770166 3764533 5785224  7013303 12118884  4709895  3892474 3862718  8029434
            2048     512 1354493 2680329  6786139  883006111966935 5644567 3282603  3407614 10240672  4540600  4451191 5083385 10780463
            2048    1024  323382 3357009  7846081 11835033 8097557 5068389 5107566  4196751  8128206  4581773  5225638 5626082  7368238
            2048    2048 1013943 2102899  4274012  6523312 7237860 4276140 5319484  4231899  3006831  3786104  2362594 4934459  3969827
            4096       4  885067 2870101  4681411  5704175 5603704 2534724 5133213  3670280  4592558  3029528  2339050 4347346  4994430
            4096       8 1133999 2818772  4395170  6468797 8459632 3527834 4964124  7314299  4853336  3795980  3370712 4617244  5719367
            4096      16 1258339 2946902  5469892  7656576 9105266 3615440 4180214  5468151  5689064  4257917  2950952 5504946  4965558
            4096      32 1293781 3124291  5672159  7877762 9679859 4785737 5587302  8112108  7460407  4467170  3419692 5306022  7380284
            4096      64 1286900 3138560  3313502  4591331 4946971 3047261 6131713  7877762  7161842  4112175  3458937 5184332  7339297
            4096     128 1360371 3110150  5431844  7351860 6815229 3324403 4399673  8288219  7261741  4347346  3686820 4597474  5792648
            4096     256 1225225 2503695  5746149  5818150 7760332 3864287 5353976  6522830 12919082  3506950  2996241 4729091  5535098
            4096     512 1379155  962414  5424983  5728903 5849848 3730856 5044289  6041154 10528134  3501232  2389808 5044289  5411313
            4096    1024 1267718 2206846  4995882  5050220 5299475 3540193 5006072  6461498 10215133  3394019  2676907 4218190  5133213
            4096    2048 1008634 1907855  5490871  5263753 4408705 2974454 4915829  3319264  4617244  2622157  3243439 5184332  5454263
            4096    4096 1068279 1833339  2979096  3175103 3631489 2406546 4491697  2913419  4280194  3107900  2159141 3546770  3949571
            8192       4 1010110 2441743  1945315  2027744 2547089 2250617 2824984  5004472  4646469  2872214  2801719 5230743  5261179
            8192       8 1224910 1631531  3267748  3335636 3856828 2443827 3203763  3934558  5200658  2869335  1670802 5475825  4961834
            8192      16 1227054 1831854  3897515  4031505 4260454 3034024 5607184  6415419  4589372  2868377  3249514 5159270  4961834
            8192      32 1265001 1721015  5038228  3771317 3775046 3117149 5806161  7891886  5939652  3397646  3169189 5378957  5296049
            8192      64 1263188 1957953   594615  1659345 2187430 1742309 2405839  3730372  5010310  3375284  3462355 3919746  5642173
            8192     128 1285254 3642578  4922735  5688881 6230453 3976911 5194368  6754678  4120462  2920552  2736997 4589372  4404639
            8192     256 1417784 3866376  5028642  5923270 4566196 3623372 4166935  6883228  5007390  2819883  3466546 4815791  4498640
            8192     512 1443273 2695556  5688881  6040947 5953031 3751142 4768340  5572627 12338289  3463751  3158120 5565406  4760413
            8192    1024 1145752 2703616  6187815  6316353 5911041 3966810 5661696  6703285 11534736  2774122  1423482 3660039  3154351
            8192    2048 1340354 2091305  4203126  4187757 3222694 2132713 4235769  3828039  4910774  2691966  2158165 3886494  4413692
            8192    4096 1132273 1822043  3853368  2988893 2976723 2429313 2683137  2386125  3315359  1798110  2779732 3839160  3600968
            8192    8192 1107778 1869022  3181514  3723500 3912159 2449751 3423373  2818033  2951916  2531513  2747063 3439135  3150880
           16384       4  909916 2586277  5383933  4735418 4398382 2405486 4805959  5847069  4243565  2777464  2519060 5075366  5329650
           16384       8 1137216 2695641  5123041  5836640 5342079 2890554 4786543  6548575  4623276  2995773  2987698 5408935  5568926
           16384      16  690288 2833114  6176029  6347747 5845080 3059119 5336686  7037464  5992382  3086739  3023453 5432023  5851550
           16384      32 1389063 3432574  5303735  5966368 6171037 3423170 6173255  7634813  6068049  3111899  3518877 5855539  5651827
           16384      64 1316192 2970778  5696807  5064519 5444935 3245035 4400917  8023471  6237129  3421125  3132753 5576609  5769022
           16384     128 1356944 3161143  5738671  5722423 5889161 3510608 5370049  6258145  4837421  2733492  2858808 4379601  4448494
           16384     256 1008803 3650474  5019388  5064892 3278631 3668598 4351590  6095499  5542427  3355966  2707217 4963198  4630753
           16384     512 1327173 3296561  4908251  5080244 5251451 3442893 4480106  6756542  4491232  2438088  2811324 4873097  5559465
           16384    1024 1060374 2222506  3911003  1969445 5166953 3232214 3552531  6734690 11530489  2641349  2302097 5355819  5813926
           16384    2048 1084745 2245602  2176677  4111539 2997341 2029769 4453395  3892615  5342079  2277454  2101846 3417552  3820124
           16384    4096 1086116 1827363  3784569  2409112 4321760 2734362 2816509  2304027  3727905  2432650  2564369 3855921  3288043
           16384    8192 1087836 2705831  2622700  2766728 2805013 1815199 3701798  2137809  3021193  2182484  1936643 4429283  4450799
           16384   16384 1150082 2785457  3815670  4469034 4320673 2550000 3603953  2625204  3317889  2483913  2241865 4296899  4455994
           32768      64  760735 2866129  5739823  2765938 2101872 1948388 4717507  7652585  5540819  3282688  3526444 5762928  5560546
           32768     128 1290327 3027369  4407947  5902009 5940530 3090473 5630250  4311566  4423980  2026590  3312276 5979556  6037874
           32768     256 1072110 1384192  5030375  3983991 5503544 3414818 5321356  3694714  3734672  2029733  2956896 5134487  5199559
           32768     512  705539 3398857  3732542  4268316 5475916 3677709 5136022  6948448  4281213  1755201  3249470 4223847  5665294
           32768    1024 1224108 3235014  5802832  5019536 3412952 1642752 3269957  4435975  3431186  1404303  2953148 5463073  4004420
           32768    2048 1135373 1562235  5119187  5144095 4981512 2935362 3187891  3596108  2894987  1461746  1571147 2813442  2867863
           32768    4096 1028759 2554446  2390957  3621980 3564491 2261260 4162066  2246071  3875580  1542095  1777492 2111041  2029104
           32768    8192 1090233 2492644  3442014  3393151 3576456 2333713 4204851  2213764  2704064  1677234  1788270 4152509  2924369
           32768   16384 1043831 2660822  3551687  3669853 3715590 1960618 3985955  2645559  4043891  2513063  3255011 4016709  4118662
           65536      64  799559  613053  6035064  6361470 5184340 3030299 4612989  7960137  5280040  3169176  3012201 6473990  5877125
           65536     128 1347593 3240995  6255213  5652689 5172925 3003775 4307296  7529497  5124035  2434663  2873494 6194319  5560974
           65536     256  991015 3201249  5919524  5904140 5789974 3827807 5617686  5563788  4453930  2308253  1972079 5459580  4489429
           65536     512 1426027 2694965  5848863  5876120 5921182 3755839 5468160  5938836  5577109  2489209  2197585 5919015  4493098
           65536    1024 1220340 3726561  5750727  6023558 5914302 2507694 3161849  2292582  4428457  2788040  1964454 5373137  4225653
           65536    2048 1090665 2873884  4728040  2644078 3961587 2231626 2637988  2171303  3916096  1847908  1420647 4743215  2452431
           65536    4096  785294 1582424  3788607  4035923 3955828 1818880 3068319  2861350  2728836  1492030  1804598 4209152  3735119
           65536    8192 1277433 2059707  3423315  3313905 3239391 2319296 2444015  2610679  2297814  1335754  1762853 3743869  3778816
           65536   16384 1044278 2127458  3724945  2315272 3592198 2293864 3519482  2489119  3567535  2218836  2327524 4074570  4151556
          131072      64 1192441  830726  6128294  5832160 5806841 3027843 5732187  8538860  5945632  2857970  2981616 5898553  6318247
          131072     128 1338658 3114537  5538610  6001451 5565185 3074287 3960725  7096113  5705239  2846679  2559899 2583963  5983684
          131072     256 1312085 1506973  5504945  5445239 5589630 3192527 4966365  7307006  5543524  2930611  2870670 2790967  5309967
          131072     512 1189345 2130730  5039109  4509788 5450206 2572561 5273699  6959744  4764170  2127407  2418041 5359089  4628399
          131072    1024 1112533 1745041  3563853  3653789 4209533 1871650 5378646  3696214  5718414  2337309  1877338 5335735  5753785
          131072    2048 1178070 2504527  4871095  4823231 4821116 2568318 3622371  3662967  4628244  1901849  1893830 4915169  4997062
          131072    4096  992977 1910527  4121762  4002683 4127611 2218136 3923245  2785043  4099571  1849810  1464559 3937633  3907573
          131072    8192  949274 1123106  4013817  2670197 2362937 2176873 4129037  2760735  2835754  1619893  1488490 2687821  2709614
          131072   16384  915716 2188110  3756296  3551513 3489210 1857071 2755518  2789423  4012353  2067483  2105845 4007205  3972602
          262144      64   74994  119338  5341277  5262865 4800107   52257 5193533  8090128  4767203   112046   117856 5584684  6083495
          262144     128  123336   93536  2724984  5796977 5774084   61590 5150593  7936316  5501001   119301   118995 5193312  5817927
          262144     256  107206   73615  4249241  5014903 5123592   71831 1969586  5874783  5114012   125165    71938 5000944  5651859
          262144     512   92120  113564  4033102  5370707 5524745   83667 5028941  5882547  5562252   117505   121237  288697  5155157
          262144    1024  121771  116887  5323820  5483607 5611677  117078 4977940  6683928  5500066   121397   113611 5205089  5515101
          262144    2048  117777  111313  3444145  3708780 3640986  109194 2512039  2534086  3697592    83109    83444 2360040  2615768
          262144    4096   97301  127933  2679338  2654973 3626336  108426 3441202  2444028  3401945    79874    75369  966935  4148899
          262144    8192  117751  108030  3865125  4015735 3810223  118554 3589248  2758974  4024127   126537   123193 2245804  2238748
          262144   16384   85477  129338  3994392  4017466 4045001  116310 2237372  2682109  4182261    52016   146645 3645694  3855124
          524288      64   38371   68782  5766344  6168094 5570831   17545 2595986  8218349  5791188    72045    72769 3457155  5422406
          524288     128   81906   72254  5744937  6045893 5830156   16245 2171261  8223358  4967009    55493    74327 5006372  5595040
          524288     256   36249   37950  5506412  5530049 5630064   29911 4922799  6909240  4945228    55768    60331 3890418  5548790
          524288     512   62945   69857  3600035  5451063 5455201   29634 5362244  7165747  5686979    79322    70735 2012946  5391245
          524288    1024   75694   74728  3024047  5502306 5137967   38910 5212847  6884666  5530522    49372    70269 3077025  5556599
          524288    2048   31844   45188  3943525  3989289 4850653   60867 4542715  1695819  3165265    49247    47180 2946564  4594951
          524288    4096   36938   39976  3852907  4257244 4103721   66633 2388467  2420121  3973589    43605    79725 2660900  3179314
          524288    8192   38802   84499  4158313  4174733 4158140   89235 4191619  2844136  4159005    92791    91526 3649911  3375272
          524288   16384   89769   83231  4079806  4201060 4195473   88813 4131150  2777464  4220978    92616    92445 3981164  4138677

iozone test complete.
