	Iozone: Performance Test of File I/O
	        Version $Revision: 3.420 $
		Compiled for 64 bit mode.
		Build: linux-AMD64 

	Contributors:William Norcott, Don Capps, Isom Crawford, Kirby Collins
	             Al Slater, Scott Rhine, Mike Wisner, Ken Goss
	             Steve Landherr, Brad Smith, Mark Kelly, Dr. Alain CYR,
	             Randy Dunlap, Mark Montague, Dan Million, Gavin Brebner,
	             Jean-Marc Zucconi, Jeff Blomberg, Benny Halevy, Dave Boone,
	             Erik Habbinga, Kris Strecker, Walter Wong, Joshua Root,
	             Fabrice Bacchella, Zhenghua Xue, Qin Li, Darren Sawyer,
	             Vangel Bojaxhi, Ben England, Vikentsi Lapa.

	Run began: Mon Oct  7 13:17:18 2013

	Auto Mode
	Command line used: iozone -a
	Output is in Kbytes/sec
	Time Resolution = 0.000001 seconds.
	Processor cache size set to 1024 Kbytes.
	Processor cache line size set to 32 bytes.
	File stride size set to 17 * record size.
                                                            random  random    bkwd   record   stride                                   
              KB  reclen   write rewrite    read    reread    read   write    read  rewrite     read   fwrite frewrite   fread  freread
              64       4  561808 1599680  4897948 2273779110402178 4274062 2772930  4897948 10402178  3203069  2278628 4564786   720041
              64       8  587635 1492919  6271021 1597288510821524 4897948 3541098  4564786  5389653  3022727  3203069 3791156  7100397
              64      16  681644 1562436  4897948 2096219115972885 5283570 2662899  4274062  4564786  2052169  2298136 5860307 22737791
              64      32  780776 1648808  3958892 1231033612902017 5860307 4897948  4564786  5735102  2923952  4897948 6271021 20962191
              64      64  789967 1599680  7940539 2273779120962191 6421025 4897948  4564786  4564786  5860307  4274062 4018152 12902017
             128       4  707520 1939522  4104338  1373754 8414153 4759253 3277486  5379161  7476717  2784517  1040839 5122535 14200794
             128       8 1152564 2027414  1229084 12842051 7917784 3867787 5603747  4934216  9795896  4267461  3277486 6114306 12842051
             128      16  927549 2166499  4135958 1147020412842051 5847904 5122535  5847904  5074121  3867787  4135958 5847904 11720614
             128      32  883293 2211113  6406138 1801235916365173 6114306 4759253  7476717  4135958  4557257  4407601 3895854 12842051
             128      64  677178 2969325  7476717 1588107815881078 6406138 4717434  1598754  4889281  4444086  2985839 5122535 18012359
             128     128  953918 2727923 14200794 1863766414200794 6406138 3867787  6406138  3867787  5545860  4267461 6114306 12842051
             256       4  913973 1319408  5320671 1345445010245071 4734192 3935921  5687020  5022044  1231629  3326279 5455847 12228612
             256       8 1024752 2783115  5320671 1169580812228612 4197489 2842047  5347168  3285566  3017775  2812272 3994490  9434868
             256      16 1137672 2783115  3123106  2903529 4197489 3557725 5971678  7120034  5569035  5217259  2000242 4572895 14953435
             256      32  663292 2563818  6554972 1516462413454450 4819184 5971678  7518900  9518507  5569035  1952947 5320671 14953435
             256      64 1241598 2943325  6554972 1607260815164624 6936061 4404088  7735574  5810112  6107548  5428265 6554972 15164624
             256     128  690151 2975955  2247235  796510713454450 4132864 4734192  7120034  9192546  4350555  7518900 3052087  9868433
             256     256  744204 3511189  1588832 1345445013625180 1384034 5687020  6398720  5569035  4819184  4929815 5217259 13454450
             512       4  941133 2979282  5227492 12215097 9859630 3710197 2796910  5227492  6472112  2360376  3279573 5624545 11877300
             512       8  997991 3299730  6472112 1462806712797441 5278892 6086873  7513788  6395018  5019764  3081897 6395018 14240069
             512      16 1299295 3201349  5760329  419589613872122 5886650 5509113  7758090  6319739  5453155  3970896 6571132 14628067
             512      32 1051757 3815675  6414119 1503780114240069 2625909 2830083  7871843  7871843  2891043  2548017 4494470 13872122
             512      64 1350783 4000485  6571132 1547114914628067 6472112 5278892  7900804 10044089  5886650  4838792 5115422 14628067
             512     128 1110496 4000485  7540170 1462806713783088 6571132 6086873  7540170  8394979  2416145  4973263 5331314  8528336
             512     256 1236455 3884698  7871843 1279744112499490 5886650 5822804  6395018  7647578  4701087  6018636 6104175 13109944
             512     512 1430887 4030519 13109944  416335713109944 6174377 5744919  6319739  6174377  6246213  3970896 6174377 13438092
            1024       4  863343 2926114  5789881 12208350 9677584 2926114 5251818  5564829  7631350  3390391  2064088 5564829 11398360
            1024       8 1304745 2573677  5018624 1066262812037272 3712781 3458646  3722435  3567824  1648862  1530742 2586074  4356809
            1024      16 1391395 3532609  6479979 1418390512639479 5310258 5417427  4949226  7699755  4715569  3615883 4876180  9569770
            1024      32 1307525 3506651  6172653 1404475813142265 5194651 5089995  6327241  7319232  3101494  3606774 4361233  8457895
            1024      64 1211964 3955557  6479979 1461839313863422 5925680 5536137  5424269 14871477  3778101  2364021 4304412 14183905
            1024     128 1360111 4265934  6874084  5652717 7306780 5564829 1939207  5042191 12983353  4392454  3469823 5660167  7113161
            1024     256 1400469 4392454  6874084 1066262812639479 5917516 4789183  6733974 10329265  5390231  4700088 5564829 12828238
            1024     512 1286378 3618930  4512441 1314226512983353 6059442 5958564  6402699  7257394  4014717  5200941 5885083 12983353
            1024    1024 1244266 4095102 11489839 1347205313102174 5885083 3866533  5885083  6016997  3567824  1602715 5782087 13142265
            2048       4 1105268 2892423  4643695 11380325 9841749 3024831 5209791  3960675  8866519  4079167  3513544 1659632  8390200
            2048       8 1168888 3250308  3555722  966458011983630 3771144 6041567  5644567 10726615  4934459  3171115 3779440  6092991
            2048      16 1277540 3336148  6092991 1177016612561952 4490751 6132138  7393606  5640860  3828288  3234398 6378005 13198923
            2048      32 1072829 3224685  6479029 1355294613859076 3850597 4572018  7643611  6075753  5068389  4276140 3024831  3071337
            2048      64 1421279 4385291  6024617 1374816914321195 4674016 4414590  8097557  8784909  2947000  4376355 4796687 12345306
            2048     128 1343057 2615847  4897882 1050363711706006 5376082 3671217  4829046 14514788  3723735  2260624 5868220  9062970
            2048     256  921290 4136128  3857514  624356612118884 3033377 5251194  4188565  7911115  2162183  3151337 4686767 11320334
            2048     512 1408461 4223576  5567735 1177016612488897 4666399 1731211  5376082 10084382  3483621  2920945 4666399  7999524
            2048    1024 1265868 3871422  7589584  8866519 9898453 4444282 3489282  1138975  6917293  3600433  4338776 2722809  5184636
            2048    2048 1197069 3194702  5212953  5430461 6922868 2715922 4762117  3799501  4490751  3792790  3892474 5068389  6359119
            4096       4 1099947 3040789  4900405  4836939 4414369 2581185 3792628  5056165  5672159  2789933  2747106 3717133  4399673
            4096       8 1201489 3007782  5369035  5513780 4965558 1846740 4437172  5198450  1690465  2515794  1095458 4691638  6894546
            4096      16 1333757 3703511  4007615  6005255 4342950 3656998 5244471  6782940  6522830  4157956  3561476 4125010  7339297
            4096      32 1217583 3300136  4112175  5634950 6281934 3509816 4887857  5159420  5327412  2992067  3524939 4456740  4964124
            4096      64 1017655 2144586  1732050  4768469 5087609 4298399 2566532  7558881  5818150  3923414  2080188 3831537  4607338
            4096     128 1483990 3441614  3660115  2743596 5075585 2637454 4362802  5603704  5657217  3950479  2588965 5286429  6311938
            4096     256 1246471 2305154  5751920  6225028 6410863 4072211 4586428  5980170 11222762  3343814  2168133 5271829  5918366
            4096     512 1249099 1961663  4633432  5433562 6178018 3912691 5101205  5611025  6077484  1670575  2931815 3919833  4824714
            4096    1024 1218274 2870101  5769304  5497899 4023571 3126565 3352296  2981164  8847367  2858164  1434188 5284803  5396016
            4096    2048  956786 2641104  3765198  2126799 3319264 2537719 4038705  2803592  4289813  2415003  2615770 3621537  4188367
            4096    4096 1072548 1603077  2710696  3287506 2952980 1321751 2506617  1453973  3332786  1476085  1747376 3653887  2707279
            8192       4 1164784 1757189  4566196  5360496 4006122 1821270 3586684  5404339  3159282  2617125  1946748 4416529  5191229
