	Iozone: Performance Test of File I/O
	        Version $Revision: 3.420 $
		Compiled for 64 bit mode.
		Build: linux-AMD64 

	Contributors:William Norcott, Don Capps, Isom Crawford, Kirby Collins
	             Al Slater, Scott Rhine, Mike Wisner, Ken Goss
	             Steve Landherr, Brad Smith, Mark Kelly, Dr. Alain CYR,
	             Randy Dunlap, Mark Montague, Dan Million, Gavin Brebner,
	             Jean-Marc Zucconi, Jeff Blomberg, Benny Halevy, Dave Boone,
	             Erik Habbinga, Kris Strecker, Walter Wong, Joshua Root,
	             Fabrice Bacchella, Zhenghua Xue, Qin Li, Darren Sawyer,
	             Vangel Bojaxhi, Ben England, Vikentsi Lapa.

	Run began: Mon Oct  7 13:17:17 2013

	Auto Mode
	Command line used: iozone -a
	Output is in Kbytes/sec
	Time Resolution = 0.000001 seconds.
	Processor cache size set to 1024 Kbytes.
	Processor cache line size set to 32 bytes.
	File stride size set to 17 * record size.
                                                            random  random    bkwd   record   stride                                   
              KB  reclen   write rewrite    read    reread    read   write    read  rewrite     read   fwrite frewrite   fread  freread
              64       4  561808 1392258  5283570 1597288510821524 4274062 2467108  4564786  4564786  3363612  2561267 4564786 15972885
              64       8  769584  831569  4018152 2096219115972885 5283570 5389653  5735102 12310336  3203069  1599680 3738358  5283570
              64      16  743988 1780008  6271021 1597288515972885 5283570 3203069  5860307  4564786  3791156  3541098 3541098 12902017
              64      32  799377 1599680  6421025 1231033615972885 5283570 3203069  5735102  4018152  4274062  4897948 3738358 12902017
              64      64  866463 1690338 15972885 3048429715972885 6421025 3057153  4897948   548044  5389653  1143223 5735102 12902017
             128       4  826202 2558895  5784891 1420079410779307 3359523 4759253  3895854  7476717  2969325  2453642 5122535 10567140
             128       8  731625 2326073  6045455 1588107814200794 3468030 5325799  6406138 14200794  2727923  2286447 6114306 15881078
             128      16  831319 3277486   518312 18637664 4759253  889145 5325799  6114306 11470204  3895854  3867787 6114306 18012359
             128      32  955616 2066432  6406138 12842051 1231904 3536566 6045455  7082197  8548124  4267461  2558895 5325799 11720614
             128      64 1152564 2286447  7176872 1172061412842051 6406138 5545860  7082197  6727225  3895854  3199360 6406138 18637664
             128     128 1196221 2511022 14200794 1588107815881078 6114306 4104338  6406138  4012317  6114306  4717434 5325799 15881078
             256       4  907792 1629830  1778290 1109172110758322 4572895 4132864  5687020  4553502  4132864  2903529 4197489 11695808
             256       8 1071806 3465855  6554972 1516462412812277 5540300 5971678  7120034  4422226  4907284  4264168 6249745 14353744
             256      16 1103757 1361224  2692393 1583556914164395 5810112 3009318  7314033  5347168  5117791  3823789 6398720 14953435
             256      32 1137672 2911402  5938650 1607260814164395 6249745 4819184  7571923  7518900  5455847  4652146 1868008 12090911
             256      64 1190657 1044693  6761355 1682830614953435 6554972 4572895  7735574  5938650  5971678  5347168 5569035 14953435
             256     128 1213534 3087188  7735574 1607260813454450 6398720 1924938  6891544  7571923  4422226  6719046 6107548 14164395
             256     256 1375171 3935921 13454450 1416439513454450 6073004 5687020  6249745  6073004  6107548  4929815 5569035 13454450
             512       4 1139970 2975154  2845081 1279744110044089 4340054 5115422  5684095  5684095  4163357  3510074 5886650 11877300
             512       8 1096322 3304808  6319739 1462806712797441 5398323 6086873  7309196  4411377  4827914  4237291 6246213 14628067
             512      16 1426135 3388236  6571132 1462806713872122 5684095 6319739  7540170  4485083  5214798  4580754 5164632 14240069
             512      32 1372364 3510074  5760329 1503780113872122 4742616 6571132  7309196  7211022  5453155  4620174 6319739 14628067
             512      64 1080328 3736016  6821616 1503780114240069 6571132 5566231  8140399 14240069  5624545  3527371 4871723 10641343
             512     128 1406520 3822466  5566231 13872122 4305250 5624545 5822804  6843354  8701110  5439343  4375425 4123387 10044089
             512     256 1402845 3762197  7988981 1279744112499490 5760329 5566231  6246213  7647578  4340054  6018636 5760329 12499490
             512     512 1108203 4447925 13109944 1352271113109944 6104175 6018636  6246213  6246213  6246213  4961773 6246213 13522711
            1024       4 1019019 3210456  3877004 12348754 9923546 4304412 5169641  5813392  7269678  4014717  3579719 3808251 11645609
            1024       8 1302766 4146499  6599461  4898425 3618930 4265934 5789881  7113161  9655828  4493556  3369115 5336651 13102174
            1024      16 1296474 4265934  6529233 1423090213305116 5853003 6364746  5144870  8680108  4356809  4211554 5917516 13305116
            1024      32 1501313 4162573  6830356 1466831813818817 6137371 5623115  4531485 12944224  5507740  4282950 6402699 13998981
            1024      64 1546729 4265934  6918376 1487147714422045 6692005 5751117  8326715 15516181  5623115  4589593 5917516 14618393
            1024     128 1428415 3684119  6364746 1368670913305116 3643490 5303701  6327241  9832672  4943530  1882266 1397280  5303701
            1024     256 1551198 4356809  7008693  572047712790037 5983467 5991815  7113161  9655828  5507740  5096034 6059442 11903823
            1024     512 1312720 4451639  8310603 1330511613142265 4943530 6025439  6519323  8474583  4832290  6609617 6016997 12983353
            1024    1024 1316341 4321737 12639479 1347205312208350 5782087 1818510  4304412  6016997  6025439  4972145 6093831 12639479
            2048       4 1104132 1200414  4552633  3967993 7059413 3555722 5521212  5674397  7135648  3969827  3436240 4414590  7444871
            2048       8 1309480 3894239  6503556 1225722712561952 3999400 4785996  7589584  9610516  4412322  3357009 6401772  7556202
            2048      16 1416357 3240499  6523312 1211888413198923 4853603 5200329  7754008  8159088  4945823  4376355 6359119 12416686
            2048      32 1337619 4396514  6629029 1280539914040298 5549749 6503556  8198022 12118884  5349298  4162181 6543188 12204980
            2048      64 1377297 3650932  6670210 1295995814514788 5119743 4897882  8608824  9664580  4276140  4403275 4643695 12274742
            2048     128  126772 1023975   538932  159759011579763 5507054 1666393  7789164  2744558   723679  4312636 6132138 12050878
            2048     256 1486197 3561619  6149699 11770166 8903279 5704543 5868220  7231767 10452512  3953383  4376355 4676561 10945301
            2048     512 1331606 4312636  6895083 1191712912805399 4462754 4643695  6873016  6261772  4807425  4611288 5884299 11187641
            2048    1024 1397008 1178348  7911115  796983510228478 5251194 5144271  5852228  8128206  4697018  2033695 5503525  8365686
            2048    2048 1108263 3346546  6523312  6759439 6207471 4204968 4531020  3984558  4631177  4146110  3472356 5362657  6608629
            4096       4 1119734 2811391  5145513  6024207 7301864 2892815 4835578  5389246  5433562  3165159  3021005 5558378  5490871
            4096       8 1294951 3462422  5424983  7286380 7572208 3471518 5894001  6769576  6330545  3767675  3650781 5404504  6430059
            4096      16 1332412 3813675  5721272  7502762 6330545 3894067 2758132  7568872  5918366  2083467  3527834 6216019  6967243
            4096      32 1393247 2323234  5447345  7486415 7742845 4196552 5360658  7998800  7061751  3842678  3555579 5625724  7568872
            4096      64 1405098 4095510  5777065  7380284 4541567 4535572 5849848  7969117  8081580  4266376  3785942 6166930  6758923
            4096     128 1552097 4087714  5389246  6349261 9312562 4496399 5751920  8158335  7038605  4104315  3853020 5936773  6207035
            4096     256 1369917 3381993  5263753  6024207 6769576 4293029 5170290  6066754 13217259  3950479  3817913 4971306  6430059
            4096     512 1382929 3084464  5777065  6077484 7001316 3886139 5225329  6861502 11439475  3968731  3699523 4990078  6041154
            4096    1024 1363502 3647681  6339889  7047267 5902100 3904688 5572803  5859825  9461292  3482778  3450600 5204750  5713661
            4096    2048 1379044 2780901  5171846  5475122 4875373 3178040 4423462  3799338  5980170  2497507  3908241 4686519  4757904
            4096    4096 1224090 2464545  4376138  4301628 4437172 2907010 3968731  2677324  4078979  2874423  1476592 3497668  3618486
            8192       4 1160535 2657200  5407741  4964702 4773640 2480882 4790946  5450634  4759753  2760304  2656378 5214074  4976927
            8192       8 1346500 3101953  6121668  6063334 5939652 3000639 5254742  7293813  5558204  3058874  3073925 6046263  5859631
            8192      16 1305917 3215155  5776876  5940679 5696426 3334017 5641246  4861443  5465373  3261235  3283361 6114043  5911041
            8192      32 1376768 3468296  5745001  5884720 6364322 3495109 6000856  7605404  6239504  3439135  3331431 6099933  5716328
            8192      64 1467812 3550731  5350479  5954062 5561803 3897515 3278036  3025209  4735482  3552567  2774122 5645881  5905961
            8192     128 1356976 3626431  5534924  5864631 5897851 4041463 5579867  7930135  6060126  3518732  3649155 5717279  5847664
            8192     256 1427207 1555386  5700206  5789530 5558204 4106673 5461897  5237920  5657967  3206154  3446379 5326425  5184962
            8192     512 1391544 3544870  5538493  5326425 5660764 3605502 5142283  6543707 10805609  3103074  3459566 5034537  5281396
            8192    1024 1479186  669991  4240474  4986316 4636437 3144536 4635812  5165475  8668371  2610564  3023878 5315713  5123115
            8192    2048 1252003 2818033  4207758  3992159 4599201 3231483 4770989  3636025  5880691  2503659  2665858 4282224  4798976
            8192    4096 1280416 2490773  3824204  3831454 3794641 1403423 3716653  2611357  3938618  2335839  2941303 4213951  4242568
            8192    8192 1166286 2572066  1466747  3749096 3364377 2347970 3632950  2599897  4037664  2605614  2662347 4031505  3618412
           16384       4 1130555 2890675  5544663  5314400 4357385 2284419 4807304  5510869  4570084  2674450  2460435 5417891  5394499
           16384       8 1243953 2856787  6113394  5960159 5150301 2480954 5494127  7399689  5352482  3023985   440654 5931862  5708638
           16384      16 1404306 3350566  6131941  5889161 5373408 3197622 5586129  7311511  5622234  3206873  3288673 5567122  5663005
           16384      32 1445696 2873391  6113394  6311020 5670950 3645053 5639767  7314624  4288051  1437050  2944177 5686906  5858035
           16384      64 1449386 3508278  4373747  4085871 5691145 3497742 5561265  7809203  5845080  3160561  2861307 5872553  5992382
           16384     128  699628 3397109  5889161  5838624 5781642 3730535 5016457  7602716  5438041  3410598  3387230 5567122  5670950
           16384     256 1435579 3560999  4854508  5039634 5387732 3434118 5317690  6701197  5333373  3000744  3096614 5389422  5278477
           16384     512 1368047 1010108  1368074  1467555 5305783 2216771 5401707  6714292  5300872  2991470  2776902 5150301  5208070
           16384    1024 1357426 3287886  5199401  5168507 2473809 3183254 4994944  6311020 10757915  2943042  2912606 5141054  5193114
           16384    2048 1217247 1378530  4507139  4504775 4535997 2927246 4466710  3572477  5964297  2377934  2278360 4621721  5008779
           16384    4096 1221857 1517595  3816517  3836118 3796906 1812805 3429148  2370306  3474048  2112183  2181030 3642348  3739875
           16384    8192 1147661 2118760  3722856  3742319 3559523 2070000 3577312  1897132  3451539  2213415  3052190 3606411  3695031
           16384   16384 1097180 1930061  4049514  3856137 3986324 2466351 4139526  2554455  4050469  2831246  2663152 3246414  4118686
           32768      64  987996 3456557  5710726  5892646 5739583 3399530 5626332  8341865  5771882  3195971  3547104 5197986  5547305
           32768     128 1451771 3598179  5748706  5603393 5723569 3617213 5551114  7761489  5600425  3291335  3241499 5085847  3542897
           32768     256 1227354 3303201  5241199  5253018 5365815 3590565 5362047  7280066  5512816  3161710  2494544 5281683  5294502
           32768     512 1425067 3492215  5574756  5701724 5408042 3653852 5486846  6390189  5432411  3127606  3298603 5592677  5682863
           32768    1024 1443022 3421193  4941570  2425301 5583361 3635200 5503544  6076044  5455917  2817306  2982952 3286063  5257841
           32768    2048 1258416 2470066  4751758  4842160 4518520 2795872 4560653  3795628  6065854  2095399  2228048 4597726  4472787
           32768    4096 1172459 2503085  3719008  4031436 4121750 2634504 4010848  2829487  3934155  2151254  2001096 4102189  4147371
           32768    8192 1216146 2559632  4021057  3873286 4041988 2551222 4003021  2799688  3942732  2316563  2515179 3986417  4039968
           32768   16384 1265507 2411344  3811099  4177500 4123233 2652196 4034987  2779081  4007807  2300972  3181324 3895904  4124347
           65536      64 1101300 3553239  5821734  6043025 5744238 3442738 5668660  7411943  5876120  3270416  3266530 5426920  6057540
           65536     128 1332303 3356844  4585516  4612292 4501412 2078396 5641436  7947478  5663754  2484776  3366835 5735727  4399256
           65536     256 1396582 3267811  5508155  5528094 5418896 3343492 5448110  7094940  5388515  2388854  2389914 5319482  5385876
           65536     512 1373463 2035909  5348151  5161948 5391263 3535597 5098564  7080320  5099320  2648562  1639752 5175750  5454055
           65536    1024 1387474 3480224  5431102  5362131 5399735 3648217 5508596  7060678  4053959  1911505  2281167 5396979  5372297
           65536    2048 1122707 2782621  4228643  4214832 4341858 2674382 3568507  2399092  3992486  1835789  1768763 2776718  4051688
           65536    4096  889204 2269171  2774028  3447099 3683663 2438746 3968278  2813811  3995329  1937741  2030420 3699279  3840106
           65536    8192 1139419 2311922  3848709  4119143 4124582 2455257 3669010  2588503  3817122  1766808  2110114 4034265  4002951
           65536   16384 1240105 2498894  3902309  2732145 3826741 1839918 4109905  2876922  4080922  2428876  2289222 4040432  2988264
          131072      64 1139182 2366731  5117015  3446252 5533536 2914253 5548504  7229176  5188489  2524643  2697224 5487417  5784053
          131072     128 1253102 2787514  5291363  5304382 5174961 2757896 5163199  7248430  5324624  2552127  2692574 2480692  3678802
          131072     256 1202835 2731179  5083280  5266475 5086055 2812887 5145078  6573682  5056211  2575996  2786511 4335380  4927328
          131072     512 1248055 2432259  3832872  4674444 4339727 2256122 5347933  7135811  4726731  2575839  2175830 4563129  3894922
          131072    1024  800683 2541038  4615034  5013284 4820440 2668020 4290683  6162573  5077177  1585984  1977376 5017127  5120971
          131072    2048 1071559 2147736  4357856  4309045 3778057 1682997 4594975  3357722  4557115  1724200  1794969 4263199  4230459
          131072    4096 1051301 2188441  3465499  3314161 3329073 1952134 3887293  2578376  3559907  1687030  1733021 3618366  3627175
          131072    8192  994286 2042738  3606119  4053445 3748893 1928096 3381722  2522905  3412093  1634763  1793570 3954514  4024189
          131072   16384  915678 1687134  3696339  2891826 3706781 2159692 4113497  2840061  3102427  1975103  1385655 3904909  2786454
          262144      64  159618  133890  5134238  5240990 5074127  123535 4942762  7607192  5736578   149798   168342 5480191  5605440
          262144     128  166681  156604  5335186  4263824 5344211  124294 4750294  6855759  4783401   179009   139222 4722809  5612880
          262144     256  164086  157559  4924278  5320986 5089982  134766 4492316  5566391  4249783   142527   127430 4960714  5348448
          262144     512  157188  130074  4514673  5183250 5358640  148092 5109734  5520889  5306989   168902   144381 4570314  4978030
          262144    1024  159270  156645  4775464  4198006 4199337  117909 4080762  5856540  4876276   138702   124228 4234888  4649671
          262144    2048  163478  130024  3646214  4571416 4596355  159522 4461655  3053547  4393006   179890   162643 3649094  3906307
          262144    4096  164786  134248  3711358  3752051 3856260  177835 3829145  2145242  3541627   186121   174419 3158546  3289215
          262144    8192  170652  155301  3742995  3474916 3627795  175631 3638660  2576279  3624877   161617   181522 3174157  3741874
          262144   16384  171068  160173  3032735  2752971 2763454  184975 3013980  2130143  3037309   196796   158177 3936685  3871113
          524288      64   60617   90067  5770854  5919678 5589366   24346 3812197  6424861  4511707    77630    76342 5337839  5808443
          524288     128   87470   79134  5372069  5632660 5304413   45841 5200852  7636669  4947286    74059    79638 3929726  4311262
          524288     256   73974   67716  4584022  4370409 4505855   46871 5216854  7358633  5142088    86587    75722 4863214  4902178
          524288     512   74044   70489  4601681  5308114 5317754   57567 4958374  5638466  5103162    91042    92510 5446594  4925577
          524288    1024   92810   91090  5370206  5401919 5251802   70136 4980700  5381337  5210217    91748    86214 4575457  5423930
          524288    2048   75830   77577  4630089  4763349 4657272   89189 4557477  3846606  4339448    92106    86944 3144854  3009726
          524288    4096   90238   72415  3936127  3562176 3813314   84814 3836272  2645477  3837256    91893    76519 3700141  3637708
          524288    8192   92736   76534  3852880  3491855 3464579   87293 3887474  2686687  3920471    90475    92571 3441766  3957634
          524288   16384   90234   92253  3545646  3692351 3897099   93827 3993607  2753312  3309310    88231    94813 2923852  3485844

iozone test complete.
