	Iozone: Performance Test of File I/O
	        Version $Revision: 3.420 $
		Compiled for 64 bit mode.
		Build: linux-AMD64 

	Contributors:William Norcott, Don Capps, Isom Crawford, Kirby Collins
	             Al Slater, Scott Rhine, Mike Wisner, Ken Goss
	             Steve Landherr, Brad Smith, Mark Kelly, Dr. Alain CYR,
	             Randy Dunlap, Mark Montague, Dan Million, Gavin Brebner,
	             Jean-Marc Zucconi, Jeff Blomberg, Benny Halevy, Dave Boone,
	             Erik Habbinga, Kris Strecker, Walter Wong, Joshua Root,
	             Fabrice Bacchella, Zhenghua Xue, Qin Li, Darren Sawyer,
	             Vangel Bojaxhi, Ben England, Vikentsi Lapa.

	Run began: Thu Oct  3 12:30:47 2013

	Auto Mode
	Command line used: iozone -a
	Output is in Kbytes/sec
	Time Resolution = 0.000001 seconds.
	Processor cache size set to 1024 Kbytes.
	Processor cache line size set to 32 bytes.
	File stride size set to 17 * record size.
                                                            random  random    bkwd   record   stride                                   
              KB  reclen   write rewrite    read    reread    read   write    read  rewrite     read   fwrite frewrite   fread  freread
              64       4  598110 1336792  4897948 1698346310821524 4274062 3203069  4564786  3958892  3203069  1210227 3363612 12902017
              64       8  639427 2467108  6421025 2096219115972885 5389653 3203069  5283570  5283570  2561267  1526887 3541098  4988978
              64      16  720041 1421755  7100397 2273779115972885 5283570 3738358  4564786  4564786   983980  2892445 3738358 10821524
              64      32  939223 1638743  5389653 1290201712310336 5389653 3203069  4564786  4018152  3791156  2467108 4564786 20962191
              64      64  695778 1690338 15972885 2096219112310336 5860307 2923952  4564786  2923952  4897948  2067979 3738358 20962191
             128       4  468962 1885042  4104338 11470204 9795896 4444086 5122535  5122535  3445772  3359523  1455701 3380677 11470204
             128       8  715059 2035099  6406138 1588107814200794 5122535 3536566  6406138  6406138  2843510  3759450 3867787 15881078
             128      16  907174 1440082  3867787 1420079414200794 5545860 4557257  6114306  4407601  4596273  2326073 5545860 10567140
             128      32  969421 2202044  4012317 1863766415881078 6045455 4934216  6406138  4557257  5122535  3759450 3759450 14200794
             128      64  895074 3536566  7582312 1863766416365173 6114306 3560017  6727225  4444086  4267461  4717434 4444086  9795896
             128     128  955616 3560017  9129573 1636517314200794 3785961 3445772   448961  5325799  3199360  3867787 3657016 12842051
             256       4  955451 2413957  5810112 1222861210245071 4197489 5022044  5217259  8271916  3316006  2754556 5569035 11695808
             256       8 1008392 2943325  4734192 1516462412812277 3994490 5569035  6554972  9518507  3207059  2699161 4652146 13625180
             256      16 1219045 3017775  6398720 1495343513454450 4840911 5455847  6107548  9114515  3756894  4117018 5971678 14164395
             256      32 1157291 2911402  4572895 1607260813454450 4496299 5117791  7120034  6554972  5117791   557844 4332998 14953435
             256      64 1142514 3605511  7791708 1607260814164395 5810112 3935921  6891544  8815202  5117791  4332998 5540300 14164395
             256     128 1094754 3605511  8815202 1495343514164395 1881098 5320671  6398720  7571923  3368013  6107548 5569035 14164395
             256     256 1267990 3326279 12812277 1345445012812277 5217259 5455847  4197489  5320671  5022044  3994490 5687020 12812277
             512       4 1004057 2651850  5566231 11620224 9638369 4030519 5227492  5331314  7871843  3068685  2625909 5551840 11374040
             512       8 1193175 3684733  5624545 1462806712215097 4927617 5822804  3244885 11374040  4827914  3388236 6319739 13872122
             512      16 1230786 4099771  6652558 1424006913438092 5624545 3610395  7211022  7309196  5019764  3610395 5566231 13872122
             512      32 1441452 2124526  6571132 1424006913438092 5624545 6246213  7211022  9638369  5127637  3913012 5331314 14240069
             512      64 1379416 3710197  7115451 1547114914628067 5807059 6319739  3742527 12797441  5509113  4784885 6652558 15143846
             512     128 1108203 2317080  7334159 1462806713872122 6652558 5624545  7022379  9145790  5278892  4571003 5744919 12797441
             512     256 1303238 3849877  7988981 1279744112215097 4262523 5639315  6246213  8265729  4340054  6652558 6104175 13109944
             512     512 1434711 4271001 13109944 1378308813522711 5951911 5951911  6104175  6018636  5822804  4838792 4927617 12797441
            1024       4 1127641 2944166  5991815  7755368 9946527 3684119 5277632  5593820  7020149  3469823  2653170 5507740 11132462
            1024       8 1276817 3149251  6208343 1330511610134284 4493556 5751117  6918376  8822754  4356809  2944166 6355328 13818817
            1024      16 1330203 3696803  6317933 1330511612639479 4356809 5660167  6963241  8061038  4356809  3951918 6393168 13863422
            1024      32 1268896 3894582  5277632 1090631013818817 5917516 5472650  7869040 10557785  4507705  3764854 5853003  8662601
            1024      64 1397280 3684119  6050905 1482016114618393 6093831 6489770  6744549 12492426  4783849  3835457 5917516 15080341
            1024     128 1345623 3722435  6609617 1381881713863422 6244448 5200941  7472033  9655828  5444898  4474829 5690162 12944224
            1024     256  968686 3003881  6918376 1294422412983353 6059442 5284125  7066349 10662628  5536137  5144870 6025439  8542002
            1024     512 1499217 4215688  8183918 1263947912348754 5813392 6025439  6393168  4783849  4898425  6650556 5958564 12639479
            1024    1024 1130312 2722114 10454984 1177330111132462 4095102 5479632  4995276  5593820  5144870  4033569 5451810 10662628
            2048       4  977038 3056039  5689430 10834854 9578367 3351769 5056455  5626082  7425563  3542524  3368858 5611381 10780463
            2048       8 1333259 3240499  6321679  898711312050878 4519101 4853603  7159438  8128206  3908414  3669648 6378005 12033995
            2048      16 1304508 3835124  6401772  961051612050878 3309159 6185123  5769681  6397004  4796687  3477979 5970183 11835033
            2048      32 1472440 3764533  6623917 12050878 6690992 5567735 6483920  7664071  9349021  4154130  4376355 5172149  8608824
            2048      64 1247122 4146110  6649556 1043980913301113 5800851 4897882  8229438 10713237  4310472  4102546 4796687 11564174
            2048     128 1058420 4188565  4957240 1107227512805399 4509611 5986827  6420913 10834854  3967993  4265523 6075753 11440955
            2048     256 1442279 3506373  6225466 11129659 9567698 5640860 4875642  7286980 11835033  4531020  4338776 5785224 10302081
            2048     512 1510236 2064488  5517666  9431138 9024882 4257067 5225638  5430461  9752360  3894239  3567536 5868220 10607402
            2048    1024 1484143 2415069  7726111 11187641 7343043 5029807 5735012  6058611  7874853  3819776  5238385 5670651 10084382
            2048    2048 1322992 3346546  6058611  7444871 6967792 3855782 5172149  3669648  5359311  3664951  2801852 3297725  5332694
            4096       4 1108821 3047802  5284803  5679660 6291135 2996241 5184332  5438722  6114255  2888438  2745350 5145513  6361016
            4096       8 1356719 3506950  5633102  6418048 8062616 3243439 5250883  6291135  6300364  3670280  3482778 5753847  6916752
            4096      16 1288831 2813233  4437172  7209932 7289472 3945943 5527974  6628532  7742845  3782607  3519162 4686519  4549987
            4096      32 1360802 3709909  5461198  7342434 8824645 2501872 5657217  6964419  7582234  3874745  3820460 5883908  6552685
            4096      64 1513670 3803543  6225028  3937802 7396171 4428023 6213770  8077780  7061751  3075079  3710710 6309619  5297841
            4096     128 1292515 3709909  5696610  6007355 8360824 4352854 5299475  7476641  7050159  3853884  3683658 5490871  5996870
            4096     256 1349578 3938705  5744227  6189146 7599002 3700320 5504946  6379914 10895362  1715275  3222752 4601168  5988509
            4096     512 1410057 3696339  5885924  6628532 7935986 4357270 5190597  6041154 11500738  3737349  3589754 5265366  5389246
            4096    1024 1490556 3500519  6595451  7197849 6077484 3988078 5069594  5601877  8276241  3205315  3248345 3482778  5841891
            4096    2048 1193145 2923334  4875373  3247731 4751325 3003050 4675041  3683658  5810280  2708986  3799338 4740836  4917236
            4096    4096 1172302 2400829  4235870  4456740 4235870 2693273 4248440  2890868  4187346  2741407  2743596 4266376  4235870
            8192       4 1051598 2925775  5467982  5129999 4782278 2494571 4421075  5126172  4724413  2545013  2666686 5313247  5038228
            8192       8 1279225 3223903  5641246  6059057 4185717 2984220 5542961  7001038  5483690  3275536  3019360 5669170  5810089
            8192      16 1316424 3267748  5915112  5927357 5110162 1956058 5129233  5906977  5475825  2933018  3280539 5830794  5720134
            8192      32 1368979 3574371  5508305  6215800 4459520 3639106 5855636  8079310  6234975  3580330  3440513 5889763  1303638
            8192      64 1427385 3064603  4882166  6049456 6563708 3488721 4675554  7809376  5531360  3301977  3284616 5983092  4530672
            8192     128 1392954 3588182  5393311  5958192 5591672 3826334 5288712  7466577  6112956  3602478  3252283 5123115  5721087
            8192     256 1479759 3478478  5665431  3792546 5558204 3792546 5584401  6809564  5765244  3230268  3117432 5041185  5505657
            8192     512 1374675 3194826  5305863  5553712 5889763 3966810 5410295  5789530 12014710  3257215  3259688 4997921  5482815
            8192    1024 1350894 3384927  5721087  5962328 5685116 3905045 5404339  5599873 10953735  3164228  3112349 5241116  5228355
            8192    2048 1338318 2764746  4941141  5088216 4748571 2928768 4359927  3856828  5653313  2760083  2555234 4844308  4907969
            8192    4096 1227624 2555994  4135340  4253071 4316113 2736125 4065372  2896670  4029614  2438797  3207651 3515851  3713439
            8192    8192 1105248 2530022  3939972  3916172 4106182 2790342 4092001  2789210  4164914  2763857  2753668 4209304  4218607
           16384       4 1080668 2700939  5123041  5137595 4270198 2215199 4895314  5779211  4627011  2521001  2496365 5336686  5407658
           16384       8 1217506 3029584  5437611  5828720 4582885 2526840 4924783  6921919  4917383  2843430  2643381 5910943  5902312
           16384      16 1335712 3159980  5835154  5565318 5266745 3058439 5675165  6712324  5520609  3160561  2444940 5514407  5966368
           16384      32 1291918 3374754  5416182  5857536 5311114 3408229 5740589  7434110  6001802  3015757  3048264 6005474  6163841
           16384      64 1365573 3181338  5910434  6038721 5050375 3390740 4520778  6050418  5801655  2892257  3391409 5706741  5473995
           16384     128 1355713 3436350  5616719  4562802 5609384 3129757 5521940  7713657  5624535  3358755  3380898 5251451  5675165
           16384     256 1425928 3493297  5554073  5637917 5589764 3732156 5123422  7186120  5470509  3227659  3357934 5454010  5511311
           16384     512 1413492 3624099  5412770  5599785 5708638 3644086 5259490  6773190  5481418  3030787  3247642 5447093  5405531
           16384    1024 1355846 3490458  5590219  5568926 5608926 3419082 5387732  5643473  9592593  2902886  2981088 4813027  5224303
           16384    2048 1224601 2436618  4982992  4793555 4572517 2927745 4372634  3361383  5665340  2318407  2283812 4473980  4641387
           16384    4096 1205503 2258591  3458835  3580481 3902784 2640030 3892615  2723417  4128087  2221213  2436272 3596973  4084657
           16384    8192 1200029 2460787  4077628  4118686 4066528 2475681 4208481  2446856  4183883  2461580  2928369 3952619  3790832
           16384   16384 1129162 2393255  3990259  3838689 4220370 2634867 4021550  2605595  3274725  2124196  2571662 4081745  4217262
           32768      64 1163427 3148312  5197200  5313538 5282495 3166591 5614839  6960060  5680984  3042245  3130028 5504426  5664360
           32768     128 1377325 3317233  5793537  5801607 5758823 3484159 5498920  7156114  5594726  2974044  3311238 5530563  5712625
           32768     256 1339445 3436248  5263076  5344740 5352441 3360463 5018986  6892692  5413581  3095973  2936490 5148142  4491204
           32768     512 1320603 3394241  5519236  5507293 5048298 3316192 5345571  6980917  5146407  2439161  2984053 5346403  5359538
           32768    1024 1304150 3365236  5495182  5326305 5586993 3460212 5108721  5093764  5256232  2480184  2801171 5192291  5097731
           32768    2048 1232395 2604598  4801057  4799046 4776032 2725027 4695267  3737617  6412550  2109033  2021850 3611226  4763451
           32768    4096 1164462 2289054  3905979  3845542 3549027 2322984 3776853  2680386  2998768  1597963  2058029 4080752  4122244
           32768    8192 1161569 2368338  3944090  3868272 3818723 2431222 3938552  2701831  3967086  2326287  2409231 3695906  3876017
           32768   16384 1147497 2105511  3399194  3842317 3946015 2508843 3946015  2683473  3996037  2156080  3054958 3673187  3750980
           65536      64 1124793 3294918  5445951  5832234 5423815 3054714 5200426  7499300  4942353  2716861  3197340 5729630  5613326
           65536     128 1347475 3438045  5626770  5449946 5712602 3479079 5710703  7354434  5268201  2276123  3171516 5191782  5363073
           65536     256 1345819 3343167  5507272  5478186 5405895 3455245 5195904  6922515  5278824  3121810  3360127 5309925  5340358
           65536     512 1355782 3273026  5470445  5549747 4993984 2185337 5346799  6581252  5405469  3047872  3288138 5397933  5150149
           65536    1024 1370785 3443989  5316498  5475458 5294482 3501593 5357741  6351621  5484198  2660405  2461259 5361294  5502091
           65536    2048 1214217 2546773  4716925  4951344 4701998 2718446 3713973  2991549  3115723  1627499  2103075 4206383  4875121
           65536    4096 1166576 2472216  4012476  3955771 3957537 2452519 4034028  2807861  3957252  1931165  2005020 3888893  3974302
           65536    8192 1183472 2450770  3244514  4019164 3899098 2420449 3928353  2791721  3806919  2009564  2162965 3865269  3980806
           65536   16384 1195106 2419917  4002485  4035923 4002951 2525968 3976487  2686878  3744889  2281261  2418299 3994632  3957252
          131072      64 1178472 2835096  5802735  5914799 5657681 2731857 5623478  7687085  5707964  2300235  2586321 5800408  5858512
          131072     128 1227736 2802120  5600221  5864261 5467280 2816259 5596116  7562414  5457239  2628589  2913480 5530697  4361071
          131072     256 1255010 2916464  5144308  5255952 5210570 2830629 4631168  7247570  5229901  2594095  2447200 5208496  5351212
          131072     512 1279564 2869666  5301211  4727748 5302899 2855224 5419527  6736476  5306123  2475353  2039336 4216054  4316861
          131072    1024  846226 2613506  5323129  5510242 5407054 2998055 4376938  5581571  5350327  1962272  1969943 5450638  5448369
          131072    2048 1120887 2308173  4264853  3829134 4163403 2119738 4629725  3660114  4705693  1763282  1865635 4546863  4523480
          131072    4096 1056333 2159802  3886276  3802385 3972229 2227411 3948521  2658126  3968759  1679593  1808640 4004024  4017161
          131072    8192 1123317 2198119  3923581  4112451 3910130 2244388 2630060  2692798  3957133  1800784  1876691 3957133  4014081
          131072   16384 1098499 2163006  3757991  4016545 3941896 2199825 3929246  2754193  4073327  1811513  1978415 3959270  4051682
          262144      64  155681  141778  5743350  5965562 5668088  122667 5494761  8002454  5700767   157966   155701 5714188  5923364
          262144     128  162587  146641  4179193  3940593 3920501  111161 4752942  7637151  5055044   131795   128545 3847987  4403281
          262144     256  153816  149539  4976521  5167125 4810586  132585 5121682  6853408  5331151   167758   161467 5182664  5456882
          262144     512  160331  140574  5287821  5457586 5345068  144871 5201075  7015197  5418774   172144   163067 5166105  5406810
          262144    1024  152286  144851  5115915  5308706 5274858  160637 5303661  6583357  5422141   160865   162636 5073120  5499928
          262144    2048  121032  122411  3869846  4392111 4320114  129864 3863971  3095264  4210948   133911   135224 4434251  4250062
          262144    4096  120639  119713  3739303  4092792 4085402  144973 3897874  2765873  3782149   133194   128259 3781095  3864039
          262144    8192  121736  113428  3700877  3768124 3670461  137439 3782032  2613207  3792049   133929   139488 3752960  3972829
          262144   16384  160001  150230  3762863  3958554 3839200  152751 3732804  2736255  3703695   200366   175877 3822396  3936629
          524288      64   62085   88199  5805744  5963585 5585008   31471 5450320  8103747  5206183    87973    84449 5383273  5947810
          524288     128   90256   84988  5301945  5498908 5514006   44226 5155687  7363709  5408988    79239    84518 5451684  5306461
          524288     256   70986   82059  4982495  5138507 5130678   54586 3950333  6659815  4229526    84244    83332 4788628  5207934
          524288     512   82573   77444  4967065  5355453 5308870   60804 1338510  6680188  5191692    85734    75544 4973885  5351674
          524288    1024   84635   77715  5093682  4911825 4334427   60316 5126253  5403074  5004470    80651    79157 5388695  5566628
          524288    2048   90970   82525  4571709  4736326 4695107   83591 3031054  2141227  3666451    88926    87574 4408858  4522609
          524288    4096   88430   79362  3818386  3928982 3792427   79017 3463706  2625800  3963355    91742    83909 3887818  3861195
          524288    8192   89352   82235  3493086  3538850 3889613   91283 3855170  2638987  3861025    93386    91369 3617505  3750994
          524288   16384   89936   85519  3758771  3643192 3615008   90992 3355249  2615867  3978571    95471    94042 3841136  3613760

iozone test complete.
