	Iozone: Performance Test of File I/O
	        Version $Revision: 3.420 $
		Compiled for 64 bit mode.
		Build: linux-AMD64 

	Contributors:William Norcott, Don Capps, Isom Crawford, Kirby Collins
	             Al Slater, Scott Rhine, Mike Wisner, Ken Goss
	             Steve Landherr, Brad Smith, Mark Kelly, Dr. Alain CYR,
	             Randy Dunlap, Mark Montague, Dan Million, Gavin Brebner,
	             Jean-Marc Zucconi, Jeff Blomberg, Benny Halevy, Dave Boone,
	             Erik Habbinga, Kris Strecker, Walter Wong, Joshua Root,
	             Fabrice Bacchella, Zhenghua Xue, Qin Li, Darren Sawyer,
	             Vangel Bojaxhi, Ben England, Vikentsi Lapa.

	Run began: Thu Oct  3 12:30:47 2013

	Auto Mode
	Command line used: iozone -a
	Output is in Kbytes/sec
	Time Resolution = 0.000001 seconds.
	Processor cache size set to 1024 Kbytes.
	Processor cache line size set to 32 bytes.
	File stride size set to 17 * record size.
                                                            random  random    bkwd   record   stride                                   
              KB  reclen   write rewrite    read    reread    read   write    read  rewrite     read   fwrite frewrite   fread  freread
              64       4  400168 1828508  4564786 1290201710821524 3958892 2379626  4564786  4274062  3203069  2203800 2444640 10821524
              64       8  614542 2772930  4564786 12902017 3541098 4564786 2662899  4274062  4274062  4274062  3057153 3541098 12902017
              64      16  712397 3057153  5735102 1290201710402178 4897948 2923952  5389653  3738358  4274062  3203069 6421025 15972885
              64      32  710511 2662899  7940539 2096219115972885 5389653 4274062  5735102  9006179  3738358  2278628 1828508 12902017
              64      64  780776 2052169 15972885 2096219115972885 5283570 2561267  5283570  3541098  4274062  1734015 4564786 10402178
             128       4  727658 2511022  5325799 10779307 9977956 3759450 3657016  5325799  3560017  3560017  2098744 3359523  9795896
             128       8  836500 1939522  6045455 1801235912842051 5122535 3785961  6406138  5784891  4267461  3445772 5603747 11720614
             128      16  821147 3895854  2558895 1254204312842051 5847904 1939522  6330599 12542043   948860  2326073 5122535 15881078
             128      32 1114289 3277486  4557257 15881078 6045455 5545860 4934216  6406138  6114306  4759253  4135958 4135958  4104338
             128      64  853794 2286447  6812590 1284205112842051 6045455 5784891  6727225  7082197  3785961  5847904 4596273 11720614
             128     128  934004 2336194 10567140 1863766414200794 6114306 4267461  6045455  5379161  4596273  4135958 5122535 11720614
             256       4  955451 2458168  5455847 12228612 9518507 3705040 4332998  4840911  7791708  3605511  2880164 5217259 11207494
             256       8  980760 2975955  5810112 1435374412228612 4929815 5117791  6891544  9114515  3285566  3236056 5687020 14164395
             256      16 1158540 2419396  4734192  8815202 8024634 2975955 4264168  3879045  8815202  2943325  2639446 4264168  8271916
             256      32  687940 2205688  4477549  9114515 8534922 3197509 5455847  6719046 12812277  5117791  3823789 5810112 14164395
             256      64 1180188 3654598  7314033 1516462413454450 5242734 5810112  6936061  6761355  3043436  2975955 4132864  9192546
             256     128  584252 2345409  5938650  8534922 8534922 3087188 4009406  3410808  5455847  1842366  3935921 5455847 13454450
             256     256  719277 2350543  8815202  8815202 9518507 3078337 4054829  3197509  4350555  3245838  2719671 4197489  8534922
             512       4  675350 2830083  3437042  7410080 5951911 2265742 3504346  2584820  5115422  2124526  1614885 4068701  7410080
             512       8 1201856 3659616  6018636 1387212211877300 4610256 5684095  6931711 11374040  4091959  3533174 5566231 14240069
             512      16 1086890 2678309  5067142  6571132 9304292 3351224 4690818  4305250  8394979  3177664  2642062 3610395  9304292
             512      32  797489 3795443  6491676 1424006913109944 4701087 3415178  4494470 14240069  4784885  3795443 6104175 10044089
             512      64  819085 3556580  5164632  9468384 4916336 3533174 4195896  4411377  9304292  2753870  2625909 4296637  8992598
             512     128  810124 2486072  5278892  8992598 8528336 3393590 4030519  3684733  7211022  2995907  2681653 3393590  9681823
             512     256 1264113 2860238  7647578  814039911877300 4447925 4123387  3941742  8109658  4237291  3970896 4000485  6246213
             512     512 1158418 3736016 12499490 1279744112797441 5164632 4571003  5227492  5699180  5398323  4061007 4411377  9638369
            1024       4  834491 3324778  5917516 11645609 9142007 3999762 3483896  4339202  4720752  3229770  3085895 4920874 10990032
            1024       8 1146607 3567824  6364746 1161411812639479 5200941 5813392  3210456  4783849  3012308  4300102 6327241 13818817
            1024      16 1196434 3999762  6609617 1418390513142265 5593820 5821271  7631350  7755368  5310258  4451639 5330028 12983353
            1024      32 1254808 4044965  6093831 1461839313686709 6137371 5536137  8199542 10454984  5151040  4215688 5660167  4949226
            1024      64 1296083 3999762  6479979 1508034114230902 5507740 6441107  8000971  8662601  5390231  3908759 4614246 14618393
            1024     128 1211964 3003881  6599461 1442204513643232 6327241 5885083  7699755  9381637  4550690  3852659 6290174 13998981
            1024     256 1271902 2791104  6402699 1231335110230845 5251818 5758828  6874084 10557785  5507740  4789183 5885083 12944224
            1024     512 1292961 4396951  3179559 1330511613142265 5660167 5917516  6479979  7883484  4810640  5821271 5277632 13142265
            1024    1024 1094034 2331932  9655828 1347205313472053 5660167 5200941  5782087  6137371  5169641  4741598 5983467 13142265
            2048       4 1117781 3367537  5754221 11365268 6583305 3690142 5362657  5719737  8198022  4146110  3199462 5719737  9389900
            2048       8 1232980 3710866  6058611 1330111312345306 4180412 5852228  7336772  9189005  4864597  3792790 6225466 13219235
            2048      16 1215360 4031308  5820505 1288221512654482 5277002 5659442  6738230  7999524  4282535  3506373 5704543 12959958
            2048      32 1184523 4358590  5852228 1330111313726200 5251194 6340344  7065219  6873016  5020987  4301837 5735012 13038646
            2048      64 1082563 4301837  5095447 1363902313748169 4293237 5832361  6780783  8253158  5095447  3185225 6167360 11440955
            2048     128 1400653 3887189  5970183 1028974111187641 5159722 5765808  6440169 10945301  3953383  3991965 5403134  5953632
            2048     256 1343057 3878414  5953632 1138032512710657 5582208 5769681  6207471 11983630  4875642  3362265 5785224 11770166
            2048     512 1251118 4257067  6321679 1227474212345306 5403134 5670651  5937172 10143926  3812993  4569586 5884299  9796850
            2048    1024 1336787 3764533  6132138 1162678410959265 5006356 5674397  6185123  6738230  3194702  4920326 5235193  9752360
            2048    2048  971074 3030166  5735012  3357009 5655716 4223576 5319484  4301837  5345969  3579429  3864455 5349298  6629029
            4096       4 1117912 2892815  4746074  4773769 6272759 2948925 4644707  5512011  5875858  3433360  3148338 5375755  5961494
            4096       8 1254480 3100608  6013663  7447471 7197849 3387995 5389246  7421732  6693092  3445064  3612399 5833956  6142675
            4096      16 1237047 3107900  5618365  6850558 7050159 3992713 5810280  7625987  5120972  2654571  3788446 6195843  6638778
            4096      32 1333239 3531460  6051794  7697744 8865630 4316760 5784846  7711565  4969868  3474326  3867766 5988509  6975730
            4096      64 1269310 3771811  5953231  7642951 6112079 4575434 5580043  8356757  7149920  3817913  3814522 5875858  7012747
            4096     128 1353192 3696339  5050220  7161842 5558378 3846119 5565581  7863339  5563779  3754501  3503374 4633432  6379914
            4096     256 1315778 3757786  5713661  6140479 7954358 4521249 4240052  6714018 13247835  3663236  3720353 5119446  5204750
            4096     512 1363610 3831537  5885924  6552685 8173861 4284464 5792648  6370451 10239486  3531460  3577793 5431844  6552685
            4096    1024 1356719 3580776  6281934  6659365 6330545 3552638 5075585  6361016  9222577  3660895  3540193 5113352  5542240
            4096    2048 1221653 2994153  4235870  5153230 4414369 3126565 4452120  3510533  4157956  2612190  3931494 4556020  5069594
            4096    4096 1126193 2370354  4297324  4390677 4263200 2815077 4325455  2462779  4270618  2618960  2464545 4230655  3824713
            8192       4 1050248 2852423  5084451  5224380 4727012 2496746 4864885  5299316  4503947  2738088  2714295 5227560  5475825
            8192       8 1186422 3086627  5789530  5888754 5508305 2923534 5178710  6989645  5305863  2912136  3171237 5876668  5669170
            8192      16 1255663 3456433  5368033  5315713 5859631 3440513 5268439  6307078  5851647  3491912  3316639 5923270  5494212
            8192      32 1294551 3707029  5301769  5988306 5464503 3396638 5928379  6160081  5863631  3201375  3331431 6081578  5927357
            8192      64 1339205 3543407  5928379  6154564 5846669 3908154 5927357  8216483  6010303  3526316  3678455 5971654  5591672
            8192     128 1340773 3586684  5876668  6040947 5940679 3769662 5546540  7598676  5712526  3471099  3597574 5224380  5241116
            8192     256 1240835 2963884  4896777  5645881 5665431 3806833 4646469  7057118  5822889  3642192  3296592 5516264  5461029
            8192     512 1244025 3191265  5531360  5333867 5461897 3182693 4447398  6786699 11804201  3597574  3169189 5490700  5364680
            8192    1024 1203290 3324662  4508675  5403489 5132298 3721887 5123115  6720329 11457807  2993059  3076402 4907969  5396699
            8192    2048 1214004 2737215  4713395  5181834 4765695 2509877 4597355  3685162  5207752  2700004  2432925 4277959  4237859
            8192    4096 1142247 2394606  4101770  4198503 4211884 2691334 4262040  2618123  4154339  2530022  2907209 4104220  4187757
            8192    8192 1064302 2230890  3910378  4015486 4106182 2375074 4162896  2614736  3815287  2349897  2591465 3869424  4170981
           16384       4 1094088 2794405  5421738  5465288 3879649 2383791 4943916  5518393  4609939  2531961  2899335 5423449  5206097
           16384       8 1168861 3067038  5561265  5942635 5110468 2772197 5464853  7327884  5516621  2927870  2870870 5891180  5815894
           16384      16 1289881 3411275  5544663  5476176 5042962 3107115 5468332  7314624  4943916  2863812  3440652 5357907  5853046
           16384      32 1252501 2311156  5561265  5354150 5620394 3354001 5685024  7750195  5740589  3059528  3488864 5742987  6056817
           16384      64 1340428 3507562  5946749  5750677 5038156 3414156 5295561  7739720  6120472  3300519  3092573 5657411  5045925
           16384     128 1324717 2455248  5665340  5714809 5624535 3499524 5657411  8091492  5724807  3544834  3550145 5544663  5830698
           16384     256 1221227 3389402  5499843  5574800 5157259 3793343 5391536  7380615  5189585  3291193  3194352 5314400  5524159
           16384     512 1236055 3426071  5300872  5473995 5361251 3675269 4911057  6801345  5108948  3157511  3048669 5083626  5518393
           16384    1024 1181156 3297194  5734840  5645791 5189976 3853326 5184886  6003900 12092526  2995251  3026249 5281723  5417891
           16384    2048 1024199 2862857  4589312  4905098 4583191 2933494 4673266  3710193  5694918  2150386  2314503 4600988  4835719
           16384    4096 1080600 2328620  3901898  4160327 3905446 2500544 3887990  2578514  4063402  2236102  2374155 4016849  4196659
           16384    8192 1058398 2471585  3578802  3979629 4076418 2563986 3918585  2696911  3977787  2377276  3175311 3435663  3870471
           16384   16384 1058186 2391173  3990259  3960364 3936543 2530376 4166886  2550852  4059561  2368672  2742985 3803210  3898356
           32768      64 1161323 3390724  5642038  5401029 5684038 3189445 5887094  6957241  5965541  2909634  3356360 2804544  5561446
           32768     128 1214438 3269257  5664360  5532344 5722854 3469733 5209611  7757547  5535909  3137817  3332434 5332505  5475043
           32768     256 1291090 3306857  5421696  5324654 5197200 3443825 4706683  6812405  4931287  2947006  3237986 5417208  5528561
           32768     512 1227124 3481511  5221288  5518350 3937536 3335831 5095274  5897704  5244599  2949662  3078222 5559647  3936521
           32768    1024 1282800 3267003  5291240  5396576 5526560 3424688 5216135  6326069  5360374  2626901  2851619 5259652  5457867
           32768    2048 1149233 2528412  4644022  4714918 4893712 2755955 4060498  3927634  5789388  1953623  2145344 3139896  4649364
           32768    4096 1120388 2455240  3933704  4020116 3697994 2484668 3977649  2694310  3907423  1985572  2006003 3936634  4037002
           32768    8192 1098792 2385562  3939342  3902430 4007339 2461704 4049968  2703638  4025061  2316563  2317383 3958403  4117551
           32768   16384 1077827 2411514  3938439  3885221 3570602 2518682 3646968  2600606  4102679  2276202  3081466 4004887  3897672
           65536      64  947254 3191437  5881401  5508155 5562775 3319789 5541244  6944551  5734172  3057432  3283543 5999761  5747240
           65536     128 1221865 3367206  1592804  5659440 5475022 3342679 5373977  7515498  5504404  3102746  3477098 5644796  5520655
           65536     256 1231394 3368238  5267797  5143307 5243279 3464564 5369148  6818963  5041984  2803194  3318626 5345447  5245380
           65536     512 1287491 3544396  5404619  5341188 5410364 3612593 5346903  6065426  4886387  2966399  3237292 4408146  5090632
           65536    1024 1214168 3378505  5426063  5537114 5068106 3473935 5404513  6650035  4209604  2682499  2863943 5468595  5577562
           65536    2048 1134074 2624488  4603872  4571104 4095698 2756392 4562227  3603642  4499570  1986976  2080976 4665209  4534083
           65536    4096  986796 2445645  3826954  3983229 3887738 2447191 3727875  2735898  3906801  1910880  1460998 3770315  3919111
           65536    8192  959840 1633709  3545539  3484680 3613780 2467467 3949633  1986000  3734003  1994039  2149855 3531600  3696741
           65536   16384  770467 2465807  3914925  3973613 3930656 2478860 3724238  1921715  4025108  2271064  2399175 3857079  3300417
          131072      64  973110 2405998  5607132  5491747 4932500 2668940 5360396  6203742  5178226  2485245  2725492 3344363  4786778
          131072     128 1124993 2800507  5298810  5502410 5215315 2728684 5436892  7456155  5493393  1292163  2665252 5238074  5725143
          131072     256 1149665 2450538  5172964  5148596 5164994 2902912 5310634  6819962  5224087  2533964  2067281 5127993  5316437
          131072     512 1183388 2939025  5029612  5322974 5209335 2827877 5287089  4224575  3276709  2642792  2748589 5271171  4919743
          131072    1024 1125062 2789239  5196091  5497074 5157677 2876588 5120399  6265394  5448585  1234899  2183296 5254244  5031546
          131072    2048  947920 2209426  4368626  3887623 3712764 1892656 4195654  2910766  4302099  1705823  1797181 2123553  4660337
          131072    4096  926330 2238056  3661430  3714546 3856533 2149887 3775437  2664606  3264567  1678086  1317320 3702512  3861300
          131072    8192 1018983 1463296  2640659  3221543 3409680 2005231 3593085  2637264  2729131  1766375  1641891 3909685  3689566
          131072   16384 1034677 2074379  3903412  3840476 3884875 2109943 3026443  2673301  3943564  1894345  1949020 3884656  3742666
          262144      64  157462  158496  5568055  5809014 5585138  103000 4996830  7075965  5484072   156463   137429 5610016  5691354
          262144     128  157250  123478  5164577  5554609 5492236   89749 4830813  8007816  5601727   132266   127137 5248971  5477761
          262144     256  156784  163426  5084333  5371468 5181003  126782 5100277  7084034  5198297   127147   155467 4085918  4703998
          262144     512  133794  122989  4248272  5073729 5060022  103309 4660096  5846730  4950128   135783   118579 4503190  4417220
          262144    1024  120245  154361  5160117  5324774 5078838  160370 4931036  6365500  5245190   161012   121250 4794330  5231688
          262144    2048  132109  149944  4095170  4526586 4226423  151869 3732651  3169902  4316197   166228   148887 4240228  4506752
          262144    4096  158267  155047  3822569  3926072 3813659  169035 3593917  2596980  3795898   158440   165387 3818719  3923957
          262144    8192  159996  147025  3458086  3412885 3353725  162116 3216217  2422462  3377056   173045   151079 2823279  3350557
          262144   16384  117678  138513  3054005  3293303 3291657  137712 2916276  2606479  3715133   186706   193262 3267485  3009789
          524288      64   59794   87092  5316417  5454754 5141234   19736 4838699  7464442  4964329    81523    79596 5218971  5401296
          524288     128   87551   79451  4460395  5239052 4855515   37267 4042717  6778305  4768979    88718    70664 4398936  4739838
          524288     256   85621   81906  4855504  4828096 5068861   53760 4696110  6315497  4868134    84542    87917 4679631  4405519
          524288     512   88639   86461  5023791  4978896 5060102   64720 3805527  6472935  5305373    82920    90806 4743273  5134440
          524288    1024   87369   85791  4816485  5203756 5097508   59747 4667770  5925372  5131672    88581    81272 4971388  4738683
          524288    2048   87378   85348  3907174  4356798 4319782   84235 4188577  2789701  4188609    89341    89314 4042836  4244146
          524288    4096   88624   73057  3493109  3567018 3514249   84846 3512419  2242089  3532846    81564    84859 3197896  3469624
          524288    8192   85707   76710  3491417  3490785 3569884   88361 3479248  2393539  3447291    90825    89943 3450986  2963620
          524288   16384   86441   74721  3582230  3481423 3678417   80940 1979080  2540030  3165648    82492    80924 3807134  3611173

iozone test complete.
