	Iozone: Performance Test of File I/O
	        Version $Revision: 3.420 $
		Compiled for 64 bit mode.
		Build: linux-AMD64 

	Contributors:William Norcott, Don Capps, Isom Crawford, Kirby Collins
	             Al Slater, Scott Rhine, Mike Wisner, Ken Goss
	             Steve Landherr, Brad Smith, Mark Kelly, Dr. Alain CYR,
	             Randy Dunlap, Mark Montague, Dan Million, Gavin Brebner,
	             Jean-Marc Zucconi, Jeff Blomberg, Benny Halevy, Dave Boone,
	             Erik Habbinga, Kris Strecker, Walter Wong, Joshua Root,
	             Fabrice Bacchella, Zhenghua Xue, Qin Li, Darren Sawyer,
	             Vangel Bojaxhi, Ben England, Vikentsi Lapa.

	Run began: Thu Oct  3 12:30:48 2013

	Auto Mode
	Command line used: iozone -a
	Output is in Kbytes/sec
	Time Resolution = 0.000001 seconds.
	Processor cache size set to 1024 Kbytes.
	Processor cache line size set to 32 bytes.
	File stride size set to 17 * record size.
                                                            random  random    bkwd   record   stride                                   
              KB  reclen   write rewrite    read    reread    read   write    read  rewrite     read   fwrite frewrite   fread  freread
              64       4  560635 2298136  4564786 1597288510821524 4018152 3738358  3738358  9318832  2467108  2379626 4274062 10402178
              64       8  942521 1421755  5735102 12902017 9318832 3958892 4897948  6421025  5735102  3588436  2298136 3541098 12902017
              64      16  725882 1392258  5860307 1597288512902017 4897948 5389653  5860307  3541098  3203069  3541098 5389653 12902017
              64      32  780776 1553394  6421025 1290201712902017 5283570 2892445  4643754  6421025  3791156  5860307 5860307 22737791
              64      64  877797 1638743 10402178 1290201710402178 5735102 2772930  5283570  3738358  4564786  1734015 5283570 10402178
             128       4  711270 1778862  5545860 10567140 9795896 4267461 5122535  5325799  8548124  4012317  3124872 5545860 12542043
             128       8  841746 2464907  5847904  475925311470204 4407601 5122535  6727225  6406138  3277486  2248149 4407601 14200794
             128      16  901083 2784517  5545860 1420079414200794 5545860 5325799  5784891  4557257  4557257  1732927 4557257  9129573
             128      32  848397 1911894  5847904 1420079414586625 6114306 3277486  6727225  4407601  5122535  2464907 3657016 14200794
             128      64  889145 2211113  8414153 1636517314200794 6114306 5122535  5545860  9129573  4407601  6727225 3895854 14200794
             128     128 1206978 2843510 11720614 1588107814200794 6114306 4267461  6114306  4934216  4759253  3657016 5325799 12842051
             256       4  944525 2325094  5841722 12812277 9778562 4496299 5320671  5687020  4496299  4197489  2911402 4819184 11695808
             256       8 1032636 2563818  6107548 1345445012228612 5217259 5687020  7120034  9434868  4819184  3197509 5971678 14164395
             256      16 1153561 2975955  6107548 1416439512812277 4840911 6107548  7120034  6073004  5117791  4009406 5938650 14164395
             256      32 1138879 2783115  5841722 1495343513625180 5938650 5117791  7735574  6554972  5428265  4496299 4422226 14164395
             256      64  999940 3087188  6398720 1607260814353744 6398720 6249745  7571923 11695808  5569035  4496299 6398720 14953435
             256     128   68157 3511189  8271916 1495343513625180 6249745 2458168  6936061  9434868  4197489  5810112 5687020 13625180
             256     256 1361224 3236056 12812277 1416439513454450 6249745 5687020  6249745  5687020  6107548  3770085 5971678 13454450
             512       4 1103647 2708713  6018636 12499490 9468384 4340054 5439343  5624545  5624545  4123387  3580298 5760329 11620224
             512       8 1230786 3388236  4532414 1343809211620224 3934520 4871723  6843354  7115451  4827914  3678421 6246213 14240069
             512      16 1323315 3481620  5951911 1378308812499490 5331314 6086873  7211022  6821616  4927617  3970896 6319739 14240069
             512      32 1368865 3580298  6395018 1503780114240069 6246213 6395018  8018812 10235583  5331314  4701087 6174377 14628067
             512      64 1365383 3580298  7334159 1558341714240069 6551087 5115422  8140399  8109658  5566231  4827914 6228097 15037801
             512     128 1209982 3678421  7309196 1462806713438092 6246213 6246213  7647578 11683444  5624545  5227492 6086873 14240069
             512     256 1252318 3736016  7758090 1310994412499490 5344582 5760329  6472112  2339802  3366987  5744919 5624545 12427157
             512     512 1459080 4195896  9638369 1279744112499490 5019764 5453155  5439343  6035551  5760329  3795443 5886650 12797441
            1024       4 1220575 3037876  6025439 1231335110039528 4182843 5479632  5950309  6787181  4195100  3170172 5821271 11489839
            1024       8 1196101 3671521  6559147 1487147712790037 5226256 6163794  7699755  8326715  2619192  4178773 6479979 14230902
            1024      16 1440391 3880507  6519323 1423090213264026 5789881 6059442  2514903  7420395  4488860  3863055 5564829 13305116
            1024      32 1446211 3631168  6744549 1461839313998981 5751117 5330028  7826025  5500686  4898425  3863055 6137371  4654248
            1024      64 1473500 2688041  6479979 1529515714422045 6479979 5652717  7941793 15801608  5564829  4629166 6692005 14618393
            1024     128 1444266 4339202  6650556 1423090213863422 6317933 5813392  7927135  9464330  5444898  4512441 6208343 13818817
            1024     256 1424152 4228138  6918376 1298335312944224 6137371 6016997  7160597  9064828  5529011  5018624 6093831 10134284
            1024     512 1532928 4211554  8326715 1330511613142265 5991815 5983467  6479979  8262639  5071963  6280976 6025439 12790037
            1024    1024 1530742 4215688 12639479 1347205313264026 5853003 5958564  5958564  6102490  5983467  4854136 6172653 12828238
            2048       4 1175607 3245396  5970183 11129659 9944290 3946119 5475461  5489457  8059569  4112366  3657149 5461535  4481379
            2048       8 1432179 3885431  6503556 1256195212729493 4741090 4697018  7698414  9228493  4170264  3749743 6420913 12488897
            2048      16 1494992 4223576  6608629 1280539913219235 5345969 6359119  7286980  8531869  5107566  4338776 6058611  8431376
            2048      32 1351935 3924484  6401772 1033928213836752 2676988 5738844  7529708  7670915  4820915  2748949 6202989 13660713
            2048      64 1565847 3644736  6603549 1444158014514788 5517666 6024617  8498106 12257227  5319484  4321315 6382745 13038646
            2048     128 1456462 4259178  6459541 12805399 6917293 6075753 5970183  7368238 14226322  5056455  4248644 6266340 12257227
            2048     256 1530689 4265523  2235910 1067330212805399 5769681 5937172  7318020 10555264  4818211  4358590 5044577 10959265
            2048     512 1573015 3309159  6649556 12729493 9349021 4079167 5172149  4385291  8221561  4196751  3946119 4552633  8498106
            2048    1024 1452276 3657149  7999524 1232758911770166 5225638 5785224  6114678  8292998  4807425  4451191 5507054  7529708
            2048    2048 1277540 1873565  7286980  5184636 5832361 3276342 5071381  3955204  5144271  4061807  3277593 5238385  5212953
            4096       4 1113637 2739658  5490871  5620203 7099689 2868184 4969868  4218190  4952675  3000952  2628979 4807163  5030994
            4096       8 1389866 3494822  5360658  7301864 7001316 3586757 5689064  7670249  7038605  3025260  3343814 5292944  7197849
            4096      16 1473932 3860813  6169144  6724530 8642630 4188367 3789282  7135072  4612286  4188367  3945943 6068897  7408930
            4096      32 1478753 4113159  6500617  7742845 9482180 4079948 6186918  7711565  7572208  2950952  3957760 3799338  6068897
            4096      64 1175350 3841819  6086096  6379914 8292220 4723889 5704175  7969117  7906767  4366128  3086681 4230655  5461198
            4096     128 1499272 2846325  5706070  7099689 7774379 4740836 5271829  7639552  6243125  2343197  3462422 4428023  5696610
            4096     256 1331586 3311586  5835938  6941906 5178081 3871253 5139356  6714018 12560167  3385325  3396704 5211065  5910222
            4096     512 1542205 4016047  5512011  6953144 8548024 3857345 3996428  6883496 11570449  4113159  3319264 5777065  6638778
            4096    1024 1478244 3653887  6605595  4023571 6178018 4192455 5681538  5679660 10245593  3730046  3245890 4713521  6131713
            4096    2048 1418791 3003050  5918366  5988509 5513780 3242827 4467170  4067390  6049663  2987384  4167033 4613524  5431844
            4096    4096 1259908 2748864  4713521  2923832 4664886 2925823 4487004  3036489  4091608  3033808  2754594 3972402  3245277
            8192       4 1205951 3045318  4643957  5884720 4985593 2624121 5322300  5524246  5302587  3023878  2591465 5165475  5429103
            8192       8 1242720 3458173  6301295  6077276 6098850 2902788 5821902  6558696  5531360  3198692  3243073 6196743  6187815
            8192      16 1424190 3515851  6173362  6538726 6054786 3483062 6077276  6470997  6150158  3357474  3582197 6158977  6158977
            8192      32 1438440 3780445  6001904  6575012 5776876 3672165 5821902  7495897  6112956  3710232  3621463 6365501  6068689
            8192      64 1426733 3785443  5825851  6450345 6063334 3689911 5859631  7915520  6330318  3494753  3650706 6305921  6108608
            8192     128 1477342 3680425  5319004  6272536 6042010 3974610 5435974  7255309  5893805  3506880  3650706 5661696  5748846
            8192     256 1466496 3799676  5439416  5577150 6136976 3685162 5752696  7528746  5769116  3503662  3586684 5382328  5889763
            8192     512 1474426 2286410  5588034  5626466 6150158 3878597 5364680  6655245 12396156  3487304  3456433 5814021  5432536
            8192    1024 1423246 3403367  5789530  6054786 5692651 3581823 5378957  6930432 11620560  3362731  3317920 5482815  5424817
            8192    2048 1358801 2895937  5047850  5305863 4899570 3019626 5132298  3936361  5876668  2798752  2845337 4818493  5287898
            8192    4096 1301958 2622319  4320454  4248864 4420506 2857404 4237859  2965931  4329710  2562475  2828705 4295608  4211884
            8192    8192 1107171 2275508  3306108  2955217 3763056 2268597 3831454  2483931  3576976  2306981  2544825 4394499  4211884
           16384       4 1174053 2714810  5718614  5614884 4695619 2495278 5044443  5531719  4805959  2758178  2874353 5403406  5686906
           16384       8 1349271 3147244  6470878  6412309 5706741 2836974 5910434  7705872  5946749  3095359  3277380 6330788  6032360
           16384      16 1389990 3373926  6453256  6435127 6047756 2557974 6178250  7677462  6178250  3159399  3011792 6217941  5822300
           16384      32 1424597 3545566  6272998  6402750 6239394 3670166 6136321  7599353  6191610  3468262  3530266 6048288  6079322
           16384      64 1396260 3401987  6047756  6155008 5857536 3631185 5914504  6435127  5994996  3145372  3245648 6097121  6243929
           16384     128 1477494 3645053  5966368  6086321 5171619 3457269 5801655  8115381  5708638  3534078  3556208 6008099  5653687
           16384     256 1445940 3612098  5781155  5537068 5675165 3908333 5597504  7095596  5752602  3426925  3503806 5595225  5680795
           16384     512 1431930 3721041  4779552  5637917 5000032 3950801 5758869  7173368  5817863  3366983  3402660 5756940  5722900
           16384    1024 1379471 3437726  5860033  5908402 5809993 1824694 5077241  6998761 11490003  2993033  3163471 5574800  5803614
           16384    2048 1232154 1996335  4855880  4821470 4941072 2873992 5033359  3781237  5464853  2285103  2066328 4818765  5086636
           16384    4096 1194336 2258888  3811014  3797746 4204361 2759175 4292336  2866798  4015675  2542547  2345230 3709392  4327475
           16384    8192 1170274 2575325  4044271  4027442 4303626 2773652 4180574  2732949  4283507  2429382  2937758 4026499  4190261
           16384   16384 1240562 2656666  4233631  4214159 4405431 2566380 4109326  1300524  4179557  2612231  2676220 4355176  4321760
           32768      64 1456494 3590189  6183755  6297950 6024640 3489289 5188959  7607684  4109425  2273190  3381963 6235659  6190719
           32768     128 1416504 3596108  3055026  6074970 5453103 3523822 5788412  7096991  5883817  3140255  3486368 5833619  5859735
           32768     256 1401054 3595355  5324654  2584614 5603393 3513642 5646674  7320782  5638103  3152572  3178234 5505308  5607966
           32768     512 1424078 3378887  5431338  5586993 5444893 3607245 5320326  6949853  5746543  3067915  2199804 5381573  5299606
           32768    1024 1348474 3338911  5553132  5744861 5945927 3572180 5530563  6543214  5344532  2738874  2867086 5800872  5774065
           32768    2048 1372182 2932481  5074018  5277627 5154513 3044469 5021920  3961255  6561332  2225162  2240543 5066910  5212772
           32768    4096 1271855 2629816  4400749  4083783 4275619 2688776 3728289  2981852  4298620  2193029  2313483 4007807  4163075
           32768    8192 1280302 2556394  4188193  4344686 4271101 2716410 4343587  2883447  4335640  2447937  2520437 4395401  4178008
           32768   16384 1269681 2646833  4377760  4329903 4077604 2523723 4416730  2878193  4380132  2548856  3258870 4331540  4435975
           65536      64 1096709 3291603  6253364  5977841 6112771 3498963 5846251  8465907  5648160  2803566  3419568 6110053  5829142
           65536     128 1312299 3462600  5857588  5802685 5071285 3476351 5796567  7465084  5249187  2855731  3419015 5969273  5827412
           65536     256 1364024 3409600  5024565  4744853 5193351 3239696 5542138  7169517  5161948  2920883  3020244 5524872  4800119
           65536     512 1361956 3497138  5125946  5783274 5771495 3414598 5420179  6617057  5669712  2971723  3244514 5414413  5763992
           65536    1024 1311635 3412987  5701701  5089030 5201311 3305735 5775012  6371349  5255509  2854486  3047602 5909471  5831615
           65536    2048 1326907 2673082  5159041  5057197 4997434 2533978 4001669  3865324  4047154  1981861  2130426 5133317  4950542
           65536    4096 1282326 2490336  4336379  4271088 4236333 2667971 4263338  2861588  4078379  2053061  2119257 4215931  4276670
           65536    8192 1286864 2515957  4140487  4227602 4369674 2589747 4108861  2877163  4140550  2141347  2230015 4141798  4150741
           65536   16384 1274891 2621334  4124335  4116861 4368494 2580678 4203424  2740835  4084257  2372094  2561989 4165460  4107817
          131072      64 1218890 2854720  6112010  5934336 5728424 2736944 5999814  8100869  5948656  2612140  2835154 6100886  6443472
          131072     128 1313976 2937972  5434635  5792219 5429911 2889834 5542183  7842472  5545929  2743473  2690531 5770999  5966215
          131072     256 1291170 2947502  5462282  5638705 5535877 2794954 5433292  7297597  5596344  2756624  2758713 5671865  5852712
          131072     512 1300640 2911166  5725203  5789169 5680480 2989301 5640904  7059754  5646002  2535483  2695557 5724905  5328340
          131072    1024 1234372 2715731  5256303  5520922 5773120 2836749 5591108  7023137  5693835  2453754  2548743 5644553  5697317
          131072    2048 1199643 2313341  4232380  4616002 3635643 2477350 5092745  4027520  5130625  1590945  1907776 4415148  4983156
          131072    4096 1135993 2273664  2869726  3903966 3709508 2157920 3457892  2884134  3556130  1685830  1866985 3678703  4155598
          131072    8192 1145986 2167483  4292391  4212500 4157452 2321998 4144446  2918027  4219160  1856914  1892519 3432824  4241818
          131072   16384 1174607 2137889  4090998  4000353 4082219 2195398 4027756  2918166  4023305  1988771  2007875 3481520  4111528
          262144      64  154577  136474  5724303  6002166 5658549  119150 5358301  6437278  5842288   154822   154065 5962974  6134031
          262144     128  145914  129850  5528495  5948360 5716803  128588 5286550  7427887  5539106   160429   160036 5783895  5904946
          262144     256  163166  138253  5553318  5720788 5666627  135482 5466459  7456803  5768904   161696   155873 5526133  5759626
          262144     512  157388  138839  5480273  5684557 5696927  152876 5361044  7183824  5663445   170767   164594 5590278  5758480
          262144    1024  158284  142214  5207480  5686056 5560958  160519 4787754  6369224  5804138   166993   163016 5521831  5718527
          262144    2048  153671  141289  4751751  4829646 4923175  160254 3722630  3501653  4758908   165131   151348 4643250  4745721
          262144    4096  152941  135260  3835262  4095628 4058514  171068 3941780  2940147  4302163   167267   159220 4081519  4224442
          262144    8192  155838  142726  3965207  4132619 3957543  173040 4105293  2945400  4172342   186445   175077 3890701  3935220
          262144   16384  161203  147135  4086996  4120601 4043871  184436 3878733  2857842  4158125   188673   190421 3937870  3966108
          524288      64   60252   88044  5967242  6263742 5497588   25128 5656610  8380941  5878062    89560    82545 6052116  6197105
          524288     128   89601   68716  5801700  5906878 5715626   44833 5648981  8221698  5872396    90083    89539 5398909  5538992
          524288     256   85331   86184  5453726  5686362 5531273   56897 5453658  7368768  5548552    90962    90797 5506757  5571720
          524288     512   90006   85912  5617939  5782751 5635561   60204 5493550  7164440  5638408    91966    90177 5678110  5872207
          524288    1024   89375   85299  5565515  5752181 5736006   69589 4696702  6547210  5661853    90629    86499 5649533  5807937
          524288    2048   90689   81775  4654048  4638606 4864107   86766 4820994  3641015  4959448    87355    86201 4844604  4952846
          524288    4096   90326   86655  4001317  3963590 4094208   81886 3544594  2463828  2659050    83495    77852 3427593  3631383
          524288    8192   89140   78573  3520815  3743599 3756344   79998 3663531  2532582  3918334    89197    88776 3905460  4005012
          524288   16384   86288   86091  4045841  4085818 4091397   91935 4107906  2865539  4143777    92644    93680 4183326  4205873

iozone test complete.
