	Iozone: Performance Test of File I/O
	        Version $Revision: 3.420 $
		Compiled for 64 bit mode.
		Build: linux-AMD64 

	Contributors:William Norcott, Don Capps, Isom Crawford, Kirby Collins
	             Al Slater, Scott Rhine, Mike Wisner, Ken Goss
	             Steve Landherr, Brad Smith, Mark Kelly, Dr. Alain CYR,
	             Randy Dunlap, Mark Montague, Dan Million, Gavin Brebner,
	             Jean-Marc Zucconi, Jeff Blomberg, Benny Halevy, Dave Boone,
	             Erik Habbinga, Kris Strecker, Walter Wong, Joshua Root,
	             Fabrice Bacchella, Zhenghua Xue, Qin Li, Darren Sawyer,
	             Vangel Bojaxhi, Ben England, Vikentsi Lapa.

	Run began: Sun Oct  6 16:36:22 2013

	Auto Mode
	Command line used: iozone -a
	Output is in Kbytes/sec
	Time Resolution = 0.000001 seconds.
	Processor cache size set to 1024 Kbytes.
	Processor cache line size set to 32 bytes.
	File stride size set to 17 * record size.
                                                            random  random    bkwd   record   stride                                   
              KB  reclen   write rewrite    read    reread    read   write    read  rewrite     read   fwrite frewrite   fread  freread
              64       4  507625 1210227  4018152 1290201710821524 4274062 4564786  3791156  4564786  3588436  2298136 4564786 12902017
              64       8  688639 1452528  6421025 15972885 9006179 4564786 5283570  4274062  4564786  3958892  1828508 4897948 12902017
              64      16  658243 1452528  5735102 1290201710402178 4988978 3057153  6421025  4564786  3057153  4018152 5735102 20962191
              64      32  727850 1599680  6421025 1597288515972885 5860307 4564786  5860307  3363612  4564786  2052169 5735102 22737791
              64      64  474430 1828508 15972885 2273779112310336 5389653 3203069  5389653  5860307  5860307  2278628 5735102 20962191
             128       4  739689 2608629  5603747  9795896 9129573  748976 4444086  4267461  7476717  1391557  2066432 5325799  9129573
             128       8  841746 2608629  6114306 1284205111470204 5122535 4557257  5847904  5122535  4012317  2985839 5545860 11720614
             128      16  934004 1975201  4267461 1056714012842051 5545860 4012317  6406138  7582312  2969325  2727923 5122535 12542043
             128      32  859260 2920861  6114306 18012359 8548124 5603747 4407601  6114306  7476717  3759450  3657016 5122535  1727352
             128      64  391360 2784517  6727225 1172061412842051 5325799 4759253  5325799  6727225  3277486  5122535 5122535 10567140
             128     128 1007629 3036502  9795896 1420079412842051 5325799 5545860  5784891  5325799  4889281  3657016 5122535 14200794
             256       4  900936 2170027  5455847 12228612 9868433 3994490 1391207  5347168  7120034  3667079  3123106 5455847 11569783
             256       8  987979 2305128  6213578 1435374412812277 5540300 5687020  7120034  5455847  3043436  3654598 5841722 13454450
             256      16 1048775 2747508  5687020 1416439513454450 5971678 5217259  6891544  5022044  5117791  3935921 6398720 13454450
             256      32 1040643 2783115  5455847 1435374412228612 5320671 5455847  6761355  5938650  5242734  4734192 5217259 13454450
             256      64 1084800 3557725  6398720 1416439513454450 5347168 5687020  7571923 11207494  3654598  3410808 4734192 13454450
             256     128 1093639 2872459  6554972 1281227712812277 5022044 4755158  5810112  5938650  3705040  6719046 5687020 13454450
             256     256 1230218 3823789 12090911 13625180 1907837 5569035 3207059  5117791  4197489  4755158  3557725 5810112 13454450
             512       4  939486 2875558  5566231 11943357 9997331 1985091 5067142  5453155  7309196  3822466  3081897 5624545 10911694
             512       8 1094088 2047551  4532414 1343809211877300 3905895 5951911  7022379  7620440  4784885  4262523 5509113 13522711
             512      16 1193175 3158966  5509113 1310994412146009 4927617 5227492  6757222  7211022  4610256  3849877 5886650 13109944
             512      32 1279935 2891043  6551087 1462806713438092 6246213 5067142  6909408 13522711  3768799  1999881 5398323 14240069
             512      64 1261144 3580298  6931711 1514384614240069 5744919 6319739  8109658 13522711  5384786  4532414 5278892 12797441
             512     128 1227971 3012719  6551087 1387212213522711 5951911 5951911  6909408  8265729  5684095  4305250 5331314 13872122
             512     256 1476130 3934520  8109658 1310994412797441 6338392 5744919  6246213  5684095  3510074  5624545 5177083 12146009
             512     512 1296159 4061007 12797441 1310994413109944 6246213 5495016  6246213  6086873  6246213  3284589 5807059 13109944
            1024       4 1039489 3181915  5789881 11903823 9485232 4060261 5226256  5751117  7420395  4282950  3369115 5720477 11645609
            1024       8 1197769 2760606  5660167 1487147712639479 3314514 5444898  7472033  4926518  3239514  3655895 5593820 13818817
            1024      16 1370527 2450338  3291652  553613713142265 5226256 6172653  7257394  5018624  3937426  4110780 3458646 13305116
            1024      32 1172909 2225595  6692005 1461839313818817 6441107 6059442  7755368  9064828  5144870  4531485 6280976 13998981
            1024      64 1271902 4531485  6441107 1466831814230902 6479979 3358576  8122014 14871477  4470172  1924436 6208343 13863422
            1024     128  714065 4215688  6733974 1423090213643232 6529233 6059442  8199542  9743447  5363307  4451639 5018624 13643232
            1024     256 1025099 2884840  5169641  8970167 8391792 4589593 3311958  3556008  8391792  3529706  2958362 4854136 12790037
            1024     512  239423 3037876  7101400 10662628 9485232 5048117 4949226  5363307  6364746  3541348  4415030 4195100  8988941
            1024    1024 1140517 3447541 12071103 1249242611903823 5507740 5630486  5652717  3335105  4594502  3764854 5564829 12790037
            2048       4 1057768 3060395  4807425  4676561 8261095 3194702 3962502  5986827  3991965  2566606  2579710 5280246 10726615
            2048       8 1343057 2905140  5765808 1271065712187663 3489282 3946119  7286980  4751580  4223576  2534797 5953632 12416686
            2048      16 1276022 3855782  6483920 1374816913301113 4730646 4960102  7213548  6261772  4248644  4293237 6303124  7419150
            2048      32 1319537 3097921  5068389  930849713301113 5277002 6207471  7503399  7311791  3922692  2951050 5006356 13301113
            2048      64 1541125 3828288  6058611 1313835913748169 4213218 5389574  7789164  5251194  4104506  3414387 4633675  8159088
            2048     128 1469167 4356379  6132138  979685010289741 4221501 5920802  7846081 10660056  4886737  2720222 4223576  7318020
            2048     256 1178995 3140967  6075753 1190061912805399 6092991 5492967  5629769  8678404  3108009  4259178 4040790  5376082
            2048     512 1142156 2479196  3953383  2937929 2248199 2464968 4284671  6649556  5416763  3402216  3494960 5553337 10780463
            2048    1024 1542232 2904157  4875642  5884299 9015410 3702868 5503525  6202989  7874853  4451191  3984558 3363581  3454204
            2048    2048  932593 2126850  5433896  5144271 5376082 4128177 4301837  4038890  5056455  4146110  3999400 4751580  5212953
            4096       4 1098962 2433820  4120064  4280194 4076076 2489906 4347346  5580043  4467170  2607432  1577755 5101205  5284803
            4096       8 1417269 2994153  5711761  5910222 8127459 2828983 4773769  7906767  5902100  4171080  2907010 4481152  4496399
            4096      16 1301130  474623  1613920   971777  965334 3381993 4725189  5107271  5369035  4279128  2981164 4188367  5719367
            4096      32 1302708 3747948  4315676  5271829 8292220 4696769 6178018  7863339  6605595  3433360  2985827 5769304  7301864
            4096      64 1259908 3100608  5355645  4819300 5319164 3031667 4112175  7742845  4676314  3207709  3960497 5145513  4485833
            4096     128 1207570 2860543  4638436  6978564 7326777 3548968 3953206  7339297  4904602  2553562  3427880 4659824  4740836
            4096     256 1511406 3549702  4541567  6542703 6358661 4294102 4104315  7460407 11193514  4149921  2763900 5319164  4648477
            4096     512 1250736 3693161  5145513  5278308 7447471 4325455 4132949  6500617  9989424  3310948  3165159 5704175  6628532
            4096    1024 1187290 2459958  4442909  5902100 6703539 4038705 4043458  6605595  9846293  4104315  2745350 4395170  4659824
            4096    2048 1022257 2117884  3442303  3305851 4071246 2181070 5089116  4039655  4408705  2215097  3537277 2773270  3385325
            4096    4096 1043556 2066426  4184286  4565707 4329816 3075079 2734426  2691164  3730046  2359610  2898672 3081698  3230631
            8192       4  949457 2915349  4591825  5098030 4201070 2296036 3607395  5665431  4490996  2580953  2158030 4387765  4469381
            8192       8 1195919 3334341  4173008  6244039 4262568 2763857 5606269  7846828  5928379  3254439  1717402 4938300  4533063
            8192      16 1234283 3720275  6257686  2192735 1286216  714090 4255178  6643663  3145975  2762079  2657200 5764277  6117309
            8192      32 1330751 1142703  5288712  5818944 5721087 3288703 4976927  8200795  5312425  3350598  3409108 5550123  5817959
            8192      64 1456365 2771437  4673010  5855636 6018726 3559928 4675554  7899143  6253130  3710232  3126510 4636437  4442798
            8192     128 1360576 1835573  5599873  3572513 4625826 2029181 4934754  6924845  5254742  2319283  3376611 5535816  5975808
            8192     256 1400049 2370486  5007390  4965419 4870401 3403704 5347980  7142200  4047176  2257270  1876780 4657175  2902052
            8192     512  692893 3198692  5326425  5414558 5230743 3721887 4836126  6455193 11667913  3045318  3119697 4604748  4491583
            8192    1024 1179741 1226134  1971547  5233930 3077504 1621598 4824582  5688881  9460786  2857404  2147375 5171695  5777847
            8192    2048 1089823 3044239  5389081  5305863 5274909 3046668 3887813  2834539  4561346  2175244  2424342 3472502  3287445
            8192    4096 1060721 2161424  4474037  4304757 3236658 2617125 3631030  2577662  3490493  1934800  3042891 3683187  4277426
            8192    8192 1053630 2346046  2943571  3017504 2504572 2193295 3032953  1765495  4248864  2878228  2209230 3731993  3512976
           16384       4  952891 2657077  4403173  4343339 3377408 2083683 4032642  5183322  4170173  2404813  2601059 1298362  5175124
           16384       8 1164543 2543300  4577695  4825871 4937877 2467059 4978299  7316961  5671418  3143645  2623100 6099827  6163841
           16384      16 1273625 3151863  4428142  4695940 4478938 2636283 4096100  7077327  4508617  3014566  3076788 5683144  5209649
           16384      32 1323442 3531717  4813364  4478938 4482443 2583846 5659275  8436179  4366799  2494191  3355966 5226290  5731014
           16384      64 1520281 2992512  5382246  4258819 4268872 3097173 3269583  7494921  4325296  2024208  2677159 4292336  4323936
           16384     128  859425 3858735  4192562  4893920 4854508 3590583 4181592  6767187  4694656  2658825  2487330 4905448  4083686
           16384     256  984974 3813764  4646722  5092668 5677040 3894600 4233631  7163647  4867574  2816048  3257958 4805959  5110468
           16384     512 1326098 3421125  6001802  5669079 5925213 3631952 3992114  4318501  4087815  3432574  3652997 4356280  4422158
           16384    1024 1210493 3471240  4097077  6147850 6115570 2406581 5514850  6636481 12317954  2734362  3211970 5382668  5282129
           16384    2048 1350491 2063226  3332046  3351874 3885132 2297249 4161586  2448948  4186177  1804190  2011529 4115479  5302099
           16384    4096 1120490 2322011  2604805  2925128 2684584 1709192 4372634  3064166  4441306  2513715  2330279 3869600  4061481
           16384    8192 1133371 2184219  3094244  3683543 3976636 2742985 4416190  2926249  3587584  2190694  3166532 4187197  4413637
           16384   16384 1170713 2097868  4059561  2761059 2727092 2090020 2947208  2177574  2892135  2807305  2821829 3588146  3528091
           32768      64 1324383 3617594  6491296  4363306 4617809 2827740 4337829  7634731  5830650  3424774  2658198 4787178  4829399
           32768     128 1480691 2961931  4277349  6235659 5605221 3841995 4046391  6265507  4648577  2679340  3086656 4183858  5235409
           32768     256 1263553 2822166  4121255  5265697 5321150 3036599 3344029  5725715  3545182  2384693  1777216 3913542  4107829
           32768     512 1387238 2485477  5758823  5150457 5751833 3765986 4693343  6132982  4839432  2742536  3467895 5571818  5028167
           32768    1024 1400041 3338181  5699832  5140824 5078705 3541346 4964059  6924642  5225258  2626298  2824312 4631503  4796199
           32768    2048  684447 2100652  3276193  3349489 3970869 2729790 5061498  3156265  3270268  1914703  1953151 5154707  5147371
           32768    4096 1049955 2083298  3173610  3974313 3185084 2134748 4085240  2669505  3190926  1901905  2030753 2916055  3548202
           32768    8192 1180312 2099432  3364247  4346472 4101577 2588069 2974044  3022044  3590565  2435012  1986663 4337282  3258870
           32768   16384 1101037 2284146  3462740  3807088 4333179 2530320 3525720  2473622  4030963  2009670  2678453 4066024  3063812
           65536      64 1055093 3328028  6121483  5520766 2268141 1224401 4225653  4066252  4838394  2919704  3615777 3252230  3335014
           65536     128 1258006 2213084  5770526  6015254 1713982 3499721 5538453  7219227  5496150  1019414  3215367 4375447  4679505
           65536     256 1288759 2433930  5179065  5236187 5218691 3276459 5755302  6059677  4920060  3083879  2327012 4912323  4070769
           65536     512 1292060 3462949  3992196  4487890 4199635 3386163 5405469  6361470  5434538  2464326  3517365 5675097  5645260
           65536    1024 1435087 3376928  5399205  5735129 6010256 3382995 5662354  6295470  5900971  2778233  2823001 4575517  4774605
           65536    2048 1332710 2891752  4905397  4424180 5245380 2723510 4433528  3998293  4320090  2122415  2037554 4545780  4333234
           65536    4096 1271136 2548757  3977177  4238815 4357137 2711795 3779907  3017194  4107755  1976347  2017114 4062226  3917771
           65536    8192  603372 2657884  4228708  4343299 4202653 2568644 4202139  2783551  4222666  2156060  2258933 3186443  2964064
           65536   16384 1260891 2640015  4215608  4003884 4177424 2739224 2957399  2730218  3557470  2117282  1890380 2693856  4016169
          131072      64 1036174 3100608  6115682  6192003 5759391 3141411 5864261  7995075  6016294  2905673  3113285 2581318  5828759
          131072     128 1208369 3226156  5757340  5663101 5571107 3139760 5444107  7814492  5553436  2915613  2796802 5683710  5844685
          131072     256  826015 2791378  4836215  5129237 5043408 2798710 1246592  7237170  5302080  2770139  2894246 5383703  5447938
          131072     512 1327849 3065732  5512784  5385285 5168053 3157831 4226231  6245677  5585598  2688873  2772542 5509966  5645770
          131072    1024 1299635 3141932  5260327  5346373 5518373 3038150 5134842  5622041  5535319  2109473  1909890 5388822  5517154
          131072    2048 1148022 2686574  4834131  4763634 4300147 1817063 4659824  3632712  4900797  1858439  1765468 4173327  4867473
          131072    4096 1159940 2247462  4059221  3859051 3888558 2334986 3784924  2750789  4012733  1787697  1844658  904250  3944017
          131072    8192 1161884 2261068  3978150  3927365 3932197 2275396 3920196  2803978  4021010  1872779  1865527 4161544  4302637
          131072   16384 1193135 2290355  3920559  4135809 4175736 2468629 3712338  2869606  4027786  2064936  2097049 3546793  3521348
          262144      64  134786  109097  5512226  5930169 5662687   64373 5161619  8357059  5637283   111543   107250 5437667  6328131
          262144     128  126755  113842  5044144  5472172 5428887   77428 5250651  7810484  5475497   127661   120134 5277517  5815343
          262144     256  119126  101672  5181858  4372497 5030298   64511 4977670  7213043  5241090    99180    86686 4637258  4592822
          262144     512   60042  114347  5275162  5509657 5433582  110525 5168048  6905620  5404338   125562   115202 4803546  4743653
          262144    1024  124887   76631  4821302  5612278 5509905   86812 5334979  6270354  5513248   113832    81407 4054578  5653079
          262144    2048   95960  113236  3606330  4564982 4430356   82842 3031197  2910448  3160117   102643   100557 4093951  4758476
          262144    4096  118085  111797  3848836  4099721 3532263  129782 3721672  2681527  3992637   126534   124480 3725278  4059023
          262144    8192  115222   76201  3859888  3910253 3878391   84588 2505936  2250741  3826520   102288    95640 3826360  3031238
          262144   16384   87056  127942  3822064  2980806 3340733   88157 1671039  2004006  3738032   104136   157879 3687028  3940834
          524288      64   54156   58595  5681851  5829955 5667909   13701 2820877  8083758  5701444    80146    72755 4468453  6114787
          524288     128   68779   49277  5448794  5801823 5642415   18992 4114262  4277907  5539466    43817    69966 5537527  5714809
          524288     256   76709   39700  5268852  5519583 5458139   30264 1501019  7220096  5401641    43619    41499 5131983  5110266
          524288     512   46455   37877  5549616  5567460 5475303   58381 5302047  7136377  5461569    72752    55248 5169418  5315980
          524288    1024   80204   74385  5345507  5443075 5340937   37848  258885  6897710  5490272    69051    76509 5458545  5680134
          524288    2048   71850   56908  4413566  4902036 4594826   62256 3542031  3172562  4746447    45589    70244 4535286  4264583
          524288    4096   80947   40195  3409762  3429159 3507271   35837  296496  2686562  4040385    82461    69658  843189  3151032
          524288    8192   77078   38706  3958083  3990375 3905980   47576 2923673  2421698  3626131    86291    43718 3945987  4117197
          524288   16384   80156   36494  2285616  2718179 2425866   37484 4103054  2884446  4127862    85014    60736 3817975  3866742

iozone test complete.
