	Iozone: Performance Test of File I/O
	        Version $Revision: 3.420 $
		Compiled for 64 bit mode.
		Build: linux-AMD64 

	Contributors:William Norcott, Don Capps, Isom Crawford, Kirby Collins
	             Al Slater, Scott Rhine, Mike Wisner, Ken Goss
	             Steve Landherr, Brad Smith, Mark Kelly, Dr. Alain CYR,
	             Randy Dunlap, Mark Montague, Dan Million, Gavin Brebner,
	             Jean-Marc Zucconi, Jeff Blomberg, Benny Halevy, Dave Boone,
	             Erik Habbinga, Kris Strecker, Walter Wong, Joshua Root,
	             Fabrice Bacchella, Zhenghua Xue, Qin Li, Darren Sawyer,
	             Vangel Bojaxhi, Ben England, Vikentsi Lapa.

	Run began: Sun Oct  6 08:08:09 2013

	Auto Mode
	Command line used: iozone -a
	Output is in Kbytes/sec
	Time Resolution = 0.000001 seconds.
	Processor cache size set to 1024 Kbytes.
	Processor cache line size set to 32 bytes.
	File stride size set to 17 * record size.
                                                            random  random    bkwd   record   stride                                   
              KB  reclen   write rewrite    read    reread    read   write    read  rewrite     read   fwrite frewrite   fread  freread
              64       4  621657 1232453  4897948 15972885 9006179 4274062 2561267  4897948  4274062  3363612  2772930 4564786 10821524
              64       8  598110 2662899  6271021  159968012902017 4564786 4988978  5735102 12902017  1049372  2772930 4274062 12902017
              64      16  712397 1452528  5860307 1290201712902017 5283570 2561267  4207076  4274062  3057153  1734015 3791156  6421025
              64      32  592827 1638743  7940539 1290201712902017 5389653 3057153  5283570  3958892  4897948  5860307 5860307 20962191
              64      64  771797 2133730 15972885 2096219115972885 3541098 4274062  4564786  3203069  5389653  1879725 3541098 12902017
             128       4  718889 1755594  4267461 11720614 9977956 4557257 3124872  5325799  8548124  4267461  1939522 4759253 12842051
             128       8  809997 2608629  4889281 1420079412842051 5325799 4759253  6727225 12842051  4267461  4267461 5847904  9795896
             128      16  983630 3124872  5603747  9977956 9287508 5379161 5325799  6727225  9129573  3785961  2326073 5325799 15881078
             128      32 1085013 3359523  7476717 1801235914586625 6114306 4934216  6406138 10567140  5545860  4759253 5545860 15881078
             128      64 1123617 3867787  7476717 1284205114200794 6114306 5603747  6727225  6114306  1833539  1684006 5784891 12842051
             128     128 1040839 3867787 10567140 1863766414200794 5122535 4557257  2367096  5603747  5545860  4717434 5545860 12842051
             256       4  591330 1686137  1649865 12228612 9114515 4070199 4734192  5320671  5242734  4132864  1248819 5142301 11569783
             256       8  690151 2975955  5810112 1516462412812277 4907284 1632308  6398720  8534922  3879045  3557725 5217259 13454450
             256      16 1190657 2842047  5687020 1416439514164395 5810112 5428265  6719046  4734192  5117791  3087188 5540300 15164624
             256      32 1158540 3285566  5687020 1416439515164624 5455847 6213578  6891544  6073004  5569035  4496299 4755158  4652146
             256      64  775933 4117018  7791708 1682830614164395 6398720 5217259  7120034  8815202  5347168  5455847 6213578 16072608
             256     128 1123389 3605511  8024634 1435374413625180 5938650 5320671  6936061  8815202  3717869  6554972 6249745  2285501
             256     256 1206714 3236056 12812277 1345445012661199 6073004 5687020  6107548  5347168  5455847  4496299 5455847  2000242
             512       4  986529 2782414  5886650 11877300 9638369 4457157 5067142  5278892  7435738  4099771  2438090 2198475 10694336
             512       8 1216149 3046915  2339802 1279744112215097 5177083 5624545  5214798 11080601  4742616  4228947 6319739 13522711
             512      16  973118 3279573  6174377 1424006912797441 5398323 6018636  4099771  9859630  4827914  3284589 5439343 13190469
             512      32 1368865 4485083  6472112 1343809213872122 2216629 5067142  7540170  9468384  5079126  4532414 5744919 12797441
             512      64 1316016 4195896  6736026 1514384613783088 6018636 6086873  7410080 14240069  5127637  4375425 6174377 14240069
             512     128 1086890 3849877  2891043 1387212213522711 6472112 5951911  7410080  8528336  5331314  4701087 5639315 12797441
             512     256 1350783 3941742  7988981 1310994412874162 6086873 4340054  6551087  8140399  2314583  6736026 4163357 11374040
             512     512 1355045 4000485 12797441 1352271112146009 2979282 4228947  1662389  2906696  3849877  3366987 5624545 12797441
            1024       4  984676 3121783  5660167 11249091 7160597 3151562 4762630  3970183  7420395  4099011  3369115 4634161 10255274
            1024       8  683171 3281592  5821271 1249242611132462 4570058 5536137  7054742  2275110  2035716  3208058 5277632 12173747
            1024      16  688096 1473500  5601115 1220835011645609 4507705 3751699  6776473  7356843  4654248  3229770 5682634 12348754
            1024      32 1278338 3518141  6025439 1279003712313351 4920874 3304314  4304412  5356618  4321737  4048778 4762630 11903823
            1024      64 1352402 3591693  5310258 1347205313102174 5853003 5277632  7524394  9832672  5096034  4162573 5536137 13472053
            1024     128 1345623 3821805  5623115  7369466 9655828 5507740 5251818  7472033  9946527  4995276  4211554 5071963 12037272
            1024     256  463128 3379719  5444898 1148983911368190 5310258 4570058  5303701  8122014  3655895  3722435 4876180 11398360
            1024     512 1268896 3379719  7257394 1003952811368190 5363307 5120336  5917516  7631350  3970183  5507740 5018624  9064828
            1024    1024 1144163 3284101  7524394  932056011278631 3908759 5390231  5194651  3880507  3748425  3170172 4629166  7257394
            2048       4 1006341 2351599  5306340  8820994 7159438 3336148 4839929  5447681  5674397  3561619  1199074 3984558  5172149
            2048       8 1187963 3618634  5549749  5970183 4945823 2967361 5306340  6895083  7159438  4213218  2900235 5816563 10834854
            2048      16 1393156 2801852  6132138 1295995812805399 4490751 6114678  7444871  7846081  5071381  3309159 4818211  8977721
            2048      32 1313685 4394265  4432815 1038930212274742 4031308 3857514  7789164 10339282  4971585  4367454 6261772 13301113
            2048      64 1302727 2959183  3395491 1330111313384011 6132138 5655716  7636816  9653719  5235193  3969827 6207471 13058467
            2048     128 1237599 3319389  6058611 1241668613467949 6207471 6041567  8089930 10555264  4997618  3459769 5461535  8866519
            2048     256 1148570 4221501  2151353  2525852 8089930 2162727 4934459  6670210  9664580  3573472  3709263 5345969  9359208
            2048     512 1444461 4063729  6802261 11642543 7817519 4775354 4063729  6629029  6563185  4196751  2828608 4509611 11015480
            2048    1024 1485169 3657149  6990474  5640860 4511980 3771144 5316192  3792790  4853603  3329682  3038742 4376355  9349021
            2048    2048 1151804 1908532  3977179  4531020 3792790 3960675 3513544  3029098  4223576  2972495  3367537 5068389  4707314
            4096       4 1034071 2645985  4865707  6281934 3961410 2903080 4851966  3806071  3439547  3011473  2228603 3384658  2542225
            4096       8  277960 1764063  5211065  4623457 7656576 2942360 4266376  6669706  4633432  2566149   622305  520337  2700046
            4096      16 1232255 3498380  5353976  4485833 6186918 3155856 5089116  6430059  5265366  3289394  3063563 5347310  5681538
            4096      32 1223480 3131694  5334028  5867831 6068897 3394019 5721272  6724530  5875858  3730046  3119752 5320812  6500617
            4096      64 1317393 2010798  5320812  3165742 5996870 3757786 3789282  3792628  3864287  2002827  2451183 4887857  5961494
            4096     128 1389416 3382659  5558378  5867831 6828774 4153935 4063542  3253266  3781775  1886694  3447830 5178081  4565707
            4096     256 1230049 3036489  4994430  5649775 6140479 3660895 5087609  7027089 12229356  3284991  3018351 4922872  5360658
            4096     512  918964 3354260  5271829  5020702 6032669 3131694 5032468  5944991 10369272  3012001  3086681 2125483  2706852
            4096    1024  692351 3518442  6007355  5325760 6430059 3968731 4653513  5424983  9571993  3376675  3775126 5020702  4540367
            4096    2048 1091977 3163410  4329816  4756587 5402804 3580030 3957760  4083827  3580030  2850576  2830382 3438858  5133213
            4096    4096  979646 2360583  3381993  4591331 4612286 2666933 3456849  2311668  3205315  2445252  1963681 4376138  3580776
            8192       4  976633 2582505  5333039  4421075 3730372 2241806 5062726  5432536  5053790  2698308  2409382 4989212  4749227
            8192       8 1211992 3317920  6257686  6205696 5198297 3168897 4591825  7275280  4917099  2576889  2902788 5143053  5267631
            8192      16 1240835 3766356  4646469  6425016 6360787 3568061 5065711  7328036  5271672  3053166  3462355 5315713  4367131
            8192      32 1192267 3906821  5661696  6215800 6553692 2816878 5855636  8250021  6385612  3624901  2841572 5872650  4657175
            8192      64 1185685 3955393  4602281  6461262 6809564 4207243 5079190  8265899  5241915  3301977  3843884 4649613  4782278
            8192     128 1269864 3936361  5016162  5717279 5665431 3634487 5197511  7307775  5809106  3600590  3072825 4914286  4884942
            8192     256 1526637 3216359  4979812  5385702 5171695 3555875 5088216  6793408  4430767  1756470  3105317 5619105  4586309
            8192     512 1230966 2912136  4699856  4715983 4923441 3658870 4175543  7154097 12391686  3829746  2846279 5069448  4416529
            8192    1024 1076608 2189242  5329730  3898842 3864202 3116019 5721087  6820377 11255134  3419285  2748162 4513413  4928384
            8192    2048 1016385 2422121  3914388  2862403 3267748 2179383 5013234  3759351  6730861  2107596  2218216 4697286  4899570
            8192    4096  999038 1946748  3005100  3278348 4037189 2736125 4102260  2894717  3443616  2416669  3110096 4145818  4452585
            8192    8192  949457 1955167  2769426  4293461 4216536 2598914 3689911  2552007  4019244  2755434  2286867 3921536  3644124
           16384       4  995086 2828217  4757383  4651755 3819062 2053116 3780405  5045925  4410238  1968768  2378922 4574039  4710748
           16384       8 1268219 3244422  5080244  5234650 4884875 2577740 4111293  7059152  4800587  2786360  2713953 5136059  5217956
           16384      16 1442147 1874364  5335029  6452650 5988204 3455183 4571300  6698584  5461379  2791680  3334795 4673266  5175124
           16384      32 1490796 3182664  5542427  6113394 6267848 3534078 4641073  7450230  4642641  2430499  3072798 4982630  5035203
           16384      64 1500366 3863291  6473317  6546080 6077171 4076660 5338344  8423769  6347747  3404009  3167846 4685374  4966426
           16384     128 1271363 3853974  6070193  4863096 5426876 3863291 5344157  7979682  5524159  2943547  3736418 4960332  4292336
           16384     256 1251451 2946828  4654590  5919089 5935961 3809324 5209649  7502285  5107050  2735233  3427609 5522384  5830698
           16384     512 1258188 2947334  5988726  6045627 6039252 3685914 5914504  7343546  5999183  3644859  2918916 5847069  5086636
           16384    1024 1092696 3349750  5811959  5826249 5809993 3881402 5771445  7123547 12208535  2738940  2936252 3932713  4265692
           16384    2048 1072806 1542185  3747420  3928891 3835261 2445375 5045925  4155044  3189459  1878669  1645667 2779261  3540086
           16384    4096 1289155 2051094  4430425  4150026 3704393 2261416 2749020  3002974  2736976  1791584  2481671 2773204  3021724
           16384    8192 1105244 2697864  3732967  3612668 4411370 2761947 4026499  2748580  3784569  2248761  1846910 2751221  2815125
           16384   16384 1023360  617171  4436432  4030513 4138529 2593206 2624402  1839248  3852246  2600271  2753646 3565618  3681767
           32768      64 1260204 3509515  5184848  5647602 5578376 3666133 4416162  7842985  5310048  2640223  2958997 5441444  5988154
           32768     128 1322560 3795208  5690864  5676995 5636022 3249470 5082650  8458923  4548578  2915313  3726268 4903839  5672309
           32768     256 1383147 3823504  5906321  5777220 5904291 3553248 5155480  6742225  2907050   965325  2904715 5498040  4911199
           32768     512 1039960 3184420  4663721  4778024 5132761 3357344 4155145  6368868  4322957  2149572  3475612 4239613  4217237
           32768    1024 1196048 3021246  6016991  3910313 3792172 2221278 4141622  7181166  4726430  1417001  1946512 4932703  5128739
           32768    2048 1002327 1989193  3066204  5187979 5023389 2906251 4910497  3876017  2833628  2135013  2245154 3765573  3779034
           32768    4096 1275123 1831937  4157282  4028482 2778857 1955374 2710570  2910620  2963016  2022981  1793942 3917335  3315552
           32768    8192  901033 1967691  2838544  3079394 3457600 2416517 4037476  2425815  2743686  1890057  2186749 3759496  4391328
           32768   16384 1204529 2577924  4092904  4414318 4309267 2725243 4079662  2436480  3969951  2312821  3339560 3866422  4171667
           65536      64 1054854 3006107  5785830  4690924 5841530 2997453 5569989  8040232  2573285  2733069  3219170 4813821  4684130
           65536     128 1245550 3503289  5919524  5426492 5136771 3176427 5630228  7124178  5314751  3092936  2760211 5166799  5137731
           65536     256 1423582 3075632  5594703  5606686 5672169 2865854 4547660  3800550  4675445  2787333  2643341 4919004  4378374
           65536     512 1245483 3744481  5698746  4052464 3991732 2908459 4096491  4116306  4311823  2223736  3434608 5844635  4414730
           65536    1024 1081967 3702168  6001464  3370509 3363580 1938930 1917492  4072096  5208308  1714837  2928320 5274063  5317835
           65536    2048 1184135 1663690  2692405  2963841 3374979 2606223 2979583  2944758  4821674  1342401  1875726 4553989  3178558
           65536    4096 1087446 1773064  3965130  4235484 4226497 2648460 2595788  2631321  3442048  1741819  2051208 3630390  3236797
           65536    8192 1162934 2649328  3944136  3985424 3881534 2494630 3822058  2823842  4007620  2068682  2167058 4046916  4210184
           65536   16384 1271730 2575383  3887793  4038948 4356930 2548663 4000737  2932130  4129043  2342500  2567517 4084500  3861685
          131072      64 1190687 1751083  5360186  4852350 5047437 2684960 4003324  7889743  5733981  2805179  2841676 5190155  5869771
          131072     128 1344150  524730  5719663  5986942 5892483 3144951 1261848  7758030  5861885  2880190  2714765 5656284  6122015
          131072     256 1267940 3264470  4695404  3279582 4398229 2972636 4833366  7472675  5542183  2835461  2819726 5754327  5638937
          131072     512 1329978  483193  5539782  5599194 5650412 3262281 5299474  6934286  5614290  2831970  2928332 2221524  5666545
          131072    1024 1311519 1692364  5457239  5764222 5538833 3091680 1498855  5319935  4787320  1773521  2411275 5377068  5312122
          131072    2048 1186686  713026  4571097  4421682 4685320 2455091 1975252  3639783  4860071  1880974  1529964 4209920  2792796
          131072    4096  983322 2289992  4089842  2696853 2689597 2026317 3942857  2316245  3972976  1728428  1120857 3273606  2304680
          131072    8192  958177 1479517  3062999  3368936 3907462 2087565 2241771  2366955  4029262  1888917  1443444 4045808  2517614
          131072   16384 1054226 2361617  3971282  4163813 3963580 2264197 3962409  2718712  3994540  1964628  2029077 3833968  4151393
          262144      64   82598   88468  4066770  4983061 4134826   49001 5361697  8079606  5798383    92418   100776 4590406  5605325
          262144     128  115595   96004  5137861  4923065 4087817   59094 5092953  8279155  5739842   111056    82964 4610985  5955384
          262144     256   75150   40744  5396036  5285584 4884746   63947 5187285  7290475  5426181    94446    73633 3426584  4674619
          262144     512   72203   43706  4536298  5648317 5722039   70379 4826021  6533829  5538409    84226    81973 5178783  4107025
          262144    1024   73182   60254  5300133  5439120 5529051  107428 3940353  5943376  4669874    95006    82632 4686993  5500286
          262144    2048   89612  101718  4168151  4675871 4689432   95252 4224847  3875520  4691213    98872    87734 2575542  2800477
          262144    4096   71267   61892  3660563  2010845 3774566  112869 3639973  2704687  4004882   109798    61287 2426696  4012057
          262144    8192  100966   83767  3786290  3525049 3916800  128217  516250  2667831  3993362    81455    97744  269178  2357580
          262144   16384   66582   50351  3819780  4032126 4100302  115084 1653893  2530324  3976522   138742   136056 2566614  4074048
          524288      64   49976   49536  5819202  5906814 5610729   14443 5166321  7300321  5938253    46027    49242 1239381  6145753
          524288     128   63023   31712  5314464  5790365 5509778   15963 5152751  8152386  5647110    51456    66989 4903785  5572384
          524288     256   38246   62875  4168592  5288735 5490272   35853 5200544  6169617  5394737    59933    47456 3848551  5574630
          524288     512   60370   61736  5270545  5702509 5266531   47057 5218303  6774191  5576750    35784    36368 4179295  5786144
          524288    1024   63154   64269  5190148  5793172 5321099   44587 5046422  6756728  5578420    65390    64734 4853929  5557203
          524288    2048   32329   45414  4397538  4797832 4871434   52468  312747  3512295  4663326    46369    65826 1738390  2717726
          524288    4096   35816   55487  3050382  3617250 3731909   48947 3272098  2653399  3629950    47594    42891 3215878  3139825
          524288    8192   30209   34058  3873519  3856360 3866742   42303 3191352  2468339  2608358    49936    64921  625320  3042595
          524288   16384   73761   70221  4043840  3833042 3444435   81209 4083814  2840363  4174329    83964    82409 3938404  3825946

iozone test complete.
