	Iozone: Performance Test of File I/O
	        Version $Revision: 3.420 $
		Compiled for 64 bit mode.
		Build: linux-AMD64 

	Contributors:William Norcott, Don Capps, Isom Crawford, Kirby Collins
	             Al Slater, Scott Rhine, Mike Wisner, Ken Goss
	             Steve Landherr, Brad Smith, Mark Kelly, Dr. Alain CYR,
	             Randy Dunlap, Mark Montague, Dan Million, Gavin Brebner,
	             Jean-Marc Zucconi, Jeff Blomberg, Benny Halevy, Dave Boone,
	             Erik Habbinga, Kris Strecker, Walter Wong, Joshua Root,
	             Fabrice Bacchella, Zhenghua Xue, Qin Li, Darren Sawyer,
	             Vangel Bojaxhi, Ben England, Vikentsi Lapa.

	Run began: Sun Oct  6 08:08:09 2013

	Auto Mode
	Command line used: iozone -a
	Output is in Kbytes/sec
	Time Resolution = 0.000001 seconds.
	Processor cache size set to 1024 Kbytes.
	Processor cache line size set to 32 bytes.
	File stride size set to 17 * record size.
                                                            random  random    bkwd   record   stride                                   
              KB  reclen   write rewrite    read    reread    read   write    read  rewrite     read   fwrite frewrite   fread  freread
              64       4  402569 2278628   581273 1597288510821524 4564786 2467108  4897948 10821524  2801873   542506 4564786 12902017
              64       8  614542 1526887  5735102 1597288510821524 3791156 3363612  3541098 12902017  3541098  3541098 5860307 12902017
              64      16  789967 1562436  7100397 2096219115972885 5283570 4897948  4564786  4274062  2537060  3363612 3791156 12902017
              64      32  710511 3203069  7100397 1290201712310336 5860307 5283570  6271021  6421025  3203069  4274062 4988978 20962191
              64      64  727850 2801873 10821524 1597288512310336 5735102 5389653  5735102  5735102  5860307  3541098 5283570 12902017
             128       4  809997 1905110  5545860 1458662510567140 4557257 4717434  4444086  7476717  2843510  2660335 4135958 10567140
             128       8  816154 2920861  5545860 1863766414200794 5545860 3445772  7082197  6406138  3895854  2132084 4934216 14200794
             128      16 1015251 3277486  5784891 1172061412542043 5784891 5122535  6406138 12842051  5122535  4135958 6406138 15881078
             128      32  859260 2286447  7082197 1801235916365173 6114306 5847904  6727225  8036304  4104338  2166499 3895854 16365173
             128      64  767171 2558895  7582312 1801235915881078 6330599 4934216  6727225  7582312  3297617  5603747 5122535 18637664
             128     128  976473 3445772 12842051 1801235916365173 6406138 4934216  6114306  5847904  4934216  4135958 1598754 14200794
             256       4  787312 2911402  6107548 1345445010245071 4477549 5142301  5687020  7735574  3499745  3368013 5320671 12228612
             256       8 1117543 3087188  6398720 1495343513454450 5569035 5242734  7120034  8534922  4264168  3236056 6213578  2903529
             256      16 1138879 3410808  5717301  218771212812277 5540300 4572895  6761355  5022044  3879045  3717869 1514860 14164395
             256      32 1230218 3499745  5687020 1607260814353744 5540300 5938650  7120034 10651598  5455847  4652146 4755158 14953435
             256      64 1158540 4652146  6554972 1607260814953435 6761355 5242734  6936061  8208677  5117791  5117791 5540300 15164624
             256     128 1112909 3285566  1581810 1495343512812277 5810112 5687020  1463250  5810112  4332998  6761355 5455847 13454450
             256     256 1128110 3605511 12812277 1345445011091721 5569035 4929815  5938650  6107548  6107548  4652146 5347168 13625180
             512       4 1047141 3346002  5684095 1168344410044089 4305250 4927617  5624545  3795443  4030519  3556580 2722449 10641343
             512       8 1036527 3372274  2294796  730919612797441 5177083 5951911  7022379 11138071  5227492  4271001 6472112 14240069
             512      16 1305615 3970896  6319739 1462806713438092 5822804 5822804  2739816  7988981  5079126  4610256 6652558 14146265
             512      32 1316016 3533174  5951911 15143846 2786024 6319739 6246213  7410080 14240069  5331314  4305250 5398323 14240069
             512      64 1368865 2942541  7211022 1503780114240069 6174377 6491676  3304808  9304292  5509113  4375425 6472112 13109944
             512     128 1391032 3346002  7115451 1462806713872122 5744919 5509113  7435738  3437042  4532414  5227492 5384786 12146009
             512     256 1305615 2065273  7988981 1214600912215097 5807059 5624545  6319739  2452009  4271001  5951911 5760329 11620224
             512     512 1267097 3905895 12215097 1279744112146009 5744919 2597325  5684095  5886650  5807059  1990612 5684095 12499490
            1024       4 1054547 2672984  3261656  4943530 9923546 4146499 3582705  5660167  7054742  2875184  2290886 5690162 10557785
            1024       8 1256277 1875690  6355328 1381881712790037 4972145 5917516  7160597 10796646  4805258  4079544 5950309 13472053
            1024      16 1343938 3579719  5917516  544489812208350 5277632 5853003  7524394  7699755  4451639  2003431 5991815 13102174
            1024      32 1232484 3835457  3414650 13643232 5251818 5682634 5782087  7420395  5782087  4142499  3955557 5417427 11645609
            1024      64 1437980 3469823  6208343 13142265 4810640 6280976 5472650  8122014 10454984  4014717  3791442 5917516 12944224
            1024     128 1387350 4095102  6025439 1314226512790037 6093831 5564829  7811791  9300377  4356809  2672984 4783849  4634161
            1024     256  935151 3369115  4949226 1003952811368190 5226256 3335105  6431462  9320560  4433259  2611230 5652717 12037272
            1024     512 1281771 3348104  7220790 1190382312348754 5758828 5169641  6137371  7537599  4926518  6016997 5593820 12037272
            1024    1024 1261072 3001782 11773301 11249091 9677584 4199201 5363307  5917516  5479632  4095102  4033569 3458646  4392454
            2048       4  985558 2572756  5535444 10452512 9752360 2559723 3757946  5884299  7556202  3436240  3230749 5549749  9944290
            2048       8 1181103 3841986  4231899  999055312050878 3179330 5655716  7616502 10351742  4762117  3047366 5800851  9708272
            2048      16 1162403 3261415  4686767 1211888412805399 4349761 4875642  7237860  5567735  3779440  3266376 5884299 10240672
            2048      32 1343057 3185225  5900467 1227474213058467 4112366 4900677  7529708  5626082  3931669  3871422 6132138  7529708
            2048      64 1556202 3864455  5868220 1288221514226322 4889518 6003564  8423109  2782790  1096381  3199462 3792790 11835033
            2048     128 1389551 2844532  6189580 1218766313384011 6401772 3657149  7159438 10289741  3637020  4031308 5131978  7726111
            2048     256 1108263 2722809  5489457  8431376 9796850 3922692 4762117  5389574 10503637  4338776  4412322 4358590  8498106
            2048     512  995149 4031308  6603549 1124623012345306 5836323 3857514  6690992 10192069  4796687  2924924 5389574  6829301
            2048    1024 1297023 2913021  6649556  7969835 4248644 2104960 5376082  5816563  6717153  4180412  3441748 3402216  8820994
            2048    2048  895082 2043857  6873016  5920802 3536690 4136128 4591569  2967361  4231899  3483621  2500850 4265523  4741090
            4096       4 1004917 3214912  4841028  4676314 4639689 2419425 5171846  5761565  4059701  2735732  2511380 4740836  6263611
            4096       8 1403262 2919360  4192455  4941279 6490793 3240380 4289813  7024216  4924283  2976515  3034344 5869835  5625724
            4096      16 1294951 3032202  6169144  5369035 8569343 4218190 5107271  6245395  6311938  3261295  3621537 5231694  4830139
            4096      32 1498749 3497668  5875858  7225093 5535098 3841819 3480661  6086096  4461370  3650006  3187474 4576653  4703198
            4096      64 1371667 3800178  6439700  7249484 5912256 3916259 6114255  8177752  5447345  3381993  3781775 4171080  6234064
            4096     128 1386053 3491981  6058196  5572803 7983931 4367238 4613524  7770863  4994430  3396032  3140855 5217395  6669706
            4096     256 1335519 3785942  5038371  5271829 6234064 3086681 4452120  5910222 12007129  2780901  3800178 4137927  4982841
            4096     512 1325933 3396704  6216019  5711761 7725436 4628439 4511750  6512939 10089154  3033808  2574223 4530788  6349261
            4096    1024 1474944 3471518  6358661  6160296 4385074 3160500 4893426  4167033  8586475  3316701  3503374 4311344  4648477
            4096    2048 1180032 2542602  4112175  4338563 4108241 2661562 4617244  3287506  4149921  1251100  3421735 3782607  4900405
            4096    4096 1187208 2693273  4628439  4607338 4209920 2382517 3820460  2389808  3828122  3077833  2856263 3531460  3077282
            8192       4 1035249 2223527  4129376  4561346 4222755 2344605 4248864  5649594  3799676  2462215  2834539 4518755  4985593
            8192       8 1368760 2553525  4282758  4395061 4139325 2571296 4740709  6848927  4087619  2496927  2785366 5953031  6350207
            8192      16 1279606 3280853  6310553  6286308 5872650 3420306 5333039  7899143  6321001  3455043  3027341 5757516  5988306
            8192      32 1274622 3817406  4399563  6393930 5988306 3243073 5261179  8022717  5339669  3420306  3311205 6315193  5768148
            8192      64 1325770 3058057  5842692  5396699 6215800 4251492 6248582  8463394  6569983  3967268  3338228 5584401  6077276
            8192     128 1370617 3139938  5984134  6254268 6248582 4334079 4670469  7607087  4179607  2773002  3600590 6036702  6192276
            8192     256 1301761 3170359  5429103  5936574 6140266 4015486 4548665  6475875  4486305  3768421  3695070 5512724  5422249
            8192     512  627210 2683975  1800465  4964702 5425673 3364377 4628318  7080386 10488942  2866463  3435010 5098030  5414558
            8192    1024 1421480 1996520  4432481  5274909 5619105 3468296 4749227  5700206  8856046  3484475  3113760 4359927  5164698
            8192    2048 1060590 2309618  4411425  5638469 5339669 3518732 3473906  4112571  5447177  2810197  2268597 4416529  4359373
            8192    4096 1095172 2276865  3108970  4490996 4476368 2803547 4437634  3063783  3508313  1930668  2957252 3722290  3930957
            8192    8192 1092699 2162104  4469381  4483963 4271046 2607196 4339005  2847459  4021596  2410904  2735254 3127933  3253514
           16384       4  975466 2929368  4262252  5401707 4512466 2371370 5019755  5307422  4844583  2705938  2807878 4820455  4939296
           16384       8 1114403 3272853  4338951  4744900 3837832 2424069 4190261  5730536  5477922  2782637  2952526 5518393  5639767
           16384      16 1341422 3444100  5303735  4982992 4740645 3041922 4572821  7176364  4257763  2837560  3201793 5337101  5452279
           16384      32 1325995 2808796  6208391  6399769 6084166 3713400 5092668  7743209  5387732  2850389  3413308 4407692  6184922
           16384      64 1289784 3090209  6217941  6270708 5570732 3676056 5527714  8066797  5510869  3244269  3434805 6036599  6350680
           16384     128 1307477 2997995  5789435  6166607 6155008 3889971 4442455  7451038  6142904  3389904  3640225 4925842  5518393
           16384     256 1316823 2984843  4899502  4425575 4996397 3724470 4277907  7631422  5494127  3111336  3103607 4985884  4900900
           16384     512 1239712 3571177  5144133  4675810 4345811 3299251 5887143  5568926  5899778  3420444  3020662 5868040  5576609
           16384    1024 1176908 2695641  5118462  5781155 6109046 3945131 5323045  5872051 10396595  2403047  2204822 4207450  5064519
           16384    2048  984917 3138046  5102499  4841511 5302508 3191829 3703394  2798274  5891180  2449385  1893212 3697616  4251178
           16384    4096 1149677 2655845  3554001  3452926 3551613 2405149 3015625  2268283  3368303  1955602  2166863 2983159  4424435
           16384    8192 1147661 2768512  2512429  2980054 3003499 2353986 2855363  2620200  2788735  1855487  3450672 4305784  4407975
           16384   16384 1159669 1910901  4118686  3109505 4249075 2763835 4380718  2422275  3447729  2338844  2709886 3181338  3480735
           32768      64 1212188 3210679  4887794  4646063 5021920 3099254 4397792  8367767  6176807  2636172  3329044 6119057  6241322
           32768     128 1359720 2950232  5366653  5141786 5144095 3292991 5024123  8000029  4748311  3217293  3595355 5855740  5847270
           32768     256 1455446 3699288  4784345  5483344 4236346 2464132 5292871  6382473  4250627  2683945  2693412 5617823  4370799
           32768     512 1189105 3879299  4652669  4591275 4619050 3024305 4402582  3714786  3627141  2166344  2653066 6002538  5681923
           32768    1024 1411935 3702178  4924573  5193076 5402728 3917223 4148874  5103220  5567078  2487501  1835338 4873236  4825161
           32768    2048 1285824 2983276  3437021  3938439 5096786 2796384 2598148  3894469  3460909  1539125  1777010 4966391  3383045
           32768    4096 1156330 2685466  3137531  3595731 4365524 2409949 3055570  2301743  2998571  1914676  1908773 4389505  4305892
           32768    8192 1175206 2348468  2911730  2760771 3096252 2205240 4252205  1972549  2954735  1834921  1890603 4360399  3960342
           32768   16384 1193431 1926080  3387548  2853099 3103313 2344262 3882477  2783302  4364969  2374147  3010921 4127443  4397229
           65536      64  998322 1619254  5958920  5989433 5707265 3187551 5791926  7947478  6179141  3300734  3301051 5921310  5737763
           65536     128 1448755 3782560  4112918  4292968 3409769 3160649 4694930  8244489  5842026  3268938  3531827 5415373  6169848
           65536     256 1293617 3183380  4614538  5131592 5468160 3699229 4811799  4915309  4210442  2634070  3390381 5428742  5445520
           65536     512 1419942 2717210  5698746  5136867 4514127 3259867 5005807  6736905  4414375  2939342  3147764 5454488  5442285
           65536    1024 1254372 2256671  5702765  5764475 4330708 2678657 4505470  4768311  5646767  1407646  2938054 4551425  4449748
           65536    2048 1255960 2642909  3129273  2535334 3453074 2498894 3242907  2609960  3900924  2003602  1737613 4797941  4783579
           65536    4096 1139854 2036542  2934635  3200914 3753070 2034462 2706322  2668515  3013423  1892957  2120696 3494870  3513049
           65536    8192 1289520 1899485  2788040  3057704 3788242 1732149 4128485  2234220  2737505  2192064  1634195 4286541  3149567
           65536   16384 1224630 1960867  3241148  2784396 2627122 2499098 2961701  2732390  2755922  2435375  1925322 3801812  3104954
          131072      64 1109557  958030  5759391  5921744 5604731 2981276 5924488  8169000  5830057  2875144  3160409 2776715  5832964
          131072     128 1246132  627920  5780465  5982577 5678251 3282461 5748250  6520044  5697494  2980614  3117628 2161441  5899566
          131072     256 1346566 3185996  5528361  5426267 5544754 3040334 5289022  7093824  5466790  2795437  3002377 1479951  5593952
          131072     512 1353642 3220203  5468150  5665727 5484406 3269440 5474084  6951296  5689121  2897251  1266053 5249177  5674617
          131072    1024 1295253 3170269  5409022  5485610 5390354 3124113 5367199  6562774  5202926  2387286  2410566 5369558  5449558
          131072    2048 1178664 2426044  4796802  4883080 4889812 2501040 4670790  3322473  4923444  1811513  1810260 4623339  4941633
          131072    4096 1123586 2291262  3981406  4015577 3816985 2303917 3928544  2764762  4001081  1800436  1755467 4190026  4168264
          131072    8192 1169658 2288343  3907323  4098807 3862548 2254808 3968387  2711177  3939297  1894593  1891204 3176424  2955727
          131072   16384 1098646 2277498  3170964  3210106 3612992 2306876 3968759  2723682  4060210  1942470  2024124 3032670  2696562
          262144      64  118554  130606  5470457  5904280 5859162   88890 5213258  8471283  5688380   129158   114949 5014057  5486480
          262144     128  100501   96479  5020857  4475821 5745000   65705 5296916  8171599  5761528   116812   121882 5454608  6104877
          262144     256  109911   80827  4742446  5493031 5152596   66944 4885463  7093998  5424495   103987   109794 2313408  4491619
          262144     512   97186   69540  4547310  5255495 5580149  109825 4863335  6984360  5438205   120443   107956 5046552  5317975
          262144    1024  116239   54408  4327017  5852861 5781736   79669 4863873  6593345  5489110   101809   101167 3702124  5803372
          262144    2048   91980   70736  3869914  3543441 3545029   80603 4304352  3448714  4533642   111816   100026 4137502  4859187
          262144    4096  111940  109583  3696075  3968642 3799400  122690 3744269  2640106  3992637   120566   113772 3621021  3919676
          262144    8192  110805  111404  3874769  4132806 2981816  112434 2565040  2741344  4043246   114897   117001 3375968  3795780
          262144   16384  117846   99316  3838302  4099400 3984433  108804 1424354  2702652  4031800   129295   120768 3794287  4065762
          524288      64   19087   68333  5839833  6092341 5851161   15296 5256233  7919162  5749023    50138    71912 5785185  6172232
          524288     128   82921   74902  5790167  5883268 5581450   16765 5322774  7693040  5563094    36545    67873 5175502  5768946
          524288     256   67345   70876  5249608  5581931 5133073   28127 5038664  7333113  5557372    40993    59943 5128261  5529479
          524288     512   67894   65652  4174004  4430390 5303390   25096 4897004  6154767  5124915    51699    49435 4556420  5571127
          524288    1024   38308   38902  5339744  5475535 5404083   25004  323069  6566722  5411717    66969    43303  989764  5568531
          524288    2048   56469   36022  3461928  3225912 4287290   40265 4361438  2981553  4254410    73807    70388 2584368  2903615
          524288    4096   45477   37718  3678927  3768065 3768769   41049 2986083  2611384  3852138    44619    75953 3847615  3977484
          524288    8192   73142   47872  3636018  3881690 3681872   71537  723670  2646996  3287650    76314    49357 3970855  3714529
          524288   16384   77412   40970  3966321  4023912 3740237   77170  705588  2852677  3809898    84686    82211 3911343  3947893

iozone test complete.
