	Iozone: Performance Test of File I/O
	        Version $Revision: 3.420 $
		Compiled for 64 bit mode.
		Build: linux-AMD64 

	Contributors:William Norcott, Don Capps, Isom Crawford, Kirby Collins
	             Al Slater, Scott Rhine, Mike Wisner, Ken Goss
	             Steve Landherr, Brad Smith, Mark Kelly, Dr. Alain CYR,
	             Randy Dunlap, Mark Montague, Dan Million, Gavin Brebner,
	             Jean-Marc Zucconi, Jeff Blomberg, Benny Halevy, Dave Boone,
	             Erik Habbinga, Kris Strecker, Walter Wong, Joshua Root,
	             Fabrice Bacchella, Zhenghua Xue, Qin Li, Darren Sawyer,
	             Vangel Bojaxhi, Ben England, Vikentsi Lapa.

	Run began: Sun Oct 27 06:21:54 2013

	Auto Mode
	Command line used: iozone -a
	Output is in Kbytes/sec
	Time Resolution = 0.000001 seconds.
	Processor cache size set to 1024 Kbytes.
	Processor cache line size set to 32 bytes.
	File stride size set to 17 * record size.
                                                            random  random    bkwd   record   stride                                   
              KB  reclen   write rewrite    read    reread    read   write    read  rewrite     read   fwrite frewrite   fread  freread
              64       4  679917 2298136  7940539 1597288510821524 3738358 7293312  4564786 10402178  3541098  2892445 7100397 15972885
              64       8  874936 2278628  4274062 2273779112310336 2923952 7940539  5860307 15972885  4207076  340629510821524 15972885
              64      16  752329 2689580 12902017 2096219115972885 4897948 9318832  5860307 12902017  3363612  354109810821524 22737791
              64      32  831569 2278628 12902017 1597288515972885 4897948 9006179  5860307 12902017  4274062  456478610821524 15972885
              64      64  743988 2662899 12902017 1597288512902017 5389653 9318832  5389653 10821524  5389653  354109810821524 22737791
             128       4  748976 3359523  9795896 12842051 9795896 4135958 8036304  5122535  8548124  3895854  3759450 9129573 11470204
             128       8 1032829 3867787 11720614 1588107812842051 5122535 9795896  6330599 16365173  4407601  221111311720614 14200794
             128      16  978253 4233807 11720614 1636517312542043 5122535 9129573  6114306 14200794  4889281  488928110779307 14200794
             128      32 1102844 4407601 11720614 1588107812842051 5545860 9795896  6406138 12542043  4934216  554586011720614 14200794
             128      64 1111981 4759253 12542043 1588107812842051 5847904 9795896  6406138 12842051  4012317  747671711720614 14586625
             128     128 1145188 4596273 12842051 1636517312842051 5603747 9977956  5847904 11720614  3297617  532579911720614 12842051
             256       4  973645 3654598 10245071 11569783 9114515 4132864 8271916  5428265  7791708  3879045  3879045 9518507  8815202
             256       8 1117543 4132864 11091721 1362518011207494 492981510245071  6554972 10651598  4652146  449629910758322  6936061
             256      16 1083705 4132864 11695808 1416439512228612 5455847 5687020  6761355 15164624  4819184  484091111569783 12812277
             256      32 1112909 4477549 11569783  712003412228612 556903510651598  6936061 13625180  5022044  511779111207494 12812277
             256      64 1224606 4652146 12228612 1345445012812277 6107548 6936061  6936061 14164395  5320671  593865012812277 13454450
             256     128 1266495 4734192 12090911 1345445012228612 593865011091721  6398720 13454450  4477549  7965107 9518507 12812277
             256     256 1254656 4734192 11569783 1281227712228612 568702010651598  5569035 11091721  4929815  545584710245071 12090911
             512       4 1059540 3158966  8992598 11138071 9145790 3388236 8140399  5331314  8992598  3533174  3239989 8394979 10911694
             512       8 1145443 3762197 11434603 1352271111620224 478488510235583  6551087 11374040  4660280  430525010044089 13109944
             512      16 1207261 4099771 10434519 1343809212146009 522749211374040  4131319 11434603  4882800  474261610856530 13190469
             512      32 1245780 4237291 11374040 1319046912499490 562454511374040  7115451 14628067  5019764  497326311138071 12797441
             512      64 1333173 4411377 11138071 1387212212797441 582280410911694  7309196 15037801  5115422  512763710434519 13438092
             512     128 1230786 4571003 11620224 1310994412499490 453241410044089  6821616  9145790  4916336  5624545 9859630 13109944
             512     256 1078159 3659616  9859630 1004408911374040 4916336 8394979  5807059 11620224  4228947  4784885 7022379 11877300
             512     512  346882 3970896 11374040 1162022413190469512000000 7758090  5278892  8665997  4494470  5164632 8955098 11620224
            1024       4 1073257 3241960  7755368 10769573 7524394 3835457 7008693  5529011  8310603  3261656  3472628 7356843  9765601
            1024       8 1098792 3866533  8988941 1314226511520658 3999762 7257394  5472650  9485232  3808251  3294177 5690162 11903823
            1024      16  745808 2514903  6702448  8457895 7811791 2952261 7113161  3966517  6776473  2916180  2820430 5652717  7699755
            1024      32  744257 4451639 10230845 1136819012492426 5226256 8061038  7208671  9569770  4805258  474159810134284 12676785
            1024      64 1345623 5071963 12828238 1386342213305116 365901012208350  6650556 15516181  4810640  5363307 6244448  8542002
            1024     128 1352828 5018624 11903823 1314226512790037 569016211489839  6519323 15027577  4720752  494922611903823 12639479
            1024     256 1203474 4972145 11368190 12492426 7220790 585300310878686  6692005 13142265  3955557  4048778 6317933 11903823
            1024     512 1139307 3251778 11018226 12639479 1858644 581339210255274  3877004 11773301  3294177  647997910134284  5417427
            1024    1024 1121751 4339202 10878686  556482911489839 3458646 8391792  3495237  9240349  1140214  5303701 4741598 11520658
            2048       4 1193576 2543804  5535444  9664580 9149853 3093459 2087567  4957240  8190205  3632406  5564129 8390200  9389900
            2048       8 1174964 3441748  9887060  678078312257227 4006862 6780783  5376082  7237860  5056455  4136128 9708272 11129659
            2048      16 1192085 3136379  6759439 1280539912488897 4376355 6945257  5197183 11917129  3969827  3777778 90629702048000000
            2048      32 1114301 3835124  6759439 13198923 8097557 4453499 7112016  5640860 12416686  3319389  3848872 9887060  6003564
            2048      64 1227869 3723735  5937172 13384011 8325147 4421406 6990474  5578583  7616502  4481379  3772800 4796687  7817519
            2048     128 1224892 3084572  6440169 14514788 7698414 4591569 6717153  5582208 15766969  9140117  3757946 6075753 12416686
            2048     256 1392253 3297725  2398213 11129659 7470770 4394265 6220958  5044577  7670915  3717289  6303124 8464610  7159438
            2048     512 1217600 3489282  6114678 10834854 9567698 1363523 5953632  6523312 12118884  3777778  1569280 5611381 10084382
            2048    1024 1207501 3261415  87939032048000000 8574451 4367454 6649556  4376355  6378005  3657149  3984558 4796687  5970183
            2048    2048 1090535 2840769  4038890  5785224 6207471 3245396 4358590  2848305  4432815  3240499  3136379 4414590  6939647
            4096       4  851592 2045026  4664886  6225028 8552280 2721431 3935097  4227532  5353976  2955012  2118929 3761077  5258919
            4096       8 1090798 2442471  4367238  6049663 4545172 2666519 5996870  4988629  5125556  2765680  2479484 4312426  4871226
            4096      16 1161366 2648024  5120972  5961494 6112079 2931815 4262142  5849848  5902100  2946902  2610602 4530788  6703539
            4096      32 1416335 1848330  4262142  5894001 5107271 3250804 4452120  7408930  6872481  3311586  2177752 5107271  5087609
            4096      64 1234912 3212508  4654774  7529067 6178018 3650781 4376138  5520868  5713661  3368730  2684436 4586428  5038371
            4096     128 1302412 2985308  4442909  4718699 6804432 2944881 5347310  5642353  5928578  2789933  2587405 4262142  5627567
            4096     256 1182388 1756488  4796426  4952675 5312585 3346419 4016047  5810280 13340420  3093350  2809552 3882626  3823862
            4096     512 1179384 2464545  3676563  4708354 7697744 2862450 4245291  3968731 10638969  2907010  3105653 4227532  4461370
            4096    1024 1160974 1648928  5910222  4117102 4735608 1597561 3689988  4321103  9023961  2632201  2826656 3327622  4235870
            4096    2048 1213970 2352824  2162674  3736536 3751222 2366110 3911800  2506617  2331431  2073910  2680666 2406546  3521326
            4096    4096  934104 2014807  2175271  2968287 3271230 2395473 3498380  2214241  3561476  2177476  2348643 3374022  3677350
            8192       4  933566 2559993  4063449  5101058 3846036 1822526 4112571  4413692  3312482  2683975  2457109 3045318  4025365
            8192       8 1133057 3339526  5013966  5007390 4610309 2110185 4618365  6167822  5378957  2618921  3195123 4855947  4876623
            8192      16 1113486 2242538  5004472  5056765 5004472 2671870 4597355  6192276  5110162  2377210  2924779 4581417  5309142
            8192      32 1323217 3030813  6420214  4740709 5149219 2956488 4967573  6633402  3804725  2825913  2700853 3936812  4967573
            8192      64 1444548 3017239  5724900  5047850 5038228 3107845 5350479  7765253  6042010  2739834  2617125 5781736  5737327
            8192     128 1130559 3288703  4437634  4641448 4404639 3324662 5225175  6258825  7092077  3463751  2909178 4523514  4710810
            8192     256 1396067 2236408  3644124  3783776 3913942 2926772 4128880  4320454  4049561  2517601  3133924 3272728  4049561
            8192     512 1244430 2888391  3705031  5672914 4866952 2489149 4805016  4357162  9246914  2554474  2952931 4941141  4643957
            8192    1024 1354943 2739834  4255705  4699856 4540851 2901807 3566209  5708730  8030217  2145632  2300494 4807033  4164410
            8192    2048 1092873 2483213  2930766  4941141 3897073 2062433 3332724  3406404  6050521  2635797  2420755 4749227  4133350
            8192    4096  974888 2124012  3025209  2631557 3278036 2496202 3481298  2468229  3085518  1666103  2826843 3324662  3923327
            8192    8192 1189132 2065036  2594204  4011735 2691123 1927095 2607988  3118564  3305789  2530022  1918059 2768534  3583691
           16384       4  925292 2332889  4608703  3708591 3740689 1858397 4325296  3737230  4108098  2041103  2234648 5150301  5204520
           16384       8 1023863 2380405  5795783  4123876 4260931 2370061 4224781  5806066  4230243  2410464  2657591 4850396  4969299
           16384      16 1168702 2895669  5481418  4192562 4678356 2893597 4842876  5494127  4945339  2805929  2678828 4127096  5139132
           16384      32 1203560 2926748  4963198  5744908 3916798 2971421 4870679  6866587  4961764  2747152  2102168 5434171  4378485
           16384      64 1061963 2690786  4504775  3867857 4679950 2698288 5141054  6532390  4443604  3043673  2525262 4640133  4664068
           16384     128 1214343 3133325  5576609  5505571 5057065 2656666 5031885  6753222  4979742  2320991  2968084 3886011  4858627
           16384     256 1190260 3105430  4948188  3765490 4637315 3044213 3601686  4547403  4581663  2716635  2727958 3991186  4638880
           16384     512 1143974 2574939  4969658  4072553 4758701 2642161 3752741  6104704  3680978  3132182  2927870 4503594  4723051
           16384    1024 1164878 2800212  3726287  4362087 4647979 2580159 4228160  5359578 11761383  2263949  2311156 3535533  4650496
           16384    2048 1053013 2664495  3583468  3727096 3696820 2054651 3955577  3148975  4628258  1891493  2052871 3742319  4151028
           16384    4096 1009855 1963087  3003499  3213171 3488864 2048770 3557865  2176953  3003499  2023434  1869063 3509711  3031856
           16384    8192  924073 2174955  3068134  2919536 3372601 2044200 3094801  2281613  3060618  2331227  2689522 3150852  2853347
           16384   16384 1138874 2077572  3026115  3438414 3388733 2213130 3525014  2289214  3647374  2063783  2434891 2870870  3167262
           32768      64 1240078 2642812  4828042  5761961 5343701 3484070 4610682  6060237  4895978  2527993  2684364 5785245  4976101
           32768     128 1129550 2791103  4502975  4537915 4521493 2805975 4502238  6524887  5536132  2970766  2846658 4374277  4860999
           32768     256 1170492 2763380  4917173  5401029 5571818 2843948 4566866  5810928  4563833  2367481  2702044 4359708  4370243
           32768     512 1189568 2794224  4910672  4221641 5155480 2912471 4488857  5525671  4816030  2691619  2771069 4535968  4694625
           32768    1024  903248 2922317  4602962  4797706 4247343 3126468 5067844  5444246  4253389  2298855  2518128 4272163  4169516
           32768    2048 1061035 2573290  3683425  3872741 3684314 2311187 3593005  2901894  4402018  1593147  1961681 3042245  3925727
           32768    4096  997475 2049284  3091029  3383378 3329044 2069059 3337127  2280621  3502717  1684986  1746414 3437021  3060469
           32768    8192 1074893 2261074  3161056  2877410 3126397 1701170 3083747  2255804  3040496  2016984  1749303 3576456  3596108
           32768   16384  908886 1512631  3261809  3310521 3259488 1792374 3529070  1960170  2786632  1277304  2745056 3444170  2444801
           65536      64  937366 2385724  4854201  4866749 4929678 2511153 4735942  6119166  4872269  2515773  2940159 4708683  5550083
           65536     128 1131688 2770365  5558613  5545940 5030358 2789737 4514127  6570712  4606495  2662544  2825206 4101871  5055987
           65536     256 1185529 2752114  4491556  5091387 5167285 3031971 4321789  5678497  4396653  2799853  2755231 4410550  4985198
           65536     512 1221338 2722377  4430812  4461883 4598019 2912465 4453713  5578467  4539774  2752693  2998401 4631253  5403238
           65536    1024 1180788 2714151  4714821  4667823 4392508 2863705 5085076  5159041  4772782  2102609  2519254 5152176  4782248
           65536    2048 1072531 2204140  3726561  3820199 3683465 2294343 3824877  2979744  3703016  1681881  1676066 3607614  4041917
           65536    4096  953557 2078207  3142151  3593372 3793260 2417150 3253346  2290901  3227751  1614783  1645770 3277631  3203301
           65536    8192 1025121 1977129  3695250  3219359 3565036 2371747 3345364  2488848  3385996  1868941  2040034 3725096  3634229
           65536   16384 1166972 2263453  3611216  3332992 3811776 2523718 3126568  2605803  3217738  2146966  2126208 3679127  3528970
          131072      64  651402 2438592  4396927  4304794 4557946 2257948 4888943  5340504  4377252  2438495  2792399 4895342  5000834
          131072     128 1069739 2417860  4119415  4566464 4863554 2674289 4619765  6553230  4469457  2350892  2821303 4778208  5352463
          131072     256 1049549 2527812  4970855  4937506 4792704 2593483 4374187  5675085  5183548  2486145  2356778 4381194  4542092
          131072     512 1053624 2767517  4798184  4778623 4378542 2918213 4526273  6620468  5248124  2216633  2264664 4431841  4593056
          131072    1024 1043800 2293230  4270850  4694923 3937971 2548105 2146504  2749455  2605961   925107  2032160 4298701  3925262
          131072    2048  848494 2028628  3587552  3524667 3401726 1883003 3470641  1595424  2416298  1171520  1445672 3516461  3418224
          131072    4096  894109 1763616  3497779  3066006 2982489 1693281 3219732  2155923  3548716  1519939  1661471 3403938  2999020
          131072    8192  942909 1729684  3346582  3110379 3059641 1658214 2914454  2228015  2929315  1551331  1434439 3419117  3062795
          131072   16384  903795 1659606  3349212  3232207 3278428 1990283 3454915  2079920  3154950  1473051  1488740 3235060  3272048
          262144      64  141042  144435  4841961  3965808 4171345  108841 4412452  5229722  3998052   146612   153173 4754504  4632901
          262144     128  137707  127397  5201371  5045116 4555695  119722 4602974  7018018  4588624   142280   139221 4780780  4978526
          262144     256  141290  137177  4462325  4291885 4283475  121452 4365362  6383201  4609129   145294   126432 4694137  4501568
          262144     512  141607  138237  4647863  4183264 4133785  141528 4576363  5354595  4305279   144781   144833 4852903  4199625
          262144    1024  134659  140924  4196452  4810355 4291265  133649 4448621  5056113  4561724   148838   146777 4419599  3794902
          262144    2048  139858  148553  3310986  2968148 3212543  139680 3629843  2566998  3532989   141970   143189 3586590  3457314
          262144    4096  142264  129496  3159236  3270673 2964523  117009 3187195  2273598  3577546   138764   154535 3209795  2569337
          262144    8192  140350  145748  3318070  2920731 2858058  143598 2591893  2073549  2700654   153944   151972 1807926  2966331
          262144   16384  138248  140995  2920661  2835401 3079883  140402 3227025  2213830  2786898   173077   167491 3083753  3262976
          524288      64   58477   68072  4566696  4670884 4292663   25935 1805257  6550252  4981456    74062    69911 3481837  4507286
          524288     128   72983   67524  4824897  4537438 4521512   34893 4460929  7280767  4272023    72633    75996 4603907  4398646
          524288     256   74684   69809  4175526  3807767 3868912   55634 2458122  5088990  4412273    71193    73403 4228193  4529251
          524288     512   67913   62949  4443424  4164289 4413274   67164 4522451  4545269  4463501    70678    67121 3600801  4264790
          524288    1024   73113   66899  4360020  4125485 4136193   62346 4515551  4647940  4329946    74500    73615 4372243  4584576
          524288    2048   75294   69731  4039850  4236493 4013843   65488 3689074  2454073  3574050    81370    78777 3913473  4174170
          524288    4096   80142   67682  2999975  3234610 2994664   79253 3296230  2111076  3277722    80769    75657 3536727  3267470
          524288    8192   80120   74387  3339327  3196450 3545771   80259 3312241  2492314  3265005    71951    82024 3305391  3316387
          524288   16384   77722   72573  3332985  3432799 3331647   79728 3246323  2540411  3295108    80854    77934 3526354  2994390

iozone test complete.
Timer resolution is poor. Some small transfers may have 
reported inaccurate results. Sizes 1024 Kbytes and below.
