	Iozone: Performance Test of File I/O
	        Version $Revision: 3.420 $
		Compiled for 64 bit mode.
		Build: linux-AMD64 

	Contributors:William Norcott, Don Capps, Isom Crawford, Kirby Collins
	             Al Slater, Scott Rhine, Mike Wisner, Ken Goss
	             Steve Landherr, Brad Smith, Mark Kelly, Dr. Alain CYR,
	             Randy Dunlap, Mark Montague, Dan Million, Gavin Brebner,
	             Jean-Marc Zucconi, Jeff Blomberg, Benny Halevy, Dave Boone,
	             Erik Habbinga, Kris Strecker, Walter Wong, Joshua Root,
	             Fabrice Bacchella, Zhenghua Xue, Qin Li, Darren Sawyer,
	             Vangel Bojaxhi, Ben England, Vikentsi Lapa.

	Run began: Fri Oct  4 14:08:29 2013

	Auto Mode
	Command line used: iozone -a
	Output is in Kbytes/sec
	Time Resolution = 0.000001 seconds.
	Processor cache size set to 1024 Kbytes.
	Processor cache line size set to 32 bytes.
	File stride size set to 17 * record size.
                                                            random  random    bkwd   record   stride                                   
              KB  reclen   write rewrite    read    reread    read   write    read  rewrite     read   fwrite frewrite   fread  freread
              64       4  555990 1226821  4988978 12902017 9006179 4274062 2772930  4988978  4564786  3363612  1336792 3541098 10821524
              64       8  673098 1336792  4274062  456478612310336 4988978 2662899  5860307  4274062  4274062  3057153 3791156  4564786
              64      16  615952 1452528  7293312 3048429715972885 5283570 2689580  5735102  4564786  2561267  1722886 2892445 15972885
              64      32  647135 1484662  4274062 1290201712902017 5389653 2561267  5735102  4018152  3738358  2203800 3791156 16983463
              64      64 1033216 1828508 10821524 1597288516983463 5389653 4897948  5860307  4018152  4988978  1828508 5735102 20962191
             128       4  711270 1755594  4267461 1254204310779307 4407601 3106789  5325799  3468030  3982553  2066432 5545860 12842051
             128       8  859260 1802755  5122535 1588107812842051 5325799 5603747  5847904  6114306  4407601  2066432 4012317 14200794
             128      16  853794 2248149  6114306 1147020412842051 5545860 3277486  6727225  5122535  4934216  2511022 3982553 12842051
             128      32  908709 1911894  3982553 1588107815881078 6114306 5122535  6330599  4444086  5325799  4934216 3657016 14200794
             128      64  914904 2166499  7476717 1420079415881078 6114306 3560017  6727225  9129573  3657016  5545860 5847904 11720614
             128     128  969421 2132084 12842051 1863766415881078 6330599 3657016  6406138  4267461  6114306  2511022 3867787 16365173
             256       4  847597 2170027  5428265 1281227710245071 4496299 3879045  5569035  4422226  4350555  2911402 4572895 11695808
             256       8 1019886 2639446  6249745 1516462413625180 5428265 4332998  7120034  4332998  5117791  3159869 6249745 12090911
             256      16 1132871 2911402  5687020 1435374413454450 5810112 4009406  7120034  4819184  5217259  3823789 4734192 14164395
             256      32 1112909 2726577  6398720 1607260814164395 6249745 4264168  7518900  9868433  5117791  4819184 5455847 14164395
             256      64 1122215 2812272  6554972 1709624914353744 6595234 5540300  7791708  5455847  5810112  4819184 6107548 15835569
             256     128 1098113 3123106  7965107 1495343513625180 6398720 4496299  7314033  7518900  4734192  7314033 5938650 14353744
             256     256 1312954 4264168 12812277 1345445013454450 5971678 5687020  5971678  5687020  5938650  4422226 6107548 13454450
             512       4 1064794 2725905  6018636 1249949010044089 4331300 4660280  5822804  6035551  4340054  3481620 5822804 11620224
             512       8 1236455 3325278  6571132 1462806712797441 5278892 5951911  7211022  6632013  4927617  4195896 6395018 14628067
             512      16 1254513 3653390  5624545 1462806713438092 5822804 6156675  7309196  7988981  4973263  4375425 5177083 14146265
             512      32 1361920 3415178  6843354 1503780113872122 6156675 5067142  7620440  7647578  5439343  4195896 6246213 14628067
             512      64 1293037 3366987  6156675 1514384614628067 6571132 3012719  7871843  7758090  5684095  4650188 6652558 15037801
             512     128 1270846 3659616  7410080 1424006913872122 6472112 5807059  7647578  8992598  5822804  5214798 5886650  5331314
             512     256 1049187 3849877  8394979 1310994412797441 6104175 5807059  6736026  8394979  4660280  5278892 6104175 13109944
             512     512 1401929 4228947 13109944 1387212213522711 5951911 5951911  6018636  6086873  5951911  4784885 6104175 13109944
            1024       4 1027060 2934110  6016997  812201410039528 4014717 5536137  5690162  7020149  4162573  3618930 3923040 11489839
            1024       8 1331853 3414650  6569179 1418390512944224 4995276 6059442  7319232  8542002  5048117  4232305 6364746 13643232
            1024      16 1391395 3764854  6199382 1386342213142265 4095102 4142499  7524394  8988941  5251818  4451639 6364746 13472053
            1024      32 1374474 4110780  6819511 1461839314044758 6163794 5120336  7869040  8680108  5444898  4433259 6393168 14230902
            1024      64 1370965 4079544  6609617 1487147714618393 5303701 5720477  8326715 10134284  5500686  4634161 6327241  6431462
            1024     128 1363565  822506  1440391  2528227 6244448 1501313  460843   394910  3414650  1166221   861957  663642   782923
            1024     256  193355 3835457  6874084 1294422412790037 5845038 5958564  6819511  9381637  5336651  4995276 5991815 12944224
            1024     512 1501838 4182843  8326715 1314226513142265 3923040 5983467  6559147  8391792  4679604  6364746 4876180 12828238
            1024    1024 1416636 4162573 12348754 1330511612790037 5660167 6025439  5813392  3984917  5564829  4694950 5983467 12071103
            2048       4 1050267 3079044  5953632 10503637 7183386 3835124 5489457  5640860  8866519  4094723  3368858 5804771 10037248
            2048       8 1256425 3723735  6440169 1211888412327589 4623699 6110328  6058611  8940345  4842658  4178378 5970183 11502234
            2048      16 1335955 3637020  6543188 1203399512959958 5172149 4601407  6543188  7419150  4633675  4001263 6479029 12187663
            2048      32 1305301 3538147  6440169 1256195213836752 4741090 5920802  5953632  8987113  5144271  3690142 6397004 12274742
            2048      64 1408461 4276140  6732948 1280539914345111 6092991 6243566  8261095  9228493  5056455  4385291 6284678 12398764
            2048     128 1350872 4023754  5920802 1218766313748169 6185123 6041567  7477273 13574363  4853603  4276140 6092991 11770166
            2048     256 1468162 4128177  6378005 1112965912488897 5006356 5916724  6895083 12257227  4603874  4240255 5953632 10503637
            2048     512 1475476 4104506  6780783 1100137211770166 5461535 5820505  6670210 10179991  4550221  4611288 5389574  9944290
            2048    1024 1361794 3878414  7761014 1114409810131961 4945823 5765808  5868220  8097557  4601407  5406535 5670651  9218589
            2048    2048 1179643 3056039  6829301  7013303 5290001 3749743 5095447  3281349  5184636  3999400  3792790 4531020  6523312
            4096       4  982279 3065750  5784846  6978564 7261741 2866270 5339001  5681538  6103394  3212508  2966237 5633102  6724530
            4096       8 1300243 3634562  6330545  7711565 8642630 3439547 5347310  7656576  7158858  4192455  3863418 5572803  7377115
            4096      16 1401316 3961410  6024207  7612471 9019223 4125010 4824714  7499487  6410863  3747948  3683658 6094733  7625987
            4096      32 1442740 4000150  5910222  7756829 9503161 4729091 6013663  8002526  6714018  4052041  4083827 6300364  6793669
            4096      64 1473932 3778448  6358661  7848969 9312562 4288742 6015769  8173861  7542289  4357270  4038705 6261328  7742845
            4096     128 1405098 4091608  5988509  7367624 9105266 4900405 5558378  8447153  7568872  4334185  4016047 5704175  7225093
            4096     256 1440683 4079948  5953231  7035723 6850558 4796426 5664678  7314299 13176709  3828122  3673419 5696610  5409609
            4096     512 1440200 4141917  5649775  7015611 8292220 4078979 5769304  5475122 11570449  3839243  4000150 5083093  4796426
            4096    1024 1413421 3571100  6545196  7355007 5506711 4418911 5721272  6471234  8360824  4108241  3519162 5075585  6291135
            4096    2048 1311559 2985308  6058196  6309619 5572803 3524939 4995882  3957760  5802430  3022599  3730856 4423462  5382492
            4096    4096 1163017 2786313  4649735  4491697 4681411 2846325 4481152  3070682  4256862  3084464  2805881 4240052  4659824
            8192       4  995132 2992016  5450634  5884720 5113204 2683137 5337181  5653313  4992112  3025209  2962606 5580773  5291970
            8192       8 1190532 3268991  6233844  5660764 5992483 3054523 4893987  6517641  5553712  3434666  3347986 5940679  4318825
            8192      16 1291292 3496531  6321001  5966469 5821902 3332724 5588034  7367317  5859631  3663551  3459217 6167822  5524246
            8192      32 1384925 3757706  6385612  6112956 6595205 3780445 6141364  7825383  6365501  3782110  3695070 4997921  5622783
            8192      64 1380751 3792546  6390362  6296676 6742748 3934558 6112956  8436380  5928379  3371310  3399327 6168929  6445505
            8192     128 1408081 3764705  6108608  5897851 6253130 4257814 5974769  8515834  6224809  3639492  3667070 5618186  5633847
            8192     256 1363275 3837016  5316535  5821902 5538493 3787112 5688881  7372059  6049456  2995407  3540122 5411147  5889763
            8192     512 1468063 3683187  5793435  5940679 6158977 3959496 5375591  6547448 12338289  3393619  3626431 4746603  5888754
            8192    1024 1428215 3534295  5502130  5789530 6173362 3957671 5619105  7044097 11507694  3410461  3345053 5736369  5414558
            8192    2048 1305470 2847459  5107883  5309142 4667297 3227840 4887722  3867682  5966469  2804692  2805379 4371019  5312425
            8192    4096 1259114 2580178  3860729  4313945 4128880 2700004 4442223  2870294  4282224  2536371  3338228 4262040  4224832
            8192    8192 1174820 2641064  4440501  4185717 4201070 2700853 4352746  2876301  4257814  2698308  2651049 4222755  4297757
           16384       4  962352 2811669  5571184  5750677 4558867 2417588 4770925  5249445  4857596  2697864  2884972 5457909  5352482
           16384       8 1286934  758059  6279877  6220192 5383933 2465289 5830203  7252863  5816386  3087848  3071013 6104162  6003375
           16384      16 1308623 3329947  6251313  6127567 5919089 3151285 5919089  7307624  5847567  3282703  3150852 6117748  5878581
           16384      32 1368183 3562476  5421310  6222445 6003900 3458661 6072875  7884466  6021260  3520319  3544834 6150601  5486670
           16384      64 1412910 3718424  6298872  6150051 6122108 3870689 6101994  8627891  5669546  3223420  3578057 5942635  6012304
           16384     128 1424450 3688486  5925724  5387732 5968441 3946944 5899778  6963302  6026012  3266941  3651444 5988726  5839120
           16384     256 1433184 3640225  5628681  5661606 5698696 3622380 5592038  7272051  5728625  3488155  3573406 5645791  5649969
           16384     512 1434410 3563215  5163459  5659741 5870045 3665272 5642083  6775862  5764667  3343068  3371774 5669079  5525936
           16384    1024 1316318 3541728  5804105  6027598 5927769 4036432 5599328  6499029 11753336  2988088  2802153 5022690  5110468
           16384    2048 1298779 2855363  4976857  5179805 4923019 3188719 4828923  3800476  6445388  2232760  2416568 4803271  4993492
           16384    4096 1220122 2522481  4360980  4455705 4444753 2661914 4439011  2952019  4319587  2626007  2483195 4268872  4446191
           16384    8192 1289760 2623601  4450799  4449646 4163604 2826821 4325296  2681965  4441306  2389427  3289302 4287783  4454549
           16384   16384 1230411 2495731  4457150  4297974 4455705 2662740 4406844  2935750  4399790  2987049  2934120 4395850  4191283
           32768      64 1097090 3679382  6366213  6501736 6331898 3614740 6116878  8380523  6139832  3249777  3369774 6181530  6217886
           32768     128 1343728 3520031  6005948  6103296 5738624 3551320 5958816  7195453  5881803  3250853  3467107 5834610  5995991
           32768     256 1392198 3640496  5675120  5612088 5592677 3636450 5487942  6578605  4979166  3182281  3391393 5557623  5725715
           32768     512 1378721 3548569  5750871  5833867 5750871 3637220 5700778  7080538  5774065  3179190  3361532 5552010  5749908
           32768    1024 1390001 3429046  5848265  5895680 5910385 3676922 5530340  6964292  5829413  2887324  3091655 5764861  5751833
           32768    2048 1265857 2805689  5085094  4993638 5076454 2874942 4932703  3815119  6564152  2136407  2281719 4946194  5060007
           32768    4096 1190351 2597952  4259981  4291238 4275087 2624794 4313866  2952070  1477825  2135146  2224730 4234649  4210777
           32768    8192 1214889 2488852  4304678  4197274 4382507 2657118 4319018  2963272  4398918  2455459  2599426 4383066  4333316
           32768   16384 1283866 2657581  4320104  4413184 4103781 2677983 4363168  2873379  4422130  2529575  3395247 4322957  4419712
           65536      64 1160665 3579055  1316327  6468201 6174422 3564066 6339463  8552302  6290140  3297408  3616347 6394471  6349127
           65536     128 1451065 3678290  6135283  6202006 6086243 3625410 6013543  8570168  6058608  3348787  3682626 6085569  6138160
           65536     256 1452161 3688804  5723069  5883415 5770526 3711366 5769557  7333831  5788876  3332143  3575563 5846624  1300810
           65536     512 1457744 3694456  5700282  5749765 5695321 3711616 5659789  7031779  5671233  3158978  3418675 5704777  5578014
           65536    1024 1407473 3682380  5807835  5606571 5592313 3689497 5250390  5443147  5504845  2612664  2961159 5657925  5712721
           65536    2048 1248543 2771175  4924203  5054128 4928264 2842090 5085358  3982248  5237085  1830617  2237566 5087806  5203280
           65536    4096 1281304 2661925  4371690  4322400 4378444 2736252 4151556  3026096  3988083  2122415  2224420 4360317  4379839
           65536    8192 1275146 2649762  4320973  4322944 4361216 2723051 3080285  3040691  4256406  2222460  2234365 4308174  4344466
           65536   16384 1277605 1258616  4237966  4379002 4143109 2629232 4295987  3003906  4364124  2504541  2608919 4345909  4367036
          131072      64 1273040 2951870  6204022  6227565 5955358 2863776 6010309  8317182  6053592  2668020  2967982 6364254  6442717
          131072     128 1327095 2994903  5909204  6257336 5795272 2901747 6027706  8342171  5875292  2779776  2983121 6191375  6197867
          131072     256 1355197 3120176  5845679  5912891 5840463 3136751 5790938  7571684  5664560  2817240  3004313 5833955  5838106
          131072     512 1353169 2935932  5631485  5741466 5654073 2930424 5565693  6924416  5748070  2687388  2874708 5706957  5784540
          131072    1024 1289747 2875460  5758848  5913209 5793013 2952393 5564003  6708200  5698025  2470825  2554107 5936772  5890905
          131072    2048 1250758 2497416  5103856  5214919 5103430 2543307 4958436  3956648  5134842  1872862  1967314 4948573  5185846
          131072    4096 1101327 2232113  4164602  4196455 4282427 2282927 4213598  2841911  4133974  1796166  1883461 4145602  4218610
          131072    8192 1132833 2239898  4136743  4221298 4072844 2253367 4124484  2506491  3958443  1834305  1950243 4164191  4362109
          131072   16384 1164722 2231769  4077526  4164854 4168170 2271654 4137646  2976595  3452810  2050082  1997196 4191080  4144289
          262144      64  168112  165961  5961583  6046727 5893677  118588 5744220  8494057  6064370   168934   169888 6039055  6303497
          262144     128  163084  150662  5818328  5988566 5732181  120154 5636647  7758238  5974508   173078   170149 5748515  5980943
          262144     256  170127  159357  5428646  5664671 5536066  134070 5579668  7500140  5706211   173756   161398 5472172  5698787
          262144     512  168289  156412  5658316  5974379 5873340  149523 5521499  6833942  5670572   174268   159984 5451552  5784291
          262144    1024  167176  151114  5522636  5736697 5631710  163943 5455555  6686651  5665284   165708   168403 5629519  5795266
          262144    2048  175443  162996  4679214  4895033 4968133  173595 4767038  3379631  4922162   170664   170659 4805477  5095809
          262144    4096  166073  158318  4086282  4036967 3221117  171297 4034226  2797456  4179193   180283   174949 4189480  4354108
          262144    8192  163366  163511  4090706  4111940 4144630  175470 4125131  2937978  4211755   187660   187996 4037945  4181657
          262144   16384  169570  156535  3658516  4053621 4151531  180376 4043425  2922843  4143318   206983   202729 4079808  4084324
          524288      64   63877   89943  6074904  6231949 5764183   30803 5491300  8325224  5948840    87516    86592 5995420  6233203
          524288     128   92677   87747  5816755  5982226 5660760   48337 5723242  6281598  5984000    90260    84847 5554901  5906862
          524288     256   89094   79640  5499650  5644298 5526853   54075 5461731  7064458  5715121    87783    91340 5525742  5573217
          524288     512   91821   87870  5628608  5626189 5619676   61243 5483673  6819738  5651900    92556    91569 5665953  5720741
          524288    1024   91637   88012  5630597  5817278 5775431   65826 5607238  6901693  5477649    92084    91510 5613006  5413236
          524288    2048   91115   88933  4600305  4908963 4913109   88562 4860011  3644581  4926416    92102    92240 4775545  4951441
          524288    4096   92346   88053  4141264  4164778 4134109   93087 4107553  2790012  4121990    94234    93266 4129909  3532250
          524288    8192   91976   90603  3685395  4242533 4164518   91482 4017164  2749322  4157314    94698    94349 4088400  4070209
          524288   16384   92497   87861  3986375  4088590 4160452   92651 4055130  2774919  4117945    97056    81405 4084323  4072296

iozone test complete.
