	Iozone: Performance Test of File I/O
	        Version $Revision: 3.420 $
		Compiled for 64 bit mode.
		Build: linux-AMD64 

	Contributors:William Norcott, Don Capps, Isom Crawford, Kirby Collins
	             Al Slater, Scott Rhine, Mike Wisner, Ken Goss
	             Steve Landherr, Brad Smith, Mark Kelly, Dr. Alain CYR,
	             Randy Dunlap, Mark Montague, Dan Million, Gavin Brebner,
	             Jean-Marc Zucconi, Jeff Blomberg, Benny Halevy, Dave Boone,
	             Erik Habbinga, Kris Strecker, Walter Wong, Joshua Root,
	             Fabrice Bacchella, Zhenghua Xue, Qin Li, Darren Sawyer,
	             Vangel Bojaxhi, Ben England, Vikentsi Lapa.

	Run began: Fri Oct  4 14:08:29 2013

	Auto Mode
	Command line used: iozone -a
	Output is in Kbytes/sec
	Time Resolution = 0.000001 seconds.
	Processor cache size set to 1024 Kbytes.
	Processor cache line size set to 32 bytes.
	File stride size set to 17 * record size.
                                                            random  random    bkwd   record   stride                                   
              KB  reclen   write rewrite    read    reread    read   write    read  rewrite     read   fwrite frewrite   fread  freread
              64       4  495445 1232453  5283570 12902017 9318832 4274062 4564786  3588436  4564786  3363612  1279447 4564786 10821524
              64       8  581273 1452528  6271021 1597288510402178 3588436 4988978  5860307  5389653  4018152  3203069 4274062 15972885
              64      16  695778 1484662  3541098 1290201712310336 4988978 3203069  5735102  4564786  2662899  4274062 5283570 10402178
              64      32  720041 1518251  4564786 1597288520962191 5860307 3203069  5860307  4018152  4274062  1879725 3203069 15972885
              64      64  754443 3203069 10821524 1290201710821524 5389653 4564786  4564786  5283570  4564786  3588436 5283570 12902017
             128       4  731625 1833539  5784891 12842051 9795896 4596273 5122535  3982553  3468030  4012317  2035099 4104338 10567140
             128       8  800337 2511022  5379161 1420079412842051 5122535 5784891  5122535  6045455  3445772  2660335 6045455 12842051
             128      16  953918 2166499  4407601 1284205112842051 5784891 3277486  7082197  5122535  4759253  2969325 3468030 12542043
             128      32  901083 2132084  6406138 1284205115881078 6114306 4012317  6727225  7176872  5545860  4407601 4557257 10567140
             128      64 1030846 2238774  7082197 11720614 9977956 3036502 4717434  5122535  6727225  2784517  6406138 5545860 11470204
             128     128  921183 2367096 14200794 1588107814200794 6406138 6114306  6114306  5847904  5847904  4135958 5545860 11720614
             256       4 1008392 2187712  5347168 1345445010245071 4652146 4009406  5569035  8208677  4197489  3009318 2842047 12228612
             256       8 1201314 2607399  5687020 1583556913454450 5347168 6249745  7120034  4350555  4929815  3823789 4422226 14953435
             256      16 1007446 2486631  4652146  986843312228612 3823789 3654598  5569035  6936061  3245838  2187712 6398720 14953435
             256      32 1128110 3009318  5841722 1516462414164395 5938650 4281170  7518900  5428265  5428265  3810220 5242734 14953435
             256      64 1230218 3197509  6891544 1709624914953435 6398720 4652146  7314033 12228612  5938650  4907284 5569035 14953435
             256     128 1254656 3052087  8024634 1495343514353744 6398720 4734192  7120034  1471270  4009406  1579483 2719671 13454450
             256     256 1325925 3605511 12812277 1416439513625180 5938650 5810112  5971678  5938650  6107548  4652146 6107548 14353744
             512       4 1077618 2815243  6018636 11683444 7540170 4271001 5566231  5684095  6414119  4131319  3556580 5067142 11943357
             512       8 1276891 2665014  6104175 1387212212499490 4742616 5509113  6414119  9681823  4457157  3550700 4271001  1599251
             512      16 1340664 3104171  5951911 1462806713872122 5684095 6319739  7309196  9304292  5115422  4000485 5453155 14240069
             512      32 1329871 3634839  7022379 1514384613872122 6319739 6246213  7410080 13438092  4163357  4305250 6246213 14628067
             512      64 1044594 4571003  6652558 1558341714628067 6395018 5566231  7871843 10235583  5495016  4610256 5699180 14628067
             512     128 1402845 3678421  6931711 1462806713872122 6156675 6035551  7647578  9304292  5870558  5331314 6104175 14240069
             512     256  449941 4262523  8265729 1310994413109944 6228097 6018636  6821616  8109658  4532414  6551087 6086873 13190469
             512     512 1418599 4494470 12797441 1343809213109944 6104175 5951911  6174377  6156675  6086873  4973263 6174377 13522711
            1024       4 1153071 3210456  6059442 1231335110039528 4361233 5536137  5821271  7369466  4287225  2270300 5853003 11614118
            1024       8 1105865 3735385  6569179  956977012639479 4943530 5720477  7537599  9569770  4654248  4178773 6441107 13998981
            1024      16 1420384 4199201  6599461 1423090213305116 5660167 6441107  7590887  8895850  5251818  4470172 6609617 13863422
            1024      32 1466957 3999762  6776473 1461839314044758 6163794 5251818  8000971  8183918  5444898  4474829 4033569 14230902
            1024      64 1458984 4195100  3937426 1482016114618393 6441107 6059442  8391792 15080341  5660167  4507705 6244448 14871477
            1024     128 1479591 3999762  6787181 1442204513863422 6355328 5991815  8183918 14044758  5564829  4700088 6137371 13643232
            1024     256 1432225 4178773  6918376 1294422412983353 6208343 5983467  7257394 10255274  5536137  5120336 6093831 12639479
            1024     512 1546729 4451639  8262639 1330511613142265 6059442 5751117  6559147  8246774  4783849  3764854 6102490 12790037
            1024    1024 1275301 4300102 12639479 1347205313142265 5720477 6025439  5991815  6137371  5983467  4854136 5991815 12639479
            2048       4 1006459 3329682  4643695 11015480 9990553 3899542 5521212  4559883  7470770  4188565  3093459 4559883 10503637
            2048       8 1241354 3549844  6543188 1288221512710657 4772701 4686767  7183386  8940345  4829046  4204968 6225466 12561952
            2048      16 1403628 4276140  5083385 1271065713404897 5225638 6397004  7318020  9349021  5020987  4376355 6189580 12710657
            2048      32 1543340 4014352  6440169 1303864613926483 6058611 6207471  7969835  9149853  5345969  3715681 6401772 12786337
            2048      64 1440344 4293237  5319484 1118764113384011 5376082 6303124  8067138 11440955  5107566  4094723 1826943  3637020
            2048     128  112231 4240255  6523312 1280539913836752 4623699 6207471  8159088 15399510  5104531  3585405 6075753 12488897
            2048     256 1406616 3418463  6007763 10620516 9752360 5238385 5172149  6696208 11770166  4144109  3764533 4948672  6717153
            2048     512 1493692 4293237  6359119 1124623012416686 5836323 5832361  6807652 10192069  4738475  4423683 5916724 11015480
            2048    1024 1524983 3624742  7846081  781751910555264 5433896 5704543  5852228  8067138  4738475  5535444 5754221  9944290
            2048    2048 1280778 3671217  7189398  7636816 7393606 4284671 5349298  4441984  5332694  4321315  3579429 5416763  6717153
            4096       4  962899 2771480  4329816  4380601 4179197 1928630 4899008  4946971  3900255  2088787  2441083 5618365  6883496
            4096       8 1235268 1214742  3980686  3126565 6068897 2977031 5918366  7555557  7197849  3543113  3889659 6245395  7715028
            4096      16  749793 1740825  5382492  7742845 9312562 4231697 6169144  7476641  7656576  3785107  3713919 6389405  7925004
            4096      32 1507560 4218190  5664678  7877762 9773474 4244242 6103394  8062616  7555557  4399673  3937802 5565581  7863339
            4096      64 1556880 4019805  6408472  8032459 8660056 4791076 5963564  8393502  7326777  4471821  3792628 6311938  7770863
            4096     128 1550976 3767675  5367357  7502762 9312562 4471821 5953231  8077780  7418527  3927001  3942321 5918366  6291135
            4096     256 1532985 3740604  2480917  2091075 2323234 2820623 5038371  7339297 13166611  3831537  3916259 5761565  6793669
            4096     512 1506371 3697135  6160296  5808315 7831080 4602401 5681538  6930704 11633127  4179197  3806915 2083467  3637640
            4096    1024 1325524 3693161  6198078  7146945 7015611 3803543 5640500  6595451 10263956  4079948  2705573 5618365  6281934
            4096    2048 1346510 3263773  5753847  6195843 4779081 3630721 5044289  3961410  5944991  2692851  3817065 4071246  5468151
            4096    4096 1227501 2852469  4490523  3720353 4681411 3011473 4184286  3063563  4659824  2734426  3052133 1593117  2046975
            8192       4 1005882 2736997  5534924  5378957 5004472 2506033 5357988  6127127  5337181  2793973  2962606 4483963  5542066
            8192       8 1296407 3181219  5508305  6127127 4887722 3034292 4757117  6527546  5227560  3251975  2961840 5724900  6326821
            8192      16 1349144 3268991  6027172  6491781 6399884 3351906 6040947  7884642  5935548  3611945  3494753 6267959  6210183
            8192      32 1489187 3731993  6439465  5814021 6692839 3627963 6095604  8242105  6466126  3593060  3586684 5897851  6163396
            8192      64 1441517 3789200  5905961  5979968 6827153 3667070 6205696  8257953  6399884  3703433  3665505 5983092  6516405
            8192     128 1410741 3837016  5781736  6325656 6345516 4039563 5645881  8119403  5851647  3394960  3607395 6063334  6032463
            8192     256 1520153 3627963  5247519  5417973 6154564 4009395 5326425  6616796  6114043  3667070  3578839 4464155  5577150
            8192     512 1011359 3285873  5382328  5622783 5482815 3375284 5527801  6770651 12302946  3336931  3276785 4366576  4325349
            8192    1024 1438500 3650706  5814021  5776876 6281710 4069224 5753659  6855760 11145606  3439135  3335312 5432536  5906977
            8192    2048 1357673 2960564  4759753  5669170 5368033 3133638 4953250  4075982  6455193  2742678  2811347 4729615  5305863
            8192    4096 1310699 1765133  4302601  4304757 4355505 2195116 4309616  2171258  4192356  2460804  3291223 4505719  4516379
            8192    8192 1229469 2385628  3864202  4021596 3936361 2580953 3884297  2635797  4316113  2772331  2663172 4483963  4508675
           16384       4 1034016 2907554  4282172  3072112 1980399 1747439 5061162  3468262  4722726  2682384  2791680 5448389  5386043
           16384       8 1290777 2988738  3447210  3990259 3568766 2054958 3612098  6609036  5716711  3097731  3239222 6010201  6142904
           16384      16 1404278 3157511  6208391  6012830 5799696 3074586 5773384  7116907  5901805  3236628  3203734 5893706  5868040
           16384      32 1417311 3546298  6311020  6014936 6129753 3649699 4483906  7720590  6156663  3275505  3521041 6104162  6375425
           16384      64 1399844 3605654  5750677  6184922 6086321 3494185 5667209  6804039  4553731  1428150  3397781 5677040   728896
           16384     128 1090079 3540998  5990292  6203907 5799696 3945131 5718614  7728405  5752602  3286628  2886547 5912468  5811959
           16384     256 1435309 3651444  5741068  5507336 5256271 3636758 5614425  7223891  3206873   972113  2205742 5425162  4731180
           16384     512 1213464 2786812  2156933  2946197 3421125 1887804 5273212  6229778  5161907  2944682  2115955 5290262  5403831
           16384    1024 1208173 3189459  5136059  5661139 5359578 3155047 5425162  4106380 11138029  2494553  2612629 4647979  4880712
           16384    2048 1125040 1756821  4167897  4274448 4173212 2709993 3139336  1865865  3635988  1495859  1335063 4798911  5044443
           16384    4096 1195208 2320678  4230243  4201020 4117698 2645926 4341144  2873391  4312810  2508668   962689 4123876  3901898
           16384    8192 1222705 2619301  4312539  3967223 3851382 2626910 4290192  2842019  4169161  2496365  3321417 3820974  4231545
           16384   16384 1196519 2610644  4323936  4253283 4226080 2718354 4158313  2758289  4166886  2661914  2686368 3609632  3612858
           32768      64  972724 3222045  6283553  6266650 6021209 3317553 6042386  8178063  3698790  3182576  3453256 6276380  6242740
           32768     128 1417966 3576456  6115517  5997038 5909368 3492304 5845032  7786995  5838824  3154092  3632798 2934672  5976436
           32768     256 1480707 3582422  5943870  5848265 5676995 3756927 5842050  7403199  5821265  3243718  3145934 5613005  5630250
           32768     512 1444675 3637702  5835849  5920314 5852499 3761245 5571818  6942130  5639954  3185010  2344622 5782324  5824472
           32768    1024 1420310 3587472  5853496  5890374 5857737 3637605 5599512  6875108  5803812  2907542  3152862 4332769  4992913
           32768    2048 1273575 2726378  4989831  5128930 5035905 2868821 4998178  4159547  6687439  2193449  2068312 4783679  4832286
           32768    4096 1233457 2408682  4219956  4266593 4180168 2583205 3750059  2915560  4243933  1619600  2290007 4212325  4266063
           32768    8192 1251028 2642152  4126452  4240659 4245637 2395166 4216202  2867863  4317254  2386266  1811677 4259453  4436547
           32768   16384 1328582 2476966  3084647  3645324 3939455 2505778 4315627  2880425  4278947  2445584  3457252 4369688  4437693
           65536      64 1164170 3581013  6226168  6349127 6120938 3500300 6032945  7874171  6068640  3277279  3124933 5348151  6157686
           65536     128 1424327 2841590  5626885  5711771 5792536 3577518 2747822  5478295  5752291  3181206  3375352 5267393  5893506
           65536     256 1452737 3527793  3552275  2743708 4862788 3740201 5454488  7479506  5684956  3226122  3489856 5841530  5902618
           65536     512 1319797 3735525  5905789  5979531 6021315 3737455 5544933  7174195  5974203  3237483  3375891 5790950  5947574
           65536    1024 1485739 3618585  5995443  6134598 5948089 3802706 4724383  5800114  5734291  2678317  3212736 5695793  5955564
           65536    2048 1354526 2797431  4044474  4219685 4376980 2462825 4522892  3341785  4508870  1986416  2062164 1438331  3722171
           65536    4096 1105757 2582909  4186012  4251995 4199378 2568524 4185949  2921162  4240712  2050244  2059507 4150490  4175584
           65536    8192 1257166 2560390  4174506  4299952 4165270 2532997 4177996  2951398  4113226  2134032  1866061 2237038  4371133
           65536   16384 1328844 2629962  4295181  4320090 3517185 2304769 4300826  2923368  4309862  2460246  2604149 4299750  4387249
          131072      64 1242743 2386985  6002565  6290702 6058662 2998186 4760210  8277858  6027971  2854157  2891248 6174478  6113777
          131072     128 1295216 2995523  5846985  5114397 4048907 2750033 5729141  8035391  5911365  2665640  2958733 5970297  6244755
          131072     256 1324040 3146463  4724172  5708438 5642409 3102445 5671924  7748408  5630966  2730094  2493519 5723951  5854831
          131072     512 1364450 2733229  5729678  5814334 5791731 2929768 4586963  6728149  5365470  2459374  1561887 5461142  5804512
          131072    1024 1304888 3035198  5731171  5860573 5840773 2964349 5054444  7118809  5760417  2359701  2539266 5658904  5748731
          131072    2048 1209217 2215811  4096272  2400850 4903551 2413053 4481115  4021598  4268031  1753725  1561345 5225328  5240820
          131072    4096 1218514 2286677  4303244  3936561 2585762 2276423 3931016  2803749  4153369   963453  1786378 4093435  4177862
          131072    8192 1105103 2134030  4133570  4174151 3994046 2144193 4190952  2899314  4048549  1952536  1905474 3624067  2928582
          131072   16384 1099413 1989160  3830388  3782633 3803385 2170033 3142920  2221102  3659091  1749116  1878442 3252342  3925711
          262144      64  133005  155498  6000888  6275865 5933401  121468 5640783  7891884  5833330   168687   160059 4995014  5380852
          262144     128  163574  153367  5819991  6107149 5805425  130566 5544637  8071658  5818574   167231   170303 5805302  5956739
          262144     256  162911  125552  5266369  5348890 4911454  138691 5458833  7665691  5760019   172344   164797 5499955  5763158
          262144     512  162635  142849  5637023  6022549 5936509  156045 4792742  6945535  5586812   162055   162567 5532222  5716684
          262144    1024  159104  146824  5491193  5810057 5748875  162379 5353161  6002133  5707959   170892   165735 4944429  5744850
          262144    2048  149782  154481  4608067  3972298 3126349  171693 3548473  3739354  4864152   164319   167558 4725021  4910884
          262144    4096  160337  148195  3954198  4225870 3904906  171353 4027842  2896845  4019567   179424   175512 3521121  3858574
          262144    8192  167618  155359  4134049  4171472 4055191  180167 4128771  2931243  4111617   178313   185518 4071830  4085523
          262144   16384  156150  140928  3859427  4174988 4191477  170039 4088212  2528247  4123181   199346   190492 3535704  3551981
          524288      64   61890   82677  5762853  6244567 4734837   30669 5120547  8150483  6002769    79982    85431 5902280  6189065
          524288     128   80425   81338  5383445  5577175 5540862   47784 4526948  7992936  5771369    88734    83697 5498110  4892069
          524288     256   88121   80361  5383985  5556726 5464975   55391 5516911  7536326  4023235    85949    89000 5561968  5703485
          524288     512   87025   80671  5435406  5797540 5266581   59123 3888512  6906787  5725045    88588    88937 5764258  5873917
          524288    1024   85843   82769  5616906  5775947 5390703   67112 2766544  6971270  5765588    86120    87800 5572384  5258760
          524288    2048   88808   82243  4831395  5074909 4677341   84695 3281228  3641063  4058078    89946    80678 3827424  3520223
          524288    4096   83810   84052  3908333  3665553 3991592   88457 3987162  2474619  3434552    89634    89197 4030594  4075089
          524288    8192   87867   83316  3650474  3711169 3676320   83277 3959066  2672577  4126956    88067    85369 3381345  4005194
          524288   16384   86968   84663  4004487  4101478 3959701   86302 3999272  2809417  3580247    87522    86162 4041313  4024008

iozone test complete.
