	Iozone: Performance Test of File I/O
	        Version $Revision: 3.420 $
		Compiled for 64 bit mode.
		Build: linux-AMD64 

	Contributors:William Norcott, Don Capps, Isom Crawford, Kirby Collins
	             Al Slater, Scott Rhine, Mike Wisner, Ken Goss
	             Steve Landherr, Brad Smith, Mark Kelly, Dr. Alain CYR,
	             Randy Dunlap, Mark Montague, Dan Million, Gavin Brebner,
	             Jean-Marc Zucconi, Jeff Blomberg, Benny Halevy, Dave Boone,
	             Erik Habbinga, Kris Strecker, Walter Wong, Joshua Root,
	             Fabrice Bacchella, Zhenghua Xue, Qin Li, Darren Sawyer,
	             Vangel Bojaxhi, Ben England, Vikentsi Lapa.

	Run began: Sat Oct  5 16:57:30 2013

	Auto Mode
	Command line used: iozone -a
	Output is in Kbytes/sec
	Time Resolution = 0.000001 seconds.
	Processor cache size set to 1024 Kbytes.
	Processor cache line size set to 32 bytes.
	File stride size set to 17 * record size.
                                                            random  random    bkwd   record   stride                                   
              KB  reclen   write rewrite    read    reread    read   write    read  rewrite     read   fwrite frewrite   fread  freread
              64       4  681644 2203800  4988978 10821524 9318832 2923952 4274062  3791156 10402178  2662899  2358717 4274062 10402178
              64       8  703068 2772930  6421025 2273779112902017 4988978 4988978  4564786 10402178  3791156  2006158 4897948 15972885
              64      16  877797 1562436  4274062 1040217810402178 3541098 2662899  3363612  7100397  4274062  3363612 3541098 12902017
              64      32  754443 1562436  7293312 2096219115972885 5860307 3057153  4274062  4897948  3057153  2067979 5283570 10821524
              64      64  831569 3203069  4274062 1290201715972885 5860307 3738358  5735102  5389653  4643754  2133730 6421025 22737791
             128       4  443033 2511022  5325799 14200794 9977956 4407601 4934216  4267461  7476717  3982553  3053774 3536566 11720614
             128       8  914904 2132084  4596273  135983512842051 5325799 3445772  6727225  6330599  4717434  2098744 6114306 11720614
             128      16 1024942 3124872  6727225 1588107812842051 5784891 5847904  6727225  9129573  3657016  3982553 6114306 15881078
             128      32  907174 3199360  7176872 18637664 8036304 4407601 5122535  6727225 10779307  5122535  2367096 4557257 15881078
             128      64 1133103 2714132  8548124 1588107814200794 5122535 3785961  4135958   659704  3657016  3468030 5325799 15881078
             128     128  847059 3124872 11720614 1588107814200794 6114306 3560017  6114306  5325799  5545860  2511022 4135958 12842051
             256       4  907792 2247235  5455847 12812277 9868433 4496299 3935921  5810112  3705040  4264168  2726577 5687020 11569783
             256       8  937924 3499745  6398720 1416439512228612 5455847 4998665  6936061  8815202  4009406  1652404 5217259 14353744
             256      16 1007446 4264168  5687020 1345445013454450 5971678 5938650  7314033  5117791  5117791  3197509 4652146 13454450
             256      32 1153561 2943325  5938650 1416439512661199 4929815 4070199  6107548 11569783  3499745  3159869 5117791 13454450
             256      64 1118707 2114473  6398720 1495343513454450 5242734 3770085  6761355  7735574  4477549  2842047 4840911 13454450
             256     128  778183 3605511  6249745 1362518012228612 4734192 4819184  5569035  6107548  4070199  7120034 6249745 14164395
             256     256  505812 4070199 12812277 1345445013454450 6249745 2754556  2783115  3994490  4907284  4197489 5971678 13454450
             512       4  925717 2521095  4571003 10911694 1657257 3736016 4660280  5384786  3064306  4296637  3140488 5164632 11138071
             512       8 1207261 2347475  4091959 10911694 1556366 3556580 5453155  6652558  6736026  4000485  2180616 4927617 13522711
             512      16 1303238 3653390  6104175 1387212212146009 5886650 1514652  7211022  7410080  4650188  3788747 6104175 14146265
             512      32 1319250 2256220  6652558 1462806712499490 5067142 2991733  7211022  8394979  4061007  4195896 6018636 14628067
             512      64 1182010 2995907  5624545 1378308813438092 5744919 5639315  7091952  2830083  2544997  3970896 2651850  4827914
             512     128 1351633 2394591  5509113 1352271113109944 5566231 5566231  6652558 10694336  5067142  3259661 5639315 13438092
             512     256  870905 3431550  5227492  9145790 5886650 2089386 4784885  6174377  8394979  4099771  5760329 4447925  9859630
             512     512 1171691 2160868 12499490 1137404012797441 5624545 5699180  4532414  5886650  3122224  3239989 2275345  9681823
            1024       4  667977 3241960  5336651 11489839 9485232 3447541 4614246  5390231  4966395  3229770  2813041 5219904 11132462
            1024       8 1299219 3121783  5500686 1330511612208350 4470172 5336651  6025439  6609617  3970183  2450338 5169641 13142265
            1024      16  879610 3821805  2942149  9832672 7319232 3220084 3591693  6479979  4321737  2958362  3631168 3324778 13472053
            1024      32 1311117 2098375  3160839 1294422412944224 4654248 3923040  7420395  3110479  1977602  2813041 5991815 13818817
            1024      64  783494 2805690  6137371 1404475813472053 5507740 5277632  7590887 14422045  3794792  3615883 5065980 12639479
            1024     128 1227903 3179559  6559147 1381881713102174 6093831 5813392  7472033  8988941  5169641  3970183 6093831 13818817
            1024     256 1316341 3447541  6529233 12071103 4356809 4629166 4512441  6479979  8391792  4300102  1825466 5853003 12944224
            1024     512  982648 3149251  4433259 1220835013142265 5983467 5390231  2968586  7644933  3804877  4762630 5593820 12348754
            1024    1024 1120288 2472911 10454984 1234875411773301 5958564 4029784  3655895  5917516  6128613  2375790 3259181 12037272
            2048       4  834557 2656292  3857514  8229438 5578583 3407614 4063729  5689430  7088541  2741055  3261415 3630870  9708272
            2048       8 1264191 3052781  4611288 12470765 9441504 3454204 3937075  7183386  5159722  3871422  2960203 4656281 11966935
            2048      16 1430271 3806235  4531020 1198363012805399 3448657 3885431  7207495  4829046  4180412  3690142 4818211  7643611
            2048      32 1181753 3261415  5769681 1126097312654482 5225638 5447681  7529708  5416763  4613765  3500658 5769681  2263006
            2048      64 1307685 3675930  6185123  533269411706006 4960102 5159722  7999524  6608629  2652192  2994254 5852228 11015480
            2048     128  983189 1598780  5937172  4088876 6092991 3806235 4128177  7444871 11579763  3744839  3894239 3573472  4957240
            2048     256 1228571 1887563  4138120  6802261 6243566 5582208 4878411  5083385  5970183  1696674  3630870 4170264  6696208
            2048     512 1014422 3240499  5362657  5719737 6873016 4358590 2543804  5704543  4601407  2048243  3245396 5719737  7933034
            2048    1024  576900 2855880  4472047  7036283 7698414 3962502 5447681  5029807  4686767  3710866  3710866 3150182  2537792
            2048    2048  920895 2120026  5264067  6041567 5489457 3334853 4432815  3150182  2258247  2873074  3314266 4603874  3799501
            4096       4  905786 2998857  5001700  6049663 6461498 2680666 4100397  5353976  4521249  2776856  2602298 4785737  4623457
            4096       8 1152794 2571526  4791076  6839648 5955295 3133979 5549401  7123239  5093643  3158176  3052133 5190597  4501111
            4096      16 1134298 2743596  4321103  7149920 6989921 3915366 3945943  6321227  5672159  3839243  3128843 4315676  5953231
            4096      32 1283151 3483484  4846491  5746149 7983931 3908241 4971306  6451792  4969868  3427880  3506950 4275933  5291314
            4096      64 1212513 3558525  3683658  6068897 7001316 4496399 6030551  8497289  7038605  4380601  3250804 4922872  5178081
            4096     128 1095458 3281854  5145513  4240052 4562069 2765680 5504946  7950677  1791098  2356697  2850103 4521249  6186918
            4096     256 1123468 3027393  4262142  5258919 4201683 3413576 4551192  4964124 11470025  3170416  3112404 5674032  5877869
            4096     512 1409479 1840804  5347310  5802430 4824714 3765198 4418911  5278308 11539362  2724884  2487022 4581535  4958393
            4096    1024 1373202 2260269  5996870  4910209 5062125 3857345 4911613  5325760  9550708  3047802  2529871 4935601  5271829
            4096    2048 1225924 1369480  3618486  3839243 4007615 2820623 3927001  1915727  4510565  2284616  3025260 3764373  3927001
            4096    4096 1073956 1711686  3063563  3768502 2896717 2898672 3119752  2618960  3158176  1336351  1505315 1958086  3879120
            8192       4  769417 2627332  5439416  3915726 3472853 2480882 3668636  2506033  3282106   845844  2040872 4961834  4935463
            8192       8 1117142 1836358  3440513  5053790 4533063 2730689 5329730  5305863  3752371  2903033  1523861 3188896  3244298
            8192      16 1206671 2659668  4421075  4583861 4765695 3065697 4067297  6350207  5483690  3098317  2975692 4919916  5244315
            8192      32 1255067 3105317  5079190  5104089 5519808 3182693 4381051  8191020  6187815  3639492  2907209 4083733  5032325
            8192      64 1276231 2903033  4683839  5211701 5576245 3593060 4779617  7961372  5748846  3287130  3054523 4724413  5988306
            8192     128 1227098 2826843  1961641  5053790 4623336 3180336 4652131  7556896  5834754  3261235  3095805 5728718  5195153
            8192     256 1222687 2229732  4266803  5004472 3990304 3782110 4553488  7002465  5603526  2499107  2750802 5181834  4675554
            8192     512 1231319 3754011  5572627  5487193 5165475 3314080 4824582  6036702  8234205  2030260  2015729 4474037  4049561
            8192    1024 1348932 3342450  4740709  5814021 5681356 3563251 3849483  5375591  4154339  1529764  1455069 2949889  4149824
            8192    2048 1029387 2805608  3552567  3718262 3580330 2473381 4525898  3799676  3715045  1952279  1772783 2722467  2675407
            8192    4096 1073211 1834299  3778782  4171488 3631030 2599110 3335636  2432236  4139325  2455704  2495295 2566303  2782659
            8192    8192 1012999 2167149  2749921  4187757 4222755 2430860 3626049  2548033  4075498  2418710  2361525 3578839  4087619
           16384       4  959477 2855244  4156301  4496228 4147771 2412580 4129080  5405531  4165875  2467502  2103970 4855880  3699208
           16384       8 1162474 2603917  5116556  4566137 5355819 2824845 3744970  6258145  5007319  2862857  2159441 4866196  5586129
           16384      16 1193464 3011132  5587946  5880593 5473995 2791227 4850396  7185369  4624209  2638307  2795428 4952824  5849558
           16384      32 1224797 2848971  4883486  4853136 4972175 3129187 5537068  7884466  5651827  2970265  3110631 4508617  5868040
           16384      64 1225146 3638491  4728250  4703976 5110468 3527366 5736755  7790612  5464853  3484441  3125629 4642641  4447342
           16384     128 1231050 2718354  4789212  5193114 5677040 3514378 5226290  6606494  5188017  2934622  2655024 4572517  4421020
           16384     256 1200742 3785611  4924783  5041483 4989142 3218287 5411065  7049738  4621721  2615214  2634059 4562499  5384355
           16384     512 1248677 2994207  5468768  4982992 4894966 3086046 4653330  6789921  4049514  1927950  2028750 4548607  4042368
           16384    1024 1081382 2373827  4956039  5058554 4996760 2973478 5348732  6886543 11402305  2019746  1601411 3163617  4303626
           16384    2048 1032260 1884904  2844372  2880377 3852246 2970265 3002974  2703276  4775566  2258888  1499809 4544696  4632001
           16384    4096  996717 2490756  3326079  4054292 3916798 2582972 3619137  2481223  3369790  2237340  1778923 2687314  2965394
           16384    8192 1054710 2165770  3279413  2808911 3302581 2483106 2639624  2514083  3851382  2074186  3183844 2895791  4034536
           16384   16384  944872 1862275  3365004  3561737 4057644 2430499 2978891  2487330  2682802  2404813  2394339 3503092  3522665
           32768      64 1105723 3058970  3626758  5631173 5735511 3545548 1357531  6863777  4974660  3242111  3132739 5681923  5018070
           32768     128  480702 3361203  4553551  5310869 5670203 3485219 5226053  7503434  5295522  2976492  3386880 4276151  4435259
           32768     256 1234842 2922069  5423408  5318679 5247202 3154743 5267312  5895680  5093764  3206634  2595891 4332087  4825161
           32768     512 1234298 2426714  5347235  5551114 5070087 2729302 4015652  5273172  4378458  3001584  2126392 4429827  4082207
           32768    1024 1166369 3466408  4986030  5345363 5320326 3535606 5269735  6591857  4272163  1921099  1541507 3276818  3615596
           32768    2048  996621 2773697  4121750  4344823 4153638 2220202 4694465  2365607  2701141  1450745  2119407 4748311  4754553
           32768    4096 1078605 1917133  3390055  2957660 3636450 2515777 3286298  2443541  3788200  1702498  2152400 2905452  3134526
           32768    8192  834197 2496039  4057501  3860991 3956010 2214335 4010848  2163888  2696054  1994157  1799532 4034987  2690723
           32768   16384 1071792 2352327  3525720  3691340 3786947 2367114 3422216  2500444  3308847  2197272  2595695 3970983  3670245
           65536      64  853001 1286810  4498908  4354307 4525051 2487519 4478968  8236090  4468846  2666547  3315584 4844875  6002119
           65536     128 1289672 3482076  4450036  4917508 4941287 3256468 4498981  6580622  4037702  2752693  3314265 4417639  5388621
           65536     256 1161347 3248348  4817027  4268568 4272815 2863705 4248643  5936271  5325975  3185852  2894950 5035426  5174970
           65536     512 1323425 3197005  4200212  5495601 4204002 2430594 4088084  5492855  5260538  3033242  2511520 5460448  5557152
           65536    1024 1360426 1899366  3272519  5486934 3888013 2037056 3963986  4698301  3824238  2223664  1818013 4955093  4966374
           65536    2048 1227567 1746178  3767938  2681923 2695970 2000598 4530048  2061979  3317585  1467308  1605015 3834963  2588187
           65536    4096 1173173 1047637  3430493  2833009 3657148 2280466 3765976  2337659  2693856  1453582  1446042 2809469  2892665
           65536    8192 1104562 2596622  3332628  3492251 3533688 2327524 4038176  2652524  3851189  2029236  2146463 3824717  3932737
           65536   16384 1143695 2402867  3783184  3547095 4127184 2656625 4000737  2642375  3855727  2363183  2380703 3667150  3628425
          131072      64 1214012  587508  5781741  5752099 5713184 2998872 5143105  7579931  5668941  2816576  2305821 5900199  5770817
          131072     128 1289468 3057072  4961435  5640383 5586279 2969729 5355122  8085380  5058537  2722792  2585142 5579872  5330510
          131072     256 1276584 3133890  5082293  5478667 5401476 3036959 3553349  6695862  5141710  2838536  2842293 4194694  5457944
          131072     512 1343805 2942202  5452476  5325965 5371604 3071745 5154050  6998016  5246672  2782308  2632705 4795045  5209977
          131072    1024 1248755 3072105  5335942  5424500 5358828 2994837 5254445  6765075  5389931  2489646  2451554 4701427  4941411
          131072    2048 1057646 2366945  4184668  4023688 4340001 2301246 2611147  3702812  3197039  1648103   601258 4509788  4558399
          131072    4096 1127491  506869  3759738  4020246 3989641 2264309 3842194  2626002  3017522  1323718  1778984 2586528  2601054
          131072    8192 1148968 1731608  3926888  3901057 4012353 2351113 2000182  2403442  3874663  1472037  1126346 2079849  3941076
          131072   16384  896960  404261  4030857  4045957 4079311 2359914 2322979  2560757  3968387  1940510  2047776 1417975  3782190
          262144      64  122566   83910  3283116  3909391 4215146   53511 5122279  8058052  5561549   111345    87474 5434146  6030741
          262144     128   84404   58109  5306118  5142499 5412958   79622 4949660  7704473  5308706   114555   107882 4861529  5510016
          262144     256  108608   67673  4155674  4616677 4754155   94263 4900159  7140158  5179075   113986    93788 4961475  5319493
          262144     512  110397   74323  5035897  5485221 5249924   73930 4825471  6336263  4949571    73296    88310 4923264  5515461
          262144    1024  109425  112298  4723397  5327793 5427735   72524 4851554  3290573  5092434    73429    68005 4856225  5497041
          262144    2048   72492   76476  4429231  4598373 4632998  111367 4206953  3600236  4768071   124782   101887 4082732  4628181
          262144    4096  108120   82379  3693468  3942317 3893595   83891 3116460  2450766  3845094    87080    89261 1024575  2644583
          262144    8192   74466  100027  3875807  2652366 3645646   77154 2177907  2243041  3876272    85214    71780 1761685  2698176
          262144   16384   75061  100572  3716138  3661330 3693530   99830 3338177  2433027  3838409   145124   146228 3492466  3879198
          524288      64   31663   56970  5536998  5938654 5496131    9750 2944398  8307392  5681308    55608    69064 5425496  5906259
          524288     128   77356   35297  5512209  5629026 5358846   13459 3232931  7229876  5321808    76026    76023 5564276  5629026
          524288     256   39922   45265  5283829  4379575 4187803   25883 3933206  7338644  5230068    39765    77877 5271720  5400632
