	Iozone: Performance Test of File I/O
	        Version $Revision: 3.420 $
		Compiled for 64 bit mode.
		Build: linux-AMD64 

	Contributors:William Norcott, Don Capps, Isom Crawford, Kirby Collins
	             Al Slater, Scott Rhine, Mike Wisner, Ken Goss
	             Steve Landherr, Brad Smith, Mark Kelly, Dr. Alain CYR,
	             Randy Dunlap, Mark Montague, Dan Million, Gavin Brebner,
	             Jean-Marc Zucconi, Jeff Blomberg, Benny Halevy, Dave Boone,
	             Erik Habbinga, Kris Strecker, Walter Wong, Joshua Root,
	             Fabrice Bacchella, Zhenghua Xue, Qin Li, Darren Sawyer,
	             Vangel Bojaxhi, Ben England, Vikentsi Lapa.

	Run began: Sun Oct  6 06:10:31 2013

	Auto Mode
	Command line used: iozone -a
	Output is in Kbytes/sec
	Time Resolution = 0.000001 seconds.
	Processor cache size set to 1024 Kbytes.
	Processor cache line size set to 32 bytes.
	File stride size set to 17 * record size.
                                                            random  random    bkwd   record   stride                                   
              KB  reclen   write rewrite    read    reread    read   write    read  rewrite     read   fwrite frewrite   fread  freread
              64       4  542506 1828508  4897948 1597288510821524 4274062 4274062  4207076 10821524  3057153  2892445 4564786 12902017
              64       8  610350 2006158  6421025 1597288512902017 4274062  703068  2923952  4564786  2561267  2923952 5389653 12310336
              64      16  863676 2278628  5735102 1290201710402178 4274062 4274062  4274062 10402178  4564786  3057153 4897948 10821524
              64      32  681644 3541098  7940539 2096219115972885 5389653 4274062  4274062  9006179  4897948  1562436 5860307 20962191
              64      64  799377 2892445  9318832 1290201710402178 5283570 4274062  4274062  4897948  3588436  2923952 4897948 10402178
             128       4  795593 2098744  5325799 11470204 9795896 4135958 3895854  3867787  7476717  3895854  2727923 4596273  9795896
             128       8  836500 2843510  6114306 1588107812842051 4759253 4104338  4557257 10779307  2464907  2286447 3759450  8036304
             128      16  907174 2673584  5325799 10779307 9287508 4934216 4759253  4759253  9129573  3560017  3036502 4934216  9795896
             128      32  837806 2453642  5847904  979589611720614 5325799 4557257  4889281  7476717  4104338  3759450 5074121  9977956
             128      64  978253 3036502  6727225 1588107814200794 5545860 4717434  6114306  7082197  3468030  4934216 4889281  9795896
             128     128  359638 1579934   201240   609522 3199360  761728 3895854  4596273  2248149  4934216  1827299 2211113 12842051
             256       4  120067  675391  5347168 11569783 3087188 2097948 4652146  2015259  2045979  1190657  1391207 4819184 11091721
             256       8 1040643 2030503  3935921  8024634 4819184 2726577 4054829  3935921  7073132  2463808  2486631 2783115  8534922
             256      16  703260 1881098  4009406  881520211695808 3207059 4496299  4422226  9192546  2754556  2719671 5217259 12812277
             256      32  947860 2310087  6554972 1416439512812277 4496299 3557725  7120034 12812277  1881098  4404088 6398720 13454450
             256      64 1044693 3557725  6107548 1209091113454450 5217259 6107548  7518900  6398720  3410808  3605511 5810112 14164395
             256     128 1128110 3879045  7518900 1416439513454450 5938650 5242734  6107548  7314033  4422226  6107548 4840911 12090911
             256     256 1312954 3717869 11569783 1281227712228612 5428265 5455847  5687020  6107548  5810112  1561112 5810112  1598292
             512       4  973559 2782414  5807059 12215097 9344779 3849877 5127637  5439343  7620440  3762197  3122224 5624545 11620224
             512       8  939486 3239989  4296637 1279744111138071 3788747 5624545  6571132  6551087  4375425  3963567 6491676 14240069
             512      16 1312798 3464769  6174377 12427157 2910635 5127637 6156675  4827914  6551087  5019764  4457157 6395018 14240069
             512      32 1329871 3487274  6821616 1462806713872122 4237291 6228097  7513788 14240069  2452009  1926329 5870558 14146265
             512      64 1015932 3736016  6246213 1462806713872122 6104175 5807059  7647578  9304292  5278892  2055390 5886650 14628067
             512     128 1283761 4030519  6736026 1462806713522711 2317080 6018636  7513788  7871843  4296637  4305250 5684095 12499490
             512     256 1078159 2304647  7988981 1279744111683444 5886650 5278892  6174377  8109658  2187279  2124526 5453155 12797441
             512     512 1077618 3970896 12427157 1310994411943357 5453155 5278892  5344582  5968453  5509113  3634839 5760329 12146009
            1024       4  726261 2472911  5720477 11773301 9569770 3984917 3483896  5813392  6692005  4018473  3020783 3358576 10662628
            1024       8 1146607 2798378  6327241 1399898112492426 4700088 5917516  3518141  8970167  4339202  3594699 5885083 13305116
            1024      16 1281389 2146618  6280976 1404475812983353 5284125 5536137  7644933  4594502  3229770  3849207 6102490  7113161
            1024      32 1123805 2882904  6059442 1461839313643232 3671521 5853003  7537599  7644933  4126579  3057339 6059442 13142265
            1024      64 1028043 3643490  4594502 1461839314422045 5885083 5782087  7869040 10039528  2767722  4162573 6016997 13643232
            1024     128 1420384 3696803  6559147 1423090213863422 6163794 6199382  8326715 14044758  5310258  2852271 5507740 13863422
            1024     256 1510288 4282950  3764854 1113246212790037 3112733 3121783  4178773 10557785  5251818  4356809 5917516 12790037
            1024     512 1548960 4339202  7590887 1249242612037272 4762630 3778101  6317933  7941793  3618930  3140041 5536137 12173747
            1024    1024  981750 3261656 11773301 1347205312208350 5479632 5390231  5690162  5660167  5500686  2782064 5991815  5751117
            2048       4  972944 3127245  5735012  6990474 8912516 3821475 3663388  5640860  7189398  3357009  2386884 4550221  5659442
            2048       8 1229274 3402216  4240255 1014392610607402 3757946 3799501  7135648  6823876  3215029  4054139 5689430  9525260
            2048      16 1289623 4031308  6303124 1263586712862925 3991965 4886737  7529708  8159088  3993821  2709070 5848244 11380325
            2048      32 1160362 4248644  6608629 1248889713639023 5611381 6225466  7846081  9796850  3929871  3677503 6420913 11579763
            2048      64 1320552 3362265  6608629 1295995814226322 5868220 4213218  4162181  8498106  4960102  4014352 6321679 12561952
            2048     128 1448358 3723735  6207471 1272949313552946 5820505 5904523  7874853 14944066  4613765  3407614 4046500 10096235
            2048     256 1358134 3850597  6340344 1120223112654482 5689430 4934459  6523312  8749118  3155969  3669648 3154809  5735012
            2048     512 1570427 3209024  6149699 1078046311579763 5290001 5868220  5376082  9525260  4104506  2632683 5156624  5904523
            2048    1024 1089428 3723735  7698414 11770166 8390200 4829046 5277002  4707314  6303124  4358590  3618634 5444228  9101380
            2048    2048  911031 3543986  7135648  6851089 7262337 4213218 3357009  4196751  4831762  2503765  3630870 3384788  3696494
            4096       4 1166888 2488463  5360658  5225329 5581856 2530244 3984379  5120972  4311344  2915397  2249320 5334028  5851841
            4096       8 1203931 2788575  4116116  7173805 6978564 2964189 4638436  6120790  4371684  2961635  2902590 5761565  6096896
            4096      16 1274773 2985308  5542240  5032468 6703539 3864287 4556020  4801789  6659365  3879120  3374022 4887857  6300364
            4096      32 1190664 3068488  5190597  6693092 7568872 3867766 5431844  8077780  5978090  4288742  3148338 5953231  5777065
            4096      64 1276762 2936325  5580043  4592558 4659824 2948925 1762434  7939654  6828774  4334185  2822940 4971306  7286380
            4096     128 1360802 3253266  5784846  5151685 6761583 4757904 5551194  7756829  4876757  3394019  3016231 5761565  6261328
            4096     256 1249917 3771811  5910222  7027089 7087972 4581535 5340661  6562698 11982006  3162828  2767462 5587302  4644707
            4096     512 1290476 4012295  5828019  6263611 6894546 4075109 5119446  6024207  7756829  3207709  3479956 4231697  3789282
            4096    1024 1075637 2215383  6207035  5751920 6032669 3612399 5418140  5483860  9545402  3670280  2826656 5190597  5894001
            4096    2048 1111547 2114496  5761565  5926533 4941279 3282481 2946902  2860543  5851841  2983234  4079948 3653887  3670280
            4096    4096  976861 1786256  4096486  3599532 3670280 2805423 4348447  2700046  4253700  3072329  2550529 4117102  4414369
            8192       4 1176308 2427940  4563770  4291316 4469381 2433098 3947668  6063334  4882166  2763857  2439489 4126896  5094251
            8192       8 1242361 2686074  4974045  5764277 5211701 2718805 4715983  6675934  4213951  2591465  2648597 5217241  5385702
            8192      16 1408485 2838520  4350542  5241116 5191229 2897647 4878700  7570215  4401818  2806524  2630751 5267631  5333867
            8192      32 1479250 2854319  4166935  4649613 4821874 2816186 4543252  7620585  5464503  3361415  3229054 6354905  6470997
            8192      64 1534409 3289963  5257958  5208541 5948908 3543042 6205696  8696894  6374949  3577348  2723331 5524246  5113204
            8192     128 1281610 3596068  6177802  6302451 6310553 4175543 5120061  8150218  5422249  3147128  3730372 5546540  5072442
            8192     256 1370562 2993059  5780764  5557305 6085887 4162392 5085204  7537004  6095604  2722683  3170066 4513413  5204597
            8192     512 1219390 2976723  6001904  6131500 6168929 3875097 4841578  7128863 12414071  3780445  3016180 4762392  5741161
            8192    1024 1223428 2418540  6168929  6351381 5319004 4116513 5132298  6854392 11299550  3272728  2469825 5044145  4430195
            8192    2048 1109280 1956058  5271672  5696426 4801658 3088847 5123115  4073566  4404639  2192735  2313505 3208849  3323375
            8192    4096 1103296 2761192  4286498  4224832 4282224 2818033 3775461  2646149  3114889  2166603  2650436 2769426  3076126
            8192    8192 1077891 2590098  4454317  4266803 4154339 2227274 3357146  2196801  2677075  2074887  2777036 2598128  2863119
           16384       4 1034483 2480954  5081746  5602981 4176255 2057789 4063642  5643936  4415055  2264546  2415463 5321396  5310703
           16384       8 1289687 3189311  5602981  5693031 5123041 2506747 4942494  7183116  4250126  2989778  2618901 5572991  4917383
           16384      16 1261097 3339657  5568926  5701060 5146059 2836974 4653330  7550092  5698696  2847908  3370451 4451087  4506252
           16384      32 1237279 3506846  6171037  6217378 6028127 3112463 5184886  7347471  4951396  2900803  2696593 5349148  5628220
           16384      64 1314078 3318049  6397385  5765150 5514850 3039634 6026012  7710195  5313989  2891649  3097871 6323215  6340718
           16384     128 1304871 3809324  5452279  5677040 5448389 3290090 5484918  8537847  5949323  3437038  2658413 4512170  4548607
           16384     256 1331184 3706790  5537068  5910434 5936474 3612098 5764667  7613666  4751790  2899824  2812705 4820117  5843092
           16384     512 1283017 2780273  6010727  6070193 6037129 3742319 1183129  1705248  5916541  2645111  2542077 5199794  4576476
           16384    1024 1167114 2374155  6039252  6196634 6120472 3428293 4878979  5968441 10736066  2532708  2878929 5513080  5584313
           16384    2048 1011788 2449385  3326562  5320984 5361251 3020131 5216372  3988406  7170374  2075251  2148436 3299251  3753561
           16384    4096 1072170 2076568  4333206  4475146 4454838 2704553 3482146  2501727  4146770  2344589  1975162 2803068  2697017
           16384    8192  776273 2647659  4411370  4176509 4037380 2713095 3495607  2237340  4186177  1851538  2425096 3602441  3974796
           16384   16384 1181502 2430499  3254101  3590583 3913007 2271807 3486562  2498362  4174226  2710313  2944051 3138620  3213772
           32768      64 1108112 3155323  5973060  6168768 5389381 1422162 5619660  4736692  5826448  2952831  1383955 5112903  6201333
           32768     128 1376512 3722332  5041262  5368120 5570914 3635969 4997451  6060504  6107636  3145934  2902874 5619660  4634939
           32768     256 1392071 2906005  5887094  5989198 4789179 2895963 4438840  6717510  5183870  3131169  2853632 5477880  5682863
           32768     512 1490130 2937244  4560047  4615327 4431112 2980041 4354459  5870247  4882585  2787140  2710784 4497523  4856018
           32768    1024 1378596 2991132  3807510  3745766 3270891 1727818 4560653  7019782  3622743  1302901  2060220 3741993  5640880
           32768    2048 1237744 1899828  2885747  5116710 3631166 1981278 2942841  1805205  3031308  1746969  1630011 4192409  4047940
           32768    4096  901210 1461031  2799004  2436826 2773417 2159638 3832994  2155336  2241785  1792655  1462928 3875143  3572180
           32768    8192  811108 2348428  2722975  3900548 2208109 1453322 2839776  1704715  3832994  2155911  1833281 3728289  2179017
           32768   16384  671916 1508166  3561350  3544816 3188483 2383990 3519310  2825589  3202226  1367105  3068189 3179484  3224237
           65536      64 1115794   90439  5125660  4332961 5880772 3381456 4607113  8093974  4275606  3121349  2849869 3534097  4740107
           65536     128  967090 1744284  5967588  6107067 4428385 3036895 4899190  7502575  4886387  3183343  3102606 5750847  5283897
           65536     256 1198514 3397589  4442844  5508596 4507909 2932005 4740352  4495817  5653503  2585144  3167825 5124800  5270726
           65536     512 1168972 2947442  4305609  4441336 4863907 2971081 4197582  6183172  4889951  1915247  2774952 5218592  5094878
           65536    1024 1159789 3599536  5736206  3650397 4119452 1624671 3372577  6352796  5954532  2861350  2258618 5718069  4760053
           65536    2048  978074 2203928  3567766  5093745 3168774 1955176 5045871  4141548  4990176  1896196  1876584 4300019  2967040
           65536    4096 1074640 2093338  3000856  2765821 2111816 1736285 3462906  2109240  3308720  1509424  1397420 2012713  2179014
           65536    8192  654600 1845774  4299683  3628808 3614778 1903681 3983691  2721245  4047929  2086410  1760764 4007094  4054915
           65536   16384  906811 2482039  4022575  3657976 3608230 2634928 3816910  2867828  3960331  2328352  2345438 3967304  4068780
          131072      64 1206647 2201666  5919130  5720913 5297788 2864463 4527354  8321966  5654073  2825566  2664438 5921489  6151884
          131072     128 1233768 3000739  2303666  5971140 5693835 2942265 5733443  7929802  5006390  2118194  2491858 4996835  5773605
          131072     256 1179880 3051100  5522752  5508641 5457239 2973568 5525805  7049524  5625895  2852794  2825624 5553380  4932500
          131072     512 1286177 1280074  5199629  5296512 5395486 2872680 4290013  6127747  5549904  2756347  2546170 1534298  5464073
          131072    1024 1289874 2833430  5324418  5558602 5661876 3060084 4925297  6615051  5599707  2434197  2582603  660844  5339622
          131072    2048 1146555 2400106  4492907  4798184 4682127 2456550 4605639  3737857  4935112  1748744  1849629 4572846  4849311
          131072    4096 1095389 1930540  3905380  4075229 4012997 2241889 3301067  2022002  3452355  1508085  1819992 1367069  3974670
          131072    8192 1117665 2272245  3991002  3475863 3659286 2124825 3395130  2780422  3957617  1745978  1465523 4004403  4078010
          131072   16384 1157983 1534084  3860622  3504423 3515786 1895828 3910854  2852735  4024572  2039934  2065851 3937886  3957617
          262144      64  117503  104757  5371914  5947427 5607126   74150 5196331  8260123  4863163    79520    83882 3249783  3484188
          262144     128  103518  109858  4769560  5930841 5431462   85745  298892  8021018  5521166   114166   112459 5212442  5870423
          262144     256  104208   75047  4826890  5554721 5117296   66362  836198  5503424  5008575    79771   100874 4974652  5448499
          262144     512  110825  113756  5044237  5517786 5498800  107958 5011063  6327548  4792658   118692   117847 5341926  5412958
          262144    1024  117733  107910  5005338  5463607 5478470   96824 5081396  6630002  5399693   120675   114665 5007822  5667737
          262144    2048   76352   62335  4464989  4846699 4681306   81339 4239411  1857333  4766335    72172    68493 2422078  2324490
          262144    4096   73530   94198  3860389  4090052 3967196  109239 3768718  2784858  4013653   120326    66060 1276689  4061542
          262144    8192  113511   10802  2853615  1952612 2044006   21982 3370844  2699070  3410895    60057    70034 2150201  4001034
          262144   16384  117052   84703  3956361  4161934 4239280  108831 1460345  2765143  4030190   148770   120458  552258  4059593
          524288      64   27439   45016  5802343  5932870 5705793   12041 1575412  8095364  6007442    32695    45237 2237907  6090704
          524288     128   44742   43784  4426795  5012078 4434696   13819  829203  7629886  5597290    36244    39131 5505778  5768068
          524288     256   43064   34144  5128213  5431687 5175392   19515 3288987  7096214  5080948    40708    35593 2826654  3533794
          524288     512   29965   34819  5328939  5471706 5355232   33239 5367899  3150260  4869309    39375    33686 1408274  4590241
          524288    1024   36152   31656  4580861  5493550 5464867   32150 5149167  6694688  5340678    38020    36842 3356366  3664044
          524288    2048   39621   36018  2609683  4093629 3255594   33229 4339876  3309500  4785876    38728    35435 1875216  4727152
          524288    4096   34620   34915  3795196  2913976 2975155   32625 3578587  2653601  3928954    35766    34718 2371249  3761761
          524288    8192   38168   32675  2912452  2839098 3095372   33113 1127918  2618571  4035158    34153    36408 2467178  2809223
          524288   16384   36622   33483  2419420  3348306 3378991   65373 3874426  2691264  3832988    82251    82183 3258996  3859880

iozone test complete.
