	Iozone: Performance Test of File I/O
	        Version $Revision: 3.420 $
		Compiled for 64 bit mode.
		Build: linux-AMD64 

	Contributors:William Norcott, Don Capps, Isom Crawford, Kirby Collins
	             Al Slater, Scott Rhine, Mike Wisner, Ken Goss
	             Steve Landherr, Brad Smith, Mark Kelly, Dr. Alain CYR,
	             Randy Dunlap, Mark Montague, Dan Million, Gavin Brebner,
	             Jean-Marc Zucconi, Jeff Blomberg, Benny Halevy, Dave Boone,
	             Erik Habbinga, Kris Strecker, Walter Wong, Joshua Root,
	             Fabrice Bacchella, Zhenghua Xue, Qin Li, Darren Sawyer,
	             Vangel Bojaxhi, Ben England, Vikentsi Lapa.

	Run began: Sun Oct  6 06:10:31 2013

	Auto Mode
	Command line used: iozone -a
	Output is in Kbytes/sec
	Time Resolution = 0.000001 seconds.
	Processor cache size set to 1024 Kbytes.
	Processor cache line size set to 32 bytes.
	File stride size set to 17 * record size.
                                                            random  random    bkwd   record   stride                                   
              KB  reclen   write rewrite    read    reread    read   write    read  rewrite     read   fwrite frewrite   fread  freread
              64       4  524487 1336792  5389653 12902017 9006179 4274062 2662899  4564786  4274062  3541098  1279447 2923952 10821524
              64       8  615952 1421755  4018152 1597288512902017 4897948 3203069  4564786  5283570  3363612  3203069 3738358 12902017
              64      16  639427 3022727  4897948 2096219112902017 5389653 4564786  5860307  7940539  3057153  2067979 5283570 22737791
              64      32  852702 1484662  5283570 1597288516983463 5860307 3203069  5283570  4018152  3738358  2278628 3738358 12310336
              64      64  780776 1690338 10402178 3438968815972885 5389653 3203069  4988978  3791156  5283570  1768283 5389653 12902017
             128       4  785122 1878447  4135958 11720614 9795896 4407601 5122535  5545860  3560017  3657016  2027414 3657016 11720614
             128       8 1032829 2098744  4596273 1588107812842051 5325799 3560017  6727225  6045455  3759450  2140585 4759253 14200794
             128      16  895074 2098744  4407601 1056714012842051 5784891 4934216  6406138  4759253  4596273  2035099 4135958 14200794
             128      32 1206978 3124872  7582312 1636517314200794 5603747 5545860  5784891  7582312  4012317  4596273 5545860 15881078
             128      64  542400 3277486  4934216 1588107814200794 5847904 3560017  6406138  7917784  1521718  5122535 5603747 15881078
             128     128 1085013 3468030  9977956 1284205112842051 5545860 5325799  5847904  4135958  5325799  4557257 5325799 16365173
             256       4 1028679 2699161  5687020 1222861210245071 4572895 3557725  5217259  3935921  3159869  2812272 5320671 11207494
             256       8 1053922 2435861  6073004 1362518012812277 5347168 4132864  7314033  5938650  4819184  3197509 6249745 14164395
             256      16 1137672 1178892  5320671 1345445011207494 5687020 4929815  1398455 14164395  4422226  3197509 5117791 12812277
             256      32 1267990 3114048  5687020 1516462413454450 5687020 5971678  5320671  8815202  3994490  3197509 4054829 13454450
             256      64  691484 3368013  4054829 1516462413454450 6107548 5455847  7120034  8024634  4819184  5320671 5687020 15164624
             256     128 1235882 3810220  7735574 1435374413454450 6249745 4197489  6936061  6554972  4652146  4422226 4404088 13454450
             256     256 1243036 3557725 12228612 1209091112228612 2665657 5455847  5320671  2665657  5687020  4332998 5841722 13454450
             512       4  890404 2845081  5684095  3158966 9681823 3884698 5278892  2337255  7540170  4099771  3533174 5886650 11620224
             512       8 1210664 3437042  6472112 1424006912499490 5331314 4973263  7410080  7022379  4838792  4068701 5699180 13783088
             512      16 1254513 3182373  6652558 13872122 2782414 5384786 6086873  6999490  7758090  4701087  3366987 5886650 13872122
             512      32 1329871 3580298  6395018 14628067 3284589 5822804 5278892  6931711 13872122  4882800  3877684 5744919 14240069
             512      64 1086890 3905895  6736026 1343809214240069 6319739 6104175  6909408 12797441  5566231  4701087 4000485 14628067
             512     128 1279935 3710197  2089386 1462806713522711 6246213 5331314  7435738  9145790  5822804  5331314 5886650 13872122
             512     256 1098566 3788747  7758090  810965810485468 5344582 5439343  6246213  8109658  1961520  4131319 2169601 12146009
             512     512 1329871 3239989 12797441 1249949011877300 5760329 5331314  5509113  5624545  5384786  4485083 6086873 13109944
            1024       4 1167807 2398343  3170172 11645609 4415030 3951918 3668386  3603747  8262639  3778101  1802483 5500686 11103681
            1024       8 1354535 3532609  6172653  9832672 4304412 2993413 3458646  6830356  8750850  4130547  3179559 3324778 14230902
            1024      16 1365733 3631168  4674510 1364323212492426 4848656 5424269  6776473  5507740  3955557  3908759 5479632 13305116
            1024      32 1363565 3606774  3324778  520094113142265 5983467 6025439  7208671  9220512  5194651  4379019 6059442 14422045
            1024      64 1146607 3401130  6519323 1487147714422045 5660167 6128613  7369466 10255274  5390231  4526709 6280976  9765601
            1024     128 1442326 4162573  3345496 1404475813686709 6441107 3160839  7319232  9402175  4162573  4396951 5593820 11489839
            1024     256 1342258 3142339  6519323 1203727212348754 4029784 5330028  6441107 10255274  3469823  3447541 5630486  9569770
            1024     512 1284839 3458646  7883484 1263947912944224 5821271 3074849  6025439  7699755  3923040  3863055 5821271 13142265
            1024    1024  933525 2354947 11903823 1298335312828238 5630486 3791442  3170172  5751117  5652717  4762630 3738636  4634161
            2048       4 1031228 2998435  5685664  9990553 5056455 3084572 3443127  5611381  6518362  3657149  2855880 5406535  9708272
            2048       8 1305301 3117032  6317030  860020511835033 4643695 4008732  4934459  5222461  3126106  4079167 5169036  9841749
            2048      16 1418228 3374151  5135046 1017999110452512 4338776 2062505  6479029  4146110  2035623  3395491 3878414  7726111
            2048      32  715839 3630870  4853603  6670210 7036283 2828608 4581773  4414590  3723735  2220880  2667014 4257067  4911886
            2048      64 1440103 3235617  5582208   683813 7213548 2400894 5800851  7782107  5674397  4730646  3536690 5376082 11202231
            2048     128 1371798 4229816  4469720 1003724811129659 5159722 5564129  5372719 11072275  4204968  2959183 3329682 11502234
            2048     256 1266614 4204968  6303124  898711310780463 5131978 4864597  6440169 11440955  2540795  2880782 5403134 11380325
            2048     512 1448358 4008732  5044577 1205087812488897 5447681 5920802  6670210  9218589  4356379  4016229 3363581 10945301
            2048    1024 1093450 3953383  6780783  6568203 7582884 4948672 4441984  5937172  7933034  4653758  4886737 5041616  5659442
            2048    2048 1004928 2727131  6922868  7782107 7503399 3454204 5389574  2140097  5209791  4204968  2687877 4056054  6003564
            4096       4 1092255 2647616  5587302  6140479 7185807 3034344 4408705  5319164  4166022  2664865  2489906 4602401  5526195
            4096       8 1155741 2862450  5728903  4904602 6225028 3018351 4906002  5119446  4882301  3058654  3321831 4511750  5551194
            4096      16 1264917 2675239  5800471  7502762 9482180 4249491 4819300  6500617  5306022  3427196  3483484 5681538  6480999
            4096      32 1350108 3122019  4858827  5611025 4807163 4222337 4654774  6605595  5512011  3611639  3433360 5542240  6342230
            4096      64 1297886 3853020  4875373  4075109 7892238 4462528 5885924  7728911  5347310  3565171  3617724 5000244  4471821
            4096     128 1267718 2684016  5649775  5475122 6339889 3835814 4456740  7921350  7431363  4361695  2963678 4262142  4571782
            4096     256 1214742 2942360  4842392  6186918 8158335 4297324 5649775  7024216 13299112  3857345  3412898 4659824  5618365
            4096     512 1227150 2919360  5777065  4871226 7314299 4481152 4446359  5802430 11378861  3354260  3799338 5375755  4796426
            4096    1024 1142901 3697135  6575257  6748303 6793669 3643812 4055868  5649775  6086096  3716329  2675239 3937802  4059701
            4096    2048 1096087 2983234  4196552  3953206 4047268 2780451 4334185  3927001  3494822  2168407  3266255 3908241  3465216
            4096    4096 1237047 2794017  3696339  3664018 4132949 2441083 3271230  2604270  3148338  2226292  2159141 3726809  3552638
            8192       4 1165613 2161560  4152331  4721167 4355505 2329820 3749096  5584401  4503356  2288847  2421608 5261179  5464503
            8192       8 1112728 2555994  4849778  5888754 5979968 3008521 4555903  7620585  4112571  2604824  3170066 5224380  6281710
            8192      16 1349567 2842512  4541451  5026435 5164698 2788304 4320454  6838023  5177930  2866463  2982407 5361332  4334079
            8192      32 1337693 3150880  4946832  4796296 4721167 3001687 4926264  7167528  4561346  2978013  3077228 4721167  4566196
            8192      64 1352489 2852186  5509188  5044886 6374949 4015486 4526494  7434267  4979812  2814110  1143959 2032783  4304757
            8192     128 1253739 2893742  4538452  4222755 4896777 3369987 4646469  7293813  4282224  3487658  3030813 5227560  5155399
            8192     256 1294746 2869335  5126937  5497729 6001904 3250744 4847041  6793408  4926264  3245524  3506880 4686395  5007390
            8192     512 1241194 3775046  5685116  5737327 4847725 2966955 4893987  6758664  8790341  3297857  2690280 4343393  4989212
            8192    1024 1127295 3614985  6090202  5610847 6164502 3618412 4694719  5230743 10088578  2693866  3208549 4678100  4421075
            8192    2048 1166959 2146704  5188093  5168583 4415961 3221183 3512976  2299878  4573489  2802633  1987398 4322629  5120061
            8192    4096 1163955 2074386  4128880  3024942 4255705 2839458 4334079  2861211  3430551  2093088  2049027 3685162  4339005
            8192    8192 1043170 2656994  3483062  4175543 4437634 2635797 3501163  2830569  4199016  2849584  2680625 3967268  3602100
           16384       4  749257 2706684  5555870  5675165 4563711 2421592 5001488  4576476  4808649  1654782  2718892 5385620  5450117
           16384       8 1290390 3086600  5979867  5997088 5345404 2651541 5535284  6912867  5206492  2832180  2833698 3592272  3977556
           16384      16 1186745 1821261  6111219  6001278 5742987 3023453 3528815  3761986  3293875  1493810  3278005 6175474  6192167
           16384      32 1047572 3411952  6313919  5841105 5781155 2249939 5999183  7550092  5975188  2176746  3351220 6136321  6065906
           16384      64 1411199 3339008  5403831  6220192 5783101 3701798 4561287  7154697  5099092  2975022  3647374 4633563  4791883
           16384     128 1197499 3591521  4642641  4675810 4800587 2688155 5559465  4487712  5432453  3477740  3498633 4490058  5354150
           16384     256 1150563 2951004  4136287  5505571 5929815 3400640 5042962  7192137  5962227  2911126  2644297 4035484  4711070
           16384     512 1297014 3552531  5078742  5396617 5580232 3236628 5774840  6916346  5994996  3276755  2649905 4495933  4524648
           16384    1024 1458925 2999042  4784877  4999668 5327997 3245035 4316060  6889995 12090398  2990819  3049346 5779211  5908402
           16384    2048 1112365 2033734  4850396  4877594 3307190 2189787 2879532  1868808  3603953  2078641  1882993 3148398  3150707
           16384    4096 1158516 1632880  3671931  3397781 3442030 1818225 3143501  1727539  3429833  2161206  1822855 3902784  3011264
           16384    8192  855914 1579039  2993033  3552347 3576567 1400100 3544834  2069751  2805013  1973971  1136595 3732967  2935123
           16384   16384 1017134 2362484  3414665  4444753 4452241 2210140 4274448  1978688  2747152  2147295  2673201 2819398  2882551
           32768      64 1266533 3441238  5072333  5347235 6296796 3579250 5492547  6397328  6215636  3020649  3204989 5343908  5751833
           32768     128 1332524 2910682  4368021  5444893 5950303 3513911 5987110  7059081  4782181  2672775  3399866 5712863  5588129
           32768     256 1315031 3706371  5842050  4910497 4982957 3193150 4533424  6162959  5896692  3033248  3516969 4815355  5107203
           32768     512 1241871 2989765  5362884  6084922 5851502 3845542 5876521  6252111  5332505  2971601  2518497 5893657  6001489
           32768    1024 1069457 2262190  6100858  4928281 6087078 3785174 5306563  2789913  4480808  2255323  3031308 3713080  3837918
           32768    2048 1083170 2968648  5300627  3766399 3836097 2250374 4963342  2395834  3029304  1303099  1738175 2296934  1853705
           32768    4096  802194 2219305  4316169  3123768 2961675 2074587 4258397  2045441  2815863  1626288  1600308 2928606  3102403
           32768    8192 1276959 2216585  4358602  4294590 4403146 2626248 4041988  2042007  4228655  2335418  1925378 4217755  3002108
           32768   16384 1092625 2591388  3661640  3031241 3732947 2668883 2720927  1971021  4021527  2470288  2463734 2697430  3017002
           65536      64 1264150 3150903  6149558  6461815 6138571 3590790 5775133  6845284  5161172  2974714  3360291 5979661  5029253
           65536     128  937114 1806199  6003692  5924500 6014069 3699677 4956970  7520845  5570892  3222151  3536553 5942174  6112907
           65536     256 1394527 3456157  5514675  4511608 4474666 2896750 5566605  6190831  4933837  2623661  3353077 4390192  4530346
           65536     512 1432104 3633413  4539099  4438253 3900758 2875027 5537449  7057596  4559957  2563590  2567421 2520918  5832110
           65536    1024 1350560 2847419  6011307  5335486 5847743 3568137 4040432  6736905  4130346  1688503  1777490 5907947  4236333
           65536    2048 1144057 2321666  3734205  3812939 3774250 2523232 3526435  3780375  4995527  1571262  1865478 2341323  2567325
           65536    4096 1210559 2298871  3409938  3536598 3892858 2533184 4128733  1963149  4210442  1943646  1092976 2739360  3992196
           65536    8192  913304 1710580  2965311  2981360 3618537 2126010 3770988  2660482  4157584  1712733  2067718 2706188  2691429
           65536   16384 1201306 2126948  3095408  2845797 3485918 2300064 4323828  2880691  4142359  2342320  1619168 3216797  2596205
          131072      64  860367 3071917  4535983  6154432 5651342 2516841 5119588  7813048  5839718  2860409  3054083  550281  6004991
          131072     128 1302708 2676411  5711938  5542630 5573988 2240546 4978643  3805702  4436025  2661961  2852927 5777913  5545649
          131072     256 1344465 3051100  5583725  5380647 5358410 3061584 5328340  6865699  4924150  2786031  2420138 5173792  5707964
          131072     512 1348618 3192508  5372916  5591563 5498943 3172190  870366  6686334  5423590  2554605  2957269  933054  5211607
          131072    1024 1049936 2916077  5243119  5641136 5557197 3064434 2278442  6385025  5615781  2440367  2337478 5406841  5702754
          131072    2048 1156694 1259351  4779620  4856122 4733039 2537789 4659034  3578957  3967184  1853314  1871332 4579702  4825729
          131072    4096 1134762 1360018  3923721  4169750 4025191 2303068 3787010  2733637  4023836  1801079  1761530 4036332  4018747
          131072    8192 1140589 2050816  4007702  4091516 3916454 2322773 3885919  2686337  3822452  1880408  1906082 4012499  4079432
          131072   16384 1135836 2265718  4004783  4107443 3958700 2184936 3649908  2801748  3860866  1684885  1991920 1933956  4154436
          262144      64  111883  126269  5728031  5972886 5330841   62433 5112228  2615606  5779456   123798   106972 5518118  5193852
          262144     128   87576   91522  5112395  5742450 5649158   66538 5252858  7963274  5546847   110051   106595 4482080  5861910
          262144     256  100605  110523  5052489  5376327 5535593   89716 5139470  7060153  5281750   116769   103926 4135744  5396142
          262144     512   89916   93903  4303796  5126315 4876276   90241 4988759  6737707  5479016    80730   109544  749886  5522331
          262144    1024  111423   73284  4804784  5511037 5497975   90611 5228976  6495001  3825628   112402   101644 1410286  3347905
          262144    2048   85203   53957  4369004  4840000 4698249  117739 4273270  3606176  4691353   123906   116686 4252478  4729615
          262144    4096  115418   64078  4009482  4349715 4331824  107293 3771963  2690701  4043187    90100   120232 2530540  2779507
          262144    8192  101788   81175  3018142  3238421 3412620   81628 3675811  2504629  3944495    80074   102165 1724632  1681509
          262144   16384   19374  118055  3755216  3475092 3458086  125506  517933  2806016  3835477   103123    87967 1034874  4087376
          524288      64   33483   41198  5722408  5997072 5640490   10183 1998124  7061872  5873917    39327    34615  908876  5912007
          524288     128   39164   32994  5499251  5584908 3625730   18514  819927  5162246  5095818    35948    34347 4399834  5760076
          524288     256   37310   29745  4804604  5068768 5409161   27873 5283512  7126871  5348459    36092    32807 5150337  5466905
          524288     512   33145   31691  5307422  5606409 5494470   30597 1352079  6503122  5410226    37108    36547 5183272  4743140
          524288    1024   30963   32238  3934888  3587303 2803471   34394 3880621  2722146  5186194    38762    41099 2164557  5231997
          524288    2048   35398   32229  4597766  4773337 3771069   33383 4487538  3294279  4636924    37107    31941  547106  4810690
          524288    4096   37123   38902  3947801  3972239 4011756   32126 1973455  2334340  3809654    32538    29397 1774210  3599569
          524288    8192   29775   38722  3674262  3990744 3927901   38994 1293717  1427655  2812205    33070    35453 3432531  2739114
          524288   16384   36635   35889  2762231  3902341 2658407   38711 2018697  2572649  3929101    42379    38663  716399  3987712

iozone test complete.
