	Iozone: Performance Test of File I/O
	        Version $Revision: 3.420 $
		Compiled for 64 bit mode.
		Build: linux-AMD64 

	Contributors:William Norcott, Don Capps, Isom Crawford, Kirby Collins
	             Al Slater, Scott Rhine, Mike Wisner, Ken Goss
	             Steve Landherr, Brad Smith, Mark Kelly, Dr. Alain CYR,
	             Randy Dunlap, Mark Montague, Dan Million, Gavin Brebner,
	             Jean-Marc Zucconi, Jeff Blomberg, Benny Halevy, Dave Boone,
	             Erik Habbinga, Kris Strecker, Walter Wong, Joshua Root,
	             Fabrice Bacchella, Zhenghua Xue, Qin Li, Darren Sawyer,
	             Vangel Bojaxhi, Ben England, Vikentsi Lapa.

	Run began: Sun Oct  6 06:10:32 2013

	Auto Mode
	Command line used: iozone -a
	Output is in Kbytes/sec
	Time Resolution = 0.000001 seconds.
	Processor cache size set to 1024 Kbytes.
	Processor cache line size set to 32 bytes.
	File stride size set to 17 * record size.
                                                            random  random    bkwd   record   stride                                   
              KB  reclen   write rewrite    read    reread    read   write    read  rewrite     read   fwrite frewrite   fread  freread
              64       4  566551 1204796  4564786 12902017 9006179 4564786 4274062  4564786  4207076  3363612  3203069 4564786 12902017
              64       8  633392 1526887  3541098 2096219112902017 4897948 2467108  5735102  5283570  3541098  2892445 3541098 10402178
              64      16  718114 1484662  6271021 2273779115972885 5283570 2772930  5389653  4274062  3738358  2662899 3022727 10821524
              64      32  763021 1562436  7100397 1597288515972885 5735102 2892445  4274062  3738358  4018152  2133730 4274062 20962191
              64      64  763021 1638743 10402178 3048429715972885 5283570 3363612  5283570  4897948  5389653  3541098 4564786 20962191
             128       4  819893 3036502  5325799  9129573 8548124 4267461 4557257  5325799  7176872  2969325  2660335 4934216  8414153
             128       8  462100 1967960  3867787 1254204311720614 5122535 3277486  6406138  5784891  4267461  2660335 5784891 11720614
             128      16  864797 1967960  4596273 1458662514200794 5603747 3380677  6406138  4012317  4934216  2027414 4012317 12842051
             128      32  684954 2098744  4407601 1636517316365173 5784891 3867787  6406138  3895854  5122535   702889 4934216 12842051
             128      64  907174 2027414  7582312 1863766414200794 5847904 4267461   785122  9129573  4135958  3657016 5325799  9129573
             128     128 1133103 3657016  9795896 1284205112842051 5784891 4557257  3106789  4717434  5325799  1637771 1802755 12842051
             256       4  807442 2692393  5569035 11695808 9868433 4404088 5117791  5717301  7314033  3454704  3705040 5117791 11695808
             256       8  651619 1740810  5971678 1416439512228612 5217259 5320671  6554972  8271916  4734192  3605511 5810112 13454450
             256      16 1142514 3087188  5569035 1416439513454450 5687020 6107548  5117791  8815202  4572895  1153561 4496299 11091721
             256      32 1123389 3368013  5687020 1435374412812277 3654598 5938650  7314033  8815202  2911402   675816 5428265 15164624
             256      64 1070737 3009318  6595234 1516462413454450 6249745 5810112  6719046 11695808  5841722  3511189 6249745 14353744
             256     128  509895 1598292  7518900 14164395 1673001 5320671 4907284  1347557  7314033  3935921  4070199 1463250  5455847
             256     256  323630 1696795 10245071  779170812228612 5022044 1952947  2266207  2413957  1103757  4422226 5687020 13454450
             512       4  385835  274972  5164632  7758090 9304292 3029721 4163357  4532414  5822804  3299730  3046915 5019764 11138071
             512       8 1236455 2942541  6174377 1387212212215097 4650188 5495016  3051245  7309196  1736314  3684733 4701087 13872122
             512      16 1267097 2032051  4927617 10694336 9859630 4131319 5822804  6652558  8808176  4784885  3788747 5807059 13522711
             512      32 1418599 4195896  6571132  826572913438092 5624545 5624545  7410080 13872122  4494470  3762197 2143612 12797441
             512      64 1334001 3913012  6821616 1547114914240069 3239989 5509113  7540170  9859630  2894940  2625909 5624545 13522711
             512     128 1180062 4030519  7022379 1462806713783088 6571132 5684095  6652558 10485468  5177083  2942541 5968453 12499490
             512     256 1276891 3963567  7540170 1187730011620224 5760329 5639315  6086873  7871843  4195896  5760329 5566231 12499490
             512     512 1429934 2958758 13109944 1310994413109944 5566231 5807059  6086873  5822804  4228947  3366987 5886650 13109944
            1024       4  881234 2201637  3509517 11018226 9220512 3984917 4033569  3040026  7113161  3518141  2348509 5652717 11368190
            1024       8 1022902 3358576  2875184 1381881712639479 5071963 3631168  6733974  8183918  4029784  3506651 3631168 12790037
            1024      16 1457004 3999762  3103735 1298335312944224 5200941 6137371  7269678  4654248  5042191  4321737 3655895 12944224
            1024      32 1034232 2942149  6559147 1461839313643232 5720477 6441107  7927135  8593274  5245404  2737730 2730767  4715569
            1024      64 1385560 4265934  6918376 1442204514044758 6364746 6441107  7883484 10557785  4570058  4451639 6244448 14044758
            1024     128 1250425 3603747  4048778 1404475812790037 5782087 5451810  7160597  9677584  2120127  2796556 3567824 13472053
            1024     256 1261072 3314514  5226256  6650556 9064828 4392454 5363307  4507705  9743447  5175871  3301774 5758828 12944224
            1024     512 1177088 3671521  8137402 1314226512944224 5845038 5917516  6441107  8199542  5018624  5169641 4898425 12071103
            1024    1024 1229309 3414650 10230845  7644933 3518141 5500686 5950309  6172653  5853003  5782087  4876180 5983467 12790037
            2048       4 1010841 2760434  5611381 11015480 9525260 3657149 3771144  5349298  5264067  3848872  2576615 5629769 10048990
            2048       8 1256425 3618634  6171791 1330111312187663 3744839 5820505  4875642  6608629  3806235  2547576 4267642 11706006
            2048      16 1529327 3710866  5904523 1003724810780463 4472047 5738844  7698414  5044577  3592903  3292669 5083385 12118884
            2048      32 1160989 3871422  6608629 1338401113660713 5832361 5937172  7444871  5735012  4462754  3112514 6007763 12257227
            2048      64 1287304 4112366  6563185 1420280014321195 5868220 6167360  7999524  4796687  3637020  3821475 4188565  7911115
            2048     128 1529599 3894239  6303124 1288221513639023 4864597 5804771  7903836 11001372  4762117  3683812 5626082 11851361
            2048     256 1336787 3312988  6075753 1183503312635867 5593112 3792790  6945257 12187663  4023754  4396514 4016229  5172149
            2048     512  507685 2741930  3483621  7782107 6670210 2756005 3250308  6583305  8498106  2833273  4432815 5362657  7761014
            2048    1024  719376 3429381  3991965  5080379 4581773 3999400 2513289  4653758  6110328  3683812  3175804 4276140  4257067
            2048    2048 1123483 2479196  5264067  4293237 4831762 3604966 4878411  2645657  4170264  3885431  3751381 3341339  3209024
            4096       4  982279 2321978  4917236  4922872 4917236 2287049 4875373  5704175  5572803  3571100  2617364 4067390  5382492
            4096       8 1166254 3217923  5674032  5633102 5711761 2714551 4597474  7237268  3716329  2651293  3122019 5093643  7038605
            4096      16 1454958 2892815  5679660  5988509 7770863 3686820 4047268  6342230  4298399  2842558  3281854 4562069  5885924
            4096      32 1221218 2876348  6049663  7473388 9679859 4622213 5769304  7555557  5549401  3540193  3038638 4551192  7123239
            4096      64 1348307 3212508  5859825  5497899 5918366 3564431 5184332  8292220  7035723  4099419  2870580 6086096  4361695
            4096     128 1335104 3396032  5953231  7138037 9373535 3650781 4671228  7845385  5093643  3571100  3292546 4612286  4830139
            4096     256 1340312 3846119  5851841  6254490 7802627 3945943 4461370  6659365 12264277  4052041  3014114 4876757  6198078
            4096     512 1226712 2966237  6086096  6908408 8240513 2903080 5696610  6897314 11601703  4095510  3360164 5101205  6216019
            4096    1024 1089346 2476268  5044289  6682678 6780263 3867766 4864330  5649775  9588020  3258202  3775126 5190597  4752639
            4096    2048 1124351 2155890  5151685  4713521 5257310 3561476 5101205  3677350  4735608  2285832  2773270 4316760  3973321
            4096    4096 1057300 2782703  3442303  3831537 3640724 2423520 3210107  2126535  3324403  2550529  2919360 3953206  3834958
            8192       4 1044089 2637415  4282224  4390568 2666686 2275508 3634103  4199016  4903066  2777036  2686914 5155399  4471126
            8192       8 1076338 2483931  5025700  4847041 4428482 2564005 2577662  6877717  5329730  3028408  2825913 5752696  5450634
            8192      16 1405892 3529576  5915112  5932474 6356080 3328849 4738094  7261443  5696426  2934020  2610564 4553488  4538452
            8192      32 1278987 3370979  5868638  5657967 5817959 3319202 5843686  5997714  6014511  3680031  3098317 6040947  4667931
            8192      64 1320420 3083303  6239504  6511465 6720329 4188268 5756551  8605412  6379683  3142235  2972345 5696426  6090202
            8192     128 1335717 3099435  5996667  6230453 6258825 4220680 4415961  8200795  6225937  3822503  3188600 5814021  5653313
            8192     256 1331782 3083027  4995015  5914094 6054786 4203126 4493932  6804170  4855947  3068160  3690307 4805016  4890505
            8192     512 1263978 2984480  5988306  6045199 6196743 3968642 4418232  3012742 11453987  2109278  2779957 5577150  5050818
            8192    1024 1379587 3700243  5333867  6350207 6205696 4151830 5142283  5988306  7528746  2969006  2107467 4168957  5088216
            8192    2048 1355424 2430860  5527801  5136133 5288712 3451919 3955393  2617325  5625545  2280643  2191476 3330140  3413510
            8192    4096 1342974 2317250  4496285  4488649 4483378 2959544 3191265  2427254  3056697  2153566  2547278 3100554  3243073
            8192    8192 1029634 1743016  3526677  3231787 4439927 2574572 4396748  2992016  3075025  2490051  2952170 3178865  2809508
           16384       4  917558 2175506  4133302  4078838 3546298 2179301 3915013  5412343  4638880  2637902  2616807 4115725  4218557
           16384       8 1342838 2725686  4619236  4914218 5073867 2384204 4697545  7041070  4139277  3130327  2840492 5936474  5595225
           16384      16 1347260 3518156  4505957  5055205 4449646 2757292 5162295  6995199  5099470  3396438   914700 5793340  5607095
           16384      32 1298043 2888974  6291951  6173255 6246199 3287257 6213443  7430091  5412343  3483028  3256722 5910434  6355378
           16384      64 1274617 3550879  6025484  6423097 6326125 3761368 5295561  8376536  4625454  2673201  3005600 4549812  5263115
           16384     128 1390834 3621426  5643936  5554073 5444935 3257958 4978299  7623802  4923019  3616090  3568025 4603454  5024526
           16384     256 1277698 3701001  5016457  5304145 4720131 4193329 5081746  7001613  4466710  2873872  3655523 4865851  5028939
           16384     512 1287127 3871344  5434171  4524648 5505571 3299885 5736755  6998761  4447342  2315127  2398853 4312810  5830203
           16384    1024 1242356 3763016  4594528  4893571 5243037 3211219 5755011  6769854  8775530  1639738  1749129 4105399  2454547
           16384    2048 1126589 2874834  3928891  3845994 3905446 2532334 5111989  3291350  2964371  2114653  1650291 2869312  3336900
           16384    4096 1093949 2711704  3503092  3574335 3426925 2203055 4393602  2801582  2721153  2078955  1880159 2802610  4003743
           16384    8192 1103806 2745286  3388566  3596973 3456574 2280629 3667032  1010048  2755855  1911752  3163471 2773204  2812245
           16384   16384 1216514 1016563  4084657  4439011 4418461 2737958 3408229  2243768  2740360  1896975  2129726 2769963  3178836
           32768      64 1065692 3154092  4739306  5248805 5154707 3209780 5746783  8568617  6154955  3111040  2816325 4766921  4778855
           32768     128 1322357 3759599  5765829  5830650 5586993 3134812 5030375  6418839  4668473  2714800  2820949 4601575  6220137
           32768     256 1326428 3639628  5342870  5359538 5414434 3205886 5068591  5753760  4401454  2570451  2881210 5559647  5202905
           32768     512 1264890 3494879  5276614  6042386 5963212 3155612 4574009  5369169  4263946  3180440  2264538 4596342  5101516
           32768    1024 1511018 2958488  5369169  6135173 5855740 3870123 5736708  5981638  5298788  2234132  3123484 5044407  5140824
           32768    2048 1123116 2761992  4474680  3288972 2872119 2337404 2575315  3735890  2747635  1716767  1540936 4106233  5157028
           32768    4096 1295130 2248717  4346472  3635681 3127322 2236568 3956010  2056459  3034387  1861715  1598372 3983413  2411894
           32768    8192 1142774 1856435  2775770  2668831 3159893 2305643 2768501  2815114  2742044  1568815  2541738 2776274  4396104
           32768   16384 1218497 2627503  4213359  4309267 4379016 2678401 3561812  2884476  3903317  2525253  2781669 3367709  4403146
           65536      64 1094164   74441  4435961  5990477 5956209 3474857 4566017  6280941  5138019  3159269  3301566 4473137  5370932
           65536     128 1225936 3152132  4537526  4623386 4142859 3074772 4636409  7912021  4620122  2699597  2666884 4582229  5592768
           65536     256 1340065 3002922  4421263  3867118 3886584 2752555 4266911  6086243  4699908  2669163  2557103 4358312  4408146
           65536     512 1302308 3469900  4325257  4312702 4294913 2799255 4117847  4011480  4281466  2856978  3166474 4215608  4278867
           65536    1024 1194473 2139330  3445629  3477450 4128547 2027978 5694731  2489209  4443993  1500500  1633913 3529695  4502961
           65536    2048 1150661 2619336  2735462  2609539 2998107 1711432 3764068  2234583  2631246  1407012  1584175 2737042  3498429
           65536    4096 1023697 2027724  2695282  2291225 2862482 1799000 2708989  1776433  4210764  1628705  1622418 2666651  2722269
           65536    8192  808636 2071301  2373282  2635130 2587504 1726080 2895194  2767687  2653497  1748511  1795017 2638013  3319949
           65536   16384 1082184 2473885  3849895  4091370 3888453 1976290 4053899  1826336  4074087  2371931  2353350 3874204  4283068
          131072      64 1214147 2882093  4420651  5177836 5778156 2897205 4870405  7988221  5680011  2595332  2879692 5946983  5746267
          131072     128 1270668 2794599  4691397  5714669 5402378 2829405 2292399  7962651  5895137  2794173  2687545 5960782  5691124
          131072     256 1309881 3098703  4720765  4470111 4644470 2501325 5338118  7132016  5323799  2811190  2805953 5352932  5209977
          131072     512 1313700 3158212  5500759  5717165 5451341 3112545 4276564  5631428  5526527  2770083  2664387 5521144  5517210
          131072    1024 1298603 2926041  5569019  5442275 5453179 3141644 5330510  6765741  5702754  2338393  2597539 5430126  5668941
          131072    2048 1089760 2450953  4810149  4987541 4740017 2461125 4910559  3820566  4881086  1890359  1578724 4471747  4729781
          131072    4096 1126881 2328094  4000586  3967671 3807468 2254577 4122041  2763539  4256400  1344038  1776358 3720780  4164728
          131072    8192 1010742 2331283  3575838  3990017 4014580 2240008 4013817  2738880  3917040  1884191  1771218 4186421  4180245
          131072   16384 1016882 2381185  4095356  4287470 4184540 2232757 4236849  2929253  2977224  2053551  2145272 4068654  4085799
          262144      64  114555  132359  5602098  5942027 5724780   68782 5163461  7329207  5724661   129223   108648 4953785  5847010
          262144     128  124898  116879  5506428  5214618 5015109   75117 5206642  7688419  5645417   126526   119782 5261304  5787609
          262144     256  113424  109504  4895403  5352588 5337129   68690 4939498  7260626  4267564   115056   113170 5074220  5618788
          262144     512  105160  125443  5075509  5631566 5455528   89952 5067835  6827195  5541116   123193    86814 4939409  5530219
          262144    1024  123901  111602  5044052  5578139 5175687  112609 3321016  3048433  4769043    98245   118526 3274589  5516485
          262144    2048  104722  124500  4377894  4669219 4267150  106044 2662224  3766214  4680888   130685   107084 4138608  4815369
          262144    4096  109460  106950  3726276  3062708 3482897  117487 3835316  2800084  4024201   129392   117980 3635075  3086445
          262144    8192  113897   77136  3667265  3103695 3693617  101779 3427567  2775950  2700369    88548    80134 3589095  2909124
          262144   16384   92627   33393  1633152  1448798 2465450   28170 2268110  2880264  3772830    76294   126767 2433071  3859712
          524288      64   30963   31597  5634420  6134678 5888498   10382 5437207  7823901  5745313    27672    30145 5005609  4767118
          524288     128   27828   25599  5593474  5783831 5626376   15896  958326  7751724  5470686    31475    34211 1389137  5355675
          524288     256   25729   30378  5234351  5619748 5531858   15505 1512384  6912345  5262409    30501    33223 2095441  5712196
          524288     512   29385   26840  5296849  5503931 5401349   21228 5205394  6876098  5461501    34792    32615 1747160  5794897
          524288    1024   29076   28815  5024503  5348563 5516966   34968 4424150  6670664  5602095    32853    40832 4115386  5525270
          524288    2048   34088   40051  4255818  4800073 3881683   40411 4576733  3259561  4688341    38928    42285 3574463  4572659
          524288    4096   44330   41543  3871827  3988348 3837785   44116 3796631  2250038  3934057    41829    38302  891985  3999418
          524288    8192   41007   40187  3641093  3935916 3814498   44194 2576477  2654569  3972749    37694    49660 2540881  3893538
          524288   16384   38268   38692  3896602  3959187 3995029   42458  965895  2661644  3877296    38947    69009 3210914  4057329

iozone test complete.
