	Iozone: Performance Test of File I/O
	        Version $Revision: 3.420 $
		Compiled for 64 bit mode.
		Build: linux-AMD64 

	Contributors:William Norcott, Don Capps, Isom Crawford, Kirby Collins
	             Al Slater, Scott Rhine, Mike Wisner, Ken Goss
	             Steve Landherr, Brad Smith, Mark Kelly, Dr. Alain CYR,
	             Randy Dunlap, Mark Montague, Dan Million, Gavin Brebner,
	             Jean-Marc Zucconi, Jeff Blomberg, Benny Halevy, Dave Boone,
	             Erik Habbinga, Kris Strecker, Walter Wong, Joshua Root,
	             Fabrice Bacchella, Zhenghua Xue, Qin Li, Darren Sawyer,
	             Vangel Bojaxhi, Ben England, Vikentsi Lapa.

	Run began: Mon Oct  7 16:15:32 2013

	Auto Mode
	Command line used: iozone -a
	Output is in Kbytes/sec
	Time Resolution = 0.000001 seconds.
	Processor cache size set to 1024 Kbytes.
	Processor cache line size set to 32 bytes.
	File stride size set to 17 * record size.
                                                            random  random    bkwd   record   stride                                   
              KB  reclen   write rewrite    read    reread    read   write    read  rewrite     read   fwrite frewrite   fread  freread
              64       4  557144 2892445  4897948 1290201710402178 4018152 2561267  4643754  4897948  3363612  2923952 2662899 12902017
              64       8  659861 1363961  6421025 2096219112902017 5283570 3203069  5283570  5735102  3057153  2561267 3738358 15972885
              64      16  720041 1392258  7100397 2096219115972885 5283570 3057153  5735102  4564786  3791156  2772930 5283570 12902017
              64      32  735831 1526887  4988978 1290201712902017 5860307 5283570  5860307  3958892  3791156  2358717 3057153 10402178
              64      64  763021 1679761 10402178 2096219115972885 5283570 4897948  5389653  3541098  4274062  2133730 5735102 15972885
             128       4  761728 1755594  3468030 11470204 9795896 4407601 4889281  5545860  3297617  4012317  1967960 3359523  9795896
             128       8  831319 1967960  5847904 1284205110567140 5074121 3560017  6406138  6406138  4267461  2211113 4012317 10567140
             128      16 1102844 1939522  4267461 1077930712842051 5545860 3277486  6406138  9129573  3759450  3277486 3759450 11470204
             128      32  831319 2202044  6114306 1636517314200794 5784891 5784891  7176872  4135958  4267461  2367096 3759450 14200794
             128      64  901083 2238774  7176872 1254204315881078 6114306 3380677  6406138  4012317  3982553  1618028 3867787 12542043
             128     128 1185654 2409592 11720614 1588107812842051 6114306 3657016  5847904  3982553  5847904  2511022 5545860 12842051
             256       4  934659 2392442  4929815 12090911 9868433 4404088 2152625  5841722  4422226  4117018  3285566 5217259 11695808
             256       8  996229 2480886  5971678 1495343512228612 5217259 5428265  6398720  5117791  4652146  3667079 5810112 11207494
             256      16 1052888 2699161  5540300 1362518013625180 5841722 5022044  6936061  5540300  5117791  3326279 5687020 14353744
             256      32 1062263 2692393  5971678 1516462413454450 6107548 5540300  7314033  5810112  4998665  3454704 5971678 14164395
             256      64 1070737 3123106  6398720 1607260813454450 6398720 4117018  2030503 11207494  2563818  3207059 6073004 14164395
             256     128 1112909 3017775  8534922  853492210651598 5687020 5687020  6719046  7518900  4755158  5971678 5687020 14353744
             256     256 1319408 3197509 12812277 1345445013454450 5841722 5938650  5971678  5938650  5971678  4755158 6213578 13454450
             512       4 1069035 2845081  5951911 1221509710044089 4340054 5453155  5760329  6086873  4262523  2116152 5684095 11620224
             512       8 1190529 3284589  3877684 14240069 3795443 5453155 6104175  7309196  7115451  5067142  4068701 6246213 13783088
             512      16 1264113 3325278  6472112 1462806713109944 5951911 5019764  7309196  6736026  5278892  2370799 6414119 13109944
             512      32 1320061 3822466  6395018 1514384614240069 6395018 6174377  7871843  7647578  5566231  4701087 5624545 14628067
             512      64 1286067 3580298  6395018 15037801 3905895 6652558 6246213  8018812  7871843  2739816  4742616 6736026 15037801
             512     128 1267845 3604335  7022379 1462806713783088 6472112 5227492  7620440 11620224  5760329  4660280 6319739 14240069
             512     256 1240025 3849877  8265729 1319046912797441 6156675 5624545  6632013  8394979  4532414  6551087 5886650 13109944
             512     512 1383861 4340054 12797441 1352271113522711 5744919 5951911  6156675  6228097  6104175  4610256 6086873 13109944
            1024       4 1091532 3092561  5917516 11903823 9946527 4232305 5417427  5720477  7869040  3020783  3553066 5529011 11520658
            1024       8 1283303 3579719  6441107  647997912071103 5120336 5983467  7524394  8137402  5120336  4211554 6364746 13643232
            1024      16 1183575 3709575  6128613 14044758 5564829 5821271 5564829  7699755  7927135  5194651  4392454 6692005 13863422
            1024      32 1376236 4474829  6441107 1461839314044758 6364746 6172653  8137402  8970167  5564829  3160839 5593820 14230902
            1024      64 1395010 4099011  4095102 1508034114422045 6609617 6609617  8391792 10878686  3709575  4654248 6733974 14820161
            1024     128 1193442 4079544  6609617 1418390513863422 6569179 6059442  8183918  9655828  5356618  4654248 6128613 13998981
            1024     256 1350701 4249053  7020149 1298335312944224 6172653 5853003  7113161 10354166  5472650  5071963 6093831 12828238
            1024     512 1450117 4396951  8262639 1298335313102174 6050905 3877004  6650556  8391792  4920874  6364746 6128613 12790037
            1024    1024 1431748 4321737 12492426 1347205313305116 6059442 5991815  6128613  1127937   666216   481023 5383475  9832672
            2048       4 1203947 3205431  5800851 10726615 5723548 3690142 5420181  4301837  7311791  4086930  3604966 5820505 10401883
            2048       8 1256425 3828288  6167360 1203399511770166 4284671 6075753  7503399  9024882  3962502  4265523 6382745 12398764
            2048      16 1418228 3922692  4983122 1241668613058467 5578583 6363830  7643611  8713618  4180412  3690142 6568203 12488897
            2048      32 1341170 4594025  6483920 1303864614017386 5135046 5056455  8221561  9179186  5403134  4462754 6359119 12729493
            2048      64 1464907 3975338  6802261 1321923514514788 6303124 6132138  8261095  7361923  5319484  3579429 6649556 12882215
            2048     128 1349174 4310472  6420913 1272949313949098 6185123 6132138  8190205 15510737  5020987  4267642 6248108 12118884
            2048     256 1310279 4284671  6382745  726233712635867 5900467 5888333  5306340 10389302  3864455  4349761 5920802 11187641
            2048     512 1418228 3536690  6780783  882099412187663 5578583 5953632  6759439 10131961  4971585  3880166 5719737  7846081
            2048    1024 1396100 3351769  7903836 1150223410607402 5332694 4531020  6363830  8221561  4842658  5461535 4531020  9525260
            2048    2048 1253308 3663388  6807652  7311791 7165410 4215286 4897882  4521480  4591569  4321315  3606479 4591569  6568203
            4096       4 1145721 3047802  5001700  6636214 7185807 2822940 4761860  5910222  6204794  3596518  3362795 5587302  6532752
            4096       8 1301623 3699523  5499659  7301864 8770583 3456153 5944991  7788478  7173805  4188367  3533639 6198078  7301864
            4096      16 1367192 4087714  6351609  7001316 8962759 4257917  867591  1171343  2018594  1143509  3571100 5883908  7149920
            4096      32 1418791 4116116  5786794  6379914 9163546 4284464 6140479  8077780  5971855  4361695  3212508 6263611  7642951
            4096      64 1433112 4270618  5397712  7711565 9456085 4339659 6166930  8552280  7367624  4556020  3754501 6207035  7697744
            4096     128 1385606 4196552  6105563  7421732 9267351 4386193 5996870  6735075  7405736  4376138  4067390 5996870  7264812
            4096     256 1432634 3949571  5353976  6716643 8032459 4773769 5704175  7447471 13217259  4188367  4011358 5044289  6510471
            4096     512 1440683 4120064  6114255  7015611 8142867 4244242 5721272  5912256 11539362  4175134  3961410 5769304  6595451
            4096    1024 1423729 3889659  6225028  5726993 6815229 3992713 5689064  6661947  9914481  4028288  3764373 5649775  6330545
            4096    2048 1307368 3266255  5877869  4830139 5490871 3227596 4669958  4252647  5980170  2898672  4141917 5093643  4676314
            4096    4096 1237136 2813233  4612286  4703198 2260566 2866748 4235870  2834585  4227532  2851995  2913419 4208889  4654774
            8192       4 1146363 2981113  5429103  5389927 5228355 2498380 4935463  5776876  5261179  2761857  3004049 5599873  5464503
            8192       8 1268504 3218769  6277120  5966469 6081578 3019626 5534924  6906749  6046263  3367015  3351906 6132595  6108608
            8192      16 1338579 3572884  6336155  6099933 5915112 3414528 5741161  5410295  6154564  3561404  3568061 5974769  6445505
            8192      32 1371711 3728753  6410631  6292063 6605348 3725115 5897851  7353127  6370221  3652258  3640649 5975808  6072979
            8192      64 1410683 3842595  6389174  6108608 6781341 3986600 5919188  7899143  6117309  3734021  3726731 6010303  6434642
            8192     128 1390305 3878597  5814021  5653313 6248582 3959039 5953031  8480105  5789530  3597574  3546333 5954062  5565406
            8192     256 1400106 3547798  5475825  5680416 6127127 4019714 5697371  7591960  6081578  3488721  3650318 5498608  5413705
            8192     512 1416615 3789200  5509188  5672914 5863631 3976911 5745001  6959913 12373836  3443271  3483062 5519808  5414558
            8192    1024 1372643 3580703  6173362  5923270 5962328 4187757 5285458  6558696 10187286  3026275  3311205 5414558  5892794
            8192    2048 1275994 2899848  5248321  5085204 5288712 3014856 4844308  3917958  5753659  2735254  2812267 4805016  4953250
            8192    4096 1252962 2620719  4137332  4264684 4262568 2890577 4166935  2862403  4304757  2485548  3380930 4237859  4481039
            8192    8192 1173656 2535436  4452008  4306915 4177066 2729821 4186227  2796019  4222755  2846279  2760083 4237859  4449702
           16384       4 1155108 2674866  5608926  5610758 4528524 2449036 5096067  5647647  4825871  2601945  2527584 5370049  5192722
           16384       8  668764 2550852  5826743  6111219 5377192 2773652 5336686  6576778  3475629  2584235  2949991 6077171  6077171
           16384      16 1322805 3197622  6222445  6145651 5716711 3102486 5895729  7310733  5870546  3208670  3347139 6196634  6054683
           16384      32 1359898 3399967  6026012  6392625 5953446 3614378 4957469  6559201  5283347  3333501  3068134 5468768  5936474
           16384      64 1386345 3621616  6291375  6159422 6258145 3948077 6043501  8668158  6063765  3363522  3608116 6175474  6068049
           16384     128 1374147 3524291  5809993  6014409 5499843 3609632 5793340  7945545  5677040  3284743  3090209 5755011  5951384
           16384     256 1376128 3567840  5574800  5770960 5693031 3653968 5485356  7173368  5714809  3508278  3476333 5587946  5722900
           16384     512 1388109 3631185  4904048  5661606 5342079 3557865 5510869  6832452  5822300  3216329  3138046 5645791  5917050
           16384    1024 1436419 3720236  6048288  5849558 6101994 4092928 5163459  7083893 12337858  3147821  3186206 5839120  5535284
           16384    2048 1333871 3002318  4982992  5212811 5096067 3016286 4964991  4169161  4998214  2362890  2443549 5031885  4955681
           16384    4096 1211112 2581419  4246712  4242255 4228160 2581322 4304705  2871950  4342241  2587153  2391839 3867857  4221407
           16384    8192 1209321 2623501  4236763  4264633 4238069 2802610 4128087  1514251  4274448  2484632  3302422 4318501  4355176
           16384   16384 1203286 2578127  4234674  4323936 4244614 2653281 4161586  2825775  4286713  2865364  2812705 4328838  4302279
           32768      64 1354321 3512026  6242740  6010150 6103025 3465010 6073896  8181958  6139832  3262738  3553156 6088426  6060237
           32768     128 1419445 3571530  5971762  6063713 5897704 3563289 5770186  8231451  5785489  3295281  3501200 5936168  6020418
           32768     256 1370882 3611226  5231224  2885990 5498920 3658423 5509943  7133087  5641806  3221063  3042245 5504426  5690864
           32768     512 1389116 3576921  5801852  5737666 5741741 3685104 5636022  7024087  5768007  3146222  3515170 5910639  5991547
           32768    1024 1458241 3568748  6002538  5970724 6089505 3571066 5945927  6815107  5827436  2999095   947954 5680045  6002538
           32768    2048 1357464 2884718  5013494  5180548 4861687 2987036 4914184  4089373  6639946  2200227  2283957 4957255  5018070
           32768    4096 1245981 1551215  4222160  4016709 4251153 2637892 4216720  2943850  4244588  2169045  2268313 4236868  4259453
           32768    8192 1213859 2597362  4219956  4243409 4145745 2664485 4149375  2880969  4145745  2430319  2510722 4208585  4204208
           32768   16384 1208299 2564838  4228135  4259981 4065061 2533305 4180041  2823325  4255101  2465989  3410835 4399059  4187555
           65536      64 1402475 3573007  6158237  6254644 5916976 3418675 6010782  8324133  6107202  3222982  3456548 6091233  6145571
           65536     128 1342342 3534643  6027917  6060879 5856714 3624167 5859336  8056020  5815084  3257896  3479872 5972515  5967070
           65536     256 1423582 3521556  5868718  5979531 5791438 3791952 5832110  6846648  5812993  3380915  3564435 5804769  5817668
           65536     512 1473545 3706361  5949763  5958791 5856589 3845586 5832605  7181880  5849361  3180286  3542843 5859835  5923351
           65536    1024 1430450 3314944  5904140  5995966 6011833 3778816 5871852  7233475  5891990  2907413  3159886 5879262  5967588
           65536    2048 1331328 2957813  5240780  5278013 5230707 2995787 5087052  4285338  5199639  2089995  2262503 5075593  5231205
           65536    4096 1272566 2674721  4372246  4390753 4351688 2666030 4325529  3028597  4376353  2083879  2195215 4353963  4404896
           65536    8192 1260111 2670355  4356033  4347627 4358312 2760572 4324644  3033945  4307026  2147386  2324395 4319819  4345909
           65536   16384 1264365 2657165  4246739  4332073 4140737 2680746 3941817  2771063  4315004  2518400  2607360 4283668  4326142
          131072      64 1189217 2923691  6252781  6277986 5994841 3030363 6016623  6351020  5837362  2767963  2986508 6103731  6213137
          131072     128 1316301 3008654  5791182  6052459 5797594 2934898 5829315  8233105  5788682  2802120  2934616 5942997  6044939
          131072     256 1289583 3049035  5568060  5684474 5636740 3017439 5546153  7002473  5590653  2760569  2849275 5814826  5905459
          131072     512 1337004 3109640  5644785  5760900 5693069 3075646 5538442  7039685  5707668  2681398  1923428 5678016  5809971
          131072    1024 1299542 2187675  5756074  5851964 5817656 3190026 5729917  6807884  5709209  2527313  2523716 5883717  5938375
          131072    2048 1197430 2567467  5181350  5320347 5042206 2500278 5180520  4222822  5076193  1909001  2004068 5053654  5238273
          131072    4096 1168281 2309308  4352095  4361798 4282427 2173954 4338562  3016959  4364845  1862929  1989138 4325080  4319371
          131072    8192 1179883 2253838  4049056  4222952 4189771 2223672 4152961  2792101  4162457  1832734  1893641 4133570  3983483
          131072   16384 1148243 2261068  4202389  4206409 4109469 2197723 4138798  2897327  4144570  1985733  2069670 4026783  4211145
          262144      64  155764  154979  6083495  6257008 5949551  106496 5756852  8328636  6115301   158544   153395 6007249  6288392
          262144     128  158105  134828  5725793  6034482 5816758  120074 5694950  8232908  6016617   162943   151308 5751401  6045464
          262144     256  151890  144186  5526522  5699644 5602184  130315 5445666  7162951  5563096   162248   156684 5477188  5284848
          262144     512  158583  148236  5546259  5773478 5734812  143712 5697311  7295554  5853235   164543   156632 5480191  5836705
          262144    1024  153685  141041  5551804  5807357 5696307  160011 5666861  7109962  5922280   159537   157260 5516623  5748755
          262144    2048  151349  143589  4734747  4973234 5001126  158312 4887091  4004823  5128706   165216   160170 4799415  5048985
          262144    4096  147564  144237  4147913  4309244 4048308  165737 4068230  2956170  4226975   159686   160388 4134764  4228747
          262144    8192  148325  150967  4026293  4088212 4056822  168573 3972901  2915557  4303224   172643   167083 4065567  4183057
          262144   16384  150556  153270  4005451  4154496 4252002  166872 4043811  2925744  4133520   189087   189829 4026603  4041686
          524288      64   63417   81940  6035323  6243007 5905799   33413 5628666  8055065  5980517    84787    85671 6088377  6208338
          524288     128   85418   82600  5766994  4619885 5596350   42300 5891338  8133902  5958559    88080    85509 5879524  6011449
          524288     256   81542   80246  5614152  5746048 5613536   54325 1709526  7324418  5779575    83217    85616 4867445  5703307
          524288     512   86417   77918  5608368  5740214 5717602   62502 1950796  6987530  5722349    87424    84564 5605851  5762929
          524288    1024   86204   80985  5606580  5826125 5786144   60505 4548193  6930449  5769264    87262    85354 5650883  5812173
          524288    2048   85381   83239  4890208  5072696 5007763   82027 4865915  3799327  4964475    85128    85184 3892146  4927652
          524288    4096   86915   79520  4132160  4136590 4218298   86607 4114901  2778007  4189008    86929    86648 4167730  4256378
          524288    8192   85847   81363  3963205  4062426 4052910   87689 4050618  2879547  4100904    88729    87304 4093606  4038886
          524288   16384   85515   83011  4030099  3974982 3989412   86383 4116712  2853751  4118462    89518    82045 4112416  4162602

iozone test complete.
