	Iozone: Performance Test of File I/O
	        Version $Revision: 3.420 $
		Compiled for 64 bit mode.
		Build: linux-AMD64 

	Contributors:William Norcott, Don Capps, Isom Crawford, Kirby Collins
	             Al Slater, Scott Rhine, Mike Wisner, Ken Goss
	             Steve Landherr, Brad Smith, Mark Kelly, Dr. Alain CYR,
	             Randy Dunlap, Mark Montague, Dan Million, Gavin Brebner,
	             Jean-Marc Zucconi, Jeff Blomberg, Benny Halevy, Dave Boone,
	             Erik Habbinga, Kris Strecker, Walter Wong, Joshua Root,
	             Fabrice Bacchella, Zhenghua Xue, Qin Li, Darren Sawyer,
	             Vangel Bojaxhi, Ben England, Vikentsi Lapa.

	Run began: Sun Oct  6 10:01:35 2013

	Auto Mode
	Command line used: iozone -a
	Output is in Kbytes/sec
	Time Resolution = 0.000001 seconds.
	Processor cache size set to 1024 Kbytes.
	Processor cache line size set to 32 bytes.
	File stride size set to 17 * record size.
                                                            random  random    bkwd   record   stride                                   
              KB  reclen   write rewrite    read    reread    read   write    read  rewrite     read   fwrite frewrite   fread  freread
              64       4  492717 1828508  4988978 12902017 9006179 4018152 4274062  3541098 10821524  2662899  2298136 4274062 10821524
              64       8  998622 3203069  6421025 2273779112902017 4897948 4897948  5860307 12902017  4564786  3738358 5735102 15972885
              64      16  811459 2923952  5860307 1597288512902017 4897948 4274062  4274062  7940539  2923952  3363612 4018152 10402178
              64      32  831569 2923952  7100397 1597288515972885 5389653 4564786  4564786  7100397  2467108  4643754 4897948 12902017
              64      64  435909 3057153 15972885 3048429715972885 5860307 5389653  5735102  4018152  4207076  3363612 6421025 15972885
             128       4  955616 2066432  5545860  9129573 7917784 2920861 4717434  4012317  7582312  2843510  3124872 5325799  9795896
             128       8  913347 2985839  6114306 1420079410779307 4934216 5325799  5074121 11720614  2608629  3657016 5603747 12542043
             128      16 1017175 2660335  5784891 1056714010779307 5379161 4759253  4407601 12842051  1684006  2985839 5325799 14200794
             128      32 1007629 1755594  6114306 1284205114200794 2673584 5545860  6114306  9129573  3657016  3053774 6114306 12842051
             128      64 1220700 2673584  3468030 1588107815881078 5379161 5545860  6114306  6727225  3199360  5122535 5122535 14200794
             128     128 1102844 2905056 10779307 1863766414200794 6045455 5122535  5603747  5325799  5784891  3759450 3380677  3380677
             256       4  972763 3236056  3557725  6936061 6398720 2392442 4907284  5022044  7965107  3454704  3326279 4054829 10758322
             256       8 1080434 1790149  6249745 1495343512812277 5217259 5455847  6719046 11091721  4907284  3465855 5971678 13454450
             256      16 1185399 3654598  5569035 1416439513454450 5687020 4572895  6595234 16072608  5217259  3557725 5217259 13625180
             256      32 1235882 3123106  6936061 1495343514164395 3052087 5810112  6936061 12812277  5022044  3935921 3705040 14953435
             256      64 1237306 2000242  7314033 1516462414353744 5242734 4929815  6761355 10651598  4652146  4132864 5117791 14164395
             256     128 1019886 3499745  7735574 1495343513454450 5841722 5320671  6554972  7314033  3950402  4332998 5687020 13454450
             256     256 1213534 3159869 12812277 1345445012812277 5971678 5569035  5938650  5810112  5938650  3605511 5810112 13454450
             512       4 1014013 3086326  5398323 11877300 9681823 4000485 4973263  5177083  6395018  3710197  2548017  328622  9859630
             512       8 1245780 2708713  6086873 1414626512215097 4690818 5227492  6551087  5164632  4228947  3372274 5566231 13872122
             512      16 1279935 1004057  6246213 1387212212797441 5177083 4784885  6571132  4271001  4494470  4131319 3366987 13872122
             512      32  277818  623759  5278892  9997331 9510316 2216629 5886650  7211022  9638369  1051242  1158418 1848401  5127637
             512      64  665101 3795443  4973263 1378308813109944 5331314 5886650  7115451  9638369  3201349  3905895 5951911 14240069
             512     128  605299 4091959  6652558 1378308813109944 6174377 5509113  7211022 10485468  4827914  4271001 5566231 13438092
             512     256  888930 2572435  5744919  9468384 9344779 3556580 4447925  3934520  7091952  3346002  4610256 4099771 12146009
             512     512  865988 3122224 11943357 1091169411877300 2497638 5019764  5453155  5331314  5398323  3963567 5398323 12499490
            1024       4 1081363 2254805  5226256  6479979 8988941 2960401 4943530  2805690  3160839  3618930  2419964 4428688 10662628
            1024       8 1287921 3291652  5821271 1294422411398360 3908759 5336651  6874084  5390231  3722435  3436508 5782087 12983353
            1024      16 1307923 3556008  5200941  930037712173747 5018624 5226256  6733974  4854136  4356809  3863055 5758828  9569770
            1024      32 1397280 3671521  6199382 1330511612828238 5630486 3603747  7319232  9946527  4972145   820463 5536137 13305116
            1024      64 1278338 3458646  6280976 1386342213305116 5950309 4488860  7631350 10158253  5024495  3369115 4810640 13643232
            1024     128 1395010 3955557  6025439 1310217412790037 5991815 4114719  7577494 13472053  4736370  3594699 4531485  7208671
            1024     256 1361404 2703267  5720477  5853003 6244448 3556008 5277632  5536137  8680108  4762630  3390391 3643490  4654248
            1024     512 1393200 3271594  7356843 1234875412208350 5472650 5251818  4949226  6569179  4574926  5251818 5144870 11132462
            1024    1024 1410588 3220084 12492426 1279003712639479 3966517 5500686  4810640  4654248  4033569  3324778 5623115 12348754
            2048       4  926757 2367804  4572018 10452512 8820994 3276342  848656  5386195  4878411  3302797  1034333 5032754 10192069
            2048       8 1152577 3250308  5503525 1185136111642543 4162181 4717655  6945257  7503399  4367454  3245396 5095447 10037248
            2048      16 1322992 3436240  6132138  910138012274742 4807425 4633675  7036283  6563185  4623699  2534797 4818211  9268323
            2048      32 1291951 3221057  3777778  7311791 7698414 2809182 3530875  4196751  4071433  2265991  2457914 5674397 12805399
            2048      64  686985 2009902  4347560  6110328 6759439 3423913 5372719  5144271  7231767  4421406  2596083 4394265  8820994
            2048     128  981280 1711208  3159451  3702868 6738230 2176427 4046500  3931669  6440169  1826943  2009432 3400869  4674016
            2048     256 1012867 3643190  5868220  571973711015480 4875642 4900677  6895083 10503637  3266376  3841986 4472047  7609754
            2048     512  684958 1940874  3792790  4502520 6114678 2615847 4572018  6003564  7343043  3297725  2859683 5517666  6543188
            2048    1024  755969 1276781  4412322  4945823 4162181 2314219 3194702  2649737  5345969  3430751  2968386 4204968  6189580
            2048    2048  744180 1699359  4897882  3185225 2782790 1536439  912191   281325  4146110  2329912  1723915 3448657  3061485
            4096       4  607796 1805972  3751222  3842678 3778448 1637768 2961635  2374613  3112404  1575440  1621536 3785942  3834958
            4096       8  812717 1949642  4079948  4433736 4157956 1830994 3747948  2880206  3385325  1811495  1923018 4456740  5145513
            4096      16  761053 2140045  3656998  5696610 8193352 3647681 5851841  6330545  5721272  3889659  3568133 5910222  7085049
            4096      32 1433710 3305851  4471821  5563779 6370451 3258820 5580043  6468797  5192166  3000952  3105091 5679660  6953144
            4096      64 1421726 1830214  3778448  3540193 4133944 2599148 3640724  3838385  3723578  2078175  3565171 4257917  3838385
            4096     128  917982 2162674  4297324  4466009 5542240 2457143 4266376  3894067  2856738  2114756  2167039 4438318  4521249
            4096     256  840880 2215383  4209920  4882301 4428023 2671911 3276846  4072211  7760332  2151300  2388147 4266376  3734100
            4096     512  716849 2423520  4899008  5075585 4703198 2457143 3646906  4121052  7612471  2205712  2144586 4696769  5119446
            4096    1024  720879 1747554  4875373  5225329 4887857 2392470 4485833  1723189  7249484  2864359  2409584 3489144  4112175
            4096    2048  684353 1158390  2482351  3165159 3150647 1774082 3703511  1881528  2950952  1826129  2689478 3527834  4108241
            4096    4096  753080 1831775  3213108  3540193 3465216 1784030 3543844  2025735  3489144  1914019  2560030 3621537  3453374
            8192       4  536269 1632151  3966810  3921536 3600968 1796887 3403367  3945854  4654652  2123356  1559764 3663551  3847758
            8192       8  581109 1909107  4579585  5165475 5681356 2761857 3837016  6628284   855383  1061835  2888633 5265210  6032463
            8192      16 1231540 3008521  3819104  4654021 5892794 3288703 5082195  7340560  5047109  3323375  3099714 4164914  4246763
            8192      32 1274054 2995146  4175543  4373801 6305921 3312482 4430195  6491781  4735482  3165394  3176514 5497729  5688881
            8192      64 1362572 3239099  5126172  1762416 3811901 1715259 3716653  8541237  4545657  3078607  2932017 4566196  3992159
            8192     128 1354729 2383476  5464503  4291316 4531269 3088847 4017364  8150218  5298499  2929767  3431922 5291970  6211306
            8192     256  868903 2800577  5703991  5546540 5876668 3407755 5217241  7269124  5588034  1841771  2727005 4594895  5676663
            8192     512  646567 2515205  3878597  5450634 5974769 3520174 5167806  6804170  9414128  3057785  3222391 3397646  4713395
            8192    1024 1132907 2997236  6036702  3820802 5696426 3537206 4713395  6522590 10569606  2869335  1637128 4318825  4643957
            8192    2048  916533 2525373  3961322  3856828 4543853 2797840 2995407  2474985  4599816  2796019  1941688 4633936  3986600
            8192    4096 1027325 1855397  2935022  2957506 3853368 2695556 2726139  2917329  4435342  2425198  2477126 3632950  3459566
            8192    8192 1103579 1951946  3629879  3222694 4411425 2677909 3957216  2997498  3557348  2500562  2700853 4413692  4452585
           16384       4  936337 2852874  5432453  4754749 4590538 2434460 5236246  4475146  4417325  2599779  2736213 5186451  4070623
           16384       8 1188100 2655845  4697224  6129753 5492370 2613523 5236246  7046846  5002580  2821366  3239833 5256271  5184886
           16384      16 1236722 3486739  5317690  5378876 5139516 3061846 4335393  7346686  4984437  3063074  3502377 5541086  5570732
           16384      32 1424804 2958500  4454549  5242637 5057065 3143501 4374861  7229971  6138514  3330108  3568766 6052550  6296564
           16384      64 1205249 2928868  5112369  5589764 4371243 3530266 4734113  7813643  6397385  3527910  3818426 5814418  5755011
           16384     128 1271151 3855055  5400009  4880365 4594221 3063620 4914218  7787080  5702479  3515097  3285371 5677040  5455742
           16384     256 1502859 3016816  4721428  4413920 4375140 3033998 4476312  6837891  5217560  2449036  3431203 5069376  5398313
           16384     512 1532486 1916711  4994944  6072338 6059488 3867857 4400636  6068584  5182931  2920528  2498362 4854508  4771256
           16384    1024 1489181 3706790  5364599  5541086 5074242 3434805 5805576  6995199  6159422  1951215  3130327 4206420  4198966
           16384    2048 1331932 2134754  3554001  5160357 5297194 3222513 3215125  2564369  3531717  1660339  1740226 3422658  3470539
           16384    4096 1175499 2755523  3181927  3498633 3921492 2974121 2626007  2061122  2870870  2537383  1936861 1075492  2923635
           16384    8192 1291190 2036265  3654745  2938386 2709458 2029469 1167689  2592033  3433260  2173579  3457269 3007310  2984843
           16384   16384 1196269 2711704  3530266  4437864 2997995 2766060 2813166  1672869  3098988  2737521  3027315 4286713  2914706
           32768      64 1181804 3251161  5820033  6267793 5955718 3598556 5434989  8780467  5584042  3491239  3505397 5634174  6289304
           32768     128 1421236 2944102  4994364  5391283 5404640 3801822 4890751  8163491  4361506  3439774  2710570 5299810  3690943
           32768     256 1312720 3697596  4809626  5307382 4606664 2972436 5486846  5874512  5151422  3401970  3421108 5132186  5663193
           32768     512 1359384 2918160  4936423  5184066 4455821 3612365 5866238  5800628  4537915  2769449  2994716 5733836  6012516
           32768    1024 1140668 3535970  4179533  6119329 6107636 3819148 5806754  6004898  5074018  1947808  3194708 4418576  4863235
           32768    2048 1121119 2810049  3062719  4683906 5337682 3118098 5071023  2950739  4260509  2056613  2371403 3007890  2975976
           32768    4096 1044465 2201707  2925988  2758278 2713031 2550038 4359155  3009800  3954075  1929243  2284260 3777787  3670735
           32768    8192 1042603 1964260  2977846  3668971 4235693 2731363 3537973  2434840  4376645  2471754  1826023 4240136  3738024
           32768   16384 1082095 2587485  3380881  4241313 4051401 2588703 3128817  2796839  2727027  1569281  2462983 2081562  3919122
           65536      64  991766 3119436  5665856  6327642 6108288 3668423 3277162  8678124  5294074  3443299  3070616 5561537  6267765
           65536     128 1378367 3327908  4534980  4620044 4487890 2886560 5795467  7292389  5037364  2900602  3584749 4631878  5558051
           65536     256 1373168 3241759  4467321  4859521 4073121 3065308 5527650  6052472  5160688  2361213  3489856 4282600  4403767
           65536     512  808388 3208461  4418207  3977926 4956255 3175033 5577109  5668192  4740025  2216063  3413877 4401088  5477749
           65536    1024 1001435 2450486  4197262  4590954 5469139 3370840 4173999  4049658  4076625  1781407  2937803 4091370  4934545
           65536    2048  846434 2428061  4576507  4302846 4127184 1467895 2936861  2522838  2819352  1659602  1142977 4627900  4574299
           65536    4096 1148709 2393305  2691746  4313582 2653471 1505983 2766963  2494789  2721919  1324197  2108027 3180139  2898155
           65536    8192 1270695 2435289  4306824  2905722 2887196 1718483 4174759  2102544  2703633  1730557  2161621 2870133  4350517
           65536   16384  933188 2730435  4191630  2792089 4252784 2015561 4320430  2073927  2752941  1925875  1991914 4126936  4357414
          131072      64 1241847 1406925  6019390  6110583 5806044 3000051 5917728  5804512  5694366  2859962  3029511 2352462  6094664
          131072     128 1103486 3081939  5582761  5833212 5686179 3088484 5209335  8400425  5436194  2772137  2771186 5198793  5558827
          131072     256 1293388 3060936  5544978  5634082 5508586 3166307 5408384  7274134  5528806  2776841  2775650 4612943  5637260
          131072     512 1318777  162820  5346373  5558883 5621811 3273528 3800178  7001670  5744706  2948688  1770192 5019234  5688121
          131072    1024 1275503 2975854  5560232  5633909 5463368 2981956 4710410  2242694  3757477  2005779  2541050 5201449  5324418
          131072    2048 1066094 2522662  4755187  4996653 4995472 2523137 2958128  3724688  4879483  1836923  1899674 4684481  3653886
          131072    4096 1046775 1849418  2636683  2520234 2732441 1789675 2774179  2060586  2315962  1088709  1877229 3909213  3460743
          131072    8192  968828 2231389  3865155  4039090 4100610 2370507 4123184  2961203  4085647  1918950  1849573 3892054  3979590
          131072   16384 1158710 2128973  4054192  4177450 3972258 2329623 4079553  2844999  3979821  1324199  2087597 4030148  4057453
          262144      64  119744   74922  5675812  5974379 5751431   89002 3304597  8264096  5753418    91408   122720 5654039  5979707
          262144     128  115733  114381  5439927  6059858 5716803   87295 5154432  8237781  5544246   114842    86250 5286652  5798353
          262144     256  109165   97185  5092458  5690352 5398023  101195 4944340  7232734  5394342   111848   104541 5159899  5639307
          262144     512  109695  101787  5148254  5634597 5385385  105238 5218578  6911437  5506318   120972   112933 4977873  5645156
          262144    1024  121267   88968  4916527  5766453 5759898  118301 4945741  6258682  5444992   118963   117234 5027308  5418560
          262144    2048  115137   79423  4260569  4722971 4776937  120967 3637096  2386337  4726301   100322    94086 4105047  4786712
          262144    4096  120082  102583  3568767  2656474 2517999  106409 3608815  2383084  3829492    89349   114229 3796330  3915865
          262144    8192  116107  109285  3713088  3482808 3482202  126267 3811227  2814124  3917330   131412   123424 3623921  3900944
          262144   16384  120301   83937  3881787  4063238 3792926   81420 3395820  2704886  3914457   130078   124793 1763380  3642554
          524288      64   16570   62751  5793431  6035108 5781687   16239 5451333  8388070  5817925    72554    68790 5700631  6102197
          524288     128   79838   74716  5676146  6063949 5721976   19323 1034188  7836531  5509088    60747    66994 5704298  6051466
          524288     256   70827   64126  5205037  4262013 4944338   28002 5097094  7282575  5491012    77856    61985 1560570  5619805
          524288     512   74791   47131  5516496  5700025 5519985   27545 5381060  6982759  5650201    74352    37777 5177488  5540988
          524288    1024   76665   39609  5314836  5572553 5569758   40344 5428536  6504815  5540457    69473    40228 4297159  5516094
          524288    2048   46604   42013  4541261  4805969 4601970   61417 3015629  2052482  4634998    42635    77444 4671925  4862397
          524288    4096   77379   43202  3289420  3776938 3820389   34441 3885688  2657379  3869913    72561    76449 2540056  2490098
          524288    8192   52201   37296  3953671  4033515 3997375   51766 1544498  2496635  3959544    42466    68896 3817252  3893883
          524288   16384   56175   66901  3815418  3822368 3876981   58981 3990773  2700053  4036054    49130    71740 3360433  3437682

iozone test complete.
