	Iozone: Performance Test of File I/O
	        Version $Revision: 3.420 $
		Compiled for 64 bit mode.
		Build: linux-AMD64 

	Contributors:William Norcott, Don Capps, Isom Crawford, Kirby Collins
	             Al Slater, Scott Rhine, Mike Wisner, Ken Goss
	             Steve Landherr, Brad Smith, Mark Kelly, Dr. Alain CYR,
	             Randy Dunlap, Mark Montague, Dan Million, Gavin Brebner,
	             Jean-Marc Zucconi, Jeff Blomberg, Benny Halevy, Dave Boone,
	             Erik Habbinga, Kris Strecker, Walter Wong, Joshua Root,
	             Fabrice Bacchella, Zhenghua Xue, Qin Li, Darren Sawyer,
	             Vangel Bojaxhi, Ben England, Vikentsi Lapa.

	Run began: Sun Oct  6 10:01:35 2013

	Auto Mode
	Command line used: iozone -a
	Output is in Kbytes/sec
	Time Resolution = 0.000001 seconds.
	Processor cache size set to 1024 Kbytes.
	Processor cache line size set to 32 bytes.
	File stride size set to 17 * record size.
                                                            random  random    bkwd   record   stride                                   
              KB  reclen   write rewrite    read    reread    read   write    read  rewrite     read   fwrite frewrite   fread  freread
              64       4  532815 1330167  4897948 1597288510821524 4018152 4564786  4988978  4274062  3363612  2772930 4274062 12310336
              64       8  695778 2203800  6421025 1597288510402178 4564786 2923952  4564786  5283570  4018152  2892445 3738358 12902017
              64      16  666414 1484662  6421025 1597288515972885 5389653 3203069  5283570  4207076  3203069  1828508 3738358 12902017
              64      32  720041 1599680  4564786 1597288512310336 5389653 3057153  5735102  4018152  4018152  4564786 5735102 20962191
              64      64  695778 3588436  4988978 2096219115972885 5283570 4564786  4564786  3738358  4897948  1828508 5735102 12310336
             128       4  744820 1939522  4267461 1284205110567140 4557257 3785961  5325799  3380677  3468030  1997245 3560017 12842051
             128       8  942199 3053774  6114306 1588107812842051 5122535 5545860  6727225 14200794  3560017  1852520 5545860 11720614
             128      16  913347 2367096  6406138 1801235914586625 5784891 3560017  6727225  4717434  4934216  2326073 3867787  9795896
             128      32  883293 2175277  6114306 1588107814200794 6406138 3657016  6727225  4135958  4717434  2558895 3867787 11470204
             128      64  948860 2336194  7582312 1420079415881078 6406138 3536566  7082197  4444086  3297617  5847904 4267461 16365173
             128     128 1123617 3036502 11720614 1801235914586625 6406138 4407601  6330599  4135958  6114306  4104338 4759253 14200794
             256       4  879535 2325094  5810112 12228612 9434868 4672389 5117791  5569035  4422226  4070199  2911402 5687020 10245071
             256       8 1040643 2880164  6398720 1495343512812277 5428265 4840911  7120034  4907284  4929815  3207059 6249745 14164395
             256      16 1230218 2872459  6554972 1495343513454450 6107548 6249745  7314033  5938650  5022044  1219045 4422226 14164395
             256      32 1024752 3087188  5971678 1516462414164395 6398720 4652146  7518900  9518507  4929815  2943325 5455847 14164395
             256      64 1089202 3605511  6398720 1607260814164395 6554972 5569035  7314033  5455847  5810112  3511189 5569035 13625180
             256     128 1158540 3605511  8271916 14953435 1600674 5810112 5687020  6891544  6398720  4840911  7314033 6249745 14953435
             256     256 1292410 3511189 13454450 1266119912812277 2588541 5428265  5687020  5938650  6213578  4422226 5938650 14353744
             512       4  954944 2712134  5822804 11877300 9468384 4375425 5177083  5822804  5684095  4030519  3046915 5127637 11080601
             512       8  909255 3220553  4457157 1279744110856530 4099771 5624545  6652558  6652558  4522868  3905895 6319739 13872122
             512      16 1316016 3372274   487642 1168344413109944 2449212 6018636  6999490  7540170  5019764  3970896 5886650 13872122
             512      32 1422357 3963567  6491676 1343809213438092 5886650 4973263  7758090  8701110  5067142  4195896 5760329 13109944
             512      64 1084694 3822466  6551087 1547114914240069 6736026 6395018  7900804 11138071  3366987  4610256 5331314 14240069
             512     128 1209982 4131319  6909408 1424006913522711 6632013 6018636  7647578  3580298  5886650  3304808 6174377 13872122
             512     256 1413929 4000485  7988981 1310994412874162 6228097 5807059  6652558  6999490  4784885  6174377 5684095 12797441
             512     512 1429934 1807941  3678421 1310994412499490 5699180 4099771  4271001  5439343  5624545  4610256 5551840 11620224
            1024       4 1157109 2234860  5444898 10329265 8662601 3696803 2659742  5564829  7883484  2360124  2207295 5417427  5175871
            1024       8 1149368 2485792  5690162  485413612037272 3074849 5782087  3709575  4415030  4195100  3579719 3529706 11903823
            1024      16 1374474 2467229  5950309  776939711645609 5194651 5720477  7008693  9485232  4876180  3835457 5853003 12790037
            1024      32 1408737 4199201  5536137 1279003712456195 5630486 5690162  6692005  7869040  5096034  3866533 5958564 13472053
            1024      64 1284839 4195100  6787181 1423090213863422 5623115 5917516  8061038  5593820  4789183  4048778 5390231  5564829
            1024     128 1192117 3791442  6479979 1347205313264026 6199382 5630486  8000971  9855234  5363307  4029784 5601115 12037272
            1024     256 1378002 1964935  3151562 1249242612492426 4972145 5451810  6692005  3835457  4029784   390849 5310258  8988941
            1024     512  995171 2578312  7208671 1298335312676785 5751117 5451810  6364746  7644933  2884840  3281592 5284125 12037272
            1024    1024 1187831 4130547 12348754 1298335312676785 5983467 5821271  5219904  5194651  3414650  2950233 5500686 11132462
            2048       4 1231566 2734075  3814687  5359311 9441504 2984890 3772800  5704543  5900467  2933915  3169944 5444228  9841749
            2048       8 1034831 2984890  4853603 1280539911579763 4550221 3419824  6895083  5535444  2790021  3819776 6080053 12882215
            2048      16 1324624 3011047  6420913 12488897 8678404 5264067 5769681  5059433  9349021  4923146  3871422 6243566 12204980
            2048      32 1410543 3669648  5389574 1028974112187663 5389574 5083385  7470770  6041567  4347560  3374151 3908414 10503637
            2048      64 1400881 3256469  5303064 11187641 5277002 3494960  736145  7933034  1125839   530151   724962 2985927 12345306
            2048     128 1286340 3999400  4144109  934902110903620 5147354 4540600  7999524 15075199  4451191  4338776 3650932  9610516
            2048     256 1284033 3482209  6149699 1118764112416686 5674397 5119743  3960675 11440955  3519302  2589040 4493100  7789164
            2048     512 1568134 3037667  5884299  9359208 8221561 5306340 4394265  4581773  9898453  4347560  3341339 4441984 11015480
            2048    1024 1172238 2691246  4934459 1055526410192069 3953383 4911886  5953632  7698414  4572018  3351769 5420181  6690992
            2048    2048 1073365 2386884  6945257  7496851 5277002 4046500 5267294  4284671  4730646  2913021  3230749 5332694  6802261
            4096       4 1006094 2639075  5497899  6565206 7076294 3016231 3901141  5988509  5920406  3430618  2732251 5057654  5367357
            4096       8 1408554 2919360  5447345  4686519 4495223 3065750 4371684  5704175  5594580  3396704  3555579 5666546  5627567
            4096      16 1192069 2830848  5859825  5291314 7185807 4011358 5374073  7788478  4462528  3297602  2256706 5438722  5265366
            4096      32 1291641 3180393  6358661  6542703 9005041 4718699 3846119  7935986  7161842  4437172  3886139 5859825  6291135
            4096      64 1285552 3105653  5063617  7367624 8962759 2976515 5912256  5859825  4496399  2888438  3733288 6178018  5996870
            4096     128 1294561 3045641  5424983  7301864 7061751 4922872 5019235  5777065  4977067  2968287  2937831 4507015  6847827
            4096     256 1284014 2882138  3889659  4847858 5476867 3427880 5581856  5936773 13176709  3250804  3005151 4153935  6389405
            4096     512 1273261 2866270  5953231  5719367 5875858 4003879 3634562  6094733  6836927  3942321  3660115 3528559  4740836
            4096    1024 1124351 2340643  5587302  6953144 5231694 4223375 3764373  4167033  5603704  2675656  2209400 3820460  4990078
            4096    2048 1095179 2177476  4910209  6122971 4633432 3577048 4510565  4141917  4551192  2243152  2343197 4560858  2961635
            4096    4096 1035380 2717987  3465216  3849566 3810292 2409584 4566920  2998333  3518442  2159141  2406546 3631489  2836457
            8192       4 1044375 2916338  4929091  4705649 4287033 2290220 3678455  5664497  4887722  2895693  2442437 4253598  5508305
            8192       8 1048358 2796929  4540851  5417973 5676663 2935273 4457206  6670750  4805016  2666686  2944580 4523514  5268439
            8192      16 1200474 3783776  5237920  5368033 5059743 2947864 4500997  8159896  6239504  3452266  3145687 4558321  5490700
            8192      32 1419776 3846036  5901904  5958192 6127127 3540486 4638315  7664784  5962328  3843884  3133924 4798976  5047109
            8192      64 1280416 3364377  5911041  6470997 6330318 3735645 5110162  7487730  5389927  3276785  2907947 4508675  4926264
            8192     128 1108957 3143385  4302601  4556507 5847664 3450533 4226911  7528746  5230743  3265263  3245524 5041185  5814021
            8192     256 1347134 2973631  4633936  4483963 4946832 3299124 5745001  7460092  5919188  3434666  2690280 4536055  4346140
            8192     512 1507547 2774122  4719221  5004472 4974045 3618412 4853203  6086965  8799346  2591661  2732426 5305043  5490700
            8192    1024 1392954 2184510  3994015  4007992 4518161 2511345 3879035  3355834  3840876  1501487  2529835 4055775  4745947
            8192    2048 1372423 2214071  2793064  2961585 2778833 2038330 4259926  3890014  5004472  2109149  1809949 4602281  5165475
            8192    4096 1062919 1849206  2927769  3493332 3446379 2250027 3777121  2995146  4325349  2526115  2359417 4209820  4454894
            8192    8192 1063742 2658022  4442798  4275297 4118487 2573607 3025209  2171807  4218089  2655351  2812267 3734021  3632950
           16384       4 1011550 2465997  4880365  4902648 4192306 2230948 3980552  5618556  4864473  2590762  2725145 4931852  5147215
           16384       8 1248110 2714381  5520166  5181367 4475437 2358430 4214159  6184922  5599328  3016154  2831246 5465288  5542874
           16384      16 1206201 3541728  5002580  5102499 4923019 2816625 4492406  5851550  5812450  3086600  3410428 5696807  5503367
           16384      32 1450028 3536443  4801929  4786543 4560077 2114393 6003900  8363283  6106332  3317248  2902396 4379601  4649237
           16384      64 1446061 3656301  5041113  5359578 5417891 3400471 4683777  7540151  3983320  2840022  3371278 4571300  5080244
           16384     128 1294864 3323987  4740645  5080244 5126098 3330754 4576780  5764667  5897753  3007969  3508457 5425162  4951396
           16384     256 1353283 2963859  4895314  3556392 4710748 3716011 4598525  7098528  5572539  3012980  2929867 5263115  5418318
           16384     512 1213357 3050970  4694656  4961764 5828720 3411952 5732448  5973110  5732926  2946702  2406244 4201020  5626377
           16384    1024 1178948 2969751  4325024  5938013 5224700 3567099 4461780  3839762  9329526  2259557  1840479 3480735  3790832
           16384    2048 1095850 2663152  3896367  3773347 3690863 2473453 5021222  4316060  3014566  1774513  2535043 3061300  4905448
           16384    4096 1097530 2666252  4447342  4450799 3256568 2318095 3029584  2684060  4277641  2542923  2419035 2810290  2790207
           16384    8192 1121807 2676637  3570992  3297826 3278787 2347232 4392478  2754088  2718032  1885576  2534669 2670604  3052054
           16384   16384 1247544 2742109  4419882  3548495 3701001 2389344 3447037  2781736  3422488  2379334  2677576 3449287  3907445
           32768      64 1365964 3703774  5786463  5927719 6018045 3064700 4909094  7477715  4813838  2746921  3378887 4705394  5441444
           32768     128 1499266 3319957  6144498  6112253 6094095 2943597 6032308  6899959  4599111  2731580  3583543 4585455  4712170
           32768     256 1351152 3457600  5445109  5498920 4632752 2280016 5474825  7553746  4423980  2620190  3464224 4415027  4668473
           32768     512 1471858 3103383  5261464  6069336 5983982 3911649 5925419  5947213  5133528  2797579  3461345 5983982  5861734
           32768    1024 1097756 2350476  3704273  5036643 5511710 3600441 4045915  4594499  5798425  2815575  2264986 5729773  5677933
           32768    2048 1179938 1995605  4507258  5196414 5308202 3083747 1046940  1392311  1734118  1468038  2179017 3009273  2760106
           32768    4096 1057403 1741677  2725189  4277216 3617213 2653681 3424774  2652861  4208585  1748480  1562324 2718236  3474470
           32768    8192  868619 2326602  2787819  3430501 4174201 2490160 3374987  2424959  2756839  2127807  1704187 2734733  2724757
           32768   16384 1170203 2555776  2949409  4090833 3814167 2638550 2781894  2729736  3538701  1872776  2804544 3919681  3882477
           65536      64 1158864 3489679  5789974  6106660 4787161 2979841 5860835  6940168  4702239  2796265  2773524 4839416  5941532
           65536     128 1421264 3238742  6231532  5830007 5994919 3822643 5432820  5938323  5675683  2824451  2676361 4686126  4732925
           65536     256 1420038 2765599  5523873  5843641 5757834 3831595 5439162  7609749  4960727  3065855  2700844 5753255  4472846
           65536     512 1289648 3147439  5868718  6048476 5833719 3871912 4923850  7130461  4762858  3288178  2568117 5422531  5974722
           65536    1024 1200136 3553423  3807130  5982785 5636115 3851405 5059989  7267325  4556858  2738542  2941890 5382395  5779626
           65536    2048 1253966 2895713  4828365  5214533 5223253 2993308 4605183  3875132  5070069  1829131  2194409 2822537  2774476
           65536    4096 1176442 1923920  2909598  2750709 4331527 2699730 4152560  3005286  3368238  1778940  2138348 2431132  3032941
           65536    8192  947257 2035351  3010684  4329549 3714776 2619661 2702171  2915678  4221629  1066510  1981561 2754900  3339592
           65536   16384 1140549 2059322  2838158  2900724 3376596 2436001 2986770  2676127  2753134  2132840  2156720 3995329  4126192
          131072      64 1233676 2988342  6013859  5885355 5774090 2954805 5789169  8296221  5559782   305467  2849393 4710410  6315779
          131072     128 1310496 2789777  5139258  6122561 5804266 2941525 1015267  8440018  5888759  2944786  2997172 5097893  6173022
          131072     256 1181214 3252419  5377541  5700980 5462282 3077609 2654353  7205300  5626586  2887937  1668982 5631658  5783505
          131072     512 1290701  399491  5489444  5624917 5562877 3055509 5130242  6569676  5474575  2755408  2659244 5344657  5680480
          131072    1024 1260356 2928519  5369400  5691831 5582535 3238185 5633390  6817424  4169624  2550233  1369756 5464725  5601647
          131072    2048 1147982 2426055  4683643  4898264 4879613 2495942 4735240  3759404  4390852  1905943  1804532 4673133  4986003
          131072    4096 1110082 2298216  3975475  3979101 4032602 2168988 4058712  2761845  3886029  1773447  1877800 3648067  3896550
          131072    8192 1103225  492720  3806598  4203193 4092917 2272048 3802727  2880960  4035858  1878737  1888346 1837156  4200206
          131072   16384 1154382  802837  3948663  4194438 4122133 2249006 3909074  2768270  4020128  1985604  1880356  618521  2315026
          262144      64  115817   71638  5774236  6096381 5652208   50725 5395904  8331286  5789529   113740   111519 5458724  6015926
          262144     128  108171  106767  5283552  5696042 5673381   85827 5207357  3240741  5488781   115905   115218 4946587  4918551
          262144     256   80065   78052  4043811  3900653 4180321   66658 5060791  6046594  4995786   105063    78867 5128012  5474897
          262144     512  113103   82564  5261505  5627214 5442620  108908 4990842  6429035  5161110   117292    98203 4588069  5443617
          262144    1024  113922   73242  3837565  5742480 5350426   77626 3093105  5162952  5425298    79034   119703 1472512  5487877
          262144    2048   76558  108692  4291383  4672454 4736277  112085 4396906  3598010  4687673   114083    97334 4278774  4998852
          262144    4096  105928  105219  3686150  3975803 3719305  129387 3779198  2573113  4039755   115957   112867 3789579  3886947
          262144    8192  115925  108573  3818493  4208579 4156145  123514 3800398  2731523  3995364   121340   120046 3655609  4118718
          262144   16384  114022   98392  3681435  4065823 4137892  119423 1521615  2775333  4015324   131488   128977 3908807  3893581
          524288      64   35498   73558  5687406  6134524 5742597   12154  250457  7898029  5704728    48117    43143 1196881  6075945
          524288     128   57804   52302  5598858  5917734 5783512   24212 3783338  8040956  5506701    40973    70496 2644166  5750406
          524288     256   60474   69898  5276590  5268423 5450090   30513 5165144  7190796  5436589    73338    58601 5139924  5379573
          524288     512   74181   52903  4523782  5497588 5577231   26136 5510524  5840934  4195914    40528    75337 5229446  5552418
          524288    1024   51839   31001  5332079  5701075 5863470   52966 4862440  6673883  5432412    48030    40415 5173602  5556950
          524288    2048   56430   71775  3262061  3622296 3585191   28998 4386467  3364356  4690691    75093    54098 3336692  4553080
          524288    4096   45247   36943  3866803  3911044 3950269   59267 3194287  2629618  3892897    76185    44829 3890762  3900424
          524288    8192   75334   38449  3800016  3842486 3859765   39764 3682988  2647171  4083018    74354    68875 2764694  4121889
          524288   16384   85284   80023  3902348  3953969 4114740   85340 4043557  2824446  4070721    88369    88729 3831252  4169912

iozone test complete.
