	Iozone: Performance Test of File I/O
	        Version $Revision: 3.420 $
		Compiled for 64 bit mode.
		Build: linux-AMD64 

	Contributors:William Norcott, Don Capps, Isom Crawford, Kirby Collins
	             Al Slater, Scott Rhine, Mike Wisner, Ken Goss
	             Steve Landherr, Brad Smith, Mark Kelly, Dr. Alain CYR,
	             Randy Dunlap, Mark Montague, Dan Million, Gavin Brebner,
	             Jean-Marc Zucconi, Jeff Blomberg, Benny Halevy, Dave Boone,
	             Erik Habbinga, Kris Strecker, Walter Wong, Joshua Root,
	             Fabrice Bacchella, Zhenghua Xue, Qin Li, Darren Sawyer,
	             Vangel Bojaxhi, Ben England, Vikentsi Lapa.

	Run began: Sun Oct  6 10:01:34 2013

	Auto Mode
	Command line used: iozone -a
	Output is in Kbytes/sec
	Time Resolution = 0.000001 seconds.
	Processor cache size set to 1024 Kbytes.
	Processor cache line size set to 32 bytes.
	File stride size set to 17 * record size.
                                                            random  random    bkwd   record   stride                                   
              KB  reclen   write rewrite    read    reread    read   write    read  rewrite     read   fwrite frewrite   fread  freread
              64       4  561808 2772930  4988978 1597288510402178 4018152 1599680  4897948  9318832  3363612  3203069 4564786 12902017
              64       8 1033216 3203069  6421025 2273779115972885 3203069 3022727  3791156 12310336  2772930  2561267 5735102 15972885
              64      16 1002351 1734015  7100397 2096219115972885 4643754 4207076  4564786  9318832  3363612  3363612 5389653 10821524
              64      32  743988 1518251  9006179 2096219115972885 5735102 3203069  5735102  4018152  4274062  2298136 3791156  5860307
              64      64  754443  145745 10821524 1290201710402178 5283570 4274062  4564786  5283570  4018152  3541098 4897948 12310336
             128       4  771581 1967960  3867787 1284205110567140 4267461 3124872  5122535  3359523  3867787  2066432 3657016 11470204
             128       8  859260 1852520  4267461 1588107814200794 5122535 3536566  6406138  6114306  4444086  2660335 6114306 11470204
             128      16  901083 1911894  6406138 1801235914200794 5325799 5122535  5325799 12842051  4934216  3380677 5784891 15881078
             128      32  870405 2058509  4934216 1588107815881078 5784891 3359523  7082197  8548124  5545860  2843510 6406138 18012359
             128      64  901083 2166499  7476717 1801235915881078 6406138 3759450  6727225  7476717  3277486  2985839 4934216  4557257
             128     128  985435 3982553 12842051 1588107815881078 6045455 3657016  6045455  5784891  5122535  2558895 5603747 10779307
             256       4  638445 2371308  5841722 1222861210245071 4350555 3935921  5569035  4054829  4117018  2692393 5687020 11695808
             256       8 1076103 2588541  6554972 1516462412812277 5242734 5841722  6891544  4350555  4929815  3123106 4132864 12812277
             256      16 1048775 3935921  6554972 1435374412812277 5569035 4929815  6936061  9778562  4054829  3368013 5217259  9868433
             256      32  822913 2783115  5569035 1416439514164395 5810112 5022044  7120034  6249745  5320671  4477549 6398720 14164395
             256      64 1112909 3017775  7314033 1607260813454450 6249745 5938650  7518900 11569783  1729594  5022044 3935921 13454450
             256     128 1280084 3245838  8815202 1516462413454450 6398720 5428265  7073132  7518900  4496299  6398720 5540300 13454450
             256     256 1280084 3285566 12228612 1281227712228612 5971678 5217259  5810112  5540300  5217259  3935921 5117791 12228612
             512       4  680055 2452009  3104171  7620440 6319739 2370799 4494470  4973263  5760329  3822466  2207515 2360376  5951911
             512       8 1152822 2057359  6086873 13872122 3963567 4485083 5624545  2024389  6736026  1729323  4163357 6246213 13190469
             512      16  625941 3304808  6086873 1310994412146009 5177083 2216629  7115451  7309196  2381315  4061007 6086873 12797441
             512      32 1022219 3284589  6319739 1343809211877300 2275345 6174377  2391924  7988981  4610256  3304808 4532414  3877684
             512      64 1322500 3459188  6632013  422894712499490 2681653 5886650  7410080  8992598  4296637  4038098 5453155 13438092
             512     128 1264113 3239989  2665014 1387212213190469 5331314 5684095  6472112 10641343  4522868  4973263 5384786  2560168
             512     256 1261144 4030519  8018812 1279744112215097 6104175 5509113  6395018  8109658  1917728  5951911 5398323 10694336
             512     512 1358474 3550700 12499490 1279744111877300 5744919 5870558  5886650  5624545  5495016  4690818 5624545 12215097
            1024       4  892775 3010197  5690162 11903823 9402175 3696803 5336651  3606774  6479979  4029784  3112733 5251818 10354166
            1024       8 1296474 2611230  5751117 1294422411773301 3220084 5048117  6025439   245864  3291652  3422814 5925680 11903823
            1024      16 1164956 3411938  6128613  967758411018226 5144870 6317933  7644933  8593274  3970183  4048778 6441107 13863422
            1024      32 1140214 2443368  6327241  530370112173747 5507740 6441107  3894582  8822754  5277632  4079544 5500686 13998981
            1024      64 1178380 3261656  6402699  891431413686709 5417427 3923040  7257394 10557785  4356809  4550690 6235382 14044758
            1024     128 1331440 3481072  6244448 1399898113472053 6025439 4876180  7269678 10769573  3877004  4029784 6093831 13818817
            1024     256 1166538 3606774  4415030  8822754 7420395 3220084 5821271  6963241 10557785  4694950  3937426 5690162  3778101
            1024     512 1058967 3544270  5751117  6918376 6431462 4265934 5652717  6317933  8183918  4805258  3655895 5751117 12944224
            1024    1024 1446211 2892612 11132462 1330511612983353 4574926 4339202  3411938  5564829  5623115  4321737 5789881 12828238
            2048       4  853292 2622235  5293261  9015410 6440169 3165272 4676561  4104506  7112016  3598924  3302797 5131978  9853037
            2048       8 1002465 2929912  5629769 1295995811706006 3476572 3580921  7065219  5403134  3302797  2909075 6114678 13639023
            2048      16 1312080 2278010  6207471  897772112561952 4572018 5868220  6092991  8464610  4603874  3219850 6243566 12327589
            2048      32 1187306 3052781  6007763  853186913726200 4432815 4559883  7503399  8198022  3530875  3530875 5719737 13467949
            2048      64 1280778 3892474  4338776  956769811246230 4994712 6024617  7311791  7159438  4623699  3219850 3341339 12654482
            2048     128 1455722 3314266  6280083 1280539913836752 6243566 3548378  6696208 11966935  3512108  3555722 4240255 12187663
            2048     256 1425997 3960675  3806235  7088541 8678404 4414590 4172290  7065219 11440955  4451191  4358590 5607718  5868220
            2048     512 1498120 3814687  6149699 1094530112187663 5640860 4521480  6759439 10131961  4997618  3513544 5056455 10834854
            2048    1024 1149185 3819776  7969835  940017610240672 5264067 5626082  5461535  7343043  3598924  3080148 5535444  7503399
            2048    2048 1197569 2437686  5916724  6483920 5009275 3580921 5293261  4257067  4653758  2734075  3862718 5433896  6945257
            4096       4  914708 2487022  5556581  6015769 6897314 2809552 4842392  5325760  5761565  3129412  3052133 4362802  5044289
            4096       8 1231460 2607037  4946971  6532752 7024216 2908979 4417775  6449370  5119446  2994153  3157596 5367357  7367624
            4096      16 1223044 2938334  4380601  4763181 4288742 3018351 6032669  7351860  7038605  4087714  2639481 4581535  7035723
            4096      32 1271659 3284363  6114255  7085049 8660056 4149921 6032669  8002526  7061751  3980686  3088901 5119446  5438722
            4096      64 1267718 3022599  4847858  3886139 3007255 2776856 6105563  8459632  7314299  4315676  3583764 5244471  6254490
            4096     128 1271282 1823609  4847858  7146945 8292220 4280194 5250883  7342434  6086096  3462422  3199942 4358375  5664678
            4096     256 1140019 2085490  4108241  3313502 3141429 2098482 4941279  7261741  8497289  2812772  2815077 4201683  6389405
            4096     512 1246832 2795836  4643451  6790983 5713661 3761077 5075585  6748303  8642630  2900630  2848213 3834958  4747386
            4096    1024  998782 2228603  5252488  7237268 5867831 4348447 4307020  3800178  9144037  3042943  2838331 4830139  6131713
            4096    2048  664937 1871892  5438722  5594580 4882301 3382659 3817065  3930595  5928578  2221111  3477139 4887857  5409609
            4096    4096 1181737 2193882  3977000  4266376 3897601 2597184 3119752  2158056  3716329  1485658  2347359 1989146  2458549
            8192       4  938564 1918916  3895747  4239950 3923327 2564005 4899570  4931921  4607218  2707237  2519817  862512  1753781
            8192       8 1002214 2673533  5569014  5207752 5649594 3039661 5145363  6821731  2825913  2123356  3372633 5553712  5576245
            8192      16 1297043 1771686  4952536  5136133 5178710 2873174 4099813  4092001  4311239  2395440  3098317 4304757  4145818
            8192      32  980843 1416557  3382594  5818944 3544870 3586684 5029378  7099404  3586684  2035311  1838028 5806161  5793435
            8192      64 1264210 3055609  5584401  6214676 5704938 3427813 5785631  8257953  4007992  2290220  2033264 6099933  5479317
            8192     128 1370562  637817  5923270  5736369 6042010 3926914 4548665  6982543  4242044  2309618  2007837 4437634  5988306
            8192     256 1503392 2432236  4311780  4459520 4540851 3041006 5579867  7426233  4518755   925021  2582699 5162371  5838720
            8192     512 1476326 3182398  5630154  5004472 5760412 4302601 4014079  6737460 12263426  3518732  2699156 5075439  4743326
            8192    1024 1388732 2134966  6099933  6022946 5939652 3360100 4435342  2851476 10214543  2484829  2151813 4950396  5534924
            8192    2048 1034345 1866889  5479317  5450634 5351312 2396777 5145363  4158865  3865941  2304969  2072884 2758089  3566579
            8192    4096  992000 2684185  3517291  3218769 3367015 2055646 2723546  2006430  3967268  2147778  2445392 2749041  3030545
            8192    8192 1096221 2751022  3815711  3871604 3866376 1716373 3824630  1164784  4302601  2702765  1776265 3322090  3636025
           16384       4  945574 2295637  5488861  5616719 4161586 2286700 5145674  5362924  4989142  1768212  2356085 4063402  4092928
           16384       8 1134456 2832647  4529718  4887654 5269572 2531868 5540639  6676457  5772899  2650313  2696911 4160327  5033359
           16384      16 1234212 3270984  5347067  5649969 5317690 2260746 5104015  6582447  4374861  2635272  2822873 4675810  5005860
           16384      32 1225977 2788735  4808649  4658693 5724807 3108802 4488885  7278213  6008099  3030118  2508210 4724349  4731180
           16384      64 1257773 3492587  4877594  4325296 4600988 2870391 4369020  7186120  5241038  2842960  2796907 6145651  6248471
           16384     128 1349032 2927745  5244638  5349148 5872051 3651444 4617684  7068591  5050746  2574553  2762946 4453395  4460622
           16384     256 1416434 2695536  4428142  3693244 5019388 3009022 4617684  3381563  5663005  3051648  2859403 4311727  5688789
           16384     512 1299295 2597323  5748753  5908402 5730536 3704393 4195634  6041375  4647979  2128934  2225169 5503367  5571184
           16384    1024  924869 3738247  4628258  5091536 4851766 3469663 4370409  5567122  7363217  1550466  1764535 4047368  4367909
           16384    2048 1340297 3117688  3312451  3890631 4066528 3189459 2831596  2084189  6432718  2336220  2415803 2774100  4730854
           16384    4096 1036167 2763835  4288051  4012861 3295770 2325941 3417552  3020131  2776005  1964996  1951880 2725686  2926748
           16384    8192 1064596 2763391  3492765  3635219 3636758 2438088 4404302  2233341  3878773  1891024  2400948 2775557  2997472
           16384   16384 1042708 1959561  3782069  4261195 4432712 2695641 3702596  2639117  3508995  2784892  2803640 4402045  4429283
           32768      64 1154175 3549394  5688037  6310095 5931045 3399530 4828042  3754259  3454385  2196850  3263435 5336024  4724968
           32768     128 1199200 2961994  5309227  5046630 5455917 3144710 2909080  7496885  6044512  2667536  2817075 5656667  4286153
           32768     256 1264343 2622289  4183349  5037382 4846600 3178528 3713481  6294201  4979166  2715551  1142137 5606136  5060007
           32768     512 1232295 2833862  4702657  5613005 5317650 3681847 5724522  7225336  5071584  2738874  3120435 5954428  4920165
           32768    1024 1373403 3173684  4165724  4482561 2989505 1770851 2093293  4668473  3757749  2066353  3026502 5635098  5119187
           32768    2048 1196257 1848047  3066136  3798670 4776530 2894194 2823383  2196394  4206910  1303680  1480308 4364415  4161058
           32768    4096 1167657 2555206  2682426  2917912 3058970 2335418 2693412  2638297  2665983  1670730  1930815 2271312  2745056
           32768    8192 1133771 1673802  4238567  2687671 2906005 1841190 3448145  2181612  2883205  1996098  2357734 3119514  3050483
           32768   16384 1105527 1851932  2653476  3010064 3325983 2419878 2806434  2224874  2898283  2089125  3332757 4309943  4409078
           65536      64 1048824 3413156  3540972  4642360 4207220 1786408 5506831  8075901  5584247  3051018  3259867 6074944  4573994
           65536     128 1294433 2891387  5513679  5709280 4627589 2866213 5874990  7788717  5444980  2267917  3507043 5577562  4375238
           65536     256 1328119 2773188  4648326  4398693 3964386 2299506 5338180  5689309  5062599  2845444   942056 5666673  4998161
           65536     512 1210671 1940189  4384241  5074374 3764945 2903420 4756512  6911549  5202985  2353088  2890111 5182776  5607601
           65536    1024 1216511 2216153  3567350  3758407 3813098 2537393 5370407  7095856  4007094  2691192  2531714 5575186  4608426
           65536    2048 1008061 2149283  2892513  2993601 4103708 2437815 2870733  3521150  3355328  1453028  1622494 4542625  5070537
           65536    4096 1236363 1927252  2602497  2776241 2766963 1937905 3869404  2843442  3790174  1494073  2015813 3798292  2002872
           65536    8192  977973 2652421  3036023  3020642 3073053 2389727 2688323  2336149  2641613  1715790  2105298 2974167  3028597
           65536   16384  757947 1548801  2720464  2642578 3618394 2434836 3627180  2131732  2731114  1969705  2309378 3356885  2378972
          131072      64  887108 2867092  6030748  6221363 5827462 3053235 5288157  8213548  5951103  2847785  2871045 6293366  4547954
          131072     128 1317437 2670353  5731709  5537215 4379868 2814096 5039895  7918837  5703523  2803206  2323853 5302950  6191096
          131072     256 1266789 3013982  5116396  5599422 5305048 3068950 5188538  6185872  5349442  2707705  2822099 5386604  5418672
          131072     512 1279439 1455694  5196533  5451071 5564735 2965020 5521865  6998372  5475066  2751932  2876332 5634833  5594920
          131072    1024 1134331 1377658  5548000  5519481 5640904 2985826 5008078  6318828  5511402  2453710  2686180 2190516  5543580
          131072    2048 1167949 2030013  4831242  4755722 4769916 2253330 4481115  3768062  4823950  1324212  1853083 4892946  4495075
          131072    4096 1146234 1459179  4121484  4107044 4059611 2260297 2141028  2580918  3822000  1680389  1574966 3739891  3952467
          131072    8192 1000709 1540537  3941076  4015195 4064232 2330917 3901999  2805895  3990973  1849237  1929375 3781774  3990741
          131072   16384 1042669 1086092  4022099  3993176 3874526 2282140 3970450  2866210  4050786  1941256  1883352 3319364  3521078
          262144      64  108425   85659  5597307  6070531 5961357   41805 5372570  8190713  5880439   110158   110212 4909985  6076603
          262144     128   97393  107536  5527189  5849592 5547211   55688 2638111  7596837  5503286   118836    96851 4737828  5993234
          262144     256   95510   65702  5147241  5477652 5364549   76076 1496726  7154561  5166008   112605   107538 3970562  5531861
          262144     512   76381   74889  3709943  4503190 5190763   69141 4952380  6804337  5440358    80304    69241  696483  4622772
          262144    1024   71398   56575  4930682  5628683 5542038  100250 5173154  6851657  5655755   113166    99727 4896864  5446016
          262144    2048  110633  105771  3347436  2937413 3690034  116707 4281023  3598210  4688852   112274   108374 2994452  4169621
          262144    4096   99547   86960  3910253  4071574 3957187   93538 3791055  2752220  3529847   112306   108611 2685654  4118394
          262144    8192  110748  105617  3799453  4117546 3953971  120873 3680511  2736534  4112386   109539   119163 3902578  3921368
          262144   16384  107449   66222  3288762  4210416 4085538  118272 3244116  2044036  3129108    91205   135569 1607269  2937084
          524288      64   23549   73255  5017006  5675091 4998213   12637 1768703  7769856  5459914    65952    68298 4241330  5086624
          524288     128   73835   34471  5458369  5319915 5542859   18793 5448227  7950629  5667676    71270    44259 5698652  5875361
          524288     256   63878   35814  5231263  5483605 5429716   41471 5146637  7237657  5379902    67361    40741 5211661  5361695
          524288     512   41784   47397  5269231  5455647 5717112   53545 5243712  6954712  5457583    52552    33510 5522952  5100180
          524288    1024   73764   34721  5426005  5442954 5385435   36622 5074066  4769196  4627108    39305    67080 1441900  4484317
          524288    2048   72334   32175  4415019  4414053 4035906   30772 3108789  3481605  4622702    36863    72860  282014  3576899
          524288    4096   60897   30708  3738266  3979564 4037862   33179 1106854  2403204  3884014    38828    65223 2536456  3928315
          524288    8192   40827   34777  3928778  4066896 3966171   48567 3466594  2636482  4033700    45599    59153  206637  3965392
          524288   16384   74483   35025  3168727  3270317 3477564   70521 2604253  2737180  3957520    68362    44626 3917245  3775116

iozone test complete.
