	Iozone: Performance Test of File I/O
	        Version $Revision: 3.420 $
		Compiled for 64 bit mode.
		Build: linux-AMD64 

	Contributors:William Norcott, Don Capps, Isom Crawford, Kirby Collins
	             Al Slater, Scott Rhine, Mike Wisner, Ken Goss
	             Steve Landherr, Brad Smith, Mark Kelly, Dr. Alain CYR,
	             Randy Dunlap, Mark Montague, Dan Million, Gavin Brebner,
	             Jean-Marc Zucconi, Jeff Blomberg, Benny Halevy, Dave Boone,
	             Erik Habbinga, Kris Strecker, Walter Wong, Joshua Root,
	             Fabrice Bacchella, Zhenghua Xue, Qin Li, Darren Sawyer,
	             Vangel Bojaxhi, Ben England, Vikentsi Lapa.

	Run began: Sun Oct  6 10:01:34 2013

	Auto Mode
	Command line used: iozone -a
	Output is in Kbytes/sec
	Time Resolution = 0.000001 seconds.
	Processor cache size set to 1024 Kbytes.
	Processor cache line size set to 32 bytes.
	File stride size set to 17 * record size.
                                                            random  random    bkwd   record   stride                                   
              KB  reclen   write rewrite    read    reread    read   write    read  rewrite     read   fwrite frewrite   fread  freread
              64       4  566551 1452528  4897948 1597288510402178 4274062 3057153  4564786  4564786  3541098  1255511 4564786 12902017
              64       8  735831 1429325  5860307 1597288512310336 4988978 2561267  5860307  5283570  2662899  2537060 5860307 12902017
              64      16  842003 2467108  4564786 12902017 9006179 4274062 2662899  4897948  7940539  3791156  1734015 3057153 15972885
              64      32  901377 3203069  6271021 10402178 9006179 4897948 3057153  6421025  3363612  3541098  1933893 4988978 15972885
              64      64  673098 3057153  9006179 1231033612310336 5389653 4897948  4274062  4897948   460591  2923952 4018152 12902017
             128       4  771581 2420455  5545860 10779307 8036304 3982553 4759253  3560017  7176872  2843510  3036502 5325799 11720614
             128       8  955616 2276751  6114306 1172061411470204 4934216 5122535  6406138 12842051  4407601  2985839 5122535 18637664
             128      16  584313 3982553  7176872 1801235914200794 5603747 3560017  6406138  7917784  3657016  3277486  826202 14200794
             128      32  942199 2727923  6114306 1284205112842051 5784891 3468030  7082197  4407601  4596273  3785961 4934216 18637664
             128      64  883293 2621367  9795896 1801235915881078 6114306 4407601  6727225  9129573  4012317  4934216 4267461 11720614
             128     128  985435 3445772 14200794 1801235915881078 4889281 5325799  5122535  5122535  5545860  3445772 4596273 12542043
             256       4  924200 3078337  5347168  6554972 9114515 4132864 4755158  5428265  8815202  3994490  3052087 5320671 11091721
             256       8 1035624 2872459  6073004 13454450 5455847 4755158 5347168  6398720  8024634  4197489  2486631 5687020 13625180
             256      16 1084800 3043436  5320671 1345445012812277 1398455 1407621  6554972  9518507  3557725  3994490 4009406 12812277
             256      32 1070737 2849590  5569035 1416439513454450 5938650 4132864  7314033  5428265  5428265  3756894 4819184  5569035
             256      64 1132871 3043436  6554972 1495343514164395 6107548 4929815  6936061 10245071  5810112  4734192 5810112 14164395
             256     128 1032636 3285566  7735574 1169580812090911 5428265 5347168  6761355  8271916  4132864  6249745 5455847 10245071
             256     256 1266495 3756894 10651598 1109172111091721 4422226 5022044  1415041  5810112  5569035  4197489 5569035 13454450
             512       4 1030064 1398278  5384786 11943357 4571003 4030519 4973263  4916336  6821616  3849877  3437042 5439343 10485468
             512       8 1199171 3196584  6228097 1378308811683444 4882800 2535981  6736026  7540170  4411377  4030519 5886650 12146009
             512      16 1193175 3259661  5453155 1310994412499490 5127637 3849877  6909408  4163357  4447925  4000485 4784885 12215097
             512      32 1309596 3481620  6395018 1343809212215097 6018636 5684095  7435738 14628067  2032051  3684733 5384786  3086326
             512      64 1251589 1848401  6931711 1462806713522711 5624545 4742616  6909408  9145790  5067142  4532414 6174377 14240069
             512     128 1286067 2275345  6821616 1279744112797441 5951911 2235086  7211022 10641343  4262523  5019764 5744919 12797441
             512     256 1316016 3099691  7513788 1279744112499490 5278892 5278892  5566231  7435738  3941742  6736026 5566231 12797441
             512     512 1005938 3046915 12499490 1319046912215097 5566231 5227492  4916336  2357784  5566231  4411377 5566231 12215097
            1024       4 1049138 2798378  5564829 11614118 8914314 3877004 2902385  5310258  8246774  3160839  3544270 2541692 10769573
            1024       8 1294520 2688041  3322206 1330511611614118 2900425 3401130  6609617  9402175  4146499  2908281 5751117 11645609
            1024      16 1307923 3425544  6208343 1310217412037272 5144870 3271594  5284125  6059442  4507705  4146499 5813392 12983353
            1024      32  860575 3379719  6137371  609383112492426 3984917 3103735  7208671  9855234  4762630  4374559 6280976 13998981
            1024      64 1367037 3160839  6479979 1404475813818817 5950309 6280976  6364746 10354166  4736370  4211554 6317933 14618393
            1024     128 1227903 3894582  6609617 1381881713472053 6355328 5660167  6355328  9485232  5363307  4589593 5789881 13998981
            1024     256 1251518 2681328  6733974 1263947912790037 5950309 5601115  6559147 10557785  5277632  2902385 2900425 12037272
            1024     512 1488823 3012308  8000971 1203727212790037 5751117 5601115  3591693  7020149  3655895  3447541 3553066 10796646
            1024    1024 1124099 3835457  3659010 1294422412790037 3369115 5782087  5660167  5018624  5096034  2586074 5472650 11741116
            2048       4  953398 3205431  5319484 11440955 9441504 3536690 5119743  5564129  7393606  3991965  3334853 3016334 10389302
            2048       8 1070556 3517861  6266340 12274742 9525260 4056054 5461535  7262337  6603549  3189957  2774700 4531020 12561952
            2048      16 1467911 3494960  4301837  7013303 5222461 4196751 5225638  6945257  5071381  3362265  3472356 4864597  6097316
            2048      32 1383731 3184044  5131978 1313835913198923 5719737 5900467  7817519  5006356  3604966  2556676 5852228 12959958
            2048      64 1157703 3292669  4559883 1024067211380325 4697018 4730646  4613765  7470770  4994712  4293237 5225638  7082696
            2048     128 1292923 4162181  5596757 1280539913748169 6149699 5970183  5349298 10555264  4934459   715064 4481379 12187663
            2048     256 1339288 4056054  5920802  934902110726615 3261415 5655716  5184636 12050878  4276140  3272598 4807425 10568250
            2048     512 1175607 3390131  6711905 1205087812398764 5430461 5769681  6563185  8423109  4762117  3871422 3346546  4945823
            2048    1024 1320349 3612546  7698414 1177016610889797 5107566 5461535  4960102  5549749  4040790  4310472 3506373  6802261
            2048    2048 1050910 2142232  4295384  4540600 3962502 2977647 4063729  3436240  3671217  3618634  3731824 5264067  7059413
            4096       4 1037757 2614177  5580043  4047268 4302706 2705147 4496399  5107271  4380601  2178857  2324806 4995882  5050220
            4096       8 1266970 3667146  6160296  6542703 8393502 3697135 4267436  6451792  5107271  3165159  2832715 5736555  6595451
            4096      16 1186143 3706707  4231697  5953231 6471234 3153539 5883908  7656576  7249484  4015108  2416702 5157871  6321227
            4096      32 1215430 3012001  4887857  4686519 6112079 3240380 5246072  8017464  7286380  3904688  4028288 5759634  5389246
            4096      64 1252925 2139778  6254490  6638778 9207748 4205798 5784846  7770863  4654774  3093907  3425146 5926533  6263611
            4096     128 1312361 2769246  5396016  6349261 6480999 3093350 4791076  5019235  3279348  2721431  3968731 5859825  6186918
            4096     256 1240799 2728780  5835938  6216019 6013663 4096486 5497899  5482110  9566663  2884558  2649658 4409837  5634950
            4096     512 1393700 2540722  5934722  6051794 5133213 3599532 4011358  5050220  7380284  2635836  3390670 5151685  5299475
            4096    1024 1183202 2700046  4681411  6281934 6605595 3660115 4083827  4442909  9222577  2876348  1867010 3410865  3202925
            4096    2048 1069144 1794091  5769304  6041154 5504946 3447830 3453374  3781775  5032468  2979096  3297602 3976080  4389555
            4096    4096 1201153 2558124  3290024  3172758 3335375 2422154 4370571  3020473  3175103  2337777  2677324 3574071  3335375
            8192       4 1143312 2935022  4320454  4807033 4063449 2404324 4566196  5069448  4760413  2360714  2990714 4669834  5072442
            8192       8 1174659 3306108  5572627  4770989 5178710 2325877 3619936  5472336  5126172  1936653  2861211 5000831  5200658
            8192      16 1217230 3506880  3052352  5560902 5713476 2625725 5302587  7080386  4997921  2834539  3049913 5371390  4782278
            8192      32 1249726 2829637  4759753  5867636 6399884 3477070 5842692  7455236  6072979  3427813  3090236 5680416  5696426
            8192      64 1357405 3335636  6014511  5653313 6765318 3585187 5257958  7779318  5569014  2996452  2893498 5386547  5158495
            8192     128 1310499 3097200  5181834  6173362 4413692 3682003 5944791  8127085  5914094  3475312  2982148 5198297  4607218
            8192     256 1266914 2804463  5291970  5897851 5637544 3915726 5584401  6600272  6009252  3297857  2724194 5069448  5081444
            8192     512 1239135 2515205  5876668  5692651 5535816 3447763 4574098  6936028  9916786  3457825  2637415 4867641  5066458
            8192    1024 1015364 3538663  3496175  3824204 3813593 2951156 4359927  5953031  8668371  3061326  3137644 4383287  4852518
            8192    2048 1059511 1855898  4108146  4678737 4359927 3202270 4362141  3441891  5145363  2634988  1818860 4850463  4859380
            8192    4096  984638 1838814  4213951  3226325 3304518 2382815 3851208  2378033  3942233  2481599  3336931 3129357  3613845
            8192    8192 1142855 2589122  4205183  3546333 3668636 2776139 3683582  2290831  3000639  2274906  2561711 3187712  3211248
           16384       4  989968 2516753  4486540  4999668 3268339 2433425 4713332  5385620  5018289  2603522  2527584 4868954  4840147
           16384       8  724057 2681442  6119927  6152253 5405531 2784441 5094556  6542963  5677040  2183941  3027849 5403831  2038318
           16384      16 1155263 3104729  4363195  2852874 3862422 1792145 4220370  7426879  3533352  2029229  3088959 4657114  4395007
           16384      32 1240271 3230238  5801655  4847317 5251451 2794973 2934120  4069418  3608684  2848380  3481440 5612591  4465549
           16384      64 1219061 3565618  5628220  4667870 5253057 3441341 4519886  8167466  5724807  3321898  3093687 5053718  5464853
           16384     128 1273648 2962198  4765631  5028939 5338759 3261050 5139132  7858319  5587946  2012059  3226447 4923019  5154164
           16384     256 1279291 3001400  5052231  5732926 5610758 3746603 5042962  7028108  5663472  2693423  2384866 5124951  4220370
           16384     512 1184761 3591521  5753084  5795294 5793828 3447037 4173212  3819912  4046414  2115694  3130898 4024612  5889161
           16384    1024 1068685 1943050  5430735  6113394 6113394 2719753 5542427  6869333  7787080  2194752  2681442 5765150  5891685
           16384    2048 1110244 1943324  2831713  3384394 4731180 3126766 4880712  4336761  6291951  2399188  1955824 4707843  5149144
           16384    4096  993030 2129198  3152586  3295296 3573220 2450433 4387710  3012320  3800476  1409751  2514819 4364580  4450799
           16384    8192 1286043 1881034  2753205  2811669 2937758 2125050 4231545  2826356  3518877  1954656  2479432 2793042  3442030
           16384   16384  835365 2621799  3713601  4038329 4216227 2437742 3687694  2704127  3411275  2332572  2372762 4336761  3789160
           32768      64 1234997 2956642  6506661  6450471 5711676 3681847 5574756  8133057  5523006  3220762  3543263 4680556  4994364
           32768     128 1363579 2894438  3018194  4773875 4982957 3267625 5506190  7459047  5531453  2865054  3567914 5469596  4534770
           32768     256 1372141 2808900  4577208  4602962 5287780 3836632 5660395  7403597  5727624  3394241  2959571 5312511  5488818
           32768     512 1203685 2564408  5619660  4497965 4291238 2236423 5683803  7031993  5940530  3267625  3477459 5302263  5203693
           32768    1024 1149512 2450861  3416601  3399530 4388384 2584614 3391142  3856008  4551741  2589532  1415527 5662260  5449643
           32768    2048  817097 2219592  2771795  5010387 5059262 2886535 4720910  1838112  3657158  1445693  1814380 4149500  3727784
           32768    4096  616357 2365932  2713246  2888052 2624593 1923788 2597117  2173779  2672931  1536183  2054922 2694997  2688513
           32768    8192  956530 2468203  2750605  2744124 2834388 2068935 4176865  2545646  2720711  1896499  1125886 4095954  3452909
           32768   16384 1145211 2502538  4110900  3973739 4241313 2649180 3671813  2799004  3524545  2339593  2697218 3931342  4272827
           65536      64 1122249 2590772  4652575  4594791 4302846 2643315 5835825  7586856  5621477  2630893  2780960 6246400  6383779
           65536     128 1193389 3246622  4355687  4729423 5050599 2919084 4671393  6888340  4964849  2818283  3135091 4671076  4699265
           65536     256 1387797 2155519  4504511  5681431 4970055 3013423 4594177  6196553  5197181  2535030  3180433 5579939  5202492
           65536     512 1286406 2589650  5667257  4276737 5654085 3808449 5716642  4087050  2262112  2106718  2625315 1877494  4245100
           65536    1024 1349870 2107332  3444766  5834215 3312228 1972319 3506283  6033607  5853471  2756972  3011344 4034502  4230009
           65536    2048 1310166 1436437  5013476  5284304 3420248 2198833 2723429  1669875  2840504  1813396  1493692 3135377  3103061
           65536    4096 1260741 2284522  4349691  3102711 3200318 2441258 2721245  2159906  4180347  1602620  1525863 3006502  2838890
           65536    8192  996624 2544086  3284014  2644816 2662982 2055518 2664609  2200382  2985992  1772401  2274673 2770030  4138680
           65536   16384 1262275 2309882  4154694  4244838 4298876 2699173 4133452  2826891  4250088  2499644  2091856 4260562  4137620
          131072      64 1215825 2770795  2142614  4355853 5951876 3010796 5387290  7686655  5569978  2814457  2069078 5709446  6239722
          131072     128 1326493 3084914  4805565  5223640 5472940 2907348 5629294  7973275  5629525  3013139  2741174 5967576  5808375
          131072     256 1341437 3146535  5547552  5704292 5537940 3210894 3317681  6850897  5442275  2269291  2356263 5188685  5429858
          131072     512 1285585 2983590  4280860  5631947 5583725 3153050 2901119  6329231  5503071  2717019  2716576 5506765  5541177
          131072    1024 1304198  472478  5306584  5377278 5583725 2967790 5388135  6505769  5701216  2514666  1870637 5213683  5368929
          131072    2048 1129911 2430366  4603055  4752269 4812802 2473048  438502  3633912  4593555  1792190  1747532 4738832  4331691
          131072    4096 1143395 2238175  3913053  3342126 3867113 1750843 4044677  2850930  4151769  1823530  1801900 3799416  4102814
          131072    8192 1170996 2352331  3999160  4038823 4071064 2102607 3795979  2837481  3956164  1833993  1859174 1265747  4052429
          131072   16384 1122106 2233973  4000004  4033105 3948294 2316333 3631224  2846605  4107320  2032783  1998837 3203671  3601890
          262144      64  116076  121722  5720788  4628084 5692709   59595 5333220  7981251  4620344   111034    76402 5313015  5749386
          262144     128  114321  114278  4990933  4633486 4965889   90338 3974596  7327400  5449525   119759   118118 5222816  5756219
          262144     256  116323  105683  4947611  5490371 5407501   92581 4804763  7168321  2902588   117942   116931 5116201  5476751
          262144     512  115121   96495  4345744  4642270 4861099   68034 5058928  5499020  5243815    82150    78482 4688852  4061092
          262144    1024  112100  132663  4895403  5489576 5429987  107816 5079518  6028493  5330505   122509    92617 4410894  5518838
          262144    2048  110519   98160  4174069  2847717 2907831  110771  694954  3598104  4604670    92093    92419 2258091  3158401
          262144    4096   84610   92621  3317769  3510553 2700674  136090 2750148  2785627  3923663    78424    92117 3856828  3968456
          262144    8192  108794   61943  3783125  4064740 3945401  114256 2047439  2655159  4007758   127306   125647  191893  4041195
          262144   16384  114502  113997  3885573  4025365 3923438  118276  473074  2727627  3989406   133436   124756 2799935  3490836
          524288      64   34182   76841  5372016  5800231 5659478   10121 4255999  7967307  5809225    79699    72510 4422691  6051966
          524288     128   76486   45798  5537304  5903548 5518752   17803 4043869  7155953  4911638    71482    69789  796503  5741158
          524288     256   70954   74526  5375430  5552671 5422753   30071 5076174  7203539  5566755    78351    76191 4272787  4282356
          524288     512   63108   69691  4730345  5092550 5207774   44088 4245138  5693458  4594624    42595    67707 4856459  5626664
          524288    1024   42025   73111  5015564  5007239 5446648   32529 4902867  6393925  5223285    76118    67572 5238578  5549546
          524288    2048   77740   46115  4781765  4724258 4888241   45695 2744878  3354200  4948221    74112    75807 4371912  4237457
          524288    4096   76445   59546  3988074  4193633 4021601   54172 2891348  2628628  3188030    61969    52414 3823877  3978053
          524288    8192   77203   39042  2846916  3616672 3910175   35044 3798526  2614486  4010804    67126    71941 3304159  4136590
          524288   16384   72313   32188  3941567  4013989 3944034   34880 2806846  2132456  2637677    46596    72406 3359509  4021079

iozone test complete.
