	Iozone: Performance Test of File I/O
	        Version $Revision: 3.420 $
		Compiled for 64 bit mode.
		Build: linux-AMD64 

	Contributors:William Norcott, Don Capps, Isom Crawford, Kirby Collins
	             Al Slater, Scott Rhine, Mike Wisner, Ken Goss
	             Steve Landherr, Brad Smith, Mark Kelly, Dr. Alain CYR,
	             Randy Dunlap, Mark Montague, Dan Million, Gavin Brebner,
	             Jean-Marc Zucconi, Jeff Blomberg, Benny Halevy, Dave Boone,
	             Erik Habbinga, Kris Strecker, Walter Wong, Joshua Root,
	             Fabrice Bacchella, Zhenghua Xue, Qin Li, Darren Sawyer,
	             Vangel Bojaxhi, Ben England, Vikentsi Lapa.

	Run began: Mon Oct 28 16:08:02 2013

	Auto Mode
	Command line used: iozone -a
	Output is in Kbytes/sec
	Time Resolution = 0.000005 seconds.
	Processor cache size set to 1024 Kbytes.
	Processor cache line size set to 32 bytes.
	File stride size set to 17 * record size.
                                                            random  random    bkwd   record   stride                                   
              KB  reclen   write rewrite    read    reread    read   write    read  rewrite     read   fwrite frewrite   fread  freread
              64       4  810913 2766563 16747405 1279999933435401 536565216747405  6386989 29732076  4327616  400479716747405 12799999
              64       8  841415 2657027 12799999 1279999912799999 724943222316656  9247313 12799999  3779265  487811833435401 12799999
              64      16  697183 3233052 12799999 1279999912799999 812739333435401 10313143 12799999  6386989  536565212799999 12799999
              64      32  968981 2916873 12799999 1279999912799999 812739320603743  8939362 12799999  7058800  705880012799999 12799999
              64      64  228450 2002823 12799999 1279999912799999 924731333435401  7888552 12799999  7888552  319457712799999 12799999
             128       4 1050569 4005647 15777105 2062628714117601  90074711663885  6098832 11663885  4293988  443590516254787 21450400
             128       8 1102339 3354846 21450400 4120748621450400 609883215777105  8517909 31527823  5590746  531405518494627 25530657
             128      16 1022555 5590746 21450400 1625478725530657 638915418494627  8517909  1362518  5590746  583374721450400 31527823
             128      32 1206374 5771038 21450400 4463331225530657 715556117878724  9095116 25530657  6793385  755853021450400 31527823
             128      64 1161986 5833747 21450400 3349481125530657 715556118494627  8009594 25530657  4259917 1073130511663885 15777105
             128     128 1220082 5533127 25530657 3152782325530657 715556118494627  7155561 25530657  7155561  553312718494627 25530657
             256       4 1057844 3932709 13416996 1511706011066254 4647659 6586222  5710527 10628110  4329106  419383711066254 12778308
             256       8 1229904 3555101 15117060  887181114311123 556260813586770  7352961 12778308  5016817  513682016019188 18190233
             256      16 1279744 5211618 16019188 1951247417035819 624165113586770  7779132 21462611  5562608  544967816019188 17035819
             256      32  870111 4647659 16019188 1951247417310464 195571214311123  7951965 17035819  5803116  624165117035819 18190233
             256      64  752959 5211618 17035819 19512474 2462549 692609312197664  8011295 18190233  5803116  675188317035819 18503704
             256     128 1353976 5449678  7507188 1819023316019188 670969215117060  1560606 17035819  5211618  984826913586770 17035819
             256     256 1325560 1938062 12197664 1511706014907184 580311612778308  4066765 15117060  6390237  6390237 6065362 14311123
             512       4 1122557 3683325 11928577 1278047410224725 441843110423236  5276003 10033635  4194070  360904311606232 12199637
             512       8 1062569 4409359 14605902  224625413172444 545007213172444  7404388  3848340  5017151  482549714219064 15120091
             512      16 1239866 4658028 14219064 1544635713852187 596476013092138  7534277  7133822  5124910  497069913092138 15014377
             512      32 1343833 4658028 14605902 1544635714605902 294164310033635  7779935 17598216  5636018  272513415120091 15558264
             512      64 1398986 4970699 15446357 1651548610474074 6242168 4028834  7641516 18350094  2739037  569581215014377 16022591
             512     128 1110368 5341620 14605902  405929613092138 656665613763408  7751851 16515486  5883057  5124910 7205632 14219064
             512     256 1080207 5064479  3855249 1385218713503767 624216812780474  2721680 13763408  4970699  883634513503767  3820951
             512     512  998352 4740283 13172444 1278047413763408 617042512780474  5948238 13763408  4194070  391142412483303 13852187
            1024       4  988251 3400530  5388725  5757109 9850198 2652805 7641903  5478075  5070629  3670822  396936611126037 11766115
            1024       8 1009860 4740432 13295940 1465716611896477 483107911896477  7482150 12340850  4831079  343589512974615 14220404
            1024      16 1297954 4373566 12484336 1055200612631198 559219710552006  7534653 11513778  4761454  445061111896477 13633584
            1024      32 1250344 5118976 14034534 1460731714034534 404792812340850  7574517 13676999  5174481  457384113633584 13504976
            1024      64 1100983 3531962 14657166 1555987014607317 116615013633584  8133969  6607352  5443361  559948812166064 15068554
            1024     128 1273704 5282677 12631198 1460731713295940 5749402 8984751  7997652  9850198  5361815  5094688 8746880 14034534
            1024     256 1236663 4993982 12166064 1309327510577995 6100559 9316056  6915894 13853460  5422743  598995311482995 12819708
            1024     512 1365202 4588500  5915700 1329594013133312 107885810128959  4214766  5718780  4852914  706376011011932 12781557
            1024    1024 1150839 4487815 13133312 1281970813133312 5094688 6871634  5422743 10683241204799999  3767421 7469138 12819708
            2048       4  950316 2642220  4355887 10956151 6607497 1433321 5361911  4378088  9356936  3893845  3483307 7731516 10449680
            2048       8 1233826 3180245  6224461  775945210093592 3361972 9480865  6801061 11376967  4423176  4239789 6463318 12183812
            2048      16 1188584 3537822  9480865  552042211498804 3524757 7087238  5375332 93339959  4071004  3857128 9266095  7909492
            2048      32 1148075 3814309  6893850 13484380 8227682 449257610286995  5658612  7902216  4055627  3200388 6938398  6607497
            2048      64 1398777 4301358  9439193 1374326912484853 614871810034636  6669056 12725292  4875025  4111927 8088233 13214704
            2048     128 1400830 3864068  9099232 1265033013296526 586732710189376  7724563 16392114  3195626  4423176 9749894 10046372
            2048     256 1232940 3266099  6096352 1197990710886723 4530488 5446911  6893850 13400238  4414084  4320830 5919893 11317012
            2048     512 1161111 3814309  8606903 1204711210886723 5595944 7110705  5718889 11766574  1216872  3542199 6061935  9060840
            2048    1024 1197031 2817269  8065450 14127520 9397885 4696446 6587229  5506267 10034636  4384793  4740507 5209088  7212199
            2048    2048 1044873 2745240  6242555  4552095 5032097 1410491 4452984  2809896  4471529  2897083  3403263 5237674  5688591
            4096       4 1013320 2299839  4055654  6085616 4253465 1743082 4035648  4708066  4465750  2748766  2377169 4261907  5069260
            4096       8 1113044 2165885  5212293  2738251 3842487 2448311 4149698  4466911  5353604  4335035  1745207 4462270  4708066
            4096      16 1362613 1626723  5204398  5368661 7830285 3396554 2144527  7909596  5114535  3235362  2856157 4275696  5718943
            4096      32 1124040 2267961  4691353  5382116 6977932 2183226 4087497  4958074  4132728  4802832  3284851 4618209  5944532
            4096      64 1425238 2594351  5171499  4773474 5713237 3586590 5049889  6963790  5152886  2668498  2590830 4223143  5258561
            4096     128 1184897 2597096  6320709  5511617 7488952 3025142 4188139  6989288  5075251  4023361  2699951 5490480  5557978
            4096     256 1176701 3088777  4403933  3746949 5534700 2563001 3421583  5859380  9162457  2901010  2904935 4120832  5218627
            4096     512 1531178 2525326  4768174  6049189 7200194 3995291 4298160  4462270 12262326  2840103  2485503 3740422  4271443
            4096    1024 1291328 2178796  3413425  6040681 5063284 3720173 4244008  4696483  5305657  3138432  2727383 3991578  4436917
            4096    2048 1141289 2834480  5333659  4311103 3926801 1833491 3795793  3136140  3799151  2499243  3124164 3393870  3576882
            4096    4096 1108233 2222484  3150518  3570934 3483327 1968356 2793916  2457065  2813130  2500698  3000835 2026638  3673244
            8192       4  942808 2326000  4558186  4573962 3476992 2208063 4242451  4662090  4146207  2541019  1918463 4220564  4318162
            8192       8 1018005 3104133  4411299  4641935 4039457 1807168 4273584  6906440  4521001  2051079  2943515 4581891  3253446
            8192      16 1301109 2440317  5549924  2377831 3778690 2817058 4773492  5872427  4757629  2884457  2917521 4946673  3083242
            8192      32 1185348 3117369  4905710  5661489 5712315 3369913 4850310  4406773  3427737  3248217  2652027 4964542  3549182
            8192      64 1213437 2677028  3424662  4905010 6720036 2918265 4793471  6532234  5174637  2262290  3503940 4602144  4749081
            8192     128 1265364 2705272  4584337  4896622 4591688 2359543 5461704  7087363  4749081  2138791  3024883 4087997  4383162
            8192     256 1085751 2930960  4065265  4510911 4607080 2568754 3712147  6037527  4511503  2952113  2819832 4112462  4045640
            8192     512 1165130 2802582  5251350  5191839 5465179 2657154 5142881  8007343 12301964  2555191  2989875 4708084  1932925
            8192    1024 1128064 3114826  3055549  4697143 4404513 3794128 3755971  5097862  4591688  2782609  1591021 3701748  5145962
            8192    2048 1010490 1750455  2579360  4735336 4473907 2473342 3644038  1791713  2696355  2028795  1534051 3608826  3544788
            8192    4096 1207382 2102666  3379526  3999956 3295256 1872054 3744102  2382778  3271723  2125034  2448316 3088785  3304765
            8192    8192  987575 2115743  2528491  3383852 3427737 2287594 3274218  1831051  3533851  1836336  2051569 3213885  3414792
           16384       4  971203 2318703  4641317  4137477 4203275 1847346 4296839  4250068  4504709  2134408  2158069 4228102  3661908
           16384       8 1042040 1655451  3845946  4203275 3794553 2164595 4220312  4132004  4449870  2252430  2053655 4825796  4912734
           16384      16 1146776 2635350  5779102  4920121 5194597 2733903 5382574  5797630  4976776  2719836  3165916 5244549  4367847
           16384      32 1244894 2816599  5341987  4132004 4764236 2534275 4120853  5343648  5476079  2767484  1822071 4907122  4776820
           16384      64  939611 3059634  5086929  4732411 5163760 2271115 3970840  5634116  5531175  2297002  2598971 5227792  4112469
           16384     128 1291209 2632019  5244549  5204432 5464757 2899797 5135973  6372929  4671924  2139725  2170406 5616617  5368697
           16384     256 1073657 3107084  5008697  5263025 5702847 3178215 4146714  4883409  4056393  2284099  2748556 2789729  2984814
           16384     512 1169195 2694772  4989061  4364241 4598457 2728367 4440094  6704320  4716172  3135723  2344252 3299375  4146965
           16384    1024 1138172 2839996  5278387  1693806 4441242 2124182 2366289  1369567  6434993  1566183  2352035 4318441  4114438
           16384    2048 1122041 2261771  4204304  3729680 3612816 2050285 3608831  2869884  3245613  1643337  1795506 3361511  4559707
           16384    4096  998785 1362048  3312575  3013347 2754947 2108669 3544793  2269240  3411237  1880868  2371761 2972934  3407685
           16384    8192  983913 2158069  3783064  3596931 3759470 2021991 3211936  2076240  2544409  1528083  2359140 2741647  3642691
           16384   16384 1125902 2112948  3678570  3445616 3649074 2150169 4275718  1950483  3297949  1804985  2312150 3222026  3854142
           32768      64  760772 3022095  5588987  5710911 5026471 2028977 4326874  6254608  4847929  2381213  2371926 4663844  5276771
           32768     128 1115802 2607255  5393987  5289362 4764901 2542715 4633498  5717563  4850838  2648352  2470100 4998138  4426941
           32768     256 1184756 1725903  2751033  5203650 4561830 1391011 4516705  6618451  4657206  2402315  2803273 4568806  4379682
           32768     512 1091937 2736790  4494990  5052897 4369657 2851606 4013281  5734740  4829531  2315774  2606019 4791981  4172652
           32768    1024  740890 2631970  4239714  4931955 4119745 2932780 4500436  5045107  4379543  2042000  2351513 5185587  4249546
           32768    2048 1024318 2055468  3693401  3498240 2776935 1753986 3552493  3225810  3630377  1674144  1520897 3482991  3862811
           32768    4096  949327 2052215  3285024  3348736 3064958 2080106 3482638  2213757  3232182  1761630  1735208 2149430  3483344
           32768    8192 1051938 1979104  3448558  2916598 3494504 1979817 3220443  2220803  3137801  1785338  1672860 3190391  3195360
           32768   16384  979028 1947692  3675621  3285024 3388615 2089912 3126737  2414894  3169057  1926965  2663647 3053314  3176748
           65536      64 1115698 2398731  4726071  4964829 3601648 2092059 5224918  5917457  4926742  2614447  2767319 4483554  5055688
           65536     128 1205060 3067867  4578777  4664479 4424805 2893816 4210750  5640369  4069309  2376910  2808257 4515075  5173390
           65536     256 1174626 2843965  4342118  4419185 4224599 2750511 4711086  5586151  4470356  2525081  2769912 4516262  4781231
           65536     512 1203071 2888707  4651613  4434442 4983009 2904579 4533767  5268582  4647602  2635378  2861849 4567973  4512629
           65536    1024 1101631 2671024  5038451  5133967 4545462 2970239 4691547  5275762  4788143  2342915  2264158 4295166  4972013
           65536    2048  990044 2152258  3677836  3643516 3660205 2279346 3604860  2982841  3877197  1671670  1657458 3752393  3531817
           65536    4096  995883 2014376  3111871  3080139 3077243 2116528 3370004  2168764  3154258  1592193  1724951 3512321  3321465
           65536    8192  994403 1937328  3094530  3298744 3412257 2115014 3182303  2372684  3143364  1721235  1688636 2808601  3165190
           65536   16384  911350 2163115  3327375  3302192 3372733 2069395 3387405  1997745  3210214  2001834  1994513 3101443  3404101
          131072      64  683107 2244377  4668283  4358297 5029602 2289551 4742134  7693839  4875103  2224614  2331370 4892239  4635767
          131072     128 1044740 2571355  5185836  5168868 5150804 2599391 4709715  6935404  4953378  2389681  2497606 4703993  4693391
          131072     256 1138123 2448931  4384121  5015973 4706691 3004441 4471012  5643323  4429298  2378453  2557205 4636940  4904504
          131072     512 1182405 2153557  4424343  4669472 4698605 2632123 5046454  5871638  4897687  2583717  2473424 4882160  4927141
          131072    1024 1088358 2436925  4330080  4694192 4494479 2384250 4610033  5658425  4804716  1992547  2161015 4903891  4823602
          131072    2048  937661 1916927  3753597  4113367 3805907 1973145 3812558  2893999  4231949  1487474  1638294 3658063  3862189
          131072    4096  895716 1660211  3399975  3260497 3269028 1780043 3319279  2287275  3322328  1524410  1564553 3316256  3270759
          131072    8192  937783 1801952  3258468  3249992 3258139 1874974 3126934  2701183  3121944  1526615  1563547 2979592  3156613
          131072   16384 1001796 1809484  3293113  3264485 3440467 1965891 3376566  2419326  3217429  1733277  1765948 3467965  3359872
          262144      64  100744  118633  5227206  5302786 4318906   74629 4760902  6618300  4672290   125430   114843 5242784  5462488
          262144     128  118476  110578  5252752  5180827 5267751   76282 5371147  7229204  5266364   129940   119064 4935125  5253606
          262144     256  113753  111296  4299568  5013275 4843470   95250 4414840  5901611  4154822   110319   112216 4719743  5267827
          262144     512  120225  115340  4834994  4961940 4540302  107638 4216565  6010525  5012315   121373   141918 4616091  4692210
          262144    1024  106415   88981  4499408  4645070 4726113  131984 4216484  5743253  5061089   118672   131427 4629970  4886543
          262144    2048  138250  128096  4033972  4175206 4070938  138231 3529222  2870352  3489803   167832   152707 2935906  3096543
          262144    4096  132120  127070  3487114  3115831 3137311  154058 3259279  2619818  3277086   166237   147031 3452578  3290620
          262144    8192  153484  144047  3350126  3545747 3218578  151336 3450714  2313650  3354112   161716   160966 3110657  3527229
          262144   16384  153667   92831  3275289  2952636 3541339  149409 3250790  2419529  3519754   189126   163815 3311572  3223183
          524288      64   59863   72993  4897776  5141688 5162753   29141 4893492  7813747  5417033    72593    78307 5487501  5219861
          524288     128   73028   67933  5217161  4985045 4946304   43784 4885317  7332496  5149213    77610    76014 5366690  5581928
          524288     256   77606   74837  4750751  4838164 4878100   51856 4524683  6316563  4861040    76505    81083 4444167  4985666
          524288     512   80791   73563  4742974  4607706 4577655   60216 4319788  6235426  4729539    78365    75785 4749930  4828592
          524288    1024   80454   74508  4351080  5034935 4737313   60741 4449833  5826199  4796344    80619    73306 4526126  4376148
          524288    2048   74554   70205  3797344  3846375 3797128   64169 4188910  3083284  3806138    62679    71004 3933556  3958409
          524288    4096   73910   68151  3211936  3420373 3582988   63219 3304853  2201658  3395230    73979    71661 3354173  3316161
          524288    8192   71900   66888  3248192  3245302 3197634   63238 3617171  2489094  3520036    75347    71432 3328917  3291630
          524288   16384   79401   74454  3643088  3521992 3455991   79349 3280430  2382486  3375162    85588    79805 3338946  3373381

iozone test complete.
Timer resolution is poor. Some small transfers may have 
reported inaccurate results. Sizes 1024 Kbytes and below.
