	Iozone: Performance Test of File I/O
	        Version $Revision: 3.420 $
		Compiled for 64 bit mode.
		Build: linux-AMD64 

	Contributors:William Norcott, Don Capps, Isom Crawford, Kirby Collins
	             Al Slater, Scott Rhine, Mike Wisner, Ken Goss
	             Steve Landherr, Brad Smith, Mark Kelly, Dr. Alain CYR,
	             Randy Dunlap, Mark Montague, Dan Million, Gavin Brebner,
	             Jean-Marc Zucconi, Jeff Blomberg, Benny Halevy, Dave Boone,
	             Erik Habbinga, Kris Strecker, Walter Wong, Joshua Root,
	             Fabrice Bacchella, Zhenghua Xue, Qin Li, Darren Sawyer,
	             Vangel Bojaxhi, Ben England, Vikentsi Lapa.

	Run began: Fri Oct  4 12:56:47 2013

	Auto Mode
	Command line used: iozone -a
	Output is in Kbytes/sec
	Time Resolution = 0.000001 seconds.
	Processor cache size set to 1024 Kbytes.
	Processor cache line size set to 32 bytes.
	File stride size set to 17 * record size.
                                                            random  random    bkwd   record   stride                                   
              KB  reclen   write rewrite    read    reread    read   write    read  rewrite     read   fwrite frewrite   fread  freread
              64       4  639427 1722886  3958892 1597288510402178 4018152 4274062  4988978 10821524  3541098  1029254 3738358 12902017
              64       8  614542 1124074  2278628  3165299 7100397 1638743 4643754  4018152  9006179  1066042   939223 5389653 12902017
              64      16  942521 2278628  4897948 10821524 9318832 2892445 4564786  4018152  8182586  3057153  3057153 4988978 10402178
              64      32  752329 3363612  6421025 1290201710821524 1933893 3791156  3363612  7940539  4564786  4564786 5735102 20962191
              64      64  298990 1933893  1734015  2278628 2203800 1421755  120493  2923952  5389653  1421755  2561267 4564786 12902017
             128       4  618653 2027414  5603747 12842051 9795896 4267461 4759253  5325799  8548124  4407601  3297617 4557257  9977956
             128       8  794416 1878447  6114306 1588107812842051 5325799 5325799  6727225 14200794  4717434  3867787 4135958  8036304
             128      16  895074 1755594  5325799 1172061412842051 5545860 4557257  6114306  9129573  3759450  3297617 3657016  6727225
             128      32 1123617 4135958  7082197 1801235914200794 5545860 5784891  6727225 10567140  5379161  2367096 3867787 14200794
             128      64  780556 1997245  6727225 1077930712842051 5847904 3982553  6406138  6727225  3359523  5122535 5325799 10779307
             128     128  852438 2843510 10567140 1284205112842051 5784891 4934216  5603747  5325799  4889281  4012317 5603747 10567140
             256       4  937924 2247235  5217259 11091721 2842047 3879045 4132864  4652146  7120034  3756894  2975955 5117791  9434868
             256       8 1012194 3285566  5971678 13454450 2984226 2842047 4132864  3368013  8271916  4422226  3717869 5022044  7791708
             256      16 1132871 3557725  5540300 1362518012228612 4572895 5117791  5971678 15164624  5022044  3756894 5841722 13454450
             256      32 1262029 4070199  6398720 1435374412812277 5569035 4477549  6891544  6249745  5217259  4477549 5347168 12812277
             256      64 1175022 3557725  7120034 1495343511569783 5428265 5717301  6936061 10651598  5242734  4477549 5569035 14353744
             256     128  673696 2812272  7791708 1345445012228612 5217259 4496299  2665657  5455847  3009318  3557725 5217259 12812277
             256     256 1048775 3245838 12090911 1281227711569783 5217259 4907284  5117791  4734192  5022044  2065659 5569035 12812277
             512       4  664895 1910902  2337255 11138071 9468384 3762197 5177083  5177083  8992598  4195896  3158966 5384786 10856530
             512       8 1094088 3201349  4827914  5019764 7647578 1924603 5344582  6174377  9145790  4411377  3604335 6035551 13109944
             512      16 1258188 3437042  6319739 1352271112215097 5164632 5227492  6652558  7540170  4973263  3905895 5331314 13109944
             512      32 1279935 3346002  6652558 1004408913109944 5624545 5278892  7115451  8109658  5227492  2307123 5968453 13522711
             512      64 1337324 3913012  6909408 1462806713872122 5164632 4827914  7309196 13872122  3710197  4296637 5331314 13438092
             512     128 1267097 3710197  6843354 1387212212797441 5684095 5115422  6395018 10485468  4784885  4375425 5886650 13109944
             512     256 1316016 3634839  7647578 1221509711877300 5177083 5331314  5744919  5227492  3550700  5164632 5699180 12146009
             512     512 1302447 2708713 10641343 13109944 7435738 3710197 5331314  4620174  5509113  5278892  2958758 5453155 12499490
            1024       4 1091809 2805690  3259181  9485232 8750850 3411938 5042191  4634161  6025439  3631168  1697745 4018473  6364746
            1024       8 1203474 3556008  6059442 1203727211398360 4232305 5690162  6059442  8199542  4550690  3671521 5758828 11645609
            1024      16  862650 2211841  4287225  8391792 6787181 2902385 4634161  4029784  4876180  4099011   980853 2900425 11249091
            1024      32 1065535 3229770  5821271 1066262810906310 4232305 4920874  7220790  6137371  3483896  2353657 6290174 14422045
            1024      64 1361404 4249053  5144870 1442204514422045 6244448 5789881  7869040 10662628  5472650  4304412 5751117 14422045
            1024     128 1361836 4470172  6280976 1418390513643232 6280976 3778101  7869040 13142265  4783849  4488860 6128613 13863422
            1024     256 1280243 4321737  6918376 1294422412944224 6059442 5601115  6609617  9923546  5251818  4783849 5950309 12639479
            1024     512 1301187 2774874  7941793 1314226512944224 5720477 5813392  6364746  4898425  4433259  3778101 5845038 12983353
            1024    1024 1174513 3012308 12313351 1314226512348754 5417427 5950309  3335105  5660167  3849207  3335105 6059442 12348754
            2048       4 1051810 3230749  4367454 11917129 9708272 3121562 4385291  5904523  8431376  3600433  2386884 5689430 10503637
            2048       8 1178348 3251539  4709895 1198363012187663 4094723 4772701  7237860  8713618  3792790  3477979 4923146 12257227
            2048      16 1300361 4170264  5704543 12050878 6738230 4213218 6185123  5489457  6823876  5172149  4511980 4909079 12345306
            2048      32 1238312 3402216  4911886 1330111314017386 4432815 6167360  5785224  6097316  5290001  4240255 6382745 13836752
            2048      64 1147343 3448657  6738230 1205087813384011 6058611 4686767  8253158  9441504  5107566  3319389 6243566 12959958
            2048     128 1345582 3772800  6317030  422357612882215 4945823 3786104  5593112  7361923  2619037  4180412 4613765 13301113
            2048     256 1334295 1873565  6062888 1008438212805399 5800851 4603874  7059413 12257227  3791117  3476572 5868220 11770166
            2048     512 1335747 3878414  6873016  710613311502234 5578583 4807425  6670210 10289741  3915540  3784436 4481379 10889797
            2048    1024 1414259 3908414  7782107  675943910439809 4071433 5626082  5991003  8190205  2994254  4130162 5785224 10339282
            2048    2048  978485 3075736  6479029  7135648 6303124 4240255 5389574  3757946  5209791  4046500  3848872 5197183  6563185
            4096       4 1020436 2771033  4875373  5885924 6339889 2864359 4521249  4271680  4490523  3354260  2809093 4904602  5818150
            4096       8 1243403 3116922  6254490  6459069 6608135 3456153 5190597  7301864  5955295  3643812  3387995 5312585  7237268
            4096      16 1392231 3433360  6311938  7123239 7969117 3992713 5369035  6430059  6967243  3775126  3564431 5483860  6379914
            4096      32 1376282 3612399  4763181  6252213 7342434 4161985 6013663  6989921  7670249  3761900  3689988 5596402  7599002
            4096      64 1457674 3803543  5556581  6769576 9373535 4214051 5278308  8340529  7998800  3977000  3343814 5431844  5447345
            4096     128 1327265 3935097  6103394  6114255 7170810 4409837 5184332  8292220  6941906  3938705  3020473 5271829  6096896
            4096     256 1322972 3839243  5404504  5802430 5894001 4404184 5007531  7261741  9773474  3580030  3634562 5581856  6261328
            4096     512 1411911 3519162  5497899  6897314 6032669 4338563 5225329  5980170  9144037  3436107  3637640 3217321  5286429
            4096    1024 1357683 3230023  4915829  6919538 5810280 3953206 5075585  5081590 10142762  3564431  3482778 4405314  4011358
            4096    2048  249726 1621536  4628439  4812550 4653513 2493158 4183268  2292236  4404184  2324492  2996241 4348447  4735608
            4096    4096  671592 2526895  3618486  3792628 4201683 2838800 4028288  2714122  3568133  2734426  2886496 3980686  4019805
            8192       4  872876 2722467  4584473  4343393 4466476 2280038 4615263  5133064  4615263  2131126  2294043 5261984  4941141
            8192       8 1211137 3213952  5901904  5502130 5375591 2894717 4770989  5649594  5649594  3433293  2716226 5752696  5553712
            8192      16 1399365 3407755  5741161  5461029 5657036 1730463 5357152  7217210  5793435  3155510  3187712 5805180  5245116
            8192      32 1291486 3766356  5966469  6054786 6071906 3565099 5793435  7664784  5516264  3376611  3295327 5802240  5781736
            8192      64 1382640 2130994  5539386  3626431 5817959 3691893 5855636  7585256  6354905  2045002  3258451 5490700  5123115
            8192     128 1327050 3616888  5798323  5672914 5693594 3420306 5149219  7087688  5347148  3173873  3216359 5703991  5001558
            8192     256 1376106 3599459  5442863  5490700 5075439 3678455 5291970  6548696  5480191  3345053  3204958 3817406  3978292
            8192     512 1356494 3671773  5622783  5254742 5482815 3621463 5336352  6010303  8056577  3336931  3257215 5449769  5201445
            8192    1024 1148125 3174166  5454094  4081792 5752696 3611945 5088216  6081578 10863689  1740015  2710655 4209304  5177930
            8192    2048 1219779 2668343  4481039  4982701 4605365 3060236 4164914  3578839  5914094  2633171  2473381 4630813  4673010
            8192    4096 1174820 2425711  3406404  3810210 3497955 1833124 3954028  2543318  4027252  2274906  2997498 3775461  3855097
            8192    8192 1026037 1841771  4097857  3913942 4051471 2731558 3517291  2830569  3514054  2569566  2598914 3236658  3873350
           16384       4 1040576 2472296  4541993  5165399 4379601 2344589 4854508  5290262  4558867  2583360  2845432 5012066  5411065
           16384       8 1205334 2994207  5702479  5748753 5009144 2601059 5209254  7217821  5018289  2853940  2859759 5430735  5613049
           16384      16 1304053 3239986  5712909  5801655 5364599 3056126 3916798  7025952  5264728  3008364  3081479 5253057  5681264
           16384      32 1413870 3424876  5630064  6201108 3854191 3140484 5591583  7922644  5752602  3185763  3050429 5862033  5728625
           16384      64 1294254 3304487  5655548  5520166 5481418 3147677 5722900  7641605  5276451  3316608  2668841 5055205  5561715
           16384     128 1335816 3467562  5443210  5793340 5714809 3686705 5407233  8151964  5477486  2924630  3399126 5533501  5317690
           16384     256 1346469 3438414  3665467  5352482 5153778 3480206 4794893  5791387  5370049  3001269  2997472 5231064  4824516
           16384     512 1328353 3567840  5375510  5312346 5523715 3454315 5312756  5979867  5288633  3332046  3148254 5147601  5470509
           16384    1024 1312071 2212560  5016457  5726715 5712909 3340956 5249445  6157214 10820591  2808796  2898234 4770925  4963556
           16384    2048 1267330 2796338  4191283  4783544 4299318 2532614 4299049  3177073  6265562  2160935  2103777 3623908  4336487
           16384    4096 1171371 2453845  3915013  3929116 4027679 2345550 3964248  2788395  4039516  2185121  2448599 2812130  3852246
           16384    8192 1142149 2018738  3978708  3953756 3820761 2707217 3066491  2623501  3898135  2140006  2681023 3606411  3843412
           16384   16384 1125353 2529631  3996990  4096100 3903671 2310845 4149775  2734362  3165365  2512061  2500544 3798795  3984475
           32768      64 1212285 3250469  5572721  5855740 5301241 3317953 5700778  7072522  5667163  3138104  2881210 5784271  5924397
           32768     128 1186303 3317873  5549993  5489695 4501058 3283315 5545290  7515744  5454834  3196269  3163238 5366443  5511710
           32768     256 1278302 2986517  5204482  5482250 5334989 3561719 5108721  6978082  5266504  2979718  3192260 5497820  4976281
           32768     512 1317616 3471574  5605221  5314360 4054389 3403487 5242798  6537923  5190526  2972436  2987556 5085847  4762791
           32768    1024 1212916 3383045  5316827  5188763 5286966 3036331 5115948  6224926  5265697  1903591  2798548 5066910  5183088
           32768    2048 1165291 2632788  3820953  4633532 4472787 2732503 4471623  3721525  6188489  2060621  2158756 4520898  4640729
           32768    4096 1177098 2462675  3945109  3874269 3755593 2448678 3532971  2710356  3550953  1956877  1995982 3512923  3752209
           32768    8192 1138957 2457479  3782570  3956124 3922366 2213158 3910758  2676471  3908868  2272213  2378791 3897229  3962283
           32768   16384 1167866 2268163  3774156  4000457 3823079 2459325 2834154  2609345  3403065  2197412  2803057 3429731  3358410
           65536      64 1041741 3343167  5621017  5178285 5341604 3320110 5371352  6823194  4962966  2334403  2680302 5140517  4005343
           65536     128 1125235 2085872  5498459  5454488 5331657 3318787 5444441  5809430  5383766  3065137  2855969 5425206  5575638
           65536     256 1120903 3468980  5204955  4565031 5161948 3505746 3480400  6590562  5213247  2842472  3160976 4785411  4864681
           65536     512 1345792 3470075  5215325  5229414 5230707 3490610 4900238  6977870  5367366  3011772  2854604 5322469  5281765
           65536    1024 1324439 3304384  5442285  5176237 5209098 3395490 5185220  6080992  5348567  2408087  2726454 5188450  4915661
           65536    2048 1193296 2702517  4101626  4665447 4405178 2471839 4372246  3289476  4305070  1989262  1990876 4548864  4585822
           65536    4096 1136216 2379569  3896998  3749180 3789965 2389394 3852323  2710004  3993182  1955134  1960461 3347442  3728735
           65536    8192 1093193 2451775  3595346  3892858 3765976 2344918 3876936  2727590  3916822  2051912  2096947 3559635  3865106
           65536   16384 1165478 2427889  3953894  4033199 4019869 2448478 3914200  2621634  3874204  2058227  2382250 3690934  2965823
          131072      64 1072776 2540792  5660186  5669233 5471360 2608236 5588493  7580349  5339207  2533182  2701465 4884382  5857451
          131072     128 1219842 2680456  5248926  5172721 4635776 2676515 5445671  7428750  5315820  2501370  2680914 5197122  5430555
          131072     256 1150471 2472592  5098507  4838215 5248124 2731518 4922739  6678131  4886900  2613444  2713827 5296053  5324469
          131072     512 1209786 2834730  5242269  5358410 5279219 2703072 5070855  6413778  5212447  2471514  2576902 3405962  5559782
          131072    1024 1158176 2556899  5135850  5331595 5087231 2787047 4847131  5246221  5351369  2097457  2203193 5030395  5261233
          131072    2048 1036428 2197205  4523294  4264323 4583750 2302460 4448265  3598306  4475752  1719788  1806714 3945942  4391448
