	Iozone: Performance Test of File I/O
	        Version $Revision: 3.420 $
		Compiled for 64 bit mode.
		Build: linux-AMD64 

	Contributors:William Norcott, Don Capps, Isom Crawford, Kirby Collins
	             Al Slater, Scott Rhine, Mike Wisner, Ken Goss
	             Steve Landherr, Brad Smith, Mark Kelly, Dr. Alain CYR,
	             Randy Dunlap, Mark Montague, Dan Million, Gavin Brebner,
	             Jean-Marc Zucconi, Jeff Blomberg, Benny Halevy, Dave Boone,
	             Erik Habbinga, Kris Strecker, Walter Wong, Joshua Root,
	             Fabrice Bacchella, Zhenghua Xue, Qin Li, Darren Sawyer,
	             Vangel Bojaxhi, Ben England, Vikentsi Lapa.

	Run began: Fri Oct  4 12:56:47 2013

	Auto Mode
	Command line used: iozone -a
	Output is in Kbytes/sec
	Time Resolution = 0.000001 seconds.
	Processor cache size set to 1024 Kbytes.
	Processor cache line size set to 32 bytes.
	File stride size set to 17 * record size.
                                                            random  random    bkwd   record   stride                                   
              KB  reclen   write rewrite    read    reread    read   write    read  rewrite     read   fwrite frewrite   fread  freread
              64       4  532815 1255511  4897948 12902017 9006179 4018152 4897948  5283570  4564786  3541098  2561267 4564786 10821524
              64       8  592827 1421755  6421025 12902017 9006179 4564786 4897948  4643754  5283570  2467108  3057153 3541098  4274062
              64      16  639427 1526887  4018152 2096219115972885 5860307 4897948  4274062  4274062  2689580  3791156 3541098  5860307
              64      32  818885 1484662  7100397 2273779115972885 5735102 3203069  5735102  4274062  3203069  2006158 3738358 12902017
              64      64  780776 1722886 12902017 1290201712902017 5860307 3363612  4564786  3791156  4897948  2662899 3738358 15972885
             128       4  848397 2409592  4407601 11720614 9795896 4557257 5122535  5325799  3199360  3867787  1911894 3657016 11470204
             128       8  927549 1911894  4596273 1420079412842051 5603747 3560017  6406138  6406138  4267461  2714132 5847904 12542043
             128      16  976473 1878447  6045455 1172061414200794 5784891 5122535  4934216  3445772  5325799  2326073 4267461 12842051
             128      32  962469 2286447  4889281 1254204314200794 6406138 3560017  7082197  4596273  4596273  2420455 4104338 11720614
             128      64  969421 2409592  7582312 1863766416365173 6406138 3759450  7082197  4407601  4135958  2843510 4135958 12842051
             128     128 1040839 2608629 12842051 1863766414200794 6406138 3759450  6406138  3982553  6114306  2511022 5847904 12842051
             256       4  924200 2435861  4929815 12812277 9868433 4652146 3717869  5938650  3994490  4422226  2152625 5428265 12090911
             256       8 1260547 2588541  6073004 1516462412812277 5569035 6073004  7314033  4553502  5117791  1481420 5717301 14953435
             256      16 1084800 3410808  6554972 1607260814353744 5938650 4350555  7120034  5347168  5347168  3159869 6554972 15164624
             256      32 1354356 2754556  6554972 1607260814164395 6554972 6213578  7735574  5687020  5687020  5022044 6554972 15164624
             256      64 1173737 3326279  6719046 1607260815164624 6761355 4672389  7518900 10651598  6107548  4496299 5022044 11207494
             256     128 1206714 3236056  8815202 1516462414164395 6554972 6249745  7314033  8024634  3052087  4009406 6554972 14164395
             256     256 1325925 3275543 12812277 1345445013454450 6249745 6107548  6249745  6249745  6249745  4907284 6249745 13454450
             512       4 1101383 2638816  5951911 1214600910044089 4411377 5214798  2638816  6395018  4305250  3604335 5019764 11374040
             512       8 1218910 3304808  6652558 1462806712797441 5509113 6104175  7211022  6395018  5115422  4099771 6395018 14240069
             512      16 1296159 3459188  5807059 1424006913109944 5886650 6414119  7540170  8992598  5384786  4420457 3086326 14240069
             512      32 1344020 4099771  6338392 1503780113872122 6319739 6551087  7758090  7410080  5624545  4742616 5115422 14628067
             512      64 1410215 3628697  7309196 1547114914628067 6571132 6472112  7513788  7513788  5886650  4882800 5760329 15143846
             512     128 1344020 3963567  7022379 1462806714240069 6472112 5699180  7758090  7988981  5951911  5398323 6414119 14240069
             512     256 1429934 2910635  8140399 1310994412797441 6156675 6018636  6652558  8394979  4650188  4375425 5951911 13109944
             512     512 1437592 4271001 13109944 1343809213522711 6018636 6035551  6035551  6246213  6035551  4871723 6246213 13522711
            1024       4 1171629 3121783  5925680 11903823 9743447 4215688 5507740  5660167  7160597  2968586  3794792 5821271 11103681
            1024       8 1194770 3579719  6393168 1386342212639479 5120336 6208343  7472033  8391792  3401130  4287225 6479979 13472053
            1024      16 1389145 3955557  6692005 1381881713102174 5917516 4079544  7644933  8408221  5390231  4589593 6609617 12173747
            1024      32 1430318 4178773  6519323 1442204513998981 6402699 6393168  7869040  9064828  5623115  3366474 5950309 13998981
            1024      64 1428415 4178773  7008693 1508034114618393 6650556 6650556  4182843 11249091  5758828  3345496 6819511 14422045
            1024     128 1430318 4114719  6918376 1442204514044758 6559147 5751117  8326715 14183905  5720477  4720752 6441107  5885083
            1024     256 1448162 4178773  6963241 1294422412983353 6317933 5958564  7113161  9402175  5472650  5071963 6128613 12790037
            1024     512 1316341 4470172  8262639 13305116 5958564 6016997 5991815  6609617  8457895  4898425  6650556 6093831 12639479
            1024    1024 1307923 4130547 11018226 1231335111773301 5758828 5950309  5958564  6128613  3849207  4920874 6208343 11249091
            2048       4 1157079 3219850  5900467  7262337 8758039 3736694 4423683  5735012  8253158  3901313  3500658 4611288  9525260
            2048       8 1298592 3835124  6440169 1150223411835033 4676561 6024617  7425563  9472740  4796687  3185225 6303124 11129659
            2048      16 1383731 4223576  6503556 1177016612729493 5447681 6007763  5804771  8292998  5197183  4330028 5032754 11706006
            2048      32 1509175 4432815  6759439 1205087813384011 6132138 5018054  8128206  9189005  5416763  4559883 6459541 11770166
            2048      64 1427182 4502520  6780783 1218766313639023 4094723 6207471  8608824  9752360  5489457  4500161 6382745 12050878
            2048     128 1555075 4321315  6518362 1164254313404897 6317030 6075753  8431376 15262700  5056455  3483621 6202989 11246230
            2048     256 1515833 4338776  6378005 1088979712257227 5991003 5953632  7293167 10673302  4971585  4552633 4751580 10084382
            2048     512 1457698 4240255  6945257 1100137212050878 5804771 5970183  6967792 10240672  5159722  4021870 5953632 10673302
            2048    1024 1540849 4172290  7556202  6629029 9841749 5332694 5611381  5349298  7698414  3555722  5670651 5750369  9664580
            2048    2048 1328106 3476572  6945257  7609754 5122796 4265523 4521480  4312636  5416763  4188565  3984558 5475461  6543188
            4096       4 1179384 3065750  5147054  6769576 7558881 2919360 4556020  5978090  6272759  3667146  3165742 5347310  6318902
            4096       8 1322972 3187474  6309619  6503078 8552280 3771811 5910222  7816828  7599002  4235870  3934195 6216019  7460407
            4096      16 1454589 4047268  6370451  7874151 9524234 3965067 1103125  7642951  7447471  4432592  4140919 6351609  7760332
            4096      32 1469268 4180214  5580043  767024910041975 4791076 6103394  7935986  7212959  3828122  4187346 6389405  7788478
            4096      64 1474438 4315676  6449370  7877762 9891647 4586428 6105563  8535284  7314299  4288742  4043458 6408472  7770863
            4096     128 1449434 4166022  6178018  6480999 9332798 5051705 6024207  8240513  7502762  4027344  3522048 5319164  7418527
            4096     256 1495487 4218190  5944991  6015769 8244467 4917236 5728903  7421732 13086376  3871253  4059701 5759634  6758923
            4096     512 1491203 3757786  6195843  7111444 6872481 4751325 5744227  6471234 11539362  3764373  4072211 5744227  6605595
            4096    1024 1490556 3646906  6585338  6318902 7061751 4461370 5114874  6572741 10012712  3806915  3960497 5164073  6225028
            4096    2048 1393586 3222752  5139356  6149271 4801789 3634562 5198450  4016047  5894001  2970339  3810292 5139356  5438722
            4096    4096 1240441 2822940  4161985  4284464 4664886 3031667 4485833  2915397  4257917  3110150  3079488 4209920  4701910
            8192       4 1182258 2902788  5237920  5901904 5100301 2645131 4875931  5692651  5194368  2741583  2924779 5227560  5716328
            8192       8 1298858 3393619  6321001  6127127 6168929 3086627 5504775  7809376  5712526  3477070  3418945 4765695  5204597
            8192      16 1383086 3759762  6354905  6164502 6050521 3383927 4518161  7846828  5944791  3452266  3396303 5748846  6455193
            8192      32 1458404 3778782  6036702  5843686 6627005 3828039 6292063  8240129  6485654  3708229  3720275 6334986  5927357
            8192      64 1449422 3970936  5988306  6548696 6160081 4069224 5773964  8633521  6575012  3783776  3759351 5642173  6485654
            8192     128 1471521 3508313  5777847  6282859 5765244 4053382 5598961  7612143  6144658  3673343  3889573 5523358  6006101
            8192     256 1479505 3858994   942064  5476697 6140266 4156350 5724900  6855760  5940679  3666679  3586684 5760412  5557305
            8192     512 1445824 3696660  5988306  5769116 6201216 4083733 5107883  7080386 12373836  3424738  3608531 5417973  5579867
            8192    1024 1451934 3600968  5769116  5966469 6201216 3864202 5378957  6360787 10026754  3307380  3358786 5716328  5524246
            8192    2048 1312602 3036437  5607184  5712526 4891201 3338228 4757776  4331893  6266816  2849348  2813188 5162371  4917099
            8192    4096 1281037 2648597  4498640  4264684 4173008 2893742 4177574  2846515  4327528  2486267  3325949 4483378  4518161
            8192    8192 1202406 2443132  3984751  4114541 3529576 2469648 3936812  2777036  4203126  2887662  2871253 4131362  4266273
           16384       4 1160903 2862857  5193114  5764667 4662486 2469010 5050375  5744428  5018289  2739813  2611338 5457475  5394499
           16384       8 1279196 3120236  6258145  6082012 5495884 2877482 5775325  7677462  5681264  3070464  3155627 5960159  6030242
           16384      16 1427675 3568581  6491662  6435127 5657411 3234039 6133583  7813643  6272998  3347628  3593023 6382531  6488597
           16384      32 1481636 3757666  6465399  6503950 6330788 3474926 6340718  8350072  6412309  3508278  3468962 5897753  6397385
           16384      64 1505460 3836975  6041375  6545456 6382531 4084899 6362439  8822851  5906370  3712799  3791878 5847567  6374834
           16384     128 1501349 3705192  6134130  5944691 6141257 4150026 6014409  8555918  6122653  3322059  3730535 5639767  5630064
           16384     256 1500792 3861554  5813926  5883111 5889161 3761162 5716711  7634813  5915013  3435663  3701798 5760801  5872553
           16384     512 1496249 3829918  5945205  6043501 5567122 4268872 5540639  7346686  5981429  3534078  3624673 5847567  5862033
           16384    1024 1484869 3634450  6097121  6198870 6014409 3992346 5483167  6978151 12073405  3209419  3311813 5793340  5891180
           16384    2048 1376900  545332  4789212  5457475 5324694 3017346 5161907  4105153  6635840  2415124  2518691 5168507  5302099
           16384    4096 1286934 2681128  3210019  4480106 4271260 2755855 4435287  3035204  4404302  2634564  2601059 4419882  4275512
           16384    8192 1282012 2726984  4417325  4415906 4404302 2845432 4192562  3011660  4365689  2516385  3290720 4392478  4160327
           16384   16384 1236143 2710420  4266486  4035484 4447342 2718892 4422158  3018406  4391355  2818011  2922640 4429283  4439011
           32768      64 1417118 3696801  6126967  6565406 6371526 3631550 6401499  8348959  6299105  1474321  3662128 6061574  6482111
           32768     128 1496800 3708471  6169875  6333357 6002538 3801402 6189603  7251258  6207215  3419066  3757852 6251258  6053564
           32768     256 1502774 3706371  5894416  5790363 5929765 3671813 5699832  7522737  5945927  3258174  3581115 5770913  5936168
           32768     512 1518296 3814696  6067997  6073896 5875517 3913542 5775278  7157978  5777220  3321321  3494524 5966318  5428763
           32768    1024 1493515 3543628  5644818  5889364 5244399 3386212 5759064  7232180  5614839  3061287  3313554 5682863  6004898
           32768    2048 1339054 2964358  5179182  5409958 5136789 3145573 5092820  4095466  6992994  2271950  2393914 4147371  4320104
           32768    4096 1239005 2520622  4443720  4460593 4221641 2740950 4330994  3077670  4039493  2279335  2373819 4383625  4125957
           32768    8192 1314038 2708540  4399059  4425690 4192409 2727027 4401877  3045414  4314950  2500990  2678453 4414460  4310484
           32768   16384 1314616 2730441  4305892  4308727 4411909 2735712 4308727  2936428  4410776  2565844  3437021 4393153  4346472
           65536      64 1356625 3599300  6393727  6443336 6130494 3619586 6283525  8181911  6300376  3319989  3573564 6395661  6515731
           65536     128 1483550 3662264  6292444  6236763 5944230 3751585 6100967  8183860  6040103  3425278  3705512 6036389  5976281
           65536     256 1480139 3714375  5792902  5891359 5872981 3720257 5829513  7480321  5784856  3338051  3604256 5786805  5843020
           65536     512 1368867 3751994  5925011  6069310 5897300 3839891 5979011  7342254  5915830  3403226  3597934 6000940  5964351
           65536    1024 1478531 3727016  5990477  6054738 5881904 3822643 5817176  7214490  5899831  2916482  3297250 5857089  5980572
           65536    2048 1345022 2990572  5224047  5325047 5260136 2962595 5115929  4143921  5212456  2193306  2334562 5219087  5335901
           65536    4096 1279401 2684490  4345290  4389561 4398693 2751866 1811042  3063600  4364401  2117478  2242312 4339254  4415865
           65536    8192 1285648 2694384  4338432  4367938 4347902 2747136 4275340  3028330  4334738  2241014  2357487 4273346  4260827
           65536   16384 1282302 2676361  4343917  4315004 4342476 1816404 4305340  3019813  4314733  2502602  2520317 4295785  4336926
          131072      64 1297613 3021071  6406230  6268752 6127132 2921873 6076341  8585265  6125153  2570492  3033657 6152779  5796861
          131072     128 1232739 3045708  6087308  6103189 6047998 3116815 6083064  8579236  6076005  2963151  3087391 5088597  6032402
          131072     256 1292242 3153050  5790938  4472220 4359480 2329090 5600392  6532672  5294778  2887436  2876016 5432594  5528862
          131072     512 1283634 2915118  5678251  5341801 3965153 2398210 5564960  4748492  4058232  2573428  2940345 5591563  5962398
          131072    1024 1126909 3106565  5977113  4880913 5310890 3183432 5873220  5672099  4468404  2701133  2736086 5850345  5855642
          131072    2048 1056554 1852240  4905564  4101253 4926047 2570287 4820609  2915953  5045862  1829130  1792950 5026163  5070107
          131072    4096 1160966 2269019  3980685  4260556 4269556 2312942 3766436  2254420  4171744  1532613  1796295 4056944  3654397
