	Iozone: Performance Test of File I/O
	        Version $Revision: 3.420 $
		Compiled for 64 bit mode.
		Build: linux-AMD64 

	Contributors:William Norcott, Don Capps, Isom Crawford, Kirby Collins
	             Al Slater, Scott Rhine, Mike Wisner, Ken Goss
	             Steve Landherr, Brad Smith, Mark Kelly, Dr. Alain CYR,
	             Randy Dunlap, Mark Montague, Dan Million, Gavin Brebner,
	             Jean-Marc Zucconi, Jeff Blomberg, Benny Halevy, Dave Boone,
	             Erik Habbinga, Kris Strecker, Walter Wong, Joshua Root,
	             Fabrice Bacchella, Zhenghua Xue, Qin Li, Darren Sawyer,
	             Vangel Bojaxhi, Ben England, Vikentsi Lapa.

	Run began: Fri Oct  4 12:56:47 2013

	Auto Mode
	Command line used: iozone -a
	Output is in Kbytes/sec
	Time Resolution = 0.000001 seconds.
	Processor cache size set to 1024 Kbytes.
	Processor cache line size set to 32 bytes.
	File stride size set to 17 * record size.
                                                            random  random    bkwd   record   stride                                   
              KB  reclen   write rewrite    read    reread    read   write    read  rewrite     read   fwrite frewrite   fread  freread
              64       4  520419 1330167  4897948 1290201710821524 4274062 3057153  4564786  4274062  3588436  2379626 4018152 12902017
              64       8  821391 3406295  6421025 1597288512902017 5283570 4564786  4274062 12902017  4274062  2892445 5860307 15972885
              64      16  799377 2923952  6421025 1231033615972885 4988978  877797   673098  9006179  3363612  3738358 5389653 10402178
              64      32  789967 2923952  2923952 1040217812310336 4207076 4564786  2203800  6421025  2203800  2358717 5389653 10821524
              64      64  829001 3203069 10821524 2096219116983463 5389653 4564786  4564786  5389653  4564786  3588436 5389653 12902017
             128       4  785122 1967960  5325799 11720614 9795896 4596273 3759450  5122535  2905056  4135958  2714132 4267461 11720614
             128       8  805138 2367096  4104338 1420079414200794 5122535 5325799  5122535  6114306  3560017  2608629 3895854 14200794
             128      16  859260 2175277  4267461 1172061414200794 5847904 5122535  7082197  4934216  4934216  2066432 4012317 12842051
             128      32  992724 2367096  4557257 1420079415881078 6406138 3468030  7082197  4557257  4934216  2905056 5545860 14200794
             128      64  942199 2286447  7082197  459627314200794 5545860 3560017  6727225  7582312  4759253  2905056 4267461 11720614
             128     128 1196221 2326073 10567140 1801235914200794 6406138 4012317  5784891  5784891  5545860  2660335 4444086 15881078
             256       4  999940 2285501  5217259 1209091110245071 4652146 5022044  5687020  5217259  4117018  3236056 4652146 12228612
             256       8 1107172 2613746  6398720 1516462412812277 5428265 5687020  7314033  5217259  4819184  3421677 4755158 14164395
             256      16 1142514 2639446  5022044 1516462413454450 5810112 6107548  7120034  5687020  5022044  3465855 6073004 14953435
             256      32 1163562 3009318  5810112 1607260814353744 6213578 4572895  7314033  5687020  5569035  4132864 6073004 15164624
             256      64 1184092 3159869  6554972 1583556915164624 6398720 5428265  7314033  5841722  5687020  3197509 6073004 15164624
             256     128 1175022 3123106  7791708 1607260814353744 6398720 5022044  6936061  6761355  4350555  6554972 5569035 15164624
             256     256 1312954 3994490 12812277 1362518013454450 5938650 6107548  6107548  6073004  5971678  4477549 5569035  6936061
             512       4 1115688 2708713  5886650 1214600910044089 4447925 5384786  5822804  5951911  4123387  3527371 5822804 11620224
             512       8 1248678 3580298  6491676 1424006912797441 5509113 5951911  7115451  6736026  4871723  4099771 5566231 14240069
             512      16 1334001 3046915  6156675 1352271112499490 5886650 5951911  7410080  6246213  5115422  4030519 5398323 13109944
             512      32 1293037 3556580  6246213 1424006913109944 6319739 6086873  7647578  7758090  5509113  4532414 5951911 13783088
             512      64 1325766 4375425  6319739 1387212213109944 6246213 6174377  7647578  9510316  5067142  4732165 6491676 13872122
             512     128 1319250 4000485  6821616  2307123  860437  236616 3279573  6736026 11138071  5453155  4237291 5566231 13190469
             512     256 1227971 3905895  7334159 1187730011683444 5495016 5384786  6086873  7115451  4532414  4732165 5278892 11943357
             512     512 1155924 3366987 11943357 1279744112499490 5566231 5566231  5624545  5684095  5684095  4494470 4690818 12499490
            1024       4  975063 2942149  5336651 11520658 9402175 3738636 5096034  5630486  7590887  3709575  3281592 5194651  5096034
            1024       8 1284839 3066069  5593820 1364323211903823 4920874 5983467  7306780  9655828  4854136  4182843 6441107 13643232
            1024      16 1410125 4249053  6529233 1404475812944224 5751117 6208343  7472033  8988941  5169641  4433259 6650556 13643232
            1024      32 1448650 4146499  4033569 1423090213818817 3894582 6327241  8000971  8680108  5356618  4659297 5853003 14230902
            1024      64 1466957 4232305  6830356 1461839314044758 6441107 6093831  6441107  9220512  5417427  4570058 6355328 14422045
            1024     128 1426043 4146499  6479979 1364323213472053 6519323 5983467  7826025  9832672  5507740  4634161 6059442  6280976
            1024     256 1383774 4300102  6787181 1294422412828238 5983467 5885083  6830356 10039528  3984917  5018624 6059442 12790037
            1024     512 1532928 4339202  7755368 1314226512944224 5991815 5925680  6479979  8262639  4826859  6519323 5991815 12790037
            1024    1024 1499217 4249053 12639479 13643232 9677584 5917516 5885083  5958564  4014717  6025439  4876180 6163794 12348754
            2048       4 1271301 3234398  5937172 10673302 9796850 3696494 5461535  5800851  7789164  4154130  3612546 5804771 10192069
            2048       8 1421043 3346546  6503556 1248889712187663 4762117 6092991  7503399  8540351  4601407  4172290 5044577 12488897
            2048      16 1401796 4138120  6498636  822943812729493 5131978 4762117  7387248  8261095  4751580  4441984 6523312 12416686
            2048      32 1445191 4376355  6075753 1311829513926483 5986827 5884299  7761014  9101380  5345969  3764533 6608629 12561952
            2048      64 1462662 4385291  6802261 1311829514638464 6359119 6503556  7135648  7846081  4853603  4444282 6420913 13404897
            2048     128 1434092 4338776  6498636  806713813639023 6185123 6185123  8190205 10780463  4960102  4293237 6041567 12118884
            2048     256 1421279 4259178  6321679 1157976311440955 5785224 5578583  7082696 11966935  4783331  4321315 5535444 10959265
            2048     512 1490582 4356379  6851089  999055312257227 5596757 5953632  6696208  9708272  4945823  4412322 5920802 10834854
            2048    1024 1499166 4063729  8029434  839840310289741 5238385 4643695  6248108  8097557  4221501  5416763 5704543  9441504
            2048    2048 1251847 3573472  6895083  7726111 7419150 3606479 5345969  3637020  5386195  3922692  3955204 4330028  6690992
            4096       4 1210377 3136268  5736555  6234064 7234220 3222752 4681411  5910222  5902100  3165159  3222752 4982841  6490793
            4096       8 1281237 3764373  6261328  6510471 8426437 3717133 5211065  7572208  7237268  4184286  3618486 6186918  7342434
            4096      16 1493797 4019805  6339889  7585581 9461292 3710710 6049663  7683972  7301864  4438318  4087714 6261328  7460407
            4096      32 1527804 4293029  4701910  7050159 9751284 4686519 6013663  7906767  7476641  4162994  4007615 6291135  7670249
            4096      64 1534765 4067390  6272759  7725436 9658092 4526013 6243125  7351860  6169144  4266376  3810292 6389405  6398924
            4096     128 1532848 4244242  6195843  7277121 9307517 4348447 5761565  7983931  7380284  4011358  3904688 5867831  5565581
            4096     256 1499272 4208889  5971855  6058196 8047509 4751325 5666546  6094733 13176709  3799338  3984379 5483860  6562698
            4096     512 1524956 3740604  5689064  6930704 8409937 4218190 5489116  6815229 11672647  4137927  3995498 5744227  5828019
            4096    1024 1385718 3689988  5885924  7135072 7073381 3879120 5204750  6439700 10012712  3860813  3911800 5461198  6216019
            4096    2048 1379155 3152960  5185897  6213770 4982841 3580030 5127086  3650781  6160296  2834585  4141917 5190597  5382492
            4096    4096 1245386 2632201  4223375  3580776 4192455 2795836 4240052  3045641  3991785  2828518  2666519 4145915  4623457
            8192       4 1187939 3000639  5431677  5806161 4875931 2691334 5227560  5649594  5016894  3055609  3072550 5465373  5385702
            8192       8 1376106 3437415  5769116  5752696 5970616 2903033 5637544  7585256  5580773  3204958  3372633 6040947  5897851
            8192      16 1422480 3703433  6059057  6395120 5931450 3413510 6040947  7788135  6205696  3644124  3350598 6068689  6399884
            8192      32 1509733 3730372  6014511  6501608 6370221 3778367 6214676  7307775  6425016  3690307  3632950 6374949  6112956
            8192      64 1506490 3811901  5855636  6486879 6307078 3910378 6187815  8234205  6445505  3599459  3789200 6321001  6036702
            8192     128 1524943 3799676  5872650  6211306 5701152 3912159 5884720  7719891  5847664  3631414  3538663 5936574  5685116
            8192     256 1533177 3876846  5839713  5954062 5732541 3951754 5132298  7367317  5805180  3524869  3726731 5250727  5418828
            8192     512 1493265 3761408  6040947  5633847 5818944 3897515 5780764  6906749 12316176  3619936  3477070 5756551  5553712
            8192    1024 1490544 3541946  6145757  5855636 6230453 3888253 5472336  6873589 11600942  3446379  3240626 5241116  5497729
            8192    2048 1346711 2955217  5181834  5450634 5101058 3297857 5143053  3844314  6085887  2804692  2784463 5181053  5291970
            8192    4096 1289063 2647780  4316113  4235769 4432481 2796929 4203126  2832670  4253071  2410227  3376611 4442798  4439927
            8192    8192 1259714 2630751  3945854  4313404 4216019 2696402 4226911  2833604  4271046  2735254  2824055 4216019  4275297
           16384       4 1172291 2821829  4748835  5505571 4623276 2458234 5212811  5859534  4954252  2731102  2723417 5375510  5550485
           16384       8 1356408 3110631  6124836  5999706 5459210 2844960 5653222  7556734  5740589  3249484  3044752 6127567  6065906
           16384      16 1169537 3515277  6217941  6090637 5672823 3156786 6079860  7633965  6049885  3338197  3594527 6284471  6432718
           16384      32 1489859 3451365  6496572  6556072 6068584 3543372 6315660  7645856  6414703  3644859  3499345 6122653  6387871
           16384      64 1530098 3821611  6422497  6265562 6330788 4040466 6279877  8388806  5951384  3454315  3744970 6424899  6491662
           16384     128 1501743 3769828  6127020  6189379 6140708 3821611 5801655  8184002  6136321  3697616  3671146 6097662  6099827
           16384     256 1540733 3879649  5859534  5696807 5935961 4179557 5649504  7447000  5925724  3337548  3559339 5815894  5910434
           16384     512 1504636 3845994  5984033  6079860 5576609 3813975 5917050  7059152  6032360  3604898  3612858 5889665  5582498
           16384    1024 1478448 3694236  6099827  6239394 6147850 4134048 5481418  7007325 12366722  3167846  3133896 5893706  5641619
           16384    2048 1401442 3113591  5389422  5503807 5141054 3175751 3794390  4220370  6872768  2461933  2490756 5207675  5355819
           16384    4096 1329099 2731536  4451087  4310645 4440158 2966546 4063642  2401619  4308213  2636586  2578514 3638491  3223874
           16384    8192 1263810 2744409  4434142  4424720 4432998 2563604 4223742  2783088  4249864  2507570  3064030 4168908  3939477
           16384   16384 1165946 2642568  4239115  4233631 4314976 2831130 4241208  2822873  4285644  2693001  2699666 4206420  4317145
           32768      64 1388527 3608855  6280969  6381288 6081421 3424347 6071481  8506567  6170983  3106821  3544725 6072823  6254672
           32768     128 1447734 3641268  5871500  5902009 5867239 3623507 5866989  7874891  5740782  3302566  3498616 5787438  5933093
           32768     256 1434602 3621980  5682863  5770186 5555826 3756927 5670203  7201485  5697942  3277834  3463089 5558747  5707643
           32768     512 1447155 3642522  5813140  5665294 5671373 3699686 5656434  6848046  5743661  3226432  3431872 5953654  6010413
           32768    1024 1516755 3642908  6069336  6137364 6093014 3765573 5937194  6780142  6023584  3022841  3183534 5899982  6030191
           32768    2048 1363227 3017863  5165944  5248805 5206256 3045346 5084342  4375948  7283538  2260330  2368297 5148913  5345571
           32768    4096 1303940 2684784  4414318  4342489 4427543 2733427 4256682  2958997  4421419  2217622  2300318 3828830  3527258
           32768    8192 1218454 2315431  4403710  4410210 4319561 2715926 4370799  2939379  1044695  1013167  2563594 4301445  3041101
           32768   16384  772303 2493187  3899552  2977846 3392481 1564262 3716494  2638550  2662317  1829499  3226129 3850067  3234405
           65536      64 1297972 3073947  5729152  6151760 5960471 3517365 5916339  8088734  6071455  3234093  3504986 6141451  6192505
           65536     128 1420647 3649816  5904140  5847868 5778654 3515880 5799135  7811071  5869219  3264707  3508521 5807344  6019074
           65536     256 1437256 3645121  5761938  5818654 5596640 3578449 5647231  7235951  5696266  3112161  3475779 5239082  5712127
           65536     512 1445145 3604020  5751329  5784369 5703239 3637259 5715215  6628546  5715096  3163231  3102571 5559625  5799135
           65536    1024 1235152 3549018  5792536  5828030 5652573 3606999 5684368  6556293  5712602  2823610  2823610 5567056  5622972
           65536    2048 1292753 2604149  5095350  4648641 4733169 2907782 4879448  3895617  4952861  2115148  2173672 4634455  4909778
           65536    4096 1246833 2583103  4227017  4242610 4091126 2501464 4197006  2853212  4265852  2060943  2132989 4304733  4370577
           65536    8192 1293848 2665461  4301365  4358035 4140487 2721811 4284737  3018420  4222731  2202656  2325870 4267243  3865976
           65536   16384 1221501 2714258  4314192  3910469 3899320 2541428 4309592  2856711  4340145  2429241  2396728 4261619  4375447
          131072      64 1269497 2453381  5242219  4714652 5078350 2364288 5659195  8029875  4840899  2800564  2932988 5997850  6179197
          131072     128 1281276 3088623  6117451  6123993 5958068 3045067 5884788  8336352  5936195  2925979  3055016 5802429  6032137
          131072     256 1366203 3070167  5674851  5781012 5409235 2990732 5541680  7003989  5588436  2773185  2904568 5629755  5694602
          131072     512 1325914 2998464  5680480  5690829 5569470 3062846 5551978  6879359  5753544  2713090  2847844 5832717  5957810
          131072    1024  914266 3238585  5885544  5996542 5937028 3252727 5784783  6829875  5897793  2509855  1883816 4897523  4618135
