	Iozone: Performance Test of File I/O
	        Version $Revision: 3.420 $
		Compiled for 64 bit mode.
		Build: linux-AMD64 

	Contributors:William Norcott, Don Capps, Isom Crawford, Kirby Collins
	             Al Slater, Scott Rhine, Mike Wisner, Ken Goss
	             Steve Landherr, Brad Smith, Mark Kelly, Dr. Alain CYR,
	             Randy Dunlap, Mark Montague, Dan Million, Gavin Brebner,
	             Jean-Marc Zucconi, Jeff Blomberg, Benny Halevy, Dave Boone,
	             Erik Habbinga, Kris Strecker, Walter Wong, Joshua Root,
	             Fabrice Bacchella, Zhenghua Xue, Qin Li, Darren Sawyer,
	             Vangel Bojaxhi, Ben England, Vikentsi Lapa.

	Run began: Fri Oct  4 12:56:48 2013

	Auto Mode
	Command line used: iozone -a
	Output is in Kbytes/sec
	Time Resolution = 0.000001 seconds.
	Processor cache size set to 1024 Kbytes.
	Processor cache line size set to 32 bytes.
	File stride size set to 17 * record size.
                                                            random  random    bkwd   record   stride                                   
              KB  reclen   write rewrite    read    reread    read   write    read  rewrite     read   fwrite frewrite   fread  freread
              64       4  863676 1722886  4274062 12902017 9006179 4018152 4274062  4988978  6421025  2892445  2067979 2561267 12902017
              64       8  712397 2278628  6271021 1698346312902017 4564786 4564786  4207076 10402178  3363612  2923952 5283570 12310336
              64      16  659861 1452528  4564786 12902017 9318832 4897948 4564786  4274062  4564786  2662899  4274062 3203069 10402178
              64      32  710511 1562436  4897948 1290201710402178 4897948 3203069  4564786  3791156  4274062  2278628 5389653 12902017
              64      64  640954 1734015 10821524 1290201715972885 5860307 3057153  5389653  3791156  4564786  3541098 5860307 20962191
             128       4  753179 1705404  3468030 12842051 9795896 4557257 3468030  5325799  3199360  4267461  2558895 3380677 11470204
             128       8  940549 1878447  4135958 1588107812842051 5325799 3560017  6727225  6114306  3867787  2090572 3759450 12842051
             128      16  889145 2004703  3982553 1420079415881078 6114306 3297617  6727225  4934216  4889281  2367096 3867787 14200794
             128      32  883293 1858934  6114306 1284205114200794 6045455 3657016  7082197  4104338  5784891  4135958 4407601 15881078
             128      64  907174 2571150  5545860 1863766415881078 6406138 5325799  6406138  7476717  3657016  2985839 4934216 18637664
             128     128  948860 2464907 11720614 1863766414200794 6406138 5545860  6406138  4135958  6114306  2905056 4889281 15881078
             256       4  934659 2345409  5938650 1266119910245071 4734192 3879045  5687020  4117018  4422226  2911402 5810112 12228612
             256       8 1132871 2812272  5217259 1516462412812277 5569035 5687020  7120034  5540300  5117791  4422226 5841722 14953435
             256      16 1184092 1340826  5687020 1516462414164395 6107548 5455847  7314033  5347168  5347168  3410808 5455847 14164395
             256      32 1108314 2719671  6398720 1607260815164624 6554972 4117018  7518900  5022044  5810112  4734192 6107548 15164624
             256      64 1254656 3770085  6398720 1583556915164624 6761355 4264168  7314033  5540300  5938650  3326279 4734192 14953435
             256     128 1117543 1826695  8208677 1516462414164395 6595234 6073004  7120034  5810112  5022044  6719046 5687020 14953435
             256     256 1398455 3123106 12812277 1435374413454450 6073004 5022044  6073004  5810112  4281170  4496299 6107548 14164395
             512       4 1096322 3012719  5807059 12146009 9638369 4340054 5278892  5639315  5495016  4131319  3610395 5886650 11374040
             512       8 1309596 2360376  6491676 1424006912499490 5384786 6086873  7309196  6491676  4973263  4091959 6174377 14240069
             512      16 1329871 3586277  6821616 13109944 9638369 6018636 5019764  7647578  6246213  5453155  4571003 6319739 14146265
             512      32 1282994 3659616  6931711 1514384614146265 6652558 6491676  8018812  7540170  5624545  4610256 6035551 15143846
             512      64 1350783 4091959  7211022 1593021414628067 6757222 5115422  8265729 10044089  5886650  5019764 5127637 14628067
             512     128 1442420 3604335  6736026 1462806713872122 6736026 5684095  7758090  7871843  5951911  5398323 5886650 14146265
             512     256 1261144 3849877  8265729 1352271113109944 6395018 6104175  6821616  7647578  2625909  6571132 6018636 13522711
             512     512 1350783 4262523 13109944 1352271113438092 6156675 5684095  6319739  6086873  6246213  5019764 6086873 13438092
            1024       4 1199106 3103735  5958564 12173747 9743447 4304412 5472650  5593820  7160597  4211554  3725664 5885083 11645609
            1024       8 1336827 3655895  6519323 1423090212492426 5200941 6199382  7537599  8610501  5175871  4300102 6479979 14044758
            1024      16 1400926 4064103  6402699 1423090212944224 5690162 5813392  7869040  7644933  5219904  4321737 6692005 14044758
            1024      32 1245710 4228138  6776473 1461839313818817 6280976 5853003  8199542  8895850  3668386  4634161 6327241 14422045
            1024      64 1499217 4079544  7020149 1502757713643232 6208343 6280976  8408221 10354166  5194651  4570058 6317933 14422045
            1024     128 1408737 4317393  6609617 1423090213818817 6744549 3923040  8122014 11520658  5536137  4741598 6172653 13818817
            1024     256 1503942 4215688  7008693 1314226512944224 6172653 5950309  7220790 10557785  5564829  5120336 6059442 12944224
            1024     512 1526390 4433259  8262639 13305116 9743447 5991815 6025439  6692005  4634161  4898425  3937426 6128613 12639479
            1024    1024 1331440 4356809 12492426 1231335113142265 6137371 6025439  6244448  6093831  6172653  4282950 5958564 12639479
            2048       4 1132817 3336148  5832361 10131961 9535835 3470953 5372719  5754221  7846081  3931669  3454204 5750369  9808036
            2048       8 1420339 3821475  6401772 1205087811900619 4783331 6132138  7419150  9752360  4720248  4180412 6024617  8987113
            2048      16 1457698 3931669  2340705  2805512 2972495 5083385 5820505  7503399  9062970  5303064  4550221 5389574 12118884
            2048      32 1511299 4394265  6225466 1218766313301113 5904523 6225466  8089930 11202231  5403134  3447273 6062888 11966935
            2048      64 1432179 4405533  6717153 1280539914226322 5735012 5991003  7670915  9932791  5461535  4444282 6298503 12257227
            2048     128 1509175 4162181  6303124 1205087813574363 6420913 5626082  8190205 10726615  5131978  4338776 6132138 11706006
            2048     256 1517172 4347560  6359119  961051612416686 5916724 5904523  6670210 11966935  4684211  4412322 4613765 10726615
            2048     512 1454489 4267642  6802261 1145621412118884 5674397 5900467  6851089 10192069  5071381  4684211 5852228 10607402
            2048    1024 1457698 4178378  7874853 1170600610889797 5372719 5800851  6401772  8059569  4878411  4762117 5754221  9990553
            2048    2048 1382840 3690142  7496851  8261095 7789164 3476572 5359311  4451191  5433896  4310472  4071433 5475461  7393606
            4096       4 1207909 2985308  5340661  6661947 7298762 3020473 5312585  4939858  6114255  3450600  3167493 5657217  5996870
            4096       8 1258708 3764373  6311938  7502762 7111444 3656998 5971855  7711565  7185807  3991785  3923414 6213770  7434579
            4096      16 1486172 4179197  5792648  7545601 9373535 4240052 5969780  7701194  7859742  4171080  4157956 6321227  7656576
            4096      32 1476592 3894067  6420447  6420447 9435311 4779081 6178018  8193352  7301864  4257917  3778448 6389405  7728911
            4096      64 1532985 4088687  6451792  7816828 7892238 4763181 5369035  8360824  7099689  4294102  4112175 5535098  7545601
            4096     128 1344192 3915366  6149271  6608135 8712759 3949571 6015769  8340529  7380284  4054910  3996428 6051794  7173805
            4096     256 1491592 3889659   733279  1067483 2463132 1235979  781371  3824713  2763900  1384713  3595765 5139356  6562698
            4096     512 1576018 3598778  5397712  6850558 8356757 4490523 5706070  6024207 11601703  4092583  3915366 5751920  6049663
            4096    1024 1445288 3915366  6649056  7096756 7024216 4338563 5347310  6672297 10209062  4116116  3930595 4218190  5721272
            4096    2048 1314973 2836925  4153935  4418911 4171080 2563086 4399673  3595765  4566920  2255521  3436107 4841028  4526013
            4096    4096 1079286 2721862  4141917  4659824 4633432 3013586 4612286  2571526  4649735  3040789  2756362 4521249  4344048
            8192       4 1183642 2945590  5218033  5740202 3805147 1738870 5145363  5534924  4768340  2854319  3053437 5545644  5553712
            8192       8 1359016 3418945  6031404  6390362 5631077 3057785 5598961  7466577  5817959  3473906  3313760 5988306  5868638
            8192      16 1405432 3766356  6326821  6263389 5855636 3323375 5598961  7217210  5826839  3336931  3696660 6206817  6028229
            8192      32 1424190 3815287  6384425  6036702 6543707 3829746 6145757  7295362  6385612  3688327  3671773 6350207  5988306
            8192      64 1469947 3909933  5760412  6399884 6326821 3725519 6263389  8696894  6455193  3710232  3718664 6331484  6224809
            8192     128 1475819 3849914  6150158  5923270 5761377 4240474 5572627  8560389  5855636  3402019  3703433 5241116  6164502
            8192     256 1497625 3681608  5839713  5665431 5572627 4127392 5542961  6825797  5765244  3477070  3520174 5765244  5577150
            8192     512 1511460 3869424  5095007  6145757 5805180 3995873 5534924  7187018 12378293  3695070  3610427 5550123  5523358
            8192    1024 1480525 3599459  6028229  6108608 6286308 3976450 5748846  6239504 10995799  3397982  3406404 5740202  5703991
            8192    2048 1363059 2912136  5479317  5603526 4911476 3328849 5104089  3899284  6481984  2829637  2898869 4884942  4970447
            8192    4096 1311600 2697249  4253071  4352746 4134842 2893742 4311239  2976723  4313945  2488428  3330140 4231596  3796318
            8192    8192 1246100 2617325  4471708  4298295 4233681 2814340 4218089  2777036  4209304  2885480  2816186 4406899  4164914
           16384       4 1182294 2793042  5639767  5744908 4710748 2492201 5285379  5546453  5007319  2773092  2680605 5434171  5287006
           16384       8 1299270 3294033  6286771  5986118 5481418 2918916 5688789  7016626  5788947  3315168  3263218 5680795  6070193
           16384      16 1406606 3475629  6249039  6255866 5795294 3172233 5881097  7617042  5921129  3527185  3420444 6147850  6070729
           16384      32 1445180 3696025  6285046  6154457 6063765 3397109 6054683  7827884  6068049  3409075  3567099 6306387  6289648
           16384      64 1425691 3704393  6258145  6152253 6220192 3659611 6241661  8623560  6348333  3640225  3417552 6224699  6250745
           16384     128 1473534 3671146  5948808  5970515 5817863 3702596 5582498  8427902  5813926  3570992  3541728 5565318  5899778
           16384     256 1475116 3700005  5693031  5423449 5762733 3955577 5544663  6460536  5769022  3534806  3509891 5521940  5643936
           16384     512 1478162 3729523  5762733  5764667 5706741 3918809 5702953  6781211  5452279  3245035  3497921 5559465  5681264
           16384    1024 1435819 3599422  5797739  5953446 5797250 3648149 5343741  6850160 11323393  3043673  3216329 5708638  5728625
           16384    2048 1273436 2929368  5134524  5226290 4923019 2995251 4906849  3860470  6030242  2494100  2460082 4596987  5067506
           16384    4096 1286934 2634059  4204104  4146770 4287783 2836037 1007442  2910632  4228160  2575711  2561597 4239115  4309294
           16384    8192 1238393 2657180  4294482  3884474 4205133 2831596 4196915  2788282  4296899  2489943  3256568 4209512  4291264
           16384   16384 1225059 2679769  4240161  4224781 4310375 2621499 4277641  2857262  4290192  2685948  2754088 4347186  4048560
           32768      64 1383036 3543263  6200214  6248700 6093014 3507276 6156057  8524505  6198816  3228706  3560151 6160749  6323449
           32768     128 1448818 3473416  6073896  5986067 5819047 3652978 5334160  8463091  5936424  3306857  3444170 5725715  6037874
           32768     256 1443901 3733049  5490792  5725715 5676995 3731225 5642733  7500158  4872718  3246246  3094509 5678871  5665294
           32768     512 1460441 3624367  5732640  5534349 5731684 3787782 5425977  7131237  5762928  3269879  3349489 5933093  6002538
           32768    1024 1503316 3650164  5869244  6134077 6103025 3841029 5796713  7373411  5975397  3112449  3347042 5904291  5886085
           32768    2048 1321772 3062105  5296338  5317033 5331677 3114001 3713080  4204208  7371829  2295937  2406573 5209611  4433399
           32768    4096 1288452 2685886  2858083  4371912 4296873 2747141 4094978  2162900  4398918  2247761  2190059 4355149  4438983
           32768    8192 1307898 2608305  3494524  4338514 4413751 2709875 4248393  2993607  4276683  2539531  2355552 3464573  2655886
           32768   16384 1113760 2722921  3305266  2755900 3924718 2603118 4065542  2828497  4380132  2501354  2339075 4376088  4276151
           65536      64 1374184 2757913  6313690  6545054 5997012 3053696 5266081  8528686  5920162  3274351  3568322 6420010  6001988
           65536     128 1394825 3795879  6172204  6319205 5894012 3737201 5813485  8237324  6033474  3270105  3620778 6045816  6160584
           65536     256 1104731 3736794  5290304  5735608 5810904 3811142 5843517  7296260  5596070  3251576  3445068 5121171  5713790
           65536     512 1432104 3887023  5344200  5198360 5888835 3715630 5839420  7100438  5891864  3189586  3019680 5928206  5917995
           65536    1024 1467574 3726409  5340358  6006447 5906804 3493582 5907312  6658895  5921692  2936045  2673290 5819639  5926033
           65536    2048  973585 2997322  4974282  4023812 3642320 1958980 4540374  4016169  4422187  1944870  2309727 4987098  4547284
           65536    4096 1270296  449711  2271215  3214427  666632 1994632 3288610  2764292  3562911  1593118  2191190 3837908  4161046
           65536    8192 1051722 2416768  4210184  3376222 3855294 2452891 3670039  2621134  4223250  2147939  2193534 3132697  3484636
           65536   16384 1256683 2577411  4229749  4254759 4166533 2513748 3498251  2757664  4187607  2250997  1995008 4139178  3970227
          131072      64 1255127 2343796  5640152  5956196 5587982 2909025 4875286  6159397  5233237  2704974  2447059 5848540  6250222
          131072     128 1249232 1732885  5928960  4293531 3169903 2880703 5498668  7793002  5700034  2821361  3037445 5986094  5946790
          131072     256 1375738 3038721  5641830  5700802 5636509 3024628 5657215  7008811  5776638  2680195  2105643 4642862  5212842
          131072     512 1258466 2630488  5871401  5918556 5885859 3001689 5247924  6937611  5587017  2779410  2772416 5838416  5478885
