	Iozone: Performance Test of File I/O
	        Version $Revision: 3.420 $
		Compiled for 64 bit mode.
		Build: linux-AMD64 

	Contributors:William Norcott, Don Capps, Isom Crawford, Kirby Collins
	             Al Slater, Scott Rhine, Mike Wisner, Ken Goss
	             Steve Landherr, Brad Smith, Mark Kelly, Dr. Alain CYR,
	             Randy Dunlap, Mark Montague, Dan Million, Gavin Brebner,
	             Jean-Marc Zucconi, Jeff Blomberg, Benny Halevy, Dave Boone,
	             Erik Habbinga, Kris Strecker, Walter Wong, Joshua Root,
	             Fabrice Bacchella, Zhenghua Xue, Qin Li, Darren Sawyer,
	             Vangel Bojaxhi, Ben England, Vikentsi Lapa.

	Run began: Fri Oct  4 12:56:47 2013

	Auto Mode
	Command line used: iozone -a
	Output is in Kbytes/sec
	Time Resolution = 0.000001 seconds.
	Processor cache size set to 1024 Kbytes.
	Processor cache line size set to 32 bytes.
	File stride size set to 17 * record size.
                                                            random  random    bkwd   record   stride                                   
              KB  reclen   write rewrite    read    reread    read   write    read  rewrite     read   fwrite frewrite   fread  freread
              64       4  515423 1183548  3022727 1290201710402178 4274062 4897948  4897948  9318832  2892445   780776 3363612 15972885
              64       8  688639 1429325  6421025 2096219115972885 5389653 5389653  6271021 12902017  3541098  3057153 5860307 22737791
              64      16  710511 1492919  5860307 1231033610821524 4897948 5860307  5735102  3791156  4274062  4564786 5283570 10821524
              64      32 1066042 1392258  9006179 2096219122737791 5860307 5283570  6421025  7100397  4274062  2379626 7100397 20962191
              64      64  969761 1562436 15972885 3438968815972885 5860307 3406295  4564786  4988978  4564786  1933893 5735102 22737791
             128       4  821147 2727923  4717434 12842051 9795896 4596273 3867787  5847904  2905056  4012317  1905110 5545860 10567140
             128       8  836500 2420455  1911894 1254204314200794 5379161 5325799  6114306 14200794  2558895  2066432 6114306 14200794
             128      16  830034 2004703  4135958 1420079414200794 5847904 4012317  6406138  9795896  4934216  2326073 6045455 18637664
             128      32  859260 1939522  6406138 1588107814200794 3759450 6406138  7176872  5545860  5545860  2621367 6727225 16365173
             128      64  940549 3657016  8548124 1863766415881078 6406138 4557257  6727225  8548124   423798  4759253 5325799 14200794
             128     128 1123617 2464907 11720614 1801235916365173 6406138 4267461  6114306  5784891  6406138  4135958 4407601 16365173
             256       4  836374 1361224  5217259 1281227710651598 4496299 5455847  5569035  4404088  4264168  2726577 5455847  4332998
             256       8  648079 1842366  6107548 1516462413625180 5569035 5569035   671589  8534922  3511189  3326279 5810112 14353744
             256      16 1224606 2872459  5347168 1607260813454450 5428265 6249745  7120034  8024634  5117791  3499745 6554972 15164624
             256      32 1262029 2812272  6554972 1607260814953435 6398720 5320671  7518900 11569783  5569035  4755158 5569035 14164395
             256      64 1398455 3245838  6936061 1709624914164395 6719046 4572895  7791708 12228612  6107548  3326279 6073004 14953435
             256     128 1197295 3043436  8208677 1607260814164395 6554972 6249745  7120034  7791708  4197489  6398720 5971678 14164395
             256     256 1327564 3368013 13454450 1345445013454450 6249745 5687020  6398720  5347168  6398720  4070199 6107548 14164395
             512       4  971357 3437042  6018636 1249949010044089 4305250 5439343  5822804  2796910  3877684  3533174 5807059 11434603
             512       8 1213400 1992458  6472112 1462806713109944 5398323 5566231  7211022  9468384  4973263  4000485 6104175 14240069
             512      16  699322 4038098  6571132 13109944 5278892 4340054 6414119  7435738 11138071  5227492  4375425 2460437 14628067
             512      32 1306409 3580298  6652558 1023558313872122 6551087 6571132  7334159  8665997  5684095  4532414 5566231 14628067
             512      64 1312798 3653390  6652558 1558341714628067 6821616 6571132  7758090 10235583  5886650  4916336 6174377 15471149
             512     128 1326585 3762197  6999490 1462806714146265 6736026 5509113  7115451  8701110  4420457  4163357 6174377 14240069
             512     256 1239310 3762197  7758090  721102213109944 6174377 5807059  6652558  7758090  3963567  5684095 6174377 13190469
             512     512 1289930 4030519 13190469 1352271113438092 6156675 5886650  6156675  6156675  6156675  4742616 5951911 13522711
            1024       4  885778 2852271  5169641 12313351 9855234 4162573 5500686  4762630  7369466  3937426  2737730 5845038 11773301
            1024       8 1270397 3709575  6402699 1423090212983353 5200941 6093831  7113161  8750850  4282950  4178773 6364746 14422045
            1024      16 1227903 3970183  6787181 1087868613305116 5751117 5821271  7306780  7524394  4876180  4493556 6441107 14044758
            1024      32 1359680 4178773  3818408 1466831813998981 6208343 5720477  7941793  9923546  5417427  4654248 6327241 14618393
            1024      64 1436056 3880507  6692005 1529515714618393 6172653 5390231  3220084 15027577  4854136  4589593 3738636 14820161
            1024     128 1336827 3684119  6744549 1442204513998981 6650556 5356618  2730767  8610501  5277632  1428415 6025439  7631350
            1024     256 1170352 4110780  6819511 1330511613142265 5444898 5853003  5925680  9655828  4876180  4014717 5983467 12790037
            1024     512 1436056 4130547  8183918 1330511612313351 5950309 5983467  6650556  1698417  3314514  5417427 5251818 12944224
            1024    1024 1223356 4300102  9220512 13472053 5564829 5660167 5950309  5277632  5226256  6025439  4854136 5950309 12944224
            2048       4  916376 3136379  5868220 10889797 9898453 3567536 4330028  5884299  7726111  3402216  2158380 5492967 10401883
            2048       8 1238848 3757946  6359119 1211888412488897 3675930 3483621  7088541  8325147  3530875  3500658 6321679 11579763
            2048      16 1359854 3915540  6440169 1227474213058467 4623699 6303124  6759439  6780783  5020987  4130162 4853603 12561952
            2048      32 1402711 3519302  5503525  9101380 7036283 3159451 5303064  7911115  8866519  4521480  2737561 5852228 12488897
            2048      64 1270548 3441748  4923146  6851089 6583305 4385291 5754221  8464610  9268323  3812993  2892423 5750369 13301113
            2048     128 1267362 3751381  5986827  914011713301113 6397004 5868220  6967792 14638464  5018054  1267362 5264067 10143926
            2048     256 1315294 4016229  5769681 1055526411187641 4889518 4853603  7231767 12118884  3873168  3991965 5389574 11144098
            2048     512 1339497 3194702  6041567 1132033411983630 5018054 3624742  6649556 10084382  3835124  4138120 5640860  8830061
            2048    1024 1293702 3704465  7135648 1138032510503637 4579330 5578583  6397004  8067138  4762117  5535444 5521212  8540351
            2048    2048 1106978 3250308  6738230  7529708 5332694 2748949 5172149  3901313  5319484  3519302  3807923 5264067  5416763
            4096       4 1023719 2888438  5231694  4807163 6883496 2293460 4911613  5996870  5551194  3311586  3170416 5433562  6030551
            4096       8 1051026 3316701  5535098  7161842 7099689 3009363 5334028  5476867  6978564  3360164  3751222 4708354  6815229
            4096      16 1202919 3599532  5953231  6585338 8535284 4054910 5835938  7859742  6398924  4058742  3663236 5093643  7286380
            4096      32 1171902 2961635  3468014  5506711 6439700 3305851 5475122  7212959  3624593  3343163  2866748 3996428  4725189
            4096      64 1337703 3726809  5217395  6252213 7845385 4218190 5826043  7515892  6758923  4204769  3189841 5728903  5025108
            4096     128 1315375 4028288  5826043  7146945 6086096 4698053 5704175  8497289  7355007  3726809  3656998 5794602  6682678
            4096     256 1458664 3599532  4638436  6398924 7969117 3720353 5353976  7339297 12264277  4051086  3828122 5527974  5611025
            4096     512 1442740 3894067  4876757  6114255 7061751 4395170 5611025  5883908 11609543  3995498  3625358 5418140  6439700
            4096    1024 1316585 3637640  5833956  5726993 6585338 3427196 5178081  4964124  6941906  3810292  2878275 4977067  5418140
            4096    2048 1212941 2332381  5165626  5438722 4038705 2915397 3519162  3219732  2919360  2526895  3593509 4390677  4846491
            4096    4096  837805 2347038  4200656  4092583 4329816 2136585 2526895  2846325  3357537  2809093  2613780 3757786  4275933
            8192       4  823149 1726810  3912159  4442798 3775046 2371795 3713439  5442863  4792951  1818860  2320066 3988451  2820115
            8192       8 1065556 2898625  5784656  4710810 5450634 2363637 5257958  6883228  5326425  2969263  3030813 4801658  5614514
            8192      16 1173496 3016180  4970447  5337181 6063334 2492218 3541946  7269124  5744041  3462355  3094968 5531360  4196965
            8192      32 1244791 3161607  4813093  5305863 5553712 3599459 5962328  7353127  5413705  3168897  2947864 6167822  4833405
            8192      64 1248591 3114889  5717279  5517150 5855636 3260925 5454094  8000301  5806161  3173873  3427471 5962328  3964979
            8192     128 1136505 3564729  5932474  5688881 4979812 3614985 5780764  5974769  5501249  3658480  3203763 5884720  5793435
            8192     256 1089374 3475663  5457560  4612784 5361332 3923327 4500997  6440672  5630154  2503842  2499107 5174810  5421393
            8192     512 1356547 2581923  5509188  3231483 5512724 3314080 5019093  6374949  7026810  2858355  3546333 5378957  2708945
            8192    1024 1085725 2999591  3680031  3686744 5814021 3607395 3484475  3955849  9916786  3338228  3230268 4979812  5672914
            8192    2048 1271697 2860497  4536055  5385702 4855947 2831736 4715983  3213651  4081792  2601472  2542565 4862131  5123115
            8192    4096 1137935 2215355  4160879  4051471 3355834 2650231 3124519  2556755  3898842  2388945  3178865 3787112  4039563
            8192    8192 1149623 2173043  3642578  3561773 2455704 2658845 2933018  2006782  3532479  2505302  2581923 4122934  3575859
           16384       4  925654 2382469  4447054  5121513 4092928 2209288 4561287  4022492  4732483  2192442  1955379 4617994  4198966
           16384       8 1077752 2858332  4511281  5107429 4712363 2229139 5251050  6330788  4918439  3016154  2739813 4877594  4404302
           16384      16 1338678 3164199  3914790  4911057 5624535 2942538 5373828  6624965  5383933  2995251  3067586 5304145  5014993
           16384      32 1151681 2608860  3411952  4248813 3450672 2216771 5435890  7450230  5072369  3095917  2938260 5389422  5975188
           16384      64 1229464 3343719  4682501  5628220 4502414 2755966 4834359  6021260  5007319  2886547  2955319 5842595  5688789
           16384     128 1314279 3545566  5025996  5193114 5470509 3573406 4961764  7627187  5288633  2940398  3392079 5035203  5492809
           16384     256 1305590 2866320  5563066  5134524 5040004 3714404 3657079  6928200  5387732  2917429  3336738 5599328  3616090
           16384     512 1186991 2918420  4831639  5305783 5256271 3671146 4166886  6473317  4598525  2552463  2945187 4253546  4421020
           16384    1024 1238126 3250714  5472251  5097957 5622694 3610390 5421738  6603320  9541978  2770409  2372434 5157259  4582885
           16384    2048 1134868 2609355  4504775  5052231 4912813 3133896 4032642  3521943  5483167  2251783  2200374 4615203  4832999
           16384    4096 1138799 2411903  3949893  3564878 3942415 2542171 3905446  2879894  3539357  2222506  2245895 3648924  3946037
           16384    8192 1159434 2389344  3857869  4007713 3996990 2485441 3666054  2637092  3792715  2441032  3131468 3849656  3979629
           16384   16384 1006763 2393589  3571177  3935641 3814611 2476394 3789160  2536166  3792506  2742547  2749900 4087815  4099032
           32768      64  972745 3225524  5074767  5447699 5540819 3276427 5591766  5387691  3483011  2635161  3076224 4152133  5187392
           32768     128 1255335 3451089  5619431  5019719 5648762 1950351 5316004  7471211  5521231  3058970  3126753 5392129  5736708
           32768     256 1313347 3496746  5397423  5403577 5250409 3412952 4960297  6827973  5274184  3118947  3339966 5183284  5344532
           32768     512 1191393 3415073  5257238  5412728 5417208 3444947 4796868  6267793  4259453  2573049  2704543 4423980  4854475
           32768    1024  995712 2759884  5308407  5132761 4165724 3341265 5035167  6105465  5265697  2520992  2837314 5443168  3951233
           32768    2048  797372 2304715  4461897  4722208 3825846 2608305 4013659  3656769  5370008  2038463  1526644 4585455  4324589
           32768    4096 1151573 2135279  3653075  3606488 3352594 2342743 3434445  2443367  3238597  1807484  2054553 3858281  4022116
           32768    8192 1155349 2390957  3972361  3384378 3399530 2326445 3335507  2546872  3407621  2228951  2013261 2879460  3224237
           32768   16384 1051843 2180885  3925727  3754361 3818193 2342424 3835669  2493413  2487546  1969129  2868881 3058426  3755695
           65536      64 1018432 3351687  5659906  5950793 5607601 3350175 5558613  7518170  5687426  3025663  3316784 5081880  5394331
           65536     128 1181082 3540744  5108798  5294176 5258928 3356680 5549299  7509749  4012241  2979874  3339917 5569538  5600403
           65536     256 1343996 3207825  5205448  4922703 5231603 3257742 5020435  6193202  5010734  2884258  3316264 5201311  4860982
           65536     512 1266468 2689533  4631175  5044760 4990991 3291919 4793088  6241578  4885258  2791721  2787107 5071659  4757252
           65536    1024 1171963 2851880  4876937  5276594 4339528 3025130 4990901  6876106  5059524  2508747  2037947 4986736  4616785
           65536    2048  978440 2233457  4120934  4067035 3908190 2366764 4225717  2886772  4268634  1832656  2062164 3963929  4017930
           65536    4096 1015873 2301277  3536553  3390883 3531192 2368416 3675437  2507877  3633605  1819735  1976830 3614208  3736591
           65536    8192 1136418 2532204  3260988  3439852 3620015 2253027 3918441  2544793  3799867  1948800  1918951 3053153  3105691
           65536   16384  906709 2331829  3534052  3478771 3626988 2295895 3596098  2559603  3662850  2175169  2224042 3498785  3821527
          131072      64 1071532 2382176  5970622  5746988 5530030 2744623 5796555  7353628  5631197  2594254  2668720 5187706  4508234
          131072     128  944588 2640609  5479104  5707964 5410619 2755864 5425143  7176143  5399937  2550588  2501940 5653085  5337704
          131072     256 1217066 2884754  5311506  5346581 5056397 2945828 4705169  6037901  4822723  2465529  2586577 4557304  4651229
          131072     512 1128327 2778062  5388822  5363638 5302899 2847593 4661839  6065012  5113208  2444926  2629645 3859945  4595167
          131072    1024 1048558 2442818  4608882  4686518 4748492 2553122 4482321  4975985  5437753  2085838  2579392 5283887  5270716
          131072    2048 1124406 2277809  4475606  4685479 4761406 2284805 4197672  3368770  4577491  1771509  1819511 4227726  4821116
