	Iozone: Performance Test of File I/O
	        Version $Revision: 3.420 $
		Compiled for 64 bit mode.
		Build: linux-AMD64 

	Contributors:William Norcott, Don Capps, Isom Crawford, Kirby Collins
	             Al Slater, Scott Rhine, Mike Wisner, Ken Goss
	             Steve Landherr, Brad Smith, Mark Kelly, Dr. Alain CYR,
	             Randy Dunlap, Mark Montague, Dan Million, Gavin Brebner,
	             Jean-Marc Zucconi, Jeff Blomberg, Benny Halevy, Dave Boone,
	             Erik Habbinga, Kris Strecker, Walter Wong, Joshua Root,
	             Fabrice Bacchella, Zhenghua Xue, Qin Li, Darren Sawyer,
	             Vangel Bojaxhi, Ben England, Vikentsi Lapa.

	Run began: Fri Oct  4 12:56:47 2013

	Auto Mode
	Command line used: iozone -a
	Output is in Kbytes/sec
	Time Resolution = 0.000001 seconds.
	Processor cache size set to 1024 Kbytes.
	Processor cache line size set to 32 bytes.
	File stride size set to 17 * record size.
                                                            random  random    bkwd   record   stride                                   
              KB  reclen   write rewrite    read    reread    read   write    read  rewrite     read   fwrite frewrite   fread  freread
              64       4  633392 1232453  3363612 1597288510402178 4018152 4897948  4897948  4207076  2923952  2203800 2801873  5860307
              64       8  720041 1330167  4897948 1597288510821524 4897948 4018152  5860307  5283570  2772930  3541098 5389653 12310336
              64      16  752329 1492919  3738358  642102512902017 4897948 3057153  5860307  3738358  3363612  1066042 4018152 12902017
              64      32  754443 1947927  5283570 1290201710402178 5283570 3203069  5389653  4018152  4274062  2203800 3791156 12902017
              64      64  811459 1648808  9006179 2096219122737791 6421025 4988978  4643754  5735102  4274062  2203800 5735102 12902017
             128       4  753179 1658003  3468030 1420079410779307 4407601 4934216  5379161  3036502  3759450  1939522 3445772 11720614
             128       8  785122 2985839  4889281 1420079412842051 5545860 5603747  5122535  6114306  3053774  2132084 3895854 15881078
             128      16  841746 1878447  5784891 1636517314200794 5603747 5784891  6727225  4717434  4135958  2066432 3468030 14200794
             128      32  864797 2367096  6114306 1588107814200794 6045455 3359523  6727225  8548124  4407601  2727923 4135958 12842051
             128      64  940549 3380677  7476717 1801235915881078 6114306 3657016  3895854  7082197  3359523  3053774 4012317 16365173
             128     128 1254941 2326073 11720614 1588107814200794 6114306 5603747  6045455  5603747  5379161  2464907 4267461 14200794
             256       4  889002 2187712  5841722 12228612 9778562 4572895 5117791  5841722  4132864  4070199  3009318 5687020 11569783
             256       8 1089202 2509882  5971678  532067112812277 5217259 5569035  3368013  4572895  4734192   856386 5938650 13454450
             256      16 1219045 2812272  5117791 1435374413454450 5687020 4009406  7120034  5022044  5117791  3511189 4572895 14353744
             256      32 1153561 3009318  6554972 1495343514164395 6249745 5971678  7518900  5687020  5569035  3017775 4404088 14953435
             256      64 1126926 4404088  6398720 1583556915164624 6398720 5938650  7518900  5938650  5717301  4496299 5569035 13454450
             256     128 1163562 3950402  8024634 1607260814353744 6398720 5569035  2849590  6107548  4929815  4197489 6437081 14953435
             256     256 1058076 3326279  5320671 1416439513454450 5569035 5938650  6249745  5242734  5938650  4755158 5687020 13454450
             512       4 1069035 2678309  5822804 11683444 9468384 4375425 5278892  5886650  8528336  3941742  3372274 5509113 11374040
             512       8 1198502 1924603  6395018 1387212212499490 5439343 6018636  7309196  9814569  4742616  4155301 6319739 13522711
             512      16 1286067 3259661  6174377 1310994413438092 5822804 6174377  7309196  6999490  5067142  4420457 6491676 14240069
             512      32 1014013 3659616  6821616 1503780113783088 6319739 6491676  7900804 13783088  5453155  4571003 5760329 14628067
             512      64 1336492 4163357  6491676 1514384614240069 6319739 6174377  7758090  8394979  5384786  4882800 6246213 15037801
             512     128 1273861 3504346  7211022 1424006913522711 6319739 6104175  7513788  9145790  5886650  5331314 6104175 13872122
             512     256 1395552 3678421  8265729 1310994413190469 6018636 5684095  6571132  8394979  4742616  6472112 6104175 13109944
             512     512 1402845 4195896 13109944 1352271113109944 5951911 5951911  5951911  5951911  5822804  4827914 6035551 13109944
            1024       4 1169078 2932107  5845038 11489839 9402175 4146499 5277632  5821271  6479979  3631168  3529706 5720477 11249091
            1024       8 1276817 3469823  6402699 1386342212173747 5120336 5593820  7066349  8199542  4762630  4178773 6208343 13643232
            1024      16 1376236 3821805  6489770 1404475812790037 5479632 6280976  7699755  8457895  5024495  4339202 6402699 13643232
            1024      32 1343518 4014717  6393168 1442204513643232 6093831 6441107  7644933  9569770  5175871  4396951 4126579 14044758
            1024      64 1412443 3751699  6918376 1508034114422045 6163794 6364746  8326715  9946527  5444898  4033569 6199382 14618393
            1024     128 1448650 4304412  6692005 1442204513818817 6208343 4634161  7811791 10329265  5507740  4614246 6128613 14044758
            1024     256 1450117 4029784  4374559 1314226512983353 6093831 5853003  6874084 10429596  5564829  5018624 6016997 12639479
            1024     512 1503942 4232305  8262639 1045498412944224 5917516 5925680  6519323  8199542  4832290  6393168 6025439 12983353
            1024    1024 1462960 3029305 12676785 1347205313102174 5853003 5853003  5958564  6025439  5917516  4783849 5950309 12790037
            2048       4 1156456 3189957  5769681  9140117 9483197 3892474 5264067  4559883  7726111  3946119  3016334 5674397  9708272
            2048       8 1372455 3618634  6321679 1198363012187663 4521480 5933071  7082696 10555264  4633675  4079167 6225466 11770166
            2048      16 1391351 4112366  6189580 1234530612710657 5362657 6024617  7343043  6990474  4994712  4349761 6321679 12118884
            2048      32 1388652 3969827  6568203 1248889713467949 5832361 5032754  7754008  8608824  5159722  3683812 6503556 12118884
            2048      64 1492654 4170264  6041567 1303864614539356 6220958 6149699  8159088  9752360  5267294  4423683 6583305 12654482
            2048     128 1470172 4071433  5376082 1295995813926483 5884299 4741090  7609754 10660056  4502520  4221501 6075753 12187663
            2048     256 1480817 4096676  6303124 1138032512786337 5852228 5836323  7036283 12033995  4762117  4338776 5674397 11072275
            2048     512 1535066 4196751  6873016  994429012118884 5754221 5953632  5430461 10240672  4994712  4709895 5447681 10660056
            2048    1024 1451295 4048407  7789164  822943810179991 5293261 5765808  5578583  8198022  4772701  5447681 5626082  9189005
            2048    2048 1253308 3379461  5461535  7419150 7135648 4154130 5144271  4284671  5238385  4023754  3894239 4875642  6732948
            4096       4 1222348 3192212  5032468  6615769 7135072 2985308 4982841  5800471  6122971  3516281  2985308 5520868  6461498
            4096       8 1366213 3561476  5513780  7314299 8660056 3459633 5551194  7261741  6919538  4075109  3806071 6022095  6503078
            4096      16 1421138 3860813  6169144  7476641 9183139 3930595 6060333  7642951  5769304  4302706  3934195 5512011  7405736
            4096      32 1476465 4100397  5738471  7489679 9658092 4773769 6234064  5674032  7351860  4367238  3781775 6263611  7612471
            4096      64 1482965 4117102  6105563  7670249 9456085 4495223 5504946  8308260  6261328  4602401  3781775 6186918  7585581
            4096     128 1504129 3761077  5433562  7225093 9267351 4491697 5657217  8112108  7392988  4432592  3996428 5918366  5988509
            4096     256 1511939 4125010  5657217  6790983 8209013 4841028 5549401  7342434 13392417  3696339  4054910 5681538  6727163
            4096     512 1529437 3814522  6151473  6243125 7802627 4669958 5211065  6714018 11570449  3595765  3540193 4817948  6430059
            4096    1024 1432156 3660115  6532752  6140479 6872481 4409837 5627567  6605595 10136778  3700320  3912691 5565581  6225028
            4096    2048 1375841 2728780  5885924  5535098 5424983 3195181 5020702  3700320  4079948  2917377  3730856 5125556  5340661
            4096    4096 1243403 2185788  4597474  4613524 4284464 2794017 4556020  2978579  4218190  2740095  2884558 4654774  4394046
            8192       4 1193303 2805608  5573531  5721087 5201445 2546522 5210911  5588034  4866952  2759196  2824752 5337181  5649594
            8192       8 1318495 3304518  6205696  5996667 5614514 3013799 5821902  7365738  5954062  3312801  3251975 6112956  5724900
            8192      16 1364195 3477070  6292063  6042010 6277120 3309929 5588034  7440706  6262248  3525230  3472502 6233844  5817959
            8192      32 1437717 3517291  6345516  5954062 6164502 3541581 6167822  7809376  6501608  3506880  3361415 5793435  5772993
            8192      64 1455809 3494753  6356080  6054786 5944791 4137332 6158977  7968758  6511465  3735239  3731993 6305921  6201216
            8192     128 1505896 3652258  5261984  5876668 6173362 3919746 5826839  8022717  5923270  3354524  3720275 5996667  5772993
            8192     256 1478168 3680425  5091232  4995015 5645881 3580330 5497729  7026810  5368033  3221485  3526677 5281396  5830794
            8192     512 1443031 3241850  5596225  6081578 5721087 3969101 5413705  6450345 12356037  3347660  3634487 5553712  5893805
            8192    1024 1463623 3481651  6131500  6182248 5333867 3868117 5669170  6090202  8983394  3422010  3387931 5271672  5595314
            8192    2048 1244070 2626528  4548665  4523514 4461836 2845337 4545657  3442236  5516264  2511345  2770319 5110162  4810398
            8192    4096 1237662 2658022  4143818  4291316 4345590 2883543 4184187  2894717  4268923  2424342  3299124 3970936  4284360
            8192    8192 1194174 2503659  4201070  4464155 4244664 2788304 4114541  2621518  4452008  2808359  2811347 4137332  4476368
           16384       4 1156235 2648985  5441486  5417891 4596987 2362808 5153778  5685024  4873443  2589493  2572818 5359578  5309062
           16384       8 1269671 2995773  5919089  6400365 5225892 2902396 5809993  7739720  5837136  3068819  3150852 6199429  6220192
           16384      16 1435069 3343556  6390247  6350093 5973110 3029584 6054683  7681753  6099827  3230846  3370451 6304073  6410515
           16384      32 1485286 3570249  6047756  6420097 6250745 3446346 5897753  7211005  6260425  3524110  3503092 6177694  6046159
           16384      64 1469784 3736418  6450833  6516903 6323797 3920597 6241661  8493527  6308703  3363522  3683543 6387871  6173255
           16384     128 1507971 3741503  6150051  5834658 6129753 3653191 6019150  8333870  5935961  3485148  3712799 5811959  5669079
           16384     256 1486636 3598480  5811959  5876570 5446662 4143520 5732926  7550092  5845080  3650668  3527910 5744908  5772899
           16384     512 1490408 3631185  5927769  5693031 5944691 4165623 5769022  7120594  5859534  3178836  3588146 5769022  5895729
           16384    1024 1461158 3510608  5811959  5736755 6005474 3793553 5746830  6919132 12084020  3154323  3316608 5706741  5880593
           16384    2048 1366007 3049346  5292299  5448389 5223112 3371939 5113510  4153035  6309282  2548865  2529165 5107429  5214789
           16384    4096 1317984 2668012  4429283  4308213 4195634 2934622 4414771  2965522  3744154  2454108  2571278 4278706  4130072
           16384    8192 1286934 2592033  4393883  4399509 4394726 2668012 4389953  2818473  4176509  2482029  3211219 4389953  4403173
           16384   16384 1083804 2680605  4425575  4312810 4431568 2862857 4394726  2773652  4408823  2766728  2869312 2971935  4227120
           32768      64 1392960 3530248  6272370  6297950 6273801 3459515 6101941  8371845  6391378  3266382  3431957 6396137  5950303
           32768     128 1477904 3670245  5968650  6233114 5874512 3765161 5346403  8039337  6055965  3322043  3655504 6145597  5961142
           32768     256 1465158 3635681  5884069  5746783 5882810 3716795 5835849  7583338  5739823  3367709   507473 4718155  5274994
           32768     512 1308421 3523822  5771155  5846275 5748706 3603273 5115186  4432827  4247211  2530926  3114212 5595637  5639028
           32768    1024 1416753 3327029  5813878  5865236 5756652 3644937 5726669  6946692  5675120  2943534  3092490 5634174  5786219
           32768    2048 1293387 2865113  5097731  5034983 5066163 2945995 4972500  4146871  7363535  2171066  2286350 4915063  4986753
           32768    4096 1243242 2490566  3998479  4175342 4263814 2589923 4146746  2873620  4243409  2128071  2235950 4157911  4262227
           32768    8192 1232152 2497355  4191386  4272695 4256682 2504408 4181694  2849609  4228655  2381552  2499671 4209100  4230217
           32768   16384 1235686 2521778  4233605  4225925 4161058 2607464 4190875  2757337  4218273  2410118  3304948 4135889  4223198
           65536      64 1357778 3407106  6170956  6266622 5886061 3520428 6042493  8137103  5947060  3210485  3468630 6178585  6177891
           65536     128 1425968 3471916  5851976  5975761 5784247 3554985 5766047  7651479  5728675  3214915  3394274 5828524  4851288
           65536     256 1435867 3496916  5673574  5678497 5616653 3618394 5769073  7372581  5730108  3361688  3539422 5794490  5924500
           65536     512 1472582 3551494  5938451  5752291 5897806 3536189 5707146  7031059  5867090  3286016  3532008 5973034  5827535
           65536    1024 1351084 3501236  5733693  2905599 3749589 3489502 5677558  6865287  5591744  2908705  3148665 5599946  5760006
           65536    2048 1306461 2819728  5062226  5172925 5091387 2836693 4874343  3982998  4956523  2061592  2201774 4940132  4872615
           65536    4096 1271824 2616319  4351964  4379630 4373985 2683468 4361493  2941481  4402850  2094470  2217118 4349966  4381655
           65536    8192 1286027 2624989  3802969  3110681 3139602 1862710 4298002  3009168  4305947  2223754  2324886 4309052  4351068
           65536   16384 1274945 2627649  4326414  4280600 4280000 2560104 4264727  2972012  4327776  2498213  2512209 4285338  4278934
          131072      64 1293208 2951807  6068694  6266251 5731709 2916278 5946147  7546738  5910221  2390348  2908887 3956535  4832304
          131072     128 1320357 2271889  5929280  5991640 5761684 2889394 5855579  7500099  5828265  2745665  2822099 5826720  5915563
          131072     256 1322384 2831956  5711166  5811752 5738230 3044004 5734400  7434175  5767790  2722334  2986313 5666487  5860323
          131072     512 1374266 3097812  5856452  5900959 5899059 3201563 5786610  7053685  5851154  2764178  3082233 5873973  5923403
          131072    1024 1357063 2995115  5770272  5963821 5978218 3032385 5687650  6922237  5940813  2564257  2696113 5697258  5996280
          131072    2048 1240071 2384377  4980493  5096711 5049987 2485819 4964302  3943677  4892946  1827658  1955773 4869283  5062077
          131072    4096 1155003 2242191  4136743  4231273 4181994 2283761 3960240  2887300  3946650  1741586  1838188 4188398  4376346
