	Iozone: Performance Test of File I/O
	        Version $Revision: 3.420 $
		Compiled for 64 bit mode.
		Build: linux-AMD64 

	Contributors:William Norcott, Don Capps, Isom Crawford, Kirby Collins
	             Al Slater, Scott Rhine, Mike Wisner, Ken Goss
	             Steve Landherr, Brad Smith, Mark Kelly, Dr. Alain CYR,
	             Randy Dunlap, Mark Montague, Dan Million, Gavin Brebner,
	             Jean-Marc Zucconi, Jeff Blomberg, Benny Halevy, Dave Boone,
	             Erik Habbinga, Kris Strecker, Walter Wong, Joshua Root,
	             Fabrice Bacchella, Zhenghua Xue, Qin Li, Darren Sawyer,
	             Vangel Bojaxhi, Ben England, Vikentsi Lapa.

	Run began: Sun Oct  6 06:10:07 2013

	Auto Mode
	Command line used: iozone -a
	Output is in Kbytes/sec
	Time Resolution = 0.000001 seconds.
	Processor cache size set to 1024 Kbytes.
	Processor cache line size set to 32 bytes.
	File stride size set to 17 * record size.
                                                            random  random    bkwd   record   stride                                   
              KB  reclen   write rewrite    read    reread    read   write    read  rewrite     read   fwrite frewrite   fread  freread
              64       4  481234 1310683  3588436 1597288510821524 4564786 4564786  3541098  4274062  3541098  2467108 3791156 12902017
              64       8  674790 3203069  5735102 1597288510821524 3958892 4897948  4564786 10821524  3022727  3057153 3791156  5735102
              64      16  633392 1518251  6421025 1290201712310336 5860307 3203069  4018152  7100397  3057153  4207076 5283570 15972885
              64      32  673098 1690338  7100397 1082152410402178 4018152 1124074  5860307  7940539  4274062  5283570 4988978 20962191
              64      64  673098 3203069 10821524 1290201712902017 3588436 5283570  4988978  5389653  4274062  3541098 5283570 12902017
             128       4  799146 2673584  4135958 11720614 9129573 4557257 4934216  5325799  6406138  3277486  1133103 3657016  4596273
             128       8  821147 2420455  5784891 1284205110567140 3657016 4267461  6727225  6727225  3759450  3277486 4012317 12542043
             128      16  551878 4407601  4557257 1420079415881078 5847904 5122535  1175271  5122535  3867787  2286447 3657016 14200794
             128      32 1085013 2066432  4267461 1588107815881078 6406138 6114306  7176872  4557257  5545860  2367096 4407601 12842051
             128      64  962469 2464907  4407601 1801235915881078 6406138 3560017  6727225  5545860  2202044  3277486 4759253 12842051
             128     128 1133103 2608629 12842051 1863766414200794 6406138 4267461  6727225  4267461  6406138  4135958 6406138 18637664
             256       4  962301 3197509  5810112 1222861210245071 4652146 4070199  5687020  4054829  4264168  3236056 3935921 11091721
             256       8 1016025 3087188  5687020 1209091112812277 5455847 5428265  6719046  9434868  4553502  4009406 6213578 14353744
             256      16  952062 3052087  6719046 1516462413454450 5810112 4197489  7314033  5938650  5320671  3935921 4281170 14164395
             256      32 1334162 2392442  5455847 1516462414164395 6249745 5810112  7735574  5810112  5217259  4009406 2205688 15164624
             256      64 1089202 3705040  6398720 1607260815164624 6554972 4907284  7314033  1952947  5347168  3756894 2325094 14164395
             256     128  928195 3207059  7965107 1435374412812277 6249745 5687020  2458168  6936061  4197489  6891544 5569035 12812277
             256     256 1213534 3770085 10651598 1345445011207494 5569035 5022044  5455847  5569035  1662639  4572895 5455847 13625180
             512       4 1019791 2651850  5398323 11374040 2830083 3970896 4882800  5331314  7115451  3877684  3372274 3795443 10235583
             512       8 1164070 3177664  6156675 13872122 2975154 4927617 5164632  6999490  7309196  4650188  4000485 6018636 13190469
             512      16 1216149 3684733  5886650 1187730012499490 5699180 3504346  6652558  8394979  4871723  4411377 6086873 12797441
             512      32 1034032 3264616  6652558 1387212213190469 5822804 5951911  7115451 13872122  4331300  2225819 4784885 12499490
             512      64 1296159 3346002  2860238 1310994413438092 5951911 5951911  7540170  7988981  4882800  1990612 5566231 13783088
             512     128 1350783 3684733  6736026 1343809212874162 6395018 3684733  6821616 10485468  2438090  4742616 5566231  3346002
             512     256 1361920 3117691  7410080 1242715712427157 5495016 5699180  6551087  7540170  4237291  5177083 5278892 11943357
             512     512 1282994 4123387 12499490 1310994412797441 6018636 5684095  4690818  5509113  5744919  3628697 5760329 11943357
            1024       4 1050164 2694787  5720477  6163794 9655828 4162573 4926518  5417427  6963241  3709575  3358576 5363307  4589593
            1024       8 1199106 3261656  5845038 1314226512173747 4570058 3778101  7269678  8000971  3984917  3778101 6128613 13472053
            1024      16 1169078 3436508  6199382 1347205312639479 5219904 6128613  7869040  7257394  5042191  2844715 6059442 13472053
            1024      32 1174192 3472628  6327241 1347205312944224 5660167 6172653  8183918  9569770  5363307  4594502 6317933 14230902
            1024      64 1365299 3738636  4410497 1466831814044758 6364746 5925680  3684119 10255274  3189002  4433259 6016997 14422045
            1024     128 1037480 3764854  3390391 13264026 5330028 6137371 5751117  4488860 12676785  2522288  4356809 6093831 13643232
            1024     256 1475525 3241960  6327241 12037272 6364746 5660167 3112733  6787181  9569770  4304412  3880507 3140041  5144870
            1024     512 1210257 3160839  7485055 13142265 5472650 5813392 5363307  6441107  7699755  3894582  2877110 5451810 11903823
            1024    1024 1174192 4195100  9765601 1023084511614118 3191372 5536137  3668386  5845038  5821271  3121783 3521025 12492426
            2048       4 1018874 2429413  5549749 10302081 6003564 3624742 4016229  4666399  4850862  3276342  3419824 3671217  9664580
            2048       8 1288076 3931669  6075753  979685010289741 4038890 4188565  7562855  7135648  3341339  3154809 5197183 12050878
            2048      16 1365474 4146110  6041567 1205087811983630 4709895 5674397  7477273  7036283  2968386  3771144 4794010 12118884
            2048      32 1156456 4172290  6523312 1422632213949098 5659442 4248644  7556202  6420913  4960102  2772014 3744839 11835033
            2048      64 1366125 3351769  5521212 1321923514321195 4900677 4818211  6498636  7810411  5156624  4154130 4423683  4717655
            2048     128 1362658 3465352  4550221 1144095512959958 6440169 3624742  7846081 12416686  3586902  4180412 5640860  9349021
            2048     256 1283266 3395491  5816563 1156417412729493 5626082 5904523  7286980 12187663  4796687  3307884 5785224 11072275
            2048     512 1246398 3709263  6780783 11917129 9179186 5345969 5674397  5689430 10240672  4971585  4330028 4751580  4591569
            2048    1024 1215532 2359349  7846081  9189005 7237860 3538147 4321315  4265523  7999524  2723672  4762117 5704543 10192069
            2048    2048 1012390 2432165  5447681  3506373 6479029 4376355 4154130  4376355  3309159  2485653  2839830 4056054  5719737
            4096       4  980149 2525038  5482110  5431844 5404504 2642729 4713521  5910222  5265366  2838331  3000428 4516494  4671228
            4096       8 1276003 2582737  6114255  7434579 7261741 3157596 4779081  5794602  5327412  3075079  2884558 5818150  6077484
            4096      16 1288444 3593509  5157871  4481152 6302675 3795980 5306022  7015611  5902100  3436794  3258820 6060333  6311938
            4096      32  650782 1871077  4052041  4095510 3357537 1818012 5340661  7314299  5490871  3817913  3098371 4830139  4417775
            4096      64 1414818 3143154  6339889  7784948 8514134 4819300 6252213  8535284  7405736  4592558  3340563 4835578  5642353
            4096     128 1237047 3421735  6158088  7476641 7921350 5019235 5961494  6815229  6302675  4362802  3810292 5355645  5347310
            4096     256 1303598 3025260  5238075  6555186 6252213 4422323 5404504  6225028  9163546  3429933  3846119 4315676  5490871
            4096     512 1276003 3029528  4223375  4167033 5026578 3346419 3961410  6894546 10012712  3995498  2981164 4209920  5284803
            4096    1024 1233760 2550150  4370571  7099689 6967243 3874745 5659080  6804432 10215133  3897601  2632201 5468151  4887857
            4096    2048 1124940 2017646  3192806  3473623 3637640 3522048 3954116  4208889  5963564  2664865  2959594 5081590  5520868
            4096    4096  982222 1774632  3980686  4389555 4591331 3005151 3243439  2149954  3025260  2506617  2048195 3720353  3842678
            8192       4  962408 2519817  4488649  5323125 4207243 2699156 4320998  5676663  4286498  2805379  2302961 4359373  5368033
            8192       8 1172975 2738088  3514413  5591672 4721816 3058874 5524246  7117050  5610847  2784463  2976723 4597355  4873164
            8192      16 1274196 2861450  6296676  6277120 6112956 3291539 5079190  7706040  6201216  3404716  3436384 5784656  5591672
            8192      32 1282232 3026275  5393311  4705649 4719221 3020687 5062726  7528746  5389927  3070628  3187417 5417973  5554610
            8192      64 1279606 3065970  4483963  4973325 5410295 3335312 5479317  7931966  6229323  3740525  3387931 5539386  5871647
            8192     128 1486224 2809278  2583476  2279282 1220342 2617325 4190311  7915520  4508675  2931016  2839693 4329710  6019780
            8192     256 1293138 3864202  4979812  4782278 5139206 3652258 3735645  6192276  4583861  3022813  2710869 4721167  4974045
            8192     512 1502866 3745826  4392814  5181053 5740202 3953573 4250966  5669170 11314434  3213651  2701066 4757117  5210911
            8192    1024 1387778 3696660  5254742  4651501 5082195 3372633 4779617  3457825  7092077  1984528  2761857 4027252  4506310
            8192    2048 1299054 2362824  4514006  5326425 4175543 2843453 4737440  2036276  4727012  1866078  2144560 4427912  5028642
            8192    4096 1182624 2318032  4295608  3849483 2884511 2040388 3411816  2985257  2673533  1806809  2970290 3483062  2627332
            8192    8192 1064467 2075514  2608186  2931016 3155800 2234081 3569544  2923534  2404493  2150735  2756540 4268923  4282758
           16384       4  939614 2457443  4673266  5005860 4783544 2425438 4269933  4840147  4146770  2811784  2646027 5168507  5559465
           16384       8 1223685 2896768  5189976  5359578 4662486 2692578 5770960  7536017  5370049  2677993  2919536 5083626  5512638
           16384      16 1398306 3398453  5428590  5221128 5249846 2856312 4488885  7008039  5170452  3094801  2891162 4917383  5357907
           16384      32 1415705 3662146  5135675  4504775 5546005 3569508 4474272  7307624  5267957  2863812  3602441 4694656  6176029
           16384      64 1245260 3200004  5392805  6124836 6150051 3697616 4712040  7529411  4653330  2665838  2385198 4783544  4566440
           16384     128 1338652 3903671  5597504  5704846 5391113 3313889 6061626  8668158  6152253  3770656  2811784 4790547  4447342
           16384     256 1433812 2915819  5897753  5373408 4834699 3850519 4900900  6747917  4311727  3497031  3695826 4512170  4590538
           16384     512 1415967 3719430  5066386  4761338 4863096 2805013 4817414  5616719  4011924  1773918  3126055 5307422  1553726
           16384    1024 1436059 2571181  4209512  4259875 4152032 2669255 5603438  7043957  6942198  2307973  2507844 3864160  4642955
           16384    2048 1111231 2089258  3977787  5350398 3136328 2140073 2970778  3401987  3102486  1825082  2181030 3839762  3887990
           16384    4096 1011550 1906025  2895669  3538628 3874181 2550474 4393602  2613523  3782902  2550758  2254220 4375975  4262252
           16384    8192 1115018 1912656  3733778  2975667 3628117 2486160 4380718  2436272  2811209  2223369  3210619 3560814  3563215
           16384   16384 1119596 2020459  2782637  3027982 3086046 2218202 2997995  2582972  3451539  2345550  2653179 4384351  4435287
           32768      64 1149349 3534424  5577470  6389001 6108722 3713983 5133528  8163491  6215636  3202152  3731731 6283553  6064783
           32768     128  742568 3781217  4661822  5182306 5193861 3373993 5205467  6977728  5391283  3405173  3183829 6204973  6160472
           32768     256 1400055 3197830  4539713  4807607 5120904 3041976 4998178  7024087  5503544  3101842  2756673 5772125  5912673
           32768     512 1025565 3138677  5074018  5141017 5254625 3633182 4518520  5835849  5988415  3113930  2951562 5749668  5848265
           32768    1024 1136556 2218696  5902009  5891384 5367282 3954189 3994179  3419406  5892394  2752478  2202307 5719757  3761245
           32768    2048 1132510 2183518  3985955  5330850 5145058 3159602 4855332  2134184  3012307  1498579  1586600 3650649  2956006
           32768    4096 1285884 2519420  2650917  2060899 2322984 1205850 2765437  2218983  2688565  2193309  2089951 2706993  3959885
           32768    8192 1159354 2589532  2701831  3012835 3268635 2364386 2910127  1937784  2783979  1922201  1821763 3800456  3294254
           32768   16384 1098344 1903565  2936992  3817239 3949871 2499853 2908834  2484668  2653066  1879871  3076499 3762481  3851793
           65536      64  912503 2985829  5282171  5241179 5083853 3430493 5919142  7651692  4976894  3168738  3510582 6078302  5987868
           65536     128 1401360 3289949  5927055  6025671 6077765 3714576 4389001  7828869  5783761  3200169  3358936 6025143  5931916
           65536     256 1268648 3540561  4507317  5072408 4989723 3426559 5682958  6165143  5202099  2608598  3198121 5407277  5812502
           65536     512 1320570 3713271  5621592  6054071 5897173 3121207 5396979  7243196  4456096  2549845  2155350 4702963  4788162
           65536    1024 1173619 2947284  3518896  3440928 4058208 2433111 3554388  3168445  3510985  1531252  3024431 3500656  5168451
           65536    2048 1019191 2362837  2634297  3570640 2705762 1966633 2695838  2152312  3303391  1990097  2100986 2778458  4050912
           65536    4096  935239 1631828  2697266  2695758 2965183 2018922 3683268  2167775  2662002  1587294  1643281 2714044  3745552
           65536    8192 1142816 2018611  2533278  2812947 3068902 2324631 3454203  2101596  3667982  1644283  2155215 2705523  3879946
           65536   16384 1150762 2123383  2786626  2930692 2743352 1939860 2662002  2074521  2686143  1890224  1898710 3933018  3569851
          131072      64 1083015 1503635  5846985  6092165 5816856 2895145 5620833  7990310  5781741  2908702  2880703 5666779  6165821
          131072     128 1360189 3059215  3925851  5724905 5798879 3013090 5508641  7971772  5716927  2805179  3035265 4119168  5706424
          131072     256 1257105 3172812  5041605  5668181 5597826 3093959 2117484  7641780  5565974  2765749  2694012 5184624  5299474
          131072     512 1083113 3096800  5529752  5732127 5411738 3125018 4775800  6684952  5375753  2770502  2691466 5178470  5445455
          131072    1024 1311403 3046062  5694543  5781985 5432809 3038654 5608333  6869560  5735716  2543307  2608026 5599422  5408384
          131072    2048 1110986 2475944  4769378  4633822 4785362 2225625 4720076  4001460  2648445  1341771  1849131 4425740  4843202
          131072    4096 1075401 1609846  4020863  4155473 4000848 2295394 1605230  2656135  4028642  1820999  1875615 3941528  4163939
          131072    8192 1055406 2303908  2633765  4136836 4152836 2342119 1894567  2842028  3310808  1709738  1473647 3846011  3958301
          131072   16384  858161 1409587  4073840  3383554 3135159 2250940 2640812  2023558  3897821  2054126  1392499 2926430  3190563
          262144      64  111399  121255  5530247  5983938 5803127   77103 4781986  7863944  4560608   120989   106483 5374671  6012636
          262144     128   83426   66343  5501579  5901776 5795663   82573 5123807  8548939  5195300   119357   112508 5206962  5334953
          262144     256  114641  106831  3294142  3446314 4637004   67180 4884638  6961542  5456449   116532    71544 4502876  5575141
          262144     512  105558   96018  5233456  4511708 4602396   64244 4937635  7133580  5716684    82963   112504 4635283  3884585
          262144    1024   86581   76186  5235973  5585479 5496958   91609 5137453  6727853  4050560    99422    70208 4891744  3650015
          262144    2048  107247   74806  2904482  4533249 3552566   74003 2966035  3640082  4906391    78188   102678 4204057  4783546
          262144    4096  109091  108362  3805752  4070941 3965264  119431 3775499  2666395  2559171   100607   117228 3648646  3001491
          262144    8192   78225   72474  3864731  4077266 4115280  118921 2342452  2587598  4091346   128996   138276 3843535  3677089
          262144   16384  102313  105693  3805423  4193027 4033782   72150 1440060  2694235  2418482    25904    92419 3832455  2368979
          524288      64   28461   52395  5265093  5943501 5683085   10708 5387045  8362805  5954913    46466    54621 3418763  5924766
          524288     128   31389   29505  5511573  5826264 5587278   15481 2212940  8404612  5790289    49129    40658 5580911  5751744
          524288     256   35930   35197  5265522  5396352 4956262   20539 5083121  7434814  5513066    39290    34449 2894187  5555069
          524288     512   30092   31803  5328294  5251551 5500930   31238 5206849  6950009  5550428    34134    31998 2635063  5306397
          524288    1024   39446   41081  5322130  5614138 5503353   35902 2563266  6927981  5364049    39706    34093 5231947  5493605
          524288    2048   42093   35614  4680936  4838752 5035422   29685 2747035  3397188  4698468    48227    42825  898564  4537869
          524288    4096   36982   38495  3914463  3915083 3844178   39686 3811529  2575985  4021697    45541    40046 1733052  3947113
          524288    8192   40180   39486  3906882  3813115 3645373   35000 3857611  2692743  4038329    38626    42632 3387183  4055915
          524288   16384   49701   37844  3912951  3911169 4075398   41948 3949049  2753901  3923045    54712    42382 2142345  3960150

iozone test complete.
