	Iozone: Performance Test of File I/O
	        Version $Revision: 3.420 $
		Compiled for 64 bit mode.
		Build: linux-AMD64 

	Contributors:William Norcott, Don Capps, Isom Crawford, Kirby Collins
	             Al Slater, Scott Rhine, Mike Wisner, Ken Goss
	             Steve Landherr, Brad Smith, Mark Kelly, Dr. Alain CYR,
	             Randy Dunlap, Mark Montague, Dan Million, Gavin Brebner,
	             Jean-Marc Zucconi, Jeff Blomberg, Benny Halevy, Dave Boone,
	             Erik Habbinga, Kris Strecker, Walter Wong, Joshua Root,
	             Fabrice Bacchella, Zhenghua Xue, Qin Li, Darren Sawyer,
	             Vangel Bojaxhi, Ben England, Vikentsi Lapa.

	Run began: Sun Oct  6 17:30:45 2013

	Auto Mode
	Command line used: iozone -a
	Output is in Kbytes/sec
	Time Resolution = 0.000001 seconds.
	Processor cache size set to 1024 Kbytes.
	Processor cache line size set to 32 bytes.
	File stride size set to 17 * record size.
                                                            random  random    bkwd   record   stride                                   
              KB  reclen   write rewrite    read    reread    read   write    read  rewrite     read   fwrite frewrite   fread  freread
              64       4  474430 1484662  3022727 1597288510821524 2923952 4018152  4564786  4564786  3363612  2689580 3057153 12902017
              64       8  603489 1330167  6421025 1082152415972885 4988978 3057153  5735102  5860307  2133730  1780008 3363612  4018152
              64      16  718114 1421755  7100397 1040217815972885 5283570 3022727  5735102  4564786  3541098  2772930 3541098  4018152
              64      32  727850 1330167  9006179 2096219115972885 5283570 2467108  5735102  4018152  4018152  4274062 3363612 12310336
              64      64  780776 1599680 10821524 2096219115972885 5735102 3203069  5389653  3203069  4564786  1879725 3541098 10402178
             128       4  762811 1778862  5847904 1420079410779307 4267461 3359523  5603747  3359523  3982553  1997245 5545860  9977956
             128       8  889145 2985839  5784891 11720614 9795896 4407601 5122535  4934216 14200794  3380677  2969325 5603747 10567140
             128      16  948860 3124872  5545860 1056714011470204 5545860 4759253  4407601  8548124  3560017  3036502 5122535  9129573
             128      32  969421 2464907  5847904 1077930711720614 5784891 4717434  4889281  8036304  4012317  3759450 5325799 10567140
             128      64  740710  522346  7082197 1801235914200794 5784891 4934216  6406138  6727225  3982553  6406138 5122535 11720614
             128     128  739689 3277486  9129573 1254204312842051 5603747 4759253  5122535  4407601  4444086  3657016 5545860 14200794
             256       4  853662 1752173  5687020 1222861210245071 1437779 4907284  5687020  8271916  2509882  1805197 1868008  9778562
             256       8  744204  828628  6249745  881520211091721 4734192 3123106  6073004  3935921  4264168  3043436 4819184 13625180
             256      16  831194 3421677  5569035 1281227713454450 5810112 5971678  6891544  9114515  4117018  4132864 4929815 12228612
             256      32  695516 3654598  6249745 1495343513454450 6107548 5687020  7518900 12228612  4422226  4332998 6107548 14164395
             256      64 1224606 3326279  7314033 1495343513454450 5569035 5971678  1729594  9868433  1254656  4755158 5971678 14353744
             256     128  701422 2943325  8271916 1345445012812277 1340826 4755158  7120034  8534922  4197489  6107548 5687020 13454450
             256     256  823544 3545976  1894373 1109172113454450 5841722 5569035  5687020  5810112  1461259  3823789 5347168 13454450
             512       4  617482 2782414  1861217 11943357 9145790 3768799 5384786  5951911  5822804  4123387  3556580 5886650 11943357
             512       8 1216149 2942541  6174377 13438092 7211022 4784885 4882800  7211022  2695115  3299730  4131319 5453155 14628067
             512      16 1034032 3264616  6472112 1424006913109944 3533174 5067142  6843354  8665997  2665014  4457157 6571132 14240069
             512      32  839580 3877684  6821616 1514384614240069 6395018 3239989  6736026 14240069  4742616  4457157 5127637 14146265
             512      64 1182661 3877684  7211022 1547114914628067 6571132 5951911  7435738  8808176  5624545  4784885 6174377 14628067
             512     128  925717 4131319  7309196 1462806713783088 6652558 6104175  7758090  7871843  5744919  4131319 5344582 13783088
             512     256 1361920 3533174  7758090 1249949011620224 2187279 5870558  6652558  7513788  2521095  4742616 5870558 13190469
             512     512  671969 4305250 12797441 1319046913109944 6246213 5886650  5886650  5684095  5624545  4916336 3877684 10485468
            1024       4  834491 3066069  3984917  8542002 6402699 2708381 3738636  5363307  6692005  2820430  3461434 5564829 10769573
            1024       8 1370527 3450311  6529233 1461839312492426 5200941 5885083  7420395  8326715  3615883  3970183 3208058 12790037
            1024      16 1230718 3791442  6402699 1404475813142265 5660167 6093831  7472033  9064828  5042191  4339202 5813392 13142265
            1024      32 1140214 3529706  6519323 1231335110662628 5065980 5601115  7699755  8199542  4456258  4064103 6102490 14230902
            1024      64 1365299 3544270  6317933  665055612828238 4720752 2260740  7590887  8391792  3696803  2480051 5444898 13863422
            1024     128 1319577 2798378  4589593 1347205313863422 6402699 5660167  7883484  4810640  3529706  4304412 6208343 13818817
            1024     256 1428415 3281592  4178773 1279003712639479 5983467 5630486  3458646  9381637  4456258  4374559 5782087 12639479
            1024     512 1424624 4095102  7685976 1013428410769573 4898425 3778101  6364746  8199542  4415030  5813392 5950309 12639479
            1024    1024 1034232 4195100 12944224 1330511613142265 5813392 5950309  6137371  5813392  5593820  4470172 5363307  9743447
            2048       4  957436 3038742  3908414  6895083 6563185 3611028 4310472  3835124  7582884  3650932  3561619 5816563 10726615
            2048       8  929263 3657149  6007763 1263586712416686 4663865 5719737  7425563 10084382  4500161  3757946 5769681  6900622
            2048      16 1031228 3561619  5920802 11851361 7036283 3630870 6261772  7470770  5172149  4643695  4215286 4462754 10780463
            2048      32 1342008 3436240  5264067 12187663 5800851 3592903 5640860  7903836  9664580  4751580  3363581 4172290 12805399
            2048      64 1119821 4376355  6717153 1383675214638464 6303124 6303124  8390200 10389302  4164199  4023754 6007763  6459541
            2048     128 1205299 4001263  6303124 1311829513926483 6340344 4088876  7636816 11900619  3194702  3281349 5056455  6080053
            2048     256  929666 3117032  5020987 1234530612862925 4709895 3826582  5447681  6717153  3736694  3999400 4807425  5095447
            2048     512 1408461 3470953  4550221 12050878 7419150 4301837 4934459  6097316 10143926  4481379  4172290 4144109 11246230
            2048    1024 1436250 3766184  5209791  5986827 9431138 4728042 4472047  6114678  5970183  4356379  3682233 4623699  9932791
            2048    2048 1239563 2605532  3828288  4231899 5531879 3814687 4923146  3960675  4818211  3425279  3229534 4948672  6298503
            4096       4  935579 2505155  4988629  5664678 6213770 2836457 4819300  5506711  4200656  2931815  2736168 4235870  5217395
            4096       8 1229697 3276846  5753847  6542703 6989921 3596518 3743865  7351860  4452120  3180393  2391139 4485833  5603704
            4096      16 1304489 3427196  5800471  6178018 6714018 2886982 5334028  7687410  4257917  3169831  3627654 4344048  6883496
            4096      32 1204015 3084464  6060333  5461198 6272759 3743865 5944991  6291135  4367238  3693161  3660115 5238075  6451792
            4096      64 1225574 4117102  5910222  5339001 6007355 3828122 6013663  7099689  4917236  3124291  3846119 4428023  4653513
            4096     128 1409941 3775126  5944991  6281934 8847367 4917236 4617244  7921350  5179642  3253882  2876348 5113352  5244471
            4096     256 1193145 4091608  4789740  5069594 5841891 3506234 3846119  6595451 10089154  3308398  2561939 4385074  5447345
            4096     512 1316989 3867766  5535098  6804432 8142867 4275933 4556020  6361016  9868918  2985308  2807257 4507015  6243125
            4096    1024 1165621 3247731  3956848  6680080 5447345 4366128 4618485  5139356  8340529  3177452  2332698 4977067  5918366
            4096    2048 1088242 3000952  4680135  5319164 5461198 3136268 4730393  3602551  3653887  2221399  3590505 5001700  2677324
            4096    4096 1014111 1839227  3515562  4271680 4613524 2979096 3699523  2511380  4526013  2822940  2149147 3942321  3949571
            8192       4  858782 2539371  4699856  4262040 3627963 2127300 4190311  5595314  4313404  2446960  2388945 4705649  4670469
            8192       8 1133842 2652072  4452008  4471708 4784941 2919312 5516264  7256842  5288712  2645131  2556755 5905961  5113965
            8192      16 1241597 2701066  4190311  4503356 5059743 2853370 5630154  7086227  4998648  2760304  2852423 5357988  5333039
            8192      32 1243080 2907947  4625826  4896777 5897851 3474258 5633847  7509002  6006101  3358786  3062418 5745001  5927357
            8192      64 1238018 2920552  5842692  6063334 6655245 4003788 4754484  7340560  5817959  3465497  3240321 4937591  5741161
            8192     128 1235037 3044239  5962328  5688881 6234975 3723903 5645881  7578564  5761377  3396638  3026008 5454094  5588034
            8192     256 1488091 2903033  5066458  5326425 5302587 3757706 5268439  5855636  4617744  2907947  2860259 4586921  4284894
            8192     512 1182298 3042891  4670469  4983423 5468852 3118281 5509188  6917874 10832863  3838731  2771213 4638941  5019826
            8192    1024 1072374 2104369  5550123  3912159 3796318 2309462 3760997  5056765  3300391  2090287  2353921 4782278  4835445
            8192    2048 1016115 1839208  3995873  5136133 4578974 2994102 4065372  2652891  3037511  2006782  2372450 4330255  4757776
            8192    4096  571711 1830975  3820802  3526316 4437634 2839693 2990974  2425883  2874376  2023326  2399623 4227431  4341197
            8192    8192 1069170 1861831  2784689  3440513 4037664 2706385 3695070  2876301  3554036  1921169  2672702 4293461  4200556
           16384       4  896327 2452007  4580136  5136059 4024612 2163452 5267957  5785536  4921609  2602733  2544901 5326345  5350398
           16384       8 1158125 2555215  5340419  5165399 4518400 2547637 4332113  7139088  5667209  3048669  2810290 5483167  5589764
           16384      16 1215331 2729258  5295153  5226290 4937877 2752213 5359578  6330788  4570388  2681023  3438414 5622234  5718614
           16384      32 1235588 2888124  6115570  6440555 6318564 3426071 6316241  8441360  6382531  3079132  3245035 5634219  6395004
           16384      64 1374972 2989258  6435127  6422497 6360673 3569508 5613049  8471538  6417099  3321898  2995773 5868541  5971034
           16384     128 1453248 2944556  4792218  4633563 4996760 3835261 6050418  7929958  6134130  3733778  3471240 5443210  5473995
           16384     256 1298043 3017346  4889045  5284972 5014993 3645633 4619236  7595993  5574800  3078580  3686705 5129541  5144133
           16384     512 1385422 2704979  5002944  4890785 5165399 3354656 4340322  5548244  5921129  3390740  3234648 5007319  5123041
           16384    1024 1090892 2903990  4109326  4003976 4220629 3148398 5024159  6282173  5217560  2492562   733353 5044443  4877594
           16384    2048 1026754 1617354  5405531  5102499 5345819 3184434 5158807  4058363  6687502  2416908  1943544 4378485  4600988
           16384    4096  952389 1855687  3650668  2988608 3303216 2347954 2816048  2942538  2739376  2271432  2529538 3381563  3460229
           16384    8192 1003060 2481671  4427856  2964882 3100806 2184844 4276576  2033734  4355176  2454547  2892135 3173405  2816625
           16384   16384 1067357 1998309  4181846  3442030 4169920 2504463 2909646  2011058  4204361  2368346  2748910 3636950  3587584
           32768      64 1071625 2652401  4640103  5621729 5481375 3542076 5023572  8484511  5949273  2666242  3534061 6490070  6240472
           32768     128 1425614 2514626  4597111  5066910 4762791 3609993 5212772  4576446  5610026  1791580  2624192 5835849  6220137
           32768     256 1364540 3378139  1888732  3656769 3586723 2229277 5565275  7403597  5214552  2135544  3374241 4892841  5104168
           32768     512 1408289 3359478  5342870  5140824 5079644 1607777 4303600  5441444  4899469  2227145  2451430 5764136  5745822
           32768    1024 1378956 3273462  3905535  3783403 3395666 1649277 5868241  5503544  4394839  1918498  1688028 5291852  3665350
           32768    2048 1266393 2197693  5345571  2859629 4192537 2740731 2872659  2175224  2552406  1207948  2318869 2873920  5285136
           32768    4096 1137026 2553023  4386003  4432827 4337282 1904910 2742099  2204355  2979977  1784555  2222607 4274954  4066024
           32768    8192 1275620 2240104  3088112  3334213 3776023 2534847 3829897  1959695  2987880  2008084  1863306 3428362  2866069
           32768   16384 1123539 2230036  1433973  3840599 3910313 2057259 4186535  1957602  3808037  1271066  2539156 4042939  4244064
           65536      64  903734 3181980  4741742  6191389 5602914 2667841 4910480  7300523  5723665  2693407  3081148 5693906  5803298
           65536     128 1356458 2683049  5971996  5552437 4507539 3078250 5011191  7688504  4511608  3054850  2500713 5953500  6277355
           65536     256 1249514 2673732  4448236  5000434 4857031 2606421 3154266  7276752  5189331  2164345  3535234 5436903  5845132
           65536     512 1339464 3177529  5816684  4514127 4480793 2745983 4328049  5999761  4707715  1869093  3341297 5968106  5344615
           65536    1024 1352880 2731466  3684058  6011965 5349400 2109175 3568924  4263602  3615539  1537719  2981878 3550898  4844448
           65536    2048 1021798 2102142  2816695  2799255 2844678 2058550 2988134  4053181  2793054  1494959  2205183 4930562  2734319
           65536    4096 1212663 2579830  4323760  4351344 3371005 2717102 3938202  2759297  2345518  1574736  1911571 3920788  3350175
           65536    8192 1119488 1996457  2683049  2619236 2730110 1625632 2671783  2472328  4115320  1587826  1651862 2691403  4143921
           65536   16384 1078867 1922615  2716512  2715733 3093353 1803710 1794431  1941697  2633111  1572250  1698572 3225024  2982040
          131072      64  803531 2501712  6110312  6192840 6108343 3073342 3450534  5694838  5241620  2699621  1768398 5798389  5538386
          131072     128 1149081  926696  4465210  5145512 4840004 2901425  763844  8429664  5657739  2605653  2756265 5619340  5727171
          131072     256 1058678 1315020  5430984  5649135 5386551 2892982 5365837  7015161  5367408  2684357  2519933 5442275  5485774
          131072     512  979370  468991  5542854  5724428 5440928 3011489 3889273  6762912  5420649  1709164  2735854 4793080  5562145
          131072    1024 1130926  962321  4239757  3213972 3284775 1966364 2846914  6720254  3488922  1711793  2540205 2263684  5777913
          131072    2048  844955  364632  4558891  4447042 4544044 2513999 4643999  2441820  3774893  1560809  1875244 4370953  4591598
          131072    4096 1097214 2102326  3558824  3172721 3593485 2025190 4005133  2716791  4060090  1757448  1539902 3803832  4096791
          131072    8192 1104704 2388033  4042684  4309450 4056585 2403526 3832979  2781435  3901417  1864648  1306224 4012616  4036095
          131072   16384 1095626 1753334  4120341  3536162 2916092 2039646 3650514  2771773  3940003  1338231  1965394 3840932  3946650
          262144      64  119079  122694  5496848  5836705 5705855   65458 3596974  7608929  5766241   109890   108331 2610607  6261640
          262144     128  109320  116746  5012891  5733407 5547183   69886  770993  7729007  5093354    78390    89962 5398792  5833330
          262144     256   94699   88931  5073729  4094149 4280740   64890 5025102  7393473  4290211    94626    77467 4093630  4742610
          262144     512   74563   71367  5120704  5603983 5672006   68755 3856084  4670052  4560457    81081    71341 1431572  4342003
          262144    1024   78606   69586  5095030  5486371 3668660   95287 3342480  2700124  3386647    94865    62694 1289805  5727792
          262144    2048   77066   50793  4471617  4790027 4603302  108380 4378905  2916926  4719140   121001   107131 4341368  4914396
          262144    4096  117771   70345  3909919  3886150 3798468  129617 3669383  2579900  3461428   125598   111685 3852045  4050873
          262144    8192  122661  112710  3858059  3728095 3677298  120499 3704481  2507765  3817168   124448   111558 3233992  2564705
          262144   16384   99053   44375  3877010  3984491 4028831  108344 2764941  2771164  3976407   129193   108487 3719192  3870827
          524288      64   36682   67443  5584653  6099861 5823471   11888 4057674  6416593  4460513    36137    39613 5942281  5862220
          524288     128   75351   61915  5524284  5398180 5537123   17114 5519293  8232132  5818894    78119    75540 5042153  5794377
          524288     256   36318   38985  5234974  5627571 5545795   45239 5127508  7099857  5495513    75997    57771  387883  5245764
          524288     512   75254   32277  5026973  4975449 5387639   19858 4638489  6977774  5623786    66901    67738 1759055  4306087
          524288    1024   51549   49361  5349057  5499843 5310588   32917 4968232  4748209  5033301    71651    69786 3927543  5666814
          524288    2048   76297   46086  4458116  4699944 4657972   63635  272966  2376074  4327203    37489    64139  422966  4541223
          524288    4096   69974   26577  2516753  3676996 3318509   36759 3935268  2584724  3988645    55688    86312  408599  3909007
          524288    8192   73158   50662  3006200  3658619 3857212   38570 3698132  2700150  3894490    77863    45016 3809509  3903629
          524288   16384   63658   38343  3844965  2594647 3977995   39847 3007981  2106808  3495113    37970    74564 3728954  3800154

iozone test complete.
