	Iozone: Performance Test of File I/O
	        Version $Revision: 3.420 $
		Compiled for 64 bit mode.
		Build: linux-AMD64 

	Contributors:William Norcott, Don Capps, Isom Crawford, Kirby Collins
	             Al Slater, Scott Rhine, Mike Wisner, Ken Goss
	             Steve Landherr, Brad Smith, Mark Kelly, Dr. Alain CYR,
	             Randy Dunlap, Mark Montague, Dan Million, Gavin Brebner,
	             Jean-Marc Zucconi, Jeff Blomberg, Benny Halevy, Dave Boone,
	             Erik Habbinga, Kris Strecker, Walter Wong, Joshua Root,
	             Fabrice Bacchella, Zhenghua Xue, Qin Li, Darren Sawyer,
	             Vangel Bojaxhi, Ben England, Vikentsi Lapa.

	Run began: Sun Oct  6 17:30:45 2013

	Auto Mode
	Command line used: iozone -a
	Output is in Kbytes/sec
	Time Resolution = 0.000001 seconds.
	Processor cache size set to 1024 Kbytes.
	Processor cache line size set to 32 bytes.
	File stride size set to 17 * record size.
                                                            random  random    bkwd   record   stride                                   
              KB  reclen   write rewrite    read    reread    read   write    read  rewrite     read   fwrite frewrite   fread  freread
              64       4  503814 1279447  3738358 1597288510402178 4564786 2801873  4988978  4564786  3363612  2772930 4564786 15972885
              64       8  688639 1722886  6421025 2273779112310336 4897948 3203069  5283570  5283570  4274062  3541098 3406295 12902017
              64      16  718114 1421755  6421025 1597288515972885 5860307 4643754  4274062  3738358  3363612  3588436 2923952 15972885
              64      32  913649 3738358  7100397 2096219115972885 5860307 4564786  4274062  7100397  2923952  4564786 4988978 12902017
              64      64  191629 1066042  2537060  135706612902017 1143223  359926   293434   538156   627470   673098  913649   998622
             128       4  786271 2511022  5847904 1636517310567140  877518 4934216  5325799  3468030  3982553  2727923 1911894 11720614
             128       8 1065630 2066432  6406138 1420079412842051 5122535 3759450  6812590  6406138  3657016  2326073 5603747 15881078
             128      16  859260 1905110  4407601 1863766414200794 3982553 4557257  5603747 12842051  4267461  2286447 3759450 15881078
             128      32 1085013 2286447  4557257 1801235914200794 6406138 3468030  7082197  4267461  4596273  2558895 5545860 12842051
             128      64 1175271 3277486  7476717  803630414200794 6406138 3560017  6727225  6045455  3657016  2673584 5784891 18637664
             128     128 1142750 2420455 11470204 1863766414200794 6406138 4135958  6406138  5784891  6406138  2673584 5784891 16365173
             256       4  904732 2607399  5971678 1345445010245071 4652146 4054829  5687020  4197489  4264168  2911402 5428265 12228612
             256       8 1053922 2613746  6554972 1607260813454450 5687020 6073004  7518900  4840911  4840911  3368013 5971678 14164395
             256      16 1122215 3207059  6719046 1583556914164395 6107548 4117018  7314033  5687020  5022044  3275543 6554972 15164624
             256      32 1117543 2872459  5810112 1607260815164624 6554972 4264168  7518900  4840911  5569035  3245838 4652146 14353744
             256      64 1152323 3421677  6936061 1709624914953435 6719046 4553502  7965107  9192546  5938650  3605511 5938650  2266207
             256     128 1219045 3511189  8815202 1516462414164395 6761355 6249745  7314033  5217259  4572895  5810112 5810112 11695808
             256     256 1306564 3823789 12661199 1362518013454450 6249745 5117791  6249745  4070199  4477549  3879045 5938650 13454450
             512       4  948197 2736325  6018636 1242715710044089 4485083 5453155  5822804  6018636  4195896  1662389 5684095 11620224
             512       8 1240025 2942541  6395018 1424006912797441 4742616 4091959  6018636  6472112  4827914  4131319 6395018 13872122
             512      16 1334001 3140488  4610256 1378308812797441 4742616 5278892  6909408  6571132  5278892  4340054 6652558 14240069
             512      32 1334001 3580298  4784885 1387212212797441 5019764 6086873  7309196  7211022  5227492  3580298 6174377 15143846
             512      64 1312798 1772135  7309196 1547114914240069 6632013 6472112  8109658 14146265  5624545  3822466 6551087 14628067
             512     128 1480200 3533174  7211022 1462806713872122 6571132 6104175  7758090 11374040  2800557  4457157 6414119 14240069
             512     256  946109 3963567  8265729 1319046912797441 6319739 5886650  6821616  8265729  4447925  3795443 6086873 13109944
             512     512 1210664 4195896 11877300 1352271113522711 6086873 5951911  6319739  5886650  5684095  4927617 6035551 13438092
            1024       4  842678 3092561  5983467 12456195 9855234 4374559 5277632  4876180  7420395  3999762   643170 2300703  2142335
            1024       8 1317957 3835457  3999762 1442204512639479 4832290 5885083  3591693  9485232  4374559  2672984 6137371 12944224
            1024      16 1386007 3696803  6744549  601699712639479 5885083 6393168  7769397  8610501  5277632  4182843 6317933 13305116
            1024      32 1302766 3866533  6830356 1461839314044758 6364746 5277632  7755368  8750850  5444898  4304412 6280976 13142265
            1024      64 1440391 4095102  6402699 1508034114422045 6569179 6235382  8000971 15743686  5336651  4594502 6609617  6963241
            1024     128 1383774 3877004  6609617 1381881713472053 6441107 5720477  8122014  9655828  5500686  4126579 5950309 12492426
            1024     256 1159609 3379719  6692005 12348754 8610501 6025439 4789183  3984917  9381637  4679604  4848656 5821271 12173747
            1024     512 1035479 1765437  3461434 1177330112348754 5720477 3249318  4972145  7755368  4762630  6244448 3422814  6364746
            1024    1024  991495 2085132  7927135  7420395 9064828 4488860 3791442  5925680  4215688  4265934  2120127 5390231  6559147
            2048       4 1070556 2615051  3901313  5986827 8261095 2720222 4643695  5507054  7393606  3887189  3089009 5535444  9752360
            2048       8 1211931 3057127  4321315 1071323711770166 4540600 5626082  7582884  9101380  3730203  3525079 5832361  5521212
            2048      16 1286340 2771120  4301837 1050363711072275 3821475 5868220  7609754 10673302  4934459  2805512 4215286  6990474
            2048      32 1043759 4303993  6207471 1338401113301113 5704543 3984558  7529708  7670915  4875642  3459769 4303993  7207495
            2048      64 1369829 3225896  6149699 1256195213748169 6149699 5848244  4543002 10240672  5147354  3908414 5596757  8431376
            2048     128 1317109 3108009  5332694 1190061912805399 3857514 5800851  8253158 15048789  4623699  3199462 5704543 12050878
            2048     256 1185177 3548378  6114678 1177016612416686 5159722 5738844  7135648  7754008  3002627  3292669 5626082 10945301
            2048     512 1171598 3554251  6359119 1177016611983630 4923146 3690142  6420913  9653719  4603874  4550221 3165272  4248644
            2048    1024 1086397 1995892  7393606  7810411 9525260 3871422 5251194  6003564  7670915  4472047  4720248 4796687  7368238
            2048    2048 1170959 3500658  2972495  4001263 4196751 2715922 4994712  2370418  4994712  3281349  2458618 3743207  3336148
            4096       4 1017113 3146031  4011358  6131713 7339297 2936325 4576653  5535098  3700320  2925823  2587405 4267436  4768469
            4096       8 1223480 3785107  4347346  6291135 8377131 3393349 5139356  6024207  4893426  2991546  3686820 4841028  5447345
            4096      16 1313666 3263773  4100397  6503078 6522830 3454069 6013663  5980170  5402804  3402085  3583764 5438722  5312585
            4096      32 1257602 4200656  4321103  5728903 9062041 4288742 4466009  7138037  7447471  4034911  3182750 5944991  5679660
            4096      64 1266503 3465216  5744227  6451792 8173861 3856480 5535098  8177752  5332372  3336022  3005151 5340661  6094733
            4096     128 1296123 3909130  4271680  6112079 4864330 3185110 5319164  6955959  5171846  3346419  3912691 4072211  5340661
            4096     256 1310259 3889659  5833956  6804432 6706156 4664886 5157871  6703539 11570449  3126565  2803134 4370571  4526013
            4096     512 1241965 3730856  5841891  6894546 8360824 3942321 3750403  5087609 10691939  2620558  3225172 3969648  6122971
            4096    1024 1035630 2178857  3540193  5594580 4068354 1921942 3618486  5482110  9937420  3717133  1817051 4262142  4664886
            4096    2048  996349 2991546  4058742  4830139 4121052 2848213 3716329  3447830  5101205  2505155  3054304 4680135  4054910
            4096    4096 1078202 2110080  3909130  3568133 4581535 2610602 3098371  2365133  4000150  3067940  2596006 3408159  3799338
            8192       4  991771 2571296  5278151  4788276 4620849 2245616 4503356  5560902  5032325  2813188  2614736 4025837  4166935
            8192       8 1193634 3515851  6086965  6254268 5591672 3097200 4992112  7419818  5123115  2821736  2536933 4459520  4392252
            8192      16 1163443  816421  4357162  4683839 4404075 2882575 5953031  5817959  6059057  3735645  3008521 5630154  5966469
            8192      32 1311550 3036437  5638469  6532510 6591409 3787112 6257686  8257953  6244039  3686744  3371310 5805180  6486879
            8192      64 1296212 3065970  5979968  5146134 4652131 3663942 5490700  7466577  5375591  3270236  3383927 4910774  5244315
            8192     128 1284773 3010630  4359927  5825851 6000856 3974610 4392252  6941633  4481623  3192451  3236658 5736369  5850651
            8192     256 1309051 2901807  4459520  4354953 4861443 3749505 5113204  6521352  5214074  3064876  3578839 4807705  4759753
            8192     512 1226178 2685024  5953031  4196452 6036702 3930957 5047850  5889763 11412140  2841572  3557348 4139325  4531269
            8192    1024 1433399 2267848  4592439  5072442 5104089 2628940 5274909  6732179 11408351  3043160  2314129 4738094  4953250
            8192    2048 1040516 1870751  4525898  3368665 2973374 2028702 5097274  2484649  6140266  2372450  2205685 4381051  4917803
            8192    4096 1017529 1177840  3319523  2747063 2987594 1519548 3862465  2536933  3661989  2193855  2644113 3487304  3320806
            8192    8192 1008865 2410058  4373801  4257814 4183678 2166603 3048560  2280038  3591558  2926772  2920304 3151747  3136499
           16384       4  981204 2495731  4902648  4914218 4220629 2086593 4384351  5019755  4706553  2767508  2626910 5107050  5711010
           16384       8 1231050 3108240  4726949  4918439 4593300 2464494 4899502  7667183  5893706  2837560  3345673 5437611  5686906
           16384      16 1272351 3190644  5022690  4789212 5209649 3206275 4451087  7941872  6175474  3306554  3097173 5131073  6370107
           16384      32 1315461 3221456  6282173  5746830 5309062 3566358 5435890  8102942  6316241  2631941  3750079 5919089  5824767
           16384      64 1243188 3065397  4827566  5412770 5335443 3192571 5492370  8613831  6345402  3509891  3295928 5107050  1130723
           16384     128 1272328 3064030  4726949  4896710 5224700 3710994 6028127  8586923  6166054  3294664  3282076 5239439  4631065
           16384     256 1324590 2927745  5883111  5925213 5946749 3208670 3361548  7285157  5548244  2625204  3066354 5124951  5191545
           16384     512  685578 3744970  4701401  5075741 5373408 3717619 4183883  5418318  4841511  2972963  2419375 5874561  5439333
           16384    1024  921595 2801696  1164878  3471065 5328410 3069230 5452279  6769854  5525492  1382134  2572047 2288604  4612415
           16384    2048 1103009 2537758  3797955  3883376 4082715 2338207 3278162  3270361  5067880  2106162  2103197 1378088   791081
           16384    4096 1080158 2522574  3348444  4421020 4429283 2667908 4289121  2999697  3331561  2537758  2533081 2803983  2700939
           16384    8192 1101224 2770298  2986010  3054496 3417722 2513715 2712132  2819051  4400636  2509401  2934120 4325296  4388831
           16384   16384  967065 2221285  3599988  3481616 3697616 2707643 4333206  2110302  4391355  2593598  3012848 3661366  3595279
           32768      64 1319272 2917417  4862375  5258042 5341001 3445292 5842050  8441259  4515996  2869360  3729200 6070409  6033632
           32768     128 1397947 3078843  5227046  5402940 5134487 3662030 4995090  7371829  6176807  3056997  3688467 5428763  5570914
           32768     256 1267620 2981916  5891384  4285084 4502828 3270657 5857737  7666672  5766797  3385128  2894194 5593587  5673245
           32768     512 1344766 2879158  4463056  5915727 5994945 3881052 5807736  7294749  5994945  3344354  3651037 5294502  5244599
           32768    1024 1407626 2492057  3889839  6123692 6099775 3810677 3732947  2344742  4005938  1776229  1756614 4957255  6011464
           32768    2048 1168243 2090205  2857607  2992760 3147086 2332406 5165944  1723355  2131669  1239665  1581088 3757441  4993638
           32768    4096 1280755 2289702  4275087  4312242 4417440 2759884 2695155  2418643  2742591  1771832  1851907 3480012  3195303
           32768    8192 1025091 2250706  2029733  2672515 2903181 2123927 4297948  1879743  2540376  1430109  1759155 2748954  2722005
           32768   16384  936655 2215835  2765715  2797295 2896451 1641595 2171066  2402199  2763380  1990403  2421882 2801171  3923374
           65536      64  518238 3400910  5928717  4706345 5930892 3530647 5960083  8213449  4457903  3294404  3117809 5234891  5827535
           65536     128 1265617 3847577  5701701  5389466 5402813 3502128 4999615  7759256  4553008  2913761  2944506 5438194  4986012
           65536     256 1181362 3676027  4562227  5091387 5385453 3569110 5595159  7324841  4586740  2428962  3475779 4373150  5420606
           65536     512 1468193 3423486  5463595  4893259 4969426 3416168 5140421  4635471  4515610  2237038  3201883 4652890  4132706
           65536    1024 1431224 2806313  5687897  5910487 6027917 3888893 5855591  5651643  5232798  2187146  2692194 3904914  3577471
           65536    2048 1343503 2211072  3021074  3028897 3136736 2578935 2986219  3375020  5070069  2009740  2089344 4738963  4999343
           65536    4096  910650 2637153  3711015  3319789 3196559 1709112 3150939  2440088  2428254  1171413  1961566 2591701  2813667
           65536    8192 1215882 2593437  2879936  4023871 3985886 2497940 4004409  1778502  4139490  1804207  1585445 3346219  4067275
           65536   16384 1278574 2573864  3119578  4088631 4177234 2726130 2759186  1901035  4109598  1687207  2208390 2927010  3056718
          131072      64 1073893 3013007  6013004  5913463 5657448 3039225 1828722  8125053  5608791  2857539  3077161 2045155  5765733
          131072     128 1337785 2805895  5377068  5755351 5616297 3080713 2230176  7651565  5640672  2586772  2880582 1703297  5681478
          131072     256 1339245 2928473  5417551  5545425 5451557 3195236 2326862  6962300  5528083  2843822  2864015 5377278  5472722
          131072     512 1319242 2640393  4958079  5047854 5024005 2983655 4901715  6410637  5293911  2473805  2541426 5445455  5301364
          131072    1024 1309148 3051591  5326172  5522530 5678309 3058705 5420863  6794086  5594920  2469793  2136294 4918423  5382385
          131072    2048 1196182  869951  4698614  4753625 4626102 2453152 3678088  3646761  4851494  1843619  1855779 3732020  3671186
          131072    4096  853883 2289144  3947103  3829481 4073991 2330295 3797657  2768451  4146665  1693109  1784673 3953689  3996485
          131072    8192 1166900 2294752  4032483  4049056 4020598 2339906 3980801  2795309  3962266  1794764  1828881 3256600  3518621
          131072   16384 1080310 2343037  2135805  3657363 4239070 2510761 3951785  2900721  3979936  2008366  1538226 3980570  3987008
          262144      64  105553   86563  5714455  5971264 5722158   85845 1470867  8284145  5691855   112763   129697 3468055  4586155
          262144     128  113989   74520  5513718  5835280 5300133   59745 5245941  8064731  5639799   119560   102613 5392570  5844275
          262144     256  107196  105746  5252532  3447546 3931561  116093 5063238  7234923  5329084    88487   110014 4965867  5560620
          262144     512   86821  104628  5206444  5833454 5690235   99392 5087109  6706146  5520778   106702   118137 4973909  5392252
          262144    1024   80578   71808  4378992  4233387 4642094  102288 3967554  6436788  5591813    63064   101405 5333116  5737805
          262144    2048  127712   93994  4375124  4933824 4839531  107791 4414170  3586052  4785753   103101   100328 4308316  4753723
          262144    4096  101748  110739  2793312  3358755 3833243  122851 3720564  2836960  3920962    99485    99215 3903797  3945104
          262144    8192  114016   75655  3813606  3983466 3789409   93568 2809357  2257604  3790128    78214    95180 1026449  4178066
          262144   16384   90609   54454  3811385  4025615 3974107  116799 2338650  2770291  3994160   138101    89838  691793  3006546
          524288      64   25145   72515  5794897  6020897 5517478   23275 5631809  8069045  5685877    83101    83406 6045128  6054265
          524288     128   82049   82012  5191336  5493372 5655374   42877 4330492  6264348  5083215    71905    75086 3998690  5871737
          524288     256   77913   50068  5331110  5091854 5368344   42531 5348068  7422793  5559845    82656    74942 4590481  4351332
          524288     512   71080   60579  5273148  5358468 5461094   60071 5356223  6979789  5753821    78354    67586 1869326  5539815
          524288    1024   71494   46591  5175855  5073668 5208255   37131 4040726  6940642  5701134    77549    82735 5495046  5550554
          524288    2048   82897   77392  4734225  4934663 4835443   64699 4428668  2610786  3860225    53099    69606 2741948  4730477
          524288    4096   69604   72145  3845328  3906327 4000727   65984 3562655  2539185  3288083    79664    73380 3074912  3885249
          524288    8192   73196   31732  2611738  4297050 4166633   42130 3903331  2751472  3604147    69047    51885 3806858  3922786
          524288   16384   71878   52365  3474042  3777567 3752338   60210 2523344  2170319  3781738    39028    71727 3850553  4014671

iozone test complete.
