	Iozone: Performance Test of File I/O
	        Version $Revision: 3.420 $
		Compiled for 64 bit mode.
		Build: linux-AMD64 

	Contributors:William Norcott, Don Capps, Isom Crawford, Kirby Collins
	             Al Slater, Scott Rhine, Mike Wisner, Ken Goss
	             Steve Landherr, Brad Smith, Mark Kelly, Dr. Alain CYR,
	             Randy Dunlap, Mark Montague, Dan Million, Gavin Brebner,
	             Jean-Marc Zucconi, Jeff Blomberg, Benny Halevy, Dave Boone,
	             Erik Habbinga, Kris Strecker, Walter Wong, Joshua Root,
	             Fabrice Bacchella, Zhenghua Xue, Qin Li, Darren Sawyer,
	             Vangel Bojaxhi, Ben England, Vikentsi Lapa.

	Run began: Sun Oct 27 03:31:06 2013

	Auto Mode
	Command line used: iozone -a
	Output is in Kbytes/sec
	Time Resolution = 0.000002 seconds.
	Processor cache size set to 1024 Kbytes.
	Processor cache line size set to 32 bytes.
	File stride size set to 17 * record size.
                                                            random  random    bkwd   record   stride                                   
              KB  reclen   write rewrite    read    reread    read   write    read  rewrite     read   fwrite frewrite   fread  freread
              64       4  652157 2137031  9382118 1615972010481095 3801588 7986442  4029873 13023645  3748502  3210512 9065276 15242148
              64       8  598369 2641785 12421016 3117213216159720 530385410481095  6299617 16159720  4579919  374850212421016 10481095
              64      16  781218 2778507 16159720 3117213221285156 575900910906959  5885272 23118283  3748502  428732616159720 21285156
              64      32  772228 3063933  9065276 2128515621285156 575900910481095  6451008  9065276  4287326  575900916159720 35267590
              64      64  914254 1818528 10481095 2128515621285156 588527213023645  5885272 16159720  5885272  397026916159720 31172132
             128       4  883576 2662899 11770544 14274156 9830749 3988302 8574652  4897948  8574652  3988302  3203069 9830749 11770544
             128       8 1068163 4414643 12902017 1876423612599234 533608410821524  6743644 15972885  4564786  4564786 5336084 14274156
             128      16 1103284 3384819 11518019 1646268014274156 555701410821524  5797028 10607708  4943044  199869011518019 11518019
             128      32  998622 2908113 14274156 1597288514274156 586030711518019  6743644 15972885  5557014  612786614274156 15972885
             128      64  907472 3901355 15972885 2181391915972885 634513712902017  6743644 15972885  4414643  8574652 9830749 18764236
             128     128 1186163 5132050 14274156 1813055214274156 642102512902017  6345137 14274156  6058712  579702812902017 15972885
             256       4 1093856 3657016 10672169 11720614 8548124 3997380 8284316  4934216  8284316  4012317  3938726 9795896  5945039
             256       8 1036819 4336399 12842051 1499400811594057 502661310264100  6562757 10567140  4499960  457668212255732 13487288
             256      16 1113134 4738251 10672169 13487288 9795896 569287811114029  5978138 16119492  5026613  463596212690274 14200794
             256      32 1230492 4481180 12690274 1499400812842051 5978138 7082197  7082197 14994008  4738251  388177012842051 12842051
             256      64 1180440 5026613 13487288  732372713319976 611430612117424  6769638 14994008  5816227  522219013487288 14391124
             256     128 1292712 4911646 12842051 1420079411114029 581622711594057  6727225 14200794  4407601  752914412842051 13487288
             256     256 1298968 4823391 12842051 1420079412842051 581622711720614  5816227 12690274  4012317  557465312842051 11114029
             512       4 1137672 3505458 11149307 11632454 8815202 4093475 8851536  4830023  8707966  3972324  367964610006382  9868433
             512       8 1215594 3816992  8962360 1345445011385757 522996610651598  2891800 10922478  4662246  3796747 8962360 13125514
             512      16 1267242 4486904 13125514 1425844112513642 574790711890078  7314033 11091721  4298308  423056611956277 15605420
             512      32 1293188 4377158 13206231 1425844111956277 5069466 9312131  7314033 15492836  5333886  516704713125514 13800298
             512      64 1299448 4652146  7518900 1464745413800298 647590413125514  7994760  8815202  5627409  551186013800298 14258441
             512     128 1372534 4341759  8999920 1388955613539277 649549112441146  7652874 12441146  5687020  657504212513642 13539277
             512     256  805021 4918524 11890078 1281227712513642 276876211385757  6398720 11890078  4486904  7545318 8271916 12736290
             512     512 1103757 4929815 12513642 1114930712441146 595511811149307  6038849 11149307  5569035  4662246 8401361 12513642
            1024       4 1178443 2804214  5195872 10334094 8313729 3152011 7359293  3262137  7944648  3541915  3668994 9406176 10138932
            1024       8 1268969 4471076 11910237 1343809211374040 461521010562830  6652558 11254819  4318236  437542511877300 12990983
            1024      16 1352485 4899511  9049439 1348026912043830 568409510774823  7056994 11910237  5121522  5043341 9859630 13109944
            1024      32 1376322 5019764 11495814 1279744111374040 584658411254819  6601432 12609582  5195872  530497310138932 13438092
            1024      64 1395098 5253066 12951808 1462806713827462 582280412077698  6832468 15989520  4827914  535791611910237 13827462
            1024     128 1395098 4527636 12215097 1382746212499490 6165514 9489304  7886297 11138071  5331314  487725610884042 10884042
            1024     256 1398733 4080297 1066777351200000011910237 5019764 9747744  6061103 10044089  5227492  556623110044089 12215097
            1024     512 1428032 4216492 10044089 12499490 5752614 5654163 3604335  3092994  9068547  4701087  6909408 9145790 11023721
            1024    1024 1376322 4179563  8683518 12077698 9224360 5304973 8596616  4849720  8265729  5272412  4635133 7929979 10138932
            2048       4 1004951 2437821  4095102  3821805 4592046 2011877 6280976  5169641  8122014  3292914  3126328 7617814  8942153
            2048       8 1257932 3778101  7294371 1100411110961982 4071808 7363149  6221833  5264693  4293654  4014717 8905072  9889272
            2048      16 1373376 4024121  8326715 1249242610194420 5033327 9391895  6733974  9666694  4451639  4180807 8942153 10609947
            2048      32 1440391 3690450  8286552 1183820212565522 4197149 9569770  7638135 10243045  4786515  4330452 9443521 12492426
            2048      64 1420149 4154520  9485232 1150522813223189 561209310182335  7993526 12054164  3856118  4359020 9485232 11004111
            2048     128 1279099 3779763  3132027 1107504912714312 5264693 9433150  4491207 15772594  3835457  3623510 4832290 11505228
            2048     256 1411515 4079544  7876256  962337510961982 5132574 7337989  6262659 11323234  4356809  3200886 7136800  9260272
            2048     512 1055714 2228482  7699755 1034170022509638 4741598 7452585  5801613 12054164  7263531  4087308 6564160  9699440
            2048    1024 1401840 3835457  8223091  9799022 6874084 4347987 6150554  5033327  8318651  4223980  4718159 6584286  7313001
            2048    2048 1335995 2972695  5735756  5954434 6025439 3638860 5448352  3751699  4087308  3190187  1870381 6692005  4415030
            4096       4 1060053 2580873  4209089  6077902 3415744 2602375 3882797  3316825  5512355  2440803  2337838 3857514  5860213
            4096       8 1300755 2135574  5744600  5793027 4712479 3052239 5170592  6481474  6007763  3757946  2396875 5496482  5777442
            4096      16 1364932 2842179  5164375  5894394 5369361 2613857 4911886  6859295  5012198  1597442  3445199 5793027  6452263
            4096      32 1427182 2714205  3908414  4988910 9395035 2809642 4210121  4240255  5633461  3564575  3172872 4923146  6629029
            4096      64 1456709 2352887  3235007  6680585 7556202 3864455 4970147  5498241  6243566  3901313  3205431 5367683  6361474
            4096     128 1461294 3207825  4784664  5172149 6330998 2799569 4452345  5729274  6471707  2919456  2423929 4330028  3835124
            4096     256 1229979 2721515  5319484  4196751 7817519 4104506 4351965  4162181 12407719  3112514  3167606 5013661  5062414
            4096     512 1344213 2963777  6735588  5785224 6714528 4047453 3571244  4252851  9223539  3920007  1909593 4906275  5293261
            4096    1024 1389438 3428013  4399892  4307230 4184484 2359349 4807425  4824977  9243389  2200963  2157838 4196751  4179395
            4096    2048 1144743 1946592  3810456  3368858 3935272 2256764 4214252  2976615  3637790  2442191  1859371 4095699  3357665
            4096    4096 1040661 2364871  3568277  2292296 3498519 2680747 3061485  1959916  3379461  2328649  2080237 3442437  3806235
            8192       4  903594 2757246  4430306  3585259 2842323 2136585 3351969  3358522  4331999  2263545  2536221 4418911  4224933
            8192       8 1292515 1995615  6127339  5602790 4201170 2687795 3684844  3441958  3466964  2556792  3312544 5091379  5389246
            8192      16 1257004 2785410  3423440  5247675 5062871 2677115 5178081  6941906  5669351  3431988  3120885 5801450  4841710
            8192      32 1393191 3239158  4893426  4673134 6907019 2901855 4885077  4126497  6018931  3463818  2693907 5720319  4937729
            8192      64 1517883 3561476  5145513  5472505 5028785 3522048 4827425  6140479  3691574  3175103  2181624 5094398  5261335
            8192     128 1330709 3247117  4644079  4925695 5251685 4468913 5151685  7361310  5603704  2644966  2559268 3639181  4167033
            8192     256 1032766 2078049  5258115  6601787 5200811 2520592 4923578  6359838  3813675  3118336  1812833 3597648  4407009
            8192     512 1064869 2622358  4890640  3923414 5350641 4251068 4899706  5810280 11409087  2894765  2837393 4151927  5072587
            8192    1024  704517 1542482  4098441  3912246 3880434 1823319 4818624  3864287 10089154  2512115  2622358 4776424  4627816
            8192    2048 1157571 1798410  4006213  3813675 3725193 2370518 2690321  2095666  2590721  1376117  1915727 4075592  3183635
            8192    4096  961713 2496056  2791293  4094046 2980129 2334441 2761901  1961663  2999642  2028246  2533789 3477139  3588255
            8192    8192  985208 1796530  3942321  4694202 3099489 2946902 3919833  2693907  3019677  2300370  2176925 2895741  3326012
           16384       4 1081947 2567645  4480162  5112063 3418265 2045976 3486597  3436212  4602281  2407272  2265531 3476191  4203126
           16384       8 1239515 3138074  5281802  5718706 4172248 2133044 4364357  5661696  4960401  2193295  3357474 6084271  4611237
           16384      16 1283094 2910656  6318096  5094629 5769116 3067613 4052426  5258361  4838850  3059555  2754551 5693123  5607184
           16384      32 1367834 2610960  4918507  4858693 4000060 2830220 5420110  7201328  4523514  2304042  2294043 4276628  5216053
           16384      64 1320750 2978400  5141129  5832774 4952893 3485889 5728718  6395120  4945408  2906471  2828240 4946832  5538940
           16384     128 1106868 3277567  4822889  4484841 4940786 2832553 5533142  8012427  4924852  2582214  3387263 4972605  4658438
           16384     256 1181587 3113054  3772559  4900968 4237859 3313121 5822395  6187258  5092741  2667100  3178865 4729941  3683384
           16384     512 1122269 2857761  4670469  6129313 5396699 3845175 4148822  6241771  3570285  2748491  2325641 4744964  4208531
           16384    1024 1195898 2585517  4628006  5979448 5330144 3126794 4751526  5752696 11761774  2174074  2871853 3950845  5094251
           16384    2048 1236326 2512906  3858561  3300550 4070429 2064788 3061326  3455738  5281802  2102373  2156337 3922431  4597047
           16384    4096 1078043 1893014  3627197  2963373 3100554 2128090 3425421  2245909  3360758  2053128  2160065 4332166  2823823
           16384    8192 1188453 2283523  3009575  3700840 3540304 2269871 2895205  2210794  4009863  1927798  2916338 3490493  4220421
           16384   16384 1110714 2058294  3780237  2989153 3085380 2194486 3615176  1994840  2739725  2078653  2401971 3695864  4067538
           32768      64 1289264 3137831  5793340  6301760 5037417 3466775 5702716  6520922  4657114  2761059  2640486 5141631  4455271
           32768     128 1244561 2645773  4455705  4818934 4738030 2816567 4822992  7413259  5066946  2816856  2696064 4421020  5736755
           32768     256 1191302 2637041  4483174  4375975 4302549 2846433 5438687  6330496  4943916  2772477  2943042 4081624  4264501
           32768     512 1385828 3248870  4449070  4366799 5416182 3239833 4542293  5827484  4366105  2329726  2614766 4967862  4733950
           32768    1024 1280794 2876157  4399649  4690651 4894443 3498989 5378876  5909418  5566220  2453626  2484497 4843047  4094513
           32768    2048 1072078 2168333  4109818  4253941 4229201 2537009 4187580  3241514  5064519  1856013  2068972 3466425  3989333
           32768    4096 1153760 2217951  3767761  3800476 3729118 2335903 3439102  2696911  3823099  2010822  2040861 3388566  3434461
           32768    8192 1169826 2291962  3771277  3879211 3216329 2064372 3555472  2657334  3607169  2077070  2248688 3399210  3709792
           32768   16384  933399 2451045  3576567  3816411 3837403 2429984 3577684  2554598  3593399  2416865  2948915 3233126  3233506
           65536      64 1141383 2854580  5362988  4381040 4270239 2431480 5204186  6941780  5471773  2784374  2879429 5185630  5741741
           65536     128 1088187 3052143  5313435  4873668 4928281 2972565 4742822  6759800  5105211  2648363  2934202 5332091  5282597
           65536     256 1263518 2799716  4811394  5241199 5166818 3417578 4313866  5610484  4353976  2569826  3109070 4991734  4335845
           65536     512 1276509 2960878  4391048  4818817 4345304 3167065 4946461  6552260  5061871  2868851  2753139 4377830  5200051
           65536    1024 1285974 2813903  4602885  4522832 4306230 2765576 4641670  6536524  4599650  2418218  2547061 4971241  4099375
           65536    2048 1011638 2534941  3982548  4185706 3540753 2258380 4132470  3315752  3885935  1734950  2035218 4246752  4189534
           65536    4096 1067554 2164979  3308409  3510053 3730668 2423762 3092942  2298375  3235547  1706355  1806047 3376230  3718756
           65536    8192 1090613 2113313  3468245  3725106 3476008 2318048 3502137  2510378  3657158  1571641  1840327 3317112  3779241
           65536   16384 1142180 2274620  3320960  3623794 3459863 2230778 3279750  2641847  3712027  2166685  2092608 3651037  3722987
          131072      64  942916 2371010  5271535  5601373 5349921 2441865 5385717  7974686  5464736  2551028  2512978 5545716  5324892
          131072     128 1145592 2618974  5073812  5256112 4786120 2453252 4963145  7395989  4953397  2302125  2489457 5170103  4889995
          131072     256 1048106 2681230  5156864  4830359 4849833 2464503 4454471  6138571  4674770  2251827  2650375 4325359  5116834
          131072     512 1098813 2264115  4397215  5143307 4990357 2385072 4998343  5646767  4702118  2070022  2673953 4838564  4567155
          131072    1024 1098657 2467323  4540861  4733210 4614073 2431809 4345737  5429868  4440404  1987170  2001101 5194873  4428385
          131072    2048 1093169 2128661  3924875  4011626 3977552 2233675 4071191  3150018  3877182  1546296  1566070 3989415  4283001
          131072    4096 1080463 1889762  3406072  3662948 3710764 2109944 3300555  2333858  3320370  1541825  1568371 3211460  3294424
          131072    8192  982584 1993489  3786572  3537804 3677871 2160160 3467689  2672212  3546134  1581928  1537771 3323140  3132108
          131072   16384  977799 1930996  3450625  3355901 3556227 2162438 3386955  2397031  3515970  1860390  1922326 3131127  3421632
          262144      64  129259  131172  5439798  5572321 5141205  114571 4846618  6744286  4795902   162547   132411 5408730  5527667
          262144     128  142851  121407  5401900  5217196 4739792  121550 4458384  7326970  5229081   116705   140370 5257485  5382938
          262144     256  150077  125514  4649596  4996925 5124814  127845 4947882  6683936  4492907   151837   130988 5056885  5007234
          262144     512  145134  120841  4740140  4739282 4911831  135843 4547164  6115307  5194569   139868   140285 5109406  5033204
          262144    1024  143288  127466  4788634  4944700 4639042  152316 4792474  6183054  4627114   156388   147648 4763138  4710753
          262144    2048  155763  135077  4281727  4196455 4280593  149965 3890016  3310609  4163718   156468   149369 3985519  3881611
          262144    4096  148084  121449  3423588  3295457 3106740  139036 3356860  2640000  3402653   155008   150245 3389196  3472241
          262144    8192  151652  114546  3377753  3545649 3404328  147626 3496600  2529371  3380620   175577   160572 3382939  3692329
          262144   16384  153148  131596  3273246  3318693 3150123  154170 3725016  2552198  3636545   190803   181763 3655976  3442292
          524288      64   48893   72984  5351129  5290060 5354856   24353 5154178  6843150  4928626    76182    78156 5185829  4985852
          524288     128   78801   74354  5096411  5499364 5267845   45061 4896548  7408967  5001410    77286    66908 4841833  5476001
          524288     256   78321   67385  4766077  4837902 4692745   53621 4688223  5848301  4659385    77682    77875 5012845  5186759
          524288     512   78362   69175  4728465  4886831 4702811   61765 4900946  6460578  5168400    76620    79305 4621188  4742242
          524288    1024   79132   74966  4955884  4789808 4625027   57917 4734869  5742285  4921556    79351    78611 4941818  4770078
          524288    2048   79615   67287  4111479  4142374 4204869   64928 4074637  3189895  3899360    76332    77754 4168728  3920347
          524288    4096   79327   69287  3129646  3138696 3324360   77277 3469324  2419698  3713740    79417    76765 3245237  3275755
          524288    8192   76137   69906  3429224  3442786 3298406   63066 3695578  2595585  3427770    82292    79920 3672539  3681355
          524288   16384   76168   74109  3489042  3465126 3595327   77433 3660721  2656262  3725089    80130    79606 3451009  3526474

iozone test complete.
Timer resolution is poor. Some small transfers may have 
reported inaccurate results. Sizes 256 Kbytes and below.
