	Iozone: Performance Test of File I/O
	        Version $Revision: 3.420 $
		Compiled for 64 bit mode.
		Build: linux-AMD64 

	Contributors:William Norcott, Don Capps, Isom Crawford, Kirby Collins
	             Al Slater, Scott Rhine, Mike Wisner, Ken Goss
	             Steve Landherr, Brad Smith, Mark Kelly, Dr. Alain CYR,
	             Randy Dunlap, Mark Montague, Dan Million, Gavin Brebner,
	             Jean-Marc Zucconi, Jeff Blomberg, Benny Halevy, Dave Boone,
	             Erik Habbinga, Kris Strecker, Walter Wong, Joshua Root,
	             Fabrice Bacchella, Zhenghua Xue, Qin Li, Darren Sawyer,
	             Vangel Bojaxhi, Ben England, Vikentsi Lapa.

	Run began: Sun Oct 27 03:31:06 2013

	Auto Mode
	Command line used: iozone -a
	Output is in Kbytes/sec
	Time Resolution = 0.000001 seconds.
	Processor cache size set to 1024 Kbytes.
	Processor cache line size set to 32 bytes.
	File stride size set to 17 * record size.
                                                            random  random    bkwd   record   stride                                   
              KB  reclen   write rewrite    read    reread    read   write    read  rewrite     read   fwrite frewrite   fread  freread
              64       4  647135 2379626  9318832 1597288510821524 4018152 7940539  4897948 10821524  1991276  3203069 7940539 12310336
              64       8  413101 2662899 12902017 2096219116983463 4897948 9006179  4274062 15972885  4564786  379115610821524 15972885
              64      16  666414 2358717 12902017 3048429715972885 498897810821524  5860307 15972885  4564786  395889212902017 15972885
              64      32  769584 2801873 12902017 2096219115972885 528357010821524  5860307 15972885  3958892  498897810821524 20962191
              64      64  763021 2801873 15972885 2096219115972885 528357010821524  5735102 12902017  5283570  401815212902017 20962191
             128       4  983630 3785961 11470204 14200794 9795896 4407601 9129573  4889281  9129573  4012317  389585410567140 12542043
             128       8 1133103 4407601 12842051 1588107812842051 512253511720614  6406138 15881078  4717434  455725712542043 15881078
             128      16  998261 4717434 14200794 1588107814200794 560374711720614  6727225 16365173  5122535  346803014200794 16365173
             128      32 1185654 4934216 14200794 16365173 1294270 554586011720614  6727225 16365173  1076312  6114306 9795896 15881078
             128      64 1165070 4717434 14200794 1801235914200794 611430610779307  6406138 10567140  3053774  803630414200794 15881078
             128     128 1196221 4889281 14586625 15881078 1111981 554586011720614  6114306 14200794  6114306  578489112842051 16365173
             256       4 1084800 3770085 11091721 12228612 9434868 4197489 9434868  5217259  9434868  1598292  395040210651598 11091721
             256       8 1226004 4496299 12812277 1495343512812277 502204411091721  6398720 11695808  4755158  4734192  235479 12812277
             256      16  760006 4734192 11091721 1416439510651598 545584711569783  6554972 13454450  5022044  502204412812277 14164395
             256      32 1108314 5022044 11091721  827191612812277 581011212090911  6761355 14353744  5320671  556903512812277 14164395
             256      64 1190657 4929815 13454450 12228612 7965107 593865012812277  7120034 15164624  5569035  584172213454450 14953435
             256     128 1219045 5217259 13454450 1495343513454450 610754811569783  6719046 14164395  1897721  853492212812277 14164395
             256     256 1280084 4840911 11695808 1281227712090911 568702011091721  5810112 11569783  2366082  184236611569783 12812277
             512       4 1011625 3504346 10485468 10911694 9304292 3459188 8528336  4784885  8992598  3459188  3795443 9859630 10235583
             512       8 1160923 4000485 11374040 1310994411877300 506714211434603  6652558 10235583  3934520  409977110284602 12499490
             512      16 1055894 3628697 11374040 12499490 8665997 4411377 7988981  4871723 11138071  4099771  4305250 8394979 12499490
             512      32  557092  944860 11683444 1168344412215097 4742616 8394979  4871723  9814569  4163357  4163357 8808176  9304292
             512      64 1057974 4375425 11943357 1352271112146009 4271001 8701110  5624545  9304292  4384358  430525010434519 12874162
             512     128 1258188 4701087 11943357 1279744111943357 588665011374040  6491676 13522711  5127637  588665011620224 12146009
             512     256 1296159 4375425 11138071 1168344411374040 545315510434519  5760329 11683444  3710197  733415910485468 11683444
             512     512 1190529 3366987  8844453 11374040 8665997 3815675 7871843  4650188  9638369  5067142  416335710434519 10485468
            1024       4 1012771 3191372  7883484  9300377 7524394 3401130 6640274  4451639  7590887  3366474  3210456 7644933  8680108
            1024       8 1125277 3738636  9569770 1298335311398360 4451639 8914314  6559147 10557785  4126579  417877311249091 10557785
            1024      16 1301187 4178773 12492426 136432321314226578367170 9240349  6744549  9946527  4674510  430441211132462 13305116
            1024      32 1177088 3970183  8680108 1113246210557785 4044965 9320560  6355328  9832672  4232305  3955557 8895850 10769573
            1024      64 1168760 3880507  9485232 11249091 9142007 483229010557785  6402699  8326715  2782064  4470172 9381637 11018226
            1024     128 1211622 4114719 10990032 1294422412639479 5507740 8914314  6479979 14820161  2632033  4694950 8914314 12828238
            1024     256 1018777 3251778 11249091 11489839115206581364323210878686  6059442 12790037  4507705  541742711398360 12348754
            1024     512 1133893 3170172 10689164 1249242612208350102400000010769573  3791442 11903823  3345496  7066349 9743447 12492426
            1024    1024 1107005 4470172 11132462  578988112037272 3668386 4876180  3618930  8326715  3556008  5390231 9381637 11368190
            2048       4  978485 2592166  7393606 10401883 8059569 3038742 5704543  6303124  6440169  3229534  3314266 6945257  9483197
            2048       8 1226291 2199836  8423109 1101548011001372 3885431 7470770  6738230  8574451  3828288  3413030 6670210  9140117
            2048      16 1269610 4221501  6738230 1028974111129659 4231899 7761014  6243566  9932791  4104506  3730203 7582884  9431138
            2048      32 1389551 3786104  9179186 13118295 8531869 504457711001372  6990474  8608824  4945823  4451191 7059413 11129659
            2048      64 1415424 4310472  8029434 1357436312488897 556412910959265  7088541 13038646  4807425  421321810037248 11706006
            2048     128 1141549 3624742  9567698 1280539912561952 4412322 5553337  7368238 15510737  3751381  3690142 4552633 11187641
            2048     256 1370922 1507057  6873016  9431138 9400176 5593112 6845629  6359119 12345306  3843705  2937929 4144109  7262337
            2048     512 1212615 3448657  6670210  879390314321195 4196751 6962145  5416763  9898453  3828288  3604966 5447681  7318020
            2048    1024 1302727 2663706  6440169  7817519 6003564 3367537 5156624  4531020  8292998  3806235  4088876 5277002  6420913
            2048    2048 1203273 2455104  4633675  4751580 4772701 2872113 4120256  2959183  4162181  3991965  2716781 5068389  4521480
            4096       4 1109394 2654571  2917377  3133979 2634219 2545616 4613524  5170290  5231694  1783289  3647681 4773769  5244471
            4096       8 1084121 2381526  5744227  6468797 6060333 1565819 4184286  4768469  6439700  2884558  2846797 5125556  6480999
            4096      16 1210804 2651293  3806071  5808315 9456085 3141429 5382492  6318902  4952675  3290024  3516281 4586428  5382492
            4096      32 1394605 3268741  5572803  5291314 6748303 3512686 4935601  5127086  7542289  4092583  2987384 4485833  5719367
            4096      64 1427752 2605455  4779081  4701910 7877762 3531460 3000952  7197849  5081590  2880206  2840678 4208889  5101205
            4096     128 1431678 2675239  4357270  2736168 6094733 3533639 4011358  3961410  6281934  2862450  2083214 4467170  5779008
            4096     256 1104402 2306082  4437172  6216019 6545196 4757904 3624593  6300364  7998800  2942864  2921346 5013377  4807163
            4096     512 1290089 2822940  4886467  5558378 5519094 3516281 4315676  4807163 11281721  2489906  2471637 4329816  4315676
            4096    1024 1162624 2659502  5681538  6103394 5833956 3430618 4708354  4906002 10166771  3673419  2890868 3522048  3856480
            4096    2048 1295830 2452933  6978564  4751325 4386193 2356697 4491697  3366089  4708354  2332698  3637640 3792628  4266376
            4096    4096 1010116 1878031  3961410  4007615 2259080 2245498 1937548  2673574  2919360  1818012  2292236 3571100  3384658
            8192       4  757743 2608186  4112571  3998198 4239950 2444696 4373245  4348340  5195153  1864761  2393938 4220680  4751854
            8192       8 1184009 2627332  7447157  5817959 5517150 2298647 5740202  6095604  3240626  2951916  3081920 6410631  5701152
            8192      16 1045296 2714295  4442798  4884942 4878700 2273551 5454094  6924845  4203126  3187417  2691966 5776876  4884942
            8192      32 1313053 3689911  5851647  3785860 6040947 4021596 4765695  5343822  5241915  2508411  2888633 5598961  5724900
            8192      64 1215249 2887662  5165475  5425673 6281710 3509746 3314080  5145363  5519808  3685162  3031882 5107124  4654652
            8192     128 1131192 2758310  4853203  4770989 4768340 3794641 4980534  7057118  6145757  3245831  2762746 4297757  4819168
            8192     256 1382362 3441891  5339669  5406890 5502130 4630813 4311780  5560902  3490493  2777036  2273100 3430551  4233681
            8192     512 1374455 2321320  4160376  3840447 5483690 3017504 4114541  6063334 10894690  2565728  3307062 4318282  4931921
            8192    1024 1141602 3611945  5447177  5821902 5174810 2539371 2786495  5257958  9002223  2373105  2693021 4013610  4586921
            8192    2048 1249544 2308221  4594281  4137332 3989841 2761857 4713395  2521481  4118487  2248702  1952279 3860295  3975070
            8192    4096 1113197 2456406  3249514  3297857 2759196 1793323 3369987  2244442  3254747  1950506  2507496 3447763  3324662
            8192    8192  978023 2111871  2656994  2478734 2689438 2604824 2202151  1178891  1870751  2368852  2519817 3754011  3919746
           16384       4  925230 2809830  5183322  5935961 3663513 2328620 4934685  4470488  5132990  2342911  1913562 4320673  5608926
           16384       8  969302 3002974  5720518  4508617 4791883 2113807 4132059  5689260  5224303  2560452  2781623 4127839  4962122
           16384      16 1134325 2991470  5186451  4011690 4868954 2341235 5305373  6745267  5999183  2274891  2674033 5483605  5423021
           16384      32 1104942 3343719  5860033  5824767 4273119 2883398 5603438  5439763  5207675  3336900  3093130 5554073  4548607
           16384      64 1157715 3030653  5455742  5010239 5718614 3178248 5781642  7343546  5030411  2932993  2818936 5807538  5622694
           16384     128 1123201 3518877  6171037  4106134 5186451 2654511 5333373  5724807  5204520  3003499  3295296 5443210  5410639
           16384     256 1135112 3274101  5222715  4969658 5091536 2898845 4962122  5828225  4694656  2528793  3442030 5110088  4636376
           16384     512 1103363 3580481  5387732  5518393 3494008 3014434 5744428  5714809  4171945  2956845  2705831 5563066  4843217
           16384    1024 1102036 3095499  5408935  5412770 4638880 3983551 4201020  5824767  9508969  2373089  2332652 4811679  5179805
           16384    2048  982607 2270831  3924179  4615203 4445904 3091877 3472819  2752213  5118462  1759610  2112962 4182865  4251178
           16384    4096  971824 2195103  3437038  3923283 3201942 2003903 3761368  2365900  3948985  1842552  2264546 3718625  3108943
           16384    8192 1008862 2455336  3848578  3103047 3414665 2206592 3863291  2803068  3027849  2287690  3243809 4070623  3871344
           16384   16384  924086 2110820  4057644  4246712 3294033 2463345 4215193  2255478  3190051  2526840  2067944 4034536  3663513
           32768      64  664030 2658660  5170803  5041262 4798208 2911175 5643891  7623720  5407404  2584857  2848133 4785178  5865236
           32768     128 1250356 2711479  5924653  5232818 5436709 2780262 5336024  7193946  5508176  2927047  3400203 5212970  5741741
           32768     256 1197007 2802828  5727624  4804750 4520898 2968392 5037382  6123964  5236207  2352850  2769394 4828721  4451492
           32768     512 1107023 2617495  5212772  5097731 4655979 2955561 4725617  5014957  5137750  2434107  2646374 5175866  5289408
           32768    1024 1145087 3230603  4422699  4524619 5456783 2727298 5410810  5714763  4475846  2368460  2701831 4721721  5740782
           32768    2048 1080742 2521778  4234649  3795208 3228706 2298548 4130545  3000142  4632908  1647459  1992336 3834278  4209745
           32768    4096  947353 1995489  3399530  3691340 3808459 2225919 3342321  2451036  3560981  1673884  1992943 3725258  3414733
           32768    8192 1056281 2219771  3776438  3340209 3658813 2039310 3219781  2394790  3837811  1903222  2092592 3746175  3785591
           32768   16384  982108 2298855  3676036  3150477 3278459 2187758 3170609  2451954  3301534  2099560  2739584 3553983  3490796
           65536      64 1148704 2988264  4867869  5217799 4691485 2839624 4615545  5683898  4699265  2630793  3122235 5587084  5524872
           65536     128 1174838 2977969  5015031  4858834 4855916 2972848 5104055  6219688  4789998  2543004  2626695 4934988  4677434
           65536     256 1130673 2966367  4902860  4458481 5023463 3083153 5121649  5568522  4469137  2421793  2952602 4719273  4286140
           65536     512 1148786 2973234  4899539  4700631 4653205 3031402 4789580  6296624  4911620  2627448  2845680 4484448  4897706
           65536    1024 1254784 3216797  4359210  4989089 4418207 3375725 4660463  6158789  4403414  2450311  2380187 4600944  5258827
           65536    2048 1099912 2234056  4060726  4100647 3343858 2585752 4323216  3311271  3861197  1916088  1961510 3949860  4250088
           65536    4096 1167533 2008155  3311071  3659778 3285191 2258859 3537144  2349970  3449435  1904552  1724358 3235083  3310393
           65536    8192 1155756 2258469  3722120  3673570 3765306 2478212 3727673  2648868  3648750  1934291  2001094 3342679  3759332
           65536   16384 1007038 2185250  3636249  3783601 3718143 2275464 3153506  2538682  3698631  1921768  2176478 3671510  3526661
          131072      64 1164463 2555009  5315820  5449288 4952272 2171070 5376016  6767074  4928830  2203776  2837496 5041050  5619857
          131072     128 1109923 2710683  5540731  5518594 5343566 2693788 4550664  7304482  5392575  2465473  2473894 4891466  4788738
          131072     256 1136042 2585555  4813897  4717362 4924900 2665640 5170677  6774830  5096900  2559243  2478199 4947415  4373283
          131072     512 1121163 2504869  5345125  5426963 5236577 2765582 4568248  6634130  4904295  2470537  2419286 4823273  4872952
          131072    1024 1235445 2503660  5050126  4949865 4880176 2773129 5048179  6003614  5011182  2446743  2696126 5004066  4699096
          131072    2048 1036018 2194959  3990973  4026281 4007468 2066045 4119168  3328831  4212888  1707380  1739046 4205604  4218610
          131072    4096 1034441 1846424  3364791  3244281 3294262 1885736 3604748  2506354  3805465  1512101  1555250 3345564  3237403
          131072    8192  958255 1874330  3549770  3460373 3407926 1866649 3511631  2531234  3080851  1669433  1628207 2922774  3271892
          131072   16384  996169 1929287  3224642  3453265 3080126 1945929 3386430  2422463  3411458  1770716  1690137 3053862  3515134
          262144      64  142484  144724  5084545  4895774 5216919  105996 4696323  6545109  4766852   151889   145407 5368058  5485221
          262144     128  154935  145651  5097085  5341251 5037350  118331 5106245  7323056  5380405   147249   138127 5019596  4786712
          262144     256  157112  150823  4631769  4613345 4593935  138148 4512097  6164017  5065384   158470   157597 4765818  4665554
          262144     512  154351  127182  4726809  4935972 4507695  134892 4787066  5669549  4511098   150757   158853 4754155  4536054
          262144    1024  155438  146224  4852282  4788880 4894488  153795 4915121  5426958  5055137   165400   150109 4493399  4574307
          262144    2048  153790  158037  4287383  3856760 3605927  149782 4123908  3031305  3746515   167529   150153 3900722  4007276
          262144    4096  159445  151581  3659637  3333431 3332370  159806 3426670  2406071  3336567   164497   155921 3061036  3286206
          262144    8192  148669  157205  3470901  3401198 3597221  159481 3480041  2322487  3646359   178665   163980 3622369  3567111
          262144   16384  153057  161602  3470825  3521357 3314339  166327 3409964  2700813  3263548   163680   181335 3350976  3319993
          524288      64   57790   71972  5196587  5018930 4989232   27904 4815546  6510381  4756086    79899    82266 4914811  5234712
          524288     128   81777   77584  5032909  5109375 4740052   47325 5025330  7138716  4820412    74891    76185 4959828  5150989
          524288     256   82438   72322  4635369  4992120 4536380   54561 4678516  5792409  4526669    86129    81695 4636513  4887187
          524288     512   81821   73419  4562830  4629797 4841383   57854 4867908  5575506  4627517    80854    82555 4785793  4783170
          524288    1024   81414   74809  4617887  4525970 4893081   59518 4419180  5471026  4972198    80238    76279 4650082  5103304
          524288    2048   81520   72491  3881546  4068409 4172974   59732 3915257  3182480  3758584    67777    82089 3814141  4039227
          524288    4096   82665   69473  3456519  3383816 3377532   77745 3330971  2322727  3348459    84488    80257 3302849  3458248
          524288    8192   81766   69529  3408895  3281743 3278294   61868 3332303  2394806  3364335    83335    83856 3310107  3484982
          524288   16384   81927   71558  3384556  3401665 3645929   77905 3399147  2409157  3538087    86946    84934 3513547  3340225

iozone test complete.
Timer resolution is poor. Some small transfers may have 
reported inaccurate results. Sizes 512 Kbytes and below.
