	Iozone: Performance Test of File I/O
	        Version $Revision: 3.420 $
		Compiled for 64 bit mode.
		Build: linux-AMD64 

	Contributors:William Norcott, Don Capps, Isom Crawford, Kirby Collins
	             Al Slater, Scott Rhine, Mike Wisner, Ken Goss
	             Steve Landherr, Brad Smith, Mark Kelly, Dr. Alain CYR,
	             Randy Dunlap, Mark Montague, Dan Million, Gavin Brebner,
	             Jean-Marc Zucconi, Jeff Blomberg, Benny Halevy, Dave Boone,
	             Erik Habbinga, Kris Strecker, Walter Wong, Joshua Root,
	             Fabrice Bacchella, Zhenghua Xue, Qin Li, Darren Sawyer,
	             Vangel Bojaxhi, Ben England, Vikentsi Lapa.

	Run began: Sun Oct  6 11:54:12 2013

	Auto Mode
	Command line used: iozone -a
	Output is in Kbytes/sec
	Time Resolution = 0.000001 seconds.
	Processor cache size set to 1024 Kbytes.
	Processor cache line size set to 32 bytes.
	File stride size set to 17 * record size.
                                                            random  random    bkwd   record   stride                                   
              KB  reclen   write rewrite    read    reread    read   write    read  rewrite     read   fwrite frewrite   fread  freread
              64       4  571375 1226821  4897948 1597288510402178 4274062 2662899  4564786  4274062  3363612  2444640 2801873 12310336
              64       8  246089 3203069  6421025 1082152412902017 4564786 5735102   866463 12902017  4018152  3791156 5735102 12902017
              64      16  842003 2772930  7100397 2273779115972885 4897948 4988978  1421755  7940539  3363612  4018152 5860307 22737791
              64      32  727850 3057153  7940539 2096219115972885 4274062 3738358  4274062  7100397  3541098  4897948 4564786 20962191
              64      64  821391 3022727 10821524 2096219115972885 5283570 4564786  4988978  3738358  4274062  3203069 4988978 20962191
             128       4  702889 2464907  5122535 1420079410567140 4135958 3124872  5122535  7176872  3124872  2608629 4135958 10567140
             128       8 1015251 2969325   692017 14200794 2377579 4012317 3657016  6406138 14586625  3895854  2058509 6045455 12842051
             128      16  962469 3053774  4267461 11720614 9129573 4934216 5122535  5122535 10779307  4407601  3036502 5122535 10779307
             128      32  947186 3199360  7582312 1636517314200794 5325799 1015251  6406138  7082197  4267461  3657016 5847904 15881078
             128      64  907174 2511022  7476717 2164304915881078 5784891 4717434  6045455  7082197  1967960  4596273 5379161 16365173
             128     128  953918 3657016 14200794 1863766414200794 6114306 5122535  5603747  3380677  4934216  3759450 5847904 11720614
             256       4  868157 2413957  5938650 1222861210245071 4332998 4070199  5569035  5347168  4264168  3316006 5320671 11695808
             256       8 1075025 1907837  2205688 1169580810245071 4350555 5117791  6554972  9518507  3935921  2943325 5687020 14164395
             256      16 1224606 2639446  5810112 1416439513454450 5569035 5320671  6936061 12812277  3275543  3159869 5810112 14164395
             256      32 1147398 3654598  5810112 1607260814953435 1506359 6249745  6891544 13454450  5569035  4840911 5938650 15164624
             256      64 1142514 3454704  6761355 1345445014953435 1639786 4264168  7518900  6936061  5569035  5117791 6249745 16072608
             256     128 1148625 3410808  7518900  827191612228612 5320671 5810112  6554972  8815202  3770085  5217259 5810112 14953435
             256     256 1118707 3326279 12812277 1156978313454450 5569035 5569035  5810112  2000242  4819184  4496299 5841722 13454450
             512       4 1057974 2708713  5870558 12146009 8992598 3970896 5177083  5278892  7871843  3556580  3220553 5439343 11943357
             512       8  497585 3346002  6156675 1387212212146009 4701087 5699180  6228097  6246213  4494470  3604335 5439343  9859630
             512      16 1248678 3104171  5760329 1424006912797441 5624545 6319739  6652558  6843354  2460437  3788747 6174377 13438092
             512      32 1296159 3409755  6909408 1462806713872122 6319739 2304647  6821616  7871843  2337255  3788747 5684095 14628067
             512      64 1261144 3628697  6652558 1462806713438092 5822804 6338392  7758090 14240069  5439343  3459188 6319739 15037801
             512     128 1309596 3459188  7211022 1462806713438092 3064306 5566231  7211022  8665997  2782414  4610256 6018636 14240069
             512     256 1264113 3437042  7758090 1187730012215097 5566231 5278892  6086873  7410080  2681653  4030519 5886650 12499490
             512     512 1248678 3481620 12797441 1187730012797441 5019764 5439343  5566231  5760329  5227492  4340054 5968453 13190469
            1024       4 1008964 2146618  5572049 12208350 9855234 4044965 5245404  5601115  6830356  3894582  3668386 5652717 11773301
            1024       8 1349004 3618930  6280976 1347205311645609 4531485 5917516  7113161  5200941  2606476  3778101 3112733  8988941
            1024      16 1414304 3751699  6650556 1423090213305116 5564829 6163794  7269678  7941793  4898425  3877004 5853003 13472053
            1024      32 1271902 3458646  3469823 1404475814044758 5536137 5042191  7631350  6733974  4182843  4064103 6280976 14422045
            1024      64 1328146 3251778  5958564  956977013818817 5660167 5507740  7472033 14618393  3251778  3532609 6280976 14044758
            1024     128 1104443 2579861  6327241 1423090213643232 5536137 6128613  7369466 13818817  3179559  4614246 6172653 13998981
            1024     256 1304745 4162573  4810640  9220512 6776473 3999762 5853003  6479979  5451810  5169641  4972145 5853003 12983353
            1024     512 1264041 2321847  8183918 1310217412944224 4783849 6016997  6519323  8326715  4614246  4904018 3579719 11249091
            1024    1024 1064215 2942149 11520658  433920210039528 4470172 5821271  4898425  6016997  5479632  2701567 5630486 11903823
            2048       4 1036454 2642401  5521212  8977721 5475461 3402216 3751381  5674397  7183386  3812993  3402216 5735012 10192069
            2048       8 1261221 3841986  6220958 1043980910192069 3792790 3530875  6007763  4023754  2945990  3117032 5655716  6058611
            2048      16 1227869 3127245  4785996 12416686 8128206 4889518 5611381  7059413  5197183  3574960  2609490 5785224 12257227
            2048      32 1533970 3764533  6523312 1404029813926483 5503525 6284678  7477273  6459541  4023754  4063729 6503556 12187663
            2048      64 1231566 4186524  6629029 1366071314321195 5991003 5567735  8190205  6917293  4875642  3924484 5447681  7262337
            2048     128 1248753 3346546  6464402 1239876413639023 5549749 4886737  7393606 10143926  3199462  4104506 4267642  6243566
            2048     256 1034956 4248644  6167360 1177016612805399 5611381 3801182  6945257 11246230  3287628  2645657 3324528  5083385
            2048     512 1310279 3777778  6696208  897772110726615 4909079 5489457  6024617  9228493  3749743  2563543 3698085  5403134
            2048    1024 1435050 2575842  6321679  3298992 7903836 4676561 4444282  4531020  5159722  2968386  4875642 5306340  8749118
            2048    2048 1220541 2304287  5349298  6543188 6939647 3205431 4188565  3099039  3418463  2937929  2389540 3598924  6321679
            4096       4 1112123 3192806  4591331  4900405 5424983 2420789 5075585  4686519  3923414  2566532  2630589 5211065  6151473
            4096       8 1381039 3021005  6169144  7274040 8340529 3653887 5572803  7209932  4676314  3314142  2708986 5013377  5512011
            4096      16 1175672 3908241  6032669  5634950 6659365 3016231 5753847  5119446  6049663  3122019  3479956 4935601  5178081
            4096      32 1500975 3916259  4841028  6401308 6953144 3522048 5409609  6872481  5332372  2987384  3795980 4433736  5075585
            4096      64 1217238 3968731  6449370  7502762 8806550 4801789 4395170  7001316  5504946  3362795  3601796 5728903  5519094
            4096     128 1270812 3122019  4917236  7512605 6149271 3393349 5334028  8127459  6459069  4293029  3586757 5165626  4876757
            4096     256 1286900 2974454  4817948  5192166 6243125 3052133 4893426  7123239 11281721  3795980  3686820 5759634  7135072
            4096     512 1188605 2581185  6114255  6908408 6748303 4501111 5736555  6894546 11570449  3730856  3220336 5558378  4622213
            4096    1024 1051605 2143249  6490793  4791076 5353976 3676563 5475122  6471234 10012712  3792628  2516162 3957760  4623457
            4096    2048 1005152 2058256  4952675  5244471 3341213 2759904 3056478  2271926  5263753  2900630   739879 4510565  4628439
            4096    4096 1145721 2151300  4087714  3889659 4607338 2866270 3150647  2335234  4395170  2676907  2289487 4565707  3290024
            8192       4 1017770 2512998  4158362  4536055 3970936 2401635 4418801  4673010  3760997  2401635  2855505 4729615  4964702
            8192       8 1154297 2605614  4461836  5407741 4841578 3006415 5059743  6623173  4917099  3144824  2808359 5490700  6360787
            8192      16 1219779 2906963  4584473  6389174 6419014 2089778 6099933  7825383  6445505  3600968  3101953 4847725  5056765
            8192      32 1305470 3178865  5633847  6054786 6681127 3953573 6296676  7968758  6538726  3875097  3110096 5291970  5227560
            8192      64 1294356 3856828  5780764  6187815 6775991 3875097 5188093  7915520  5592582  3345053  2951916 4818493  4302601
            8192     128 1271273 3605502  5602613  5527801 5579867 3371310 5237121  8334066  6311712  3544870  2899848 4827293  4411425
            8192     256 1288628 3927363  5072442  5944791 4805016 3862465 4801658  6032463  5181834  3165394  3230268 4421075  5378957
            8192     512 1257593 3497955  6042010  6196743 6239504 4242044 4976927  6253130 11473111  2323361  2059836 4043365  4334079
            8192    1024 1106280 3502591  6202336  5614514 6281710 3837016 4543853  5340499  9286903  2567262  2080289 3824630  3584813
            8192    2048 1069004 2332509  4976927  4943985 4307455 1837143 3980596  2930016  2691123  1511460  2557516 2702765  2699156
            8192    4096 1048774 2016202  2791249  3193638 4081792 2705532 3433293  2725275  4081792  2139486  2594988 2919560  3749505
            8192    8192 1150740 2331243  4284360  4355505 4302601 2623119 3344727  2510611  2931016  2112520  2616328 1106137   953435
           16384       4 1042913 2373171  5196256  5787485 4247762 2428352 4945339  5234251  4902648  2624803  2396009 3456574  4512170
           16384       8 1201519 2521833  5665340  5706741 5630064 2801240 5767086  7606082  5347067  2643890  2605200 5696807  6189936
           16384      16 1229289 2781173  5808029  5503367 5407233 3018406 5391536  6751231  5767086  3153165  2628619 4619236  4509801
           16384      32 1106650 3583468  5038156  6328456 6005999 3418232 5990292  7760698  6115570  3460751  3080926 4549812  4387991
           16384      64 1286934 2898845  4347186  5851550 5215976 3441341 5979867  7628034  6246767  2868354  2767063 6023899  5044443
           16384     128 1258948 2926748  5940580  5968960 5981429 3521221 5789435  8333870  5981429  3257185  3045967 5064519  5799696
           16384     256  627066 3355311  4736397  5512638 5714809 3216329 5626377  6453256  5256673  3225084  2547259 4223742  5686906
           16384     512 1458151 2972963  5643936  4419598 4751790 2886547 5874561  6665448  5933911  3404852  2851335 5268360  5921639
           16384    1024 1057112 2170970  5202944  3561737 3796906 2527212 5537068  6422497 11976612  2930492  2279645 5394922  5731014
           16384    2048 1044038 1979486  3002842  5080244 5264728 2247144 5129924  3927095  5490615  2420824  2514359 3575823  3349097
           16384    4096 1012922 2728391  2902396  2792475 3078580 2182831 2974121  2497545  2806961  1873087  2638307 3399799  3435491
           16384    8192 1032385 2097292  2780723  3382229 3597726 2312789 3051648  2373827  2789754  2420398  3449979 4415055  3713400
           16384   16384 1111825 2726984  3665272  4462070 3926197 2431875 3875929  2596930  3827145  2568011  2769963 3177660  3444100
           32768      64 1011980 3632798  4896501  4828721 5895680 3045684 5048113  8469349  4601575  2781444  3221441 5779163  5932068
           32768     128 1331169 1934675  4668473  5310869 5931812 3640399 6122600  7316106  4599573  2877651  3615976 5669969  5590857
           32768     256 1290278 2895719  4498554  5976176 5914709 2978362 5888102  7228757  5324654  3347450  3433415 5296338  5228637
           32768     512 1341524 3157497  4398918  5312511 5045148 3870995 4348810  6668296  4304274  2292261  3294570 5209413  5330643
           32768    1024 1076333 2270674  5910639  5629328 4797036 2012289 4219956  4233605  3536789  1775747  2625847 5096030  4899643
           32768    2048 1198667 2754574  2918408  2899078 2968648 2394248 5062244  2215406  5838824  2130149  1615697 3427678  4602808
           32768    4096 1132584 1883736  3581209  3341671 2787819 2003313 2827973  1954873  4039968  1927322  1601165 4361506  3929880
           32768    8192 1190351 2133754  4403710  2791613 2936490 1557191 3058766  2834330  2993347  2017961  1976122 3287949  3788617
           32768   16384 1179765 2375009  3993251  4402441 4271632 2681327 4015770  2819271  3907423  1359384  3307255 3349816  4222030
           65536      64 1287545  914157  6207187  5878759 6034666 3375683 4657147  6085030  4685168  2217279  2953808 4843424  5451784
           65536     128 1444674 3221547  5842026  5887195 6011965 3634614 5136003  7803753  4444352  2586896  2896476 4389281  5509590
           65536     256 1419268 3198754  5666206  4402286 5642363 3767731 5501210  7528672  5809922  3340770  2908674 5669244  3715630
           65536     512 1399626 2354781  5856714  5950278 5923862 3762728 4384520  5528539  5498019  3161558  2054934 4363570  5707265
           65536    1024 1301278 3485210  5870348  5944873 5940633 3701769 3555169  6635747  5613326  1922158  1903510 5591289  4189202
           65536    2048 1256051 2737860  4752400  4758982 5272040 2912712 4825907  3905358  4046975  2016301  1313710 2868606  2860814
           65536    4096 1267525 2615373  2763847  3028730 4120996 2483362 4144733  3022735  3605059  1966689  2149922 2668282  2840122
           65536    8192  965070 2405706  4117662  3008180 3238742 2411700 2594244  2817676  4313244  2140646  1850732 4305677  3650010
           65536   16384 1035732 2140163  3011080  4235223 4084743 2599298 2724644  2843207  3629191  2208833  2321588 4199635  4312161
          131072      64 1090095 2533229  4805902  6079634 6044939 2856352  913807  7184396  5834512  2812887  2671767 5189371  6007222
          131072     128 1336760 3006022  5603988  5847047 5849847 2990536 5791426  8213548  5686415  2931017  2120048 5559052  5522086
          131072     256 1372883 2955663  5270514  4437243 4528772 2415406 4288173  4630700  4861705  2480782  2831168 5479595  5307404
          131072     512 1243862 3074648  4233880  5258616 5728186 3044712 5280690  6798035  5372706  2302422  2557898 5530197  5616527
          131072    1024 1069818 2957730  5305253  5472014 5613602 3049035 5497733  6168381  4000848  1429869  2264309 5329218  3713617
          131072    2048 1005808 2328844  4615692  2682484 3249439 1397206 4432306  3623971  2721431  1206380  1865844 4195110  4907052
          131072    4096  942773 2166655  3896081  2546571 3727769 1483001 3906074  1712417  2641192  1490366  1581772 3063563  3214216
          131072    8192  913999  871785  3348539  2988618 2808719 1472436 3995004  1972998  4153369  1460718  1279999 3987239  3943932
          131072   16384 1079093 2220690  4092795  4143508 4143259 2336644  785855  1991884  2704455  1580553  1833174 3650611  3127525
          262144      64   89403   54221  5730777  6086459 6006855   64109 5161740  8089652  5675724   118960   107933 5544637  5957933
          262144     128  116757   92013  5223660  5951709 5549674   58969 3853462  6151292  4613926    91612    87401 4579813  4369786
          262144     256   88556   59577  5091561  5466921 5576216   62251 3970620  4951354  4451503   109735    94731 2909093  5631105
          262144     512   76674   70588  3757320  3804146 4432141   67469 5058439  6867449  4417220   116354   124022 2857686  5544945
          262144    1024   98798  105330  5185842  5688998 5591102  114341 4928273  6884390  5488891    97040    96981 5012503  5632663
          262144    2048  107512  104977  4364270  4730490 4745721  108121 4371975  3841614  4931677   112826   109451 4353539  4637414
          262144    4096  115534  105400  3941356  3955037 3895499  119008 3785639  2663553  4036967   119552    86583 3602513  3990014
          262144    8192   70023   98432  3812284  4059143 3859942  117621 3740639  2813699  3909863   118129    87338 3734718  3873404
          262144   16384  117024   68167  3888692  4247649 4085402  100694 2234780  2078032  3848782   104619   105237 2646531  4038954
          524288      64   26274   68152  5826078  5986786 5614511    9934 5324178  7637915  5008003    67975    63481 4468035  5309293
          524288     128   54412   54862  5442294  5731118 5064950   16870 5193739  8242747  5796898    69719    66067 4241846  5787865
          524288     256   47632   45165  5388854  5544271 5421804   29394 5165702  6951305  5344923    65759    36303 1878340  4379828
          524288     512   45673   29655  5380402  5532456 5524520   41600 5015473  6669996  5438673    66404    47896 4479029  5524756
          524288    1024   45753   52950  5307524  5511974 5782949   52007 4585379  6769103  5537123    55171    65130 1723922  5791127
          524288    2048   67078   35142  4437470  4655083 4645259   37368 3439376  3306912  4701421    66323    43772 4582293  4686332
          524288    4096   63357   61641  3396375  2670539 2528456   43490 3831532  2639719  3905078    63099    64266 3681311  4036617
          524288    8192   38005   44194  3818837  4060281 3977484   42399 2529506  2357580  3869742    45049    70108 3814643  3933642
          524288   16384   67015   65513  3978715  3930513 4009883   87286 3669222  2791719  4170220    87666    89311 3962298  4133457

iozone test complete.
