	Iozone: Performance Test of File I/O
	        Version $Revision: 3.420 $
		Compiled for 64 bit mode.
		Build: linux-AMD64 

	Contributors:William Norcott, Don Capps, Isom Crawford, Kirby Collins
	             Al Slater, Scott Rhine, Mike Wisner, Ken Goss
	             Steve Landherr, Brad Smith, Mark Kelly, Dr. Alain CYR,
	             Randy Dunlap, Mark Montague, Dan Million, Gavin Brebner,
	             Jean-Marc Zucconi, Jeff Blomberg, Benny Halevy, Dave Boone,
	             Erik Habbinga, Kris Strecker, Walter Wong, Joshua Root,
	             Fabrice Bacchella, Zhenghua Xue, Qin Li, Darren Sawyer,
	             Vangel Bojaxhi, Ben England, Vikentsi Lapa.

	Run began: Sun Oct  6 11:54:11 2013

	Auto Mode
	Command line used: iozone -a
	Output is in Kbytes/sec
	Time Resolution = 0.000001 seconds.
	Processor cache size set to 1024 Kbytes.
	Processor cache line size set to 32 bytes.
	File stride size set to 17 * record size.
                                                            random  random    bkwd   record   stride                                   
              KB  reclen   write rewrite    read    reread    read   write    read  rewrite     read   fwrite frewrite   fread  freread
              64       4  415659 1279447  3791156 1597288510821524 4274062 4564786  4564786  4274062  3541098  2203800 4643754 15972885
              64       8  582535 1460430  6421025 2273779115972885 4988978 4988978  4643754  5735102  2278628  1452528 4564786 15972885
              64      16  647135 1562436  7100397 2096219115972885 5735102 4897948  4897948  9006179  2467108  1492919 3363612 10402178
              64      32  818885 1690338  3738358 1597288515972885 5860307 5860307  6421025  4018152  3057153  6421025 3791156 15972885
              64      64  821391 2923952 10821524 1290201715972885 5735102 4897948  5735102  3958892  5860307  1933893 3588436 15972885
             128       4  794416 2727923  5784891 1588107810567140 4596273 5325799  5325799  8548124  4267461  2784517 5545860 10779307
             128       8  927549 3053774  6330599 1588107814200794 5325799 4934216  6727225  6114306  4407601  2098744 4267461 12542043
             128      16  836500 2727923  6114306 1172061412842051 6114306 5122535  5074121  5122535  4889281  3199360 6406138 16365173
             128      32 1032829 3759450   776042 1588107814200794 5784891 4444086  6406138  8548124   805138  2326073 5122535  9795896
             128      64  870405 2066432  6727225 1588107814200794 6406138 5325799  6406138  4407601  4012317  3124872 5325799 12542043
             128     128  969421 2920861 11720614 1636517314200794 5847904 3982553  5784891  4934216  5847904  3785961 5325799 14200794
             256       4  934659 2812272  5347168 12090911 9868433 4652146 1243036  5569035  7735574  3605511  3017775 4907284 11207494
             256       8 1067543 3052087  5938650 1281227712090911 4734192 4132864  6891544  8534922  4009406  3879045 5810112 10651598
             256      16 1044693 2557711  6398720 1435374411091721 5810112 5687020  6891544  9434868  4197489  3245838 6249745  1952947
             256      32  955451 3087188  5455847 1516462413454450 6398720 5687020  7073132  8534922  4404088  4132864 5687020 14353744
             256      64 1231629 2880164  7518900 1435374412812277 6073004 4929815  6936061 10245071  5142301  1430119 3326279 12812277
             256     128 1093639 3009318  7571923 1416439512812277 5971678 5455847  7120034  8815202  4404088  4840911 3705040 12812277
             256     256 1280084 3285566 12812277 1345445012661199 5810112 3605511  4734192  5217259  5022044  4264168 5810112 13454450
             512       4  964378 1556366  5453155 11877300 9304292 2143612 4927617  5384786  7211022  3459188  3610395 5760329 11620224
             512       8  930933 3325278  5019764 1279744111877300 4701087 2391924  7115451  8528336  4340054  1438555 2237414 13190469
             512      16 1267845 4000485  5398323 1279744112215097 5398323 6018636  7435738  7309196  4068701  3388236 5886650 12499490
             512      32 1047141 3934520  6571132 1387212212499490 5968453 6228097  7309196  7022379  4610256  4195896 5744919 13109944
             512      64 1361920 3239989  6632013 1462806714240069 6319739 6319739  7871843  9859630  5278892  4237291 2830083 13109944
             512     128 1399189 3736016  5177083 1310994412797441 5067142 5951911  7540170  3653390  5624545  1391032 5398323 12427157
             512     256 1373241 3849877  8140399 1279744112874162 6018636 5886650  6414119  8018812  4091959  4000485 5951911 12797441
             512     512  555938 2337255 12797441 1310994412797441 5744919 5439343  5344582  3366987  5624545  2317080 5278892 10641343
            1024       4  968904 2188177  5536137 11520658 9320560 2522288 3436508  5853003  5356618  3671521  3149251 5219904 10878686
            1024       8 1301187 2403712  5917516 1152065811368190 4249053 5623115  5169641  6874084  3472628  3492395 6327241 13643232
            1024      16 1021928 3495237  6128613 12639479 5303701 5336651 5782087  7369466  9923546  4265934  4249053 6569179 13643232
            1024      32 1194770 3055164  5782087 1164560912983353 4654248 4876180  6874084  5120336  4099011  3411938 4972145  9946527
            1024      64 1230718 3379719  5751117  956977011520658 5417427 5277632  7306780 14618393  3709575  3894582 5472650 13818817
            1024     128 1210257 3556008  5226256 1101822611132462 5336651 5226256  6776473 11368190  4428688  3271594 5096034 10878686
            1024     256 1349004 3567824  6402699 1249242612313351 5417427 4064103  4211554  9946527  4415030  4199201 4512441 11773301
            1024     512 1192117 3220084  6692005 10039528 9569770 4531485 4741598  5363307  6963241  3951918  4550690 4321737  9320560
            1024    1024 1186518 3680961 12348754 1294422412639479 4282950 5652717  5417427  5564829  5226256  4304412 5593820 11398360
            2048       4 1023975 2392868  3908414  7789164 6696208 2840769 3738320  4301837  7451329  3160613  3586902 5006356  4663865
            2048       8 1047067 3664951  5068389 1383675212654482 4194701 5816563  7698414  9944290  3592903  3175804 5916724 10834854
            2048      16 1192085 2741930  6149699 1132033411579763 4394265 5916724  5920802  6732948  4460436  2660406 6007763  7503399
            2048      32 1339497 4231899  6629029 1441734214017386 5670651 4911886  5159722  7112016  4509611  4138120 6207471 10766950
            2048      64 1251118 3084572  6608629 1473893314638464 5785224 6608629  8190205  6823876  5238385  2993211 4653758 13301113
            2048     128 1194738 3374151  6243566 1328054813926483 5197183 5986827  8128206 10503637  5044577  3977179 5704543  6543188
            2048     256 1357061 3029098  6243566 12398764 7903836 5655716 5937172  7207495 12118884  4831762  4063729 5937172 11502234
            2048     512 1183218 3012103  6007763  897772112187663 4934459 4221501  5804771  9796850  4112366  4006862 5852228  9101380
            2048    1024 1178995 3960675  4983122  999055310289741 5197183 5458065  6075753  7962448  3573472  3812993 4031308  7529708
            2048    2048  936048 3351769  6984790  7529708 2933915 3126106 3991965  2663706  4104506  3915540  3407614 4900677  5531879
            4096       4  940136 3212508  4342950  5664678 5499659 2561557 5185897  5409609  4162994  3599532  2426601 3864287  4257917
            4096       8 1260740 2622157  5751920  5164073 7197849 3621537 4423462  7392988  5171846  3465216  3222752 6094733  6261328
            4096      16 1117622  526750  1286418  2827121 4136930 3462422 5000244  6149271  5306022  3155276  2426601 4928521  6178018
            4096      32 1241158 3706707  5704175  6186918 5001700 3558525 4471821  8047509  5257310  3984379  2985827 4945546  4298399
            4096      64 1049998 3080040  4452120  5063617 8514134 4887857 4842392  8173861  4864330  3627654  3771811 4540367  5397712
            4096     128 1320836 3980686  5936773  6826060 9124610 5057654 4408705  7969117  5198450  3509816  3524939 4175134  5542240
            4096     256 1423257 3546038  4526013  5672159 5971855 3506950 4113159  6049663 13126371  3754501  2736168 5520868  5265366
            4096     512 1259539 2862450  6112079  6368089 6737716 4223375 5157871  4975625 11157166  2868663  2623759 5461198  5083093
            4096    1024 1139716 3820460  4746074  6471234 5681538 4257917 4773769  5504946  7286380  2723588  3468014 5184332  3980686
            4096    2048 1156752 3160500  5751920  5212646 5404504 3063563 3657777  2597184  4740836  2197530  2693273 4501111  3988078
            4096    4096 1040648 2684016  4586428  4664886 3965067 2229470 3676563  2445252  4418911  3005151  3018351 2698349  3084464
            8192       4  928270 2756540  4896777  5396699 4486305 2335204 4844308  4496285  4649613  2760304  2749921 5364680  5231540
            8192       8 1174820 2977755  5517150  4566802 4864885 2537870 5736369  7367317  5764277  3225416  2927769 4964702  6158977
            8192      16 1217963 2888633  5417973  6215800 6395120 3465148 5136133  8062248  6301295  3577348  2891794 5389927  5927357
            8192      32 1307408 2984220  4291316  5814021 4844308 3354524 4352746  8232232  6395120  3785860  2871253 5814021  5531360
            8192      64 1271838 3038585  6239504  4878700 4592439 3370979 4807705  8551866  6345516  3626049  3357146 5395852  5847664
            8192     128 1299300 2964907  5728718  4807705 6196743 3945854 5340499  8368573  4061528  2648597  3782110 5142283  5442863
            8192     256 1275426 3147128  5098030  5117011 5461897 3512976 5649594  7528746  6068689  3541946  3023878 5116249  5429103
            8192     512 1214863 2956234  4628318  5509188 4902367 3997733 5697371  7117050 12373836  3594563  3007468 4576535  5357988
            8192    1024 1133692 2383476  4198503  4304757 4721816 3869424 4561346  7074554  8007759  2844394  2503659 4147820  4760413
            8192    2048 1034875 2103210  4346140  3540122 3506880 3116019 4648984  4277959  6350207  2899603  2227274 3900612  3485889
            8192    4096 1273865 1840883  3810210  3986600 3670204 2414461 2791022  2312260  3489075  2516864  3126794 4343942  4483963
            8192    8192 1204894 2320693  3578839  3787530 4490996 2898869 4435342  2952170  3226325  2415819  2017268 2839458  3028408
           16384       4 1108060 2387269  4317145  4141522 3536261 2347954 5061162  5868040  3876804  2758178  2561215 5097579  4203333
           16384       8 1183985 2521833  4908251  4673266 4040466 2491117 4933268  6582447  4301471  2657180  3054904 4293409  3776873
           16384      16 1375660 2851808  5488861  5751158 4816063 2541325 4970737  7512126  5772899  3091321  3383061 6159422  6085782
           16384      32 1224055 3099408  4397256  5193114 4982992 2979925 5267957  8191806  6021260  3359411  3527910 5645791  5605266
           16384      64 1280603 2816625  4987693  5405106 4890785 3547030 4436432  8367356  4653330  3021193  3195689 6050418  6028127
           16384     128 1282419 3640997  4761338  5009144 5214393 3340956 4507434  7577566  4401763  2723849  3324630 4675810  4184902
           16384     256 1298362 3569508  4901250  4892178 5207675 3429662 4515728  5927769  4748835  2818011  2976182 4367909  4324208
           16384     512 1429784 2714381  5432453  4593300 5758869 3792506 4355176  5677040  4961764  2952653  2885456 4883486  5473995
           16384    1024 1361460  824025  4012627  3945131 4512170 2561597 3680190  5527714  6355378  1960288  3014434 4258819  4810332
           16384    2048 1144279 2109201  3208820  5408935 5273212 2921025 3150130  2410126  2924132  1817407  2014772 4355176  5183322
           16384    4096 1292234 2171244  2959010  3368468 4450799 2734798 3462321  2313101  4125857  2469719  2308594 2800669  4027679
           16384    8192 1313550  976339  2811324  3082032 3457965 2211349 2742109  2209927  3320614  2381395  3124350 2877482  4007946
           16384   16384 1133520 2481671  3207472  2799186 3139910 2522944 3075549  2476037  4206420  2776902  1721179 4443891  3564878
           32768      64 1317047 3664080  5877527  6036813 5594726 3296941 5128164  7428809  6082767  3322284  3270580 5705748  5268927
           32768     128 1438822 3721122  5715714  6312703 6116878 3062173 4405404  8253696  4447314  2757780  2706993 5216927  5568883
           32768     256 1410168 2897245  5607051  5763894 5909368 3760422 5241199  7227236  5714763  3317953  2753360 4472205  4536716
           32768     512 1425245 2918904  5652480  6074970 4608055 2892428 5597688  7380142  5507073  3255704  2534847 5964247  5074767
           32768    1024 1385140 2713246  4168883  4399481 4802567 2956324 5149685  3697198  5263882  2820949  2699655 5637872  5844286
           32768    2048 1339929 2901097  3097159  3156265 2996871 1729818 3120505  3018725  5139286  2133323  2228337 3229996  4559442
           32768    4096 1210800 1926620  3059583  3640496 4046987 2727244 2859629  2392164  2895963  1864367  1841214 4245112  3415157
           32768    8192 1201528 1619771  3237300  4079178 2766885 2129192 4053432  2666656  2943345  2388132  1740464 4209100  4407806
           32768   16384 1245134 2032374  3595731  3116613 2896512 1897154 3145861  2015860  4230347  1815410  3320278 3521204  4064460
           65536      64 1089925 3603831  6223208  5368729 5121935 3511344 5236187  8644827  5276189  3303868  3559220 5441423  5702765
           65536     128 1329410 2980681  4536028  4761703 5899958 3485785 4934545  8017484  4939777  3267967  3009135 5973034  6261911
           65536     256 1426649 3599725  5538341  4420054 5129198 3218718 5493733  6938066  4401651  3036727  3050578 5515560  5171660
           65536     512 1033446 3311749  4956255  5159041 5551540 3658170 4514424  6666970  5782301  3120463  3344021 5030358  4124892
           65536    1024 1393728 2488172  5860335  4431741 4434386 3284524 5872981  4868904  5897173  2831404  2332739 5602343  5918505
           65536    2048 1335942 2660508  3141396  3135699 3284838 2341063 4866059  2725103  3074944  1859333  1666989 4873652  3149278
           65536    4096 1074535 2079906  2919983  4071070 4231963 2633893 2813811  2784509  4287343  1720828  1805499 2664402  2847183
           65536    8192 1230375 1928036  2946494  3248732 4067817 2548946 4119637  2819005  2688876  1793097  1934699 3957708  3115582
           65536   16384 1019048 1924756  4346733  2747850 3016631 2110325 2988426  2729974  2768635  1808243  2495854 3659193  4253047
          131072      64 1102232 2881534  6184410  6175033 5637722 2998202 2137407  8114380  6065347  2842837  2793463 6238873  5537940
          131072     128 1225257 3090967  5635295  5613831 5545873 3079419 5332475  8007302  5085631  2768089  2746515 5381279  5992097
          131072     256 1118304 3072054  5535375  5489663 5606617 2945386 5345073  3896882  4389379  2286953  2316665 4455367  4204671
          131072     512 1210391 2247462  5090199  4694722 4856465 2585652 5556692  5328546  4864802  2040100  2745185 5431253  5674851
          131072    1024 1162532 2147493  3363741  3547846 3999131 2118365 3367904  3265614  3692267  1711521  2554712 4999288  5134650
          131072    2048 1202672 1831354  4713277  4185050 4188685 2001129 2161016  2139079  2852735  1746111  1754156 2696126  3239864
          131072    4096  784312 1862084  3866324  4222952 2656238 1564122 2655417  1957612  2584680  1426026  1481926 2923753  3878325
          131072    8192 1096927 1895939  2804392  3875564 2736767 1668430 2683977  2085910  2623108  1481207  1833021 3909102  4120218
          131072   16384 1132644  530166  4135405  4235641 4198346 2477830 4048698  2926243  4199821  2111134  2114674 3856425  3643812
          262144      64  128969  112010  5419896  6163015 5802208   88052 3028884  8209917  5705619   117885   107098 5527411  5908944
          262144     128  109360  104341  5273138  5279721 4340786   88024 5384146  8228780  5535230   114075   114269 5301947  4798096
          262144     256   85986   86869  4092290  4512171 4375333   64174 4997398  7282170  5325857   111575    99309 5140503  5361462
          262144     512  113439   87149  5134550  5120299 5531165   82742 4943407  6945842  5366958   111770    94032 5260549  5707070
          262144    1024   77872   80330  5174883  5527439 5529162   76062 3091722  3858682  5511507    81596    97809 4938566  3751564
          262144    2048   87157   85915  2586059  2775214 2865238   77357 2487865  2477757  3085423    86366    76839 2838740  3855340
          262144    4096   76974   98010  3811504  4070248 3943802  117166 3757796  2720016  4106642    99940   123684  200173  3877297
          262144    8192   92580   68519  3616626  3024584 2872911  132418 3711872  2753957  3762605    97884   152605 1812865  3901705
          262144   16384  101919   97420  2568203  2900942 2847562  122824 1124974  2586010  3790232    92201   176280 2197130  4030441
          524288      64   29616   58757  5600055  6218784 5909671   14195 4308145  8359054  5873384    36941    68012 5675531  5447026
          524288     128   65962   41488  5663501  5877795 5707719   23077 5376705  7401855  5760076    38953    39648 5642604  5926906
          524288     256   45937   49583  5538936  5730983 5473995   23047 5316455  7431648  5527325    37048    58854 4296496  5436589
          524288     512   38681   66134  5334304  5586866 5470005   34852 5315222  6952118  5552615    37691    53142 5341106  5599628
          524288    1024   68527   32187  5483892  5817663 5764137   51104 4649306  6794368  5717112    49149    72397 5481377  4564819
          524288    2048   37607   38355  4790203  3972749 2681105   41400 4443460  3547470  4925434    71919    41075 4576456  5003411
          524288    4096   72586   29593  3846855  4254172 4229087   63175 3941984  2772117  4117937    63558    68072 2442070  3517740
          524288    8192   38047   62881  3996525  3969830 3982649   63473 3055914  2711433  4014641    70297    40915 2027228  4077136
          524288   16384   49222   65610  3894490  4011324 4067115   73173 3971371  2666275  3995007    72399    84702 3729169  4014458

iozone test complete.
