	Iozone: Performance Test of File I/O
	        Version $Revision: 3.420 $
		Compiled for 64 bit mode.
		Build: linux-AMD64 

	Contributors:William Norcott, Don Capps, Isom Crawford, Kirby Collins
	             Al Slater, Scott Rhine, Mike Wisner, Ken Goss
	             Steve Landherr, Brad Smith, Mark Kelly, Dr. Alain CYR,
	             Randy Dunlap, Mark Montague, Dan Million, Gavin Brebner,
	             Jean-Marc Zucconi, Jeff Blomberg, Benny Halevy, Dave Boone,
	             Erik Habbinga, Kris Strecker, Walter Wong, Joshua Root,
	             Fabrice Bacchella, Zhenghua Xue, Qin Li, Darren Sawyer,
	             Vangel Bojaxhi, Ben England, Vikentsi Lapa.

	Run began: Sun Oct  6 11:54:12 2013

	Auto Mode
	Command line used: iozone -a
	Output is in Kbytes/sec
	Time Resolution = 0.000001 seconds.
	Processor cache size set to 1024 Kbytes.
	Processor cache line size set to 32 bytes.
	File stride size set to 17 * record size.
                                                            random  random    bkwd   record   stride                                   
              KB  reclen   write rewrite    read    reread    read   write    read  rewrite     read   fwrite frewrite   fread  freread
              64       4  489126 1599680  3363612 15972885 9318832 4274062 3541098  4274062 10821524  2662899  2561267 4018152 10821524
              64       8  511494 1363961  6421025 15972885 9006179 3791156 3203069  4564786  5860307  3363612  3165299 5860307 16983463
              64      16  704914 1526887  6421025 1597288510821524 5389653 3738358  5735102  4274062  3791156  3791156 3588436  5735102
              64      32  666414 1562436  7940539 2096219115972885 5389653 4564786  5735102  3958892  3541098  2379626 3738358 10402178
              64      64  718114 1679761 12902017 2096219115972885 5389653 3057153  5860307  2892445  5735102  1679761 4564786 20962191
             128       4  677178 1885042  4407601 1458662510779307 4557257 3053774  5325799  2985839  4267461  3560017 5545860 14200794
             128       8  841746 1939522  3895854 1420079414200794 5122535 5325799  5325799  6406138  4596273  3218540 3759450 12542043
             128      16  836500 2238774  4267461 1420079414200794 5603747 3359523  6727225  4889281  4759253  3445772 5325799  9977956
             128      32  826202 3277486  5784891 1588107814200794 6114306 4759253  6727225  4267461  5325799  2409592 5603747 15881078
             128      64 1102844 3199360  7082197 1801235915881078 6114306 3468030  6727225  7176872  4267461  5545860 5847904 16365173
             128     128 1183041 2558895 11720614 1801235914200794 5784891 3657016  6114306  6406138  6114306  4135958 5847904 14200794
             256       4  910872 2458168  4840911 12228612 9778562 4572895 4929815  5810112  4009406  4132864  3285566 3879045 10758322
             256       8 1080434 2842047  6398720 1416439512812277 5320671 5810112  7314033  4404088  4819184  3410808 5687020 13454450
             256      16 1031644 2613746  5428265 1345445013454450 5971678 5117791  7314033  4734192  5142301  3823789 4281170 13625180
             256      32 1142514 2911402  5569035 1435374413454450 6073004 5428265  7518900  5971678  5217259  3810220 4572895 12812277
             256      64 1117543 3994490  6107548 1435374413454450 6398720 5428265  7518900 10148242  5569035  4404088 4840911 13454450
             256     128 1138879 3078337  8024634 1416439513454450 6249745 5810112  6554972  5971678  4404088  4734192 5569035 12228612
             256     256 1053922 3511189 12228612 1345445012812277 5971678 5687020  6107548  5217259  5938650  4350555 5810112 13454450
             512       4  994294 2979282  5951911 1249949010044089 4457157 5164632  5760329  5822804  4340054  3604335 5624545 10694336
             512       8 1168504 3431550  6472112 1462806712499490 5495016 6086873  7435738  6472112  4961773  3795443 5886650  6909408
             512      16 1242177 2995907  6319739 1424006913109944 6018636 5760329  7410080  8528336  2073249  4195896 6156675 13438092
             512      32 1282994 3628697  5886650 1462806713783088 6472112 6395018  8018812  9145790  4610256  3877684 5886650 14240069
             512      64 1218910 3659616  7211022 1503780113872122 6571132 1619757  7758090  3104171  1446306   831132  590486  2782414
             512     128 1261144 3877684  6909408 1424006913522711 6571132 3140488  6931711  8562340  2141475  4916336 5886650 13872122
             512     256 1267097 4091959  7871843 1187730011943357 5566231 5684095  6104175  7900804  2152206  5699180 5509113 11877300
             512     512 1270094 4061007 12797441 1352271112797441 6246213 5951911  6246213  6018636  6086873  4742616 5384786 11620224
            1024       4 1042770 3170172  5885083 11903823 9946527 4287225 3170172  5200941  7699755  3863055  3029305 5623115 11489839
            1024       8 1116502 2944166  6172653  644110712639479 4805258 5564829  6963241  7008693  3643490  3390391 5390231 12944224
            1024      16 1167489 3594699  6093831 1314226511903823 3085895 5720477  4451639  7369466  4249053  4211554 5042191 12983353
            1024      32 1063425 3791442  6559147 14230902 7208671 5720477 5950309  7755368  6819511  4531485  4029784 5853003 14044758
            1024      64 1132697 3671521  6489770 1381881713264026 6172653 4232305  7472033 15027577  4195100  4178773 6327241 14422045
            1024     128 1136593 4249053  6702448  472075212639479 3594699 3668386  3461434  8525047  3891053  2604895 5042191 13643232
            1024     256 1367037 3778101  5144870 1220835011773301 6025439 3556008  6059442  9655828  4589593  3345496 5751117 12492426
            1024     512 1517224 2867506  7869040 1314226512944224 5885083 5536137  6244448  4321737  4146499  2952261 5660167 12790037
            1024    1024 1380217 2281152 11773301 1136819013142265 2432298 3738636  4898425  5630486  4162573  3281592 4064103 12944224
            2048       4 1162246 2562778  3771144 10945301 9483197 2790021 3429381  5420181  4741090  3194702  1896314 5640860 11015480
            2048       8 1217600 3034448  5461535  682930112470765 3297725 5640860  7237860  4550221  3543986  3751381 6243566 13489098
            2048      16 1365474 2913021  5068389 1256195212959958 3292669 5596757  6097316  4623699  3140967  4319142 5433896  6483920
            2048      32 1278491 3319389  6149699  883006114017386 5750369 4405533  7726111  9483197  5197183  4021870 6401772 13038646
            2048      64 1492654 3489282  5769681 1338401114202800 4038890 5916724  8198022  4720248  4071433  2984890 4886737 12959958
            2048     128 1374432 3334853  6416117 13280548 8464610 6207471 6132138  8128206 15399510  5044577  4046500 5144271 12805399
            2048     256 1314489 3799501  4572018 1150223412882215 5735012 3717289  6284678  7419150  4040790  4213218 5403134  9400176
            2048     512 1235285 3205431  6829301 1256195213038646 4128177 5750369  6802261 10084382  4911886  4472047 5804771 12257227
            2048    1024 1280015 3779440  7940367  4096676 4284671 4186524 5765808  6207471  8097557  3536690  4807425 4162181  9359208
            2048    2048  880855 3465352  7082696  7726111 5197183 4248644 4762117  3329682  3702868  3281349  3835124 5135046  6690992
            4096       4  994907 3027393  5736555  6967243 7502762 3172758 4297324  5019235  4214051  2874423  2705147 5312585  4235870
            4096       8 1215086 3402085  5918366  5818150 6339889 2994153 5114874  6520355  5306022  3653887  2866270 5808315  6493246
            4096      16 1308264 4055868  5963564  6618318 5542240 4012295 5664678  7545601  5044289  3540193  2910951 4481152  5271829
            4096      32 1314470 3896717  5087609  6186918 7015611 3519162 4000150  7983931  4847858  4452120  3007255 4226492  5483860
            4096      64 1399376 4175134  6068897  6512939 9227530 2860543 4267436  8308260  5353976  4007615  3129412 5231694  7463648
            4096     128 1155819 3988078  4977067  5988509 6490793 3849566 4929936  7264812  5835938  3605576  3089456 4334185  6804432
            4096     256 1254114 3110150  4841028  5068098 5794602 3456153 5558378  7146945 10840363  3754501  3546770 1374081   533556
            4096     512  794709 3498380  5835938  5818150 5535098 4505833 5696610  6978564  8586475  3281854  3237937 4476482  4698053
            4096    1024 1145415 3846119  4900405  6724530 6872481 3667146 4457897  5542240  7073381  3427196  3298235 4780411  4240052
            4096    2048 1035880 2046000  4117102  5818150 5512011 3126565 3445064  2487022  4587653  2377242  2545616 3263773  3410188
            4096    4096 1017113 1886694  4633432  3820460 4607338 2977031 4541567  2876348  3699523  2686114  2478054 4100397  4659824
            8192       4 1048902 2705532  4724413  5776876 4914286 2628940 4997921  5526912  4414259  2554474  2576116 4989212  4566196
            8192       8 1201691 2753668  5825851  5132298 5720134 3098317 4838850  6890129  4911476  3127933  3197502 4558925  3680425
            8192      16 1244836 2998544  4867641  6350207 5343822 3076126 5527801  7571884  5254742  3037242  3088014 5645881  6014511
            8192      32 1297043 3683582  1529491  1470513 1270662 3578839 4694719  7809376  5919188  3260925  3695070 4815791  4665396
            8192      64 1202617 3000901  4729615  4628318 5104089 3075025 4638941  7487730  4495696  2844394  3456433 5797345  5371390
            8192     128 1343604 3673343  4774304  4745947 5079190 3064603 5224380  7474698  4926264  3336931  2919312 5988306  5368033
            8192     256 1299693 3747460  4919916  4395061 4533661 2843453 5685116  5966469  5378957  2509877  3410461 5034537  4584473
            8192     512 1501749 2947864  5531360  4920620 5970616 3670204 5361332  5347148  9728660  3160444  3496175 5603526  4401818
            8192    1024 1113666 3501163  6205696  6345516 5814021 3901055 5354648  5519808  9660279  2665031  2453424 4844308  3361415
            8192    2048 1070570 1992237  4982701  5509188 5371390 3299124 5184180  4100302  3744193  2202857  2439489 3158120  2768534
            8192    4096 1045010 2163193  3272728  4467057 4439927 2701915 3426104  2874376  4381051  2373105  3202270 3623372  4013610
            8192    8192 1193634 1907729  3591182  2780632 3205257 2685864 4162392  2908931  3552567  2562475  2339178 3961322  3621463
           16384       4  997498 2546504  5651363  4654590 4681225 2454108 3764665  5326345  3954439  2375222  2591153 1237925  5343741
           16384       8 1216428 2586277  5820327  4592072 4695940 2386937 4783544  6815511  4419598  3000744  2683641 5828225  6032360
           16384      16 1364082 2903500  4663751  5070872 4883486 2627312 2550474  7578401  5917050  3000744  2858808 6180472  6138514
           16384      32 1356649 3722654  6296564  6382531 6282173 3070464 6277582  8376536  6152253  3458835  3195689 5155711  4900900
           16384      64 1305689 3411952  5921639  5910943 4952824 3796067 5481418  8367356  5516621  3345673  3282076 5196256  4840147
           16384     128 1445301 3810169  6163841  6222445 5626377 3879649 5444935  7798569  5470509  3225841  3698412 5165399  5118462
           16384     256 1293523 3740689  5091159  5269977 5200975 3190644 5791387  7599353  4954609  2604312  2551610 4228160  4334572
           16384     512 1420387 2168298  5698696  6052550 6032360 3933614 4608703  5042592  4041417  2120395  3378238 5880593  5925213
           16384    1024 1146608 3765490  5275236  5375089 5323045 2776005 5826249  7083163  7062054  1952545  1674255 3462495  3615899
           16384    2048 1091187 3002318  4951396  5487108 4886264 2519429 3168430  2916933  2885941  1824307  1618002 3474048  2853347
           16384    4096 1064992 2180476  3447210  3273633 4004910 2751772 4268872  3020662  2936252  1991014  1848997 2744409  2727417
           16384    8192 1167868 2251487  3002842  3993274 4422158 2538602 3673501  2558831  3169599  2412241  3140628 3840620  4417325
           16384   16384 1194772 2466705  3181927  2923510 3227811 2201573 4398382  2175231  3206275  2165497  2145351 4396975  4207450
           32768      64 1254808 3600441  5415287  5511932 5401878 3257248 4700084  7588362  5328990  2871099  3671029 5456783  5028167
           32768     128 1404547 1417849  5351607  5533457 5404640 3265373 5556724  8275065  5170998  2699178  2795929 5082650  4743395
           32768     256 1336437 3744440  5924397  5218710 5274994 3195303 5865987  6335692  4288560  2220058  2827042 4474098  5131036
           32768     512 1234110 3590658  5359329  5342039 5348275 2809302 4661190  6757806  4101699  2924929  2292299 2057382  2319730
           32768    1024 1002941 3706371  3895793  3937085 3445983 2026710 3524545  3849204  3368782  1428177  1612588 5662493  3502360
           32768    2048 1137496 2836084  3250161  5000361 2787819 1906681 2763380  3369443  2793542  1546624  1610056 2718397  2588508
           32768    4096  893761 2342065  1738637  1085643 2849845 2175534 2696266  2128071  2730658  1674659  2186436 4220475  2721789
           32768    8192 1136593 2504271  3950893  3996618 4025061 2527807 3804032  2833862  3977649  2452348  2001709 3463089  3578877
           32768   16384 1167033 2587290  4266063  3999410 4296335 2622490 3609993  2204532  3077670  2275712  2714156 3052719  3277443
           65536      64 1218550   59713  5501210  5153818 5135619 3329560 5126807  8039291  4410833  3056412  3108465 4662519  5819269
           65536     128 1301352 3219962  4990901  4998979 5294074 3564435 5843020  7749412  5647695  3065855  3586480 4426032  4454291
           65536     256 1158737 2673628  4322400  4377538 4814580 3372081 5277506  5596982  5443578  2742203  3165089 3850326  5322881
           65536     512 1058294 2578427  4959206  4051927 5369148 3456331 5694377  6221377  5086676  2702517  2415536 5128816  3961073
           65536    1024 1291095 2180968  4240974  4099363 4373985 3346219 4144983  4835500  4661491  1783626  2652191 5008452  5144077
           65536    2048 1171039 2935920  2756613  2786655 3244667 2233366 1617530  3186923  2355629  1128293  2144990 2690086  4818462
           65536    4096 1145693 2336645  2718338  3631205 2863108 1790796 2704511  1952912  2922187  1651862  2053982 2697716  4073363
           65536    8192 1175934 2615473  3946741  4070588 4134011 2589040 3989994  2671445  4096736  2081969  2036995 3791743  4119699
           65536   16384 1211722 2494608  4092161  4127679 3685539 2666884 3952472  2908059  3730000  2300545  2264777 3763656  4024813
          131072      64 1115544 2969328  5702044  6115409 5789413 2857034 5751798  8337869  5823079  2764414    60928 5336616  5951876
          131072     128 1269193 3037932  5773059  5606160 5708676 3007485 2136917  8278357  5498008  2775832  2991350 5147535  5921489
          131072     256 1331112  351673  5359089  5642120 5712709 3198973 5332009  7333127  5516933  2943714  3069104 1177296  5477084
          131072     512 1295845 3130588  5283481  5500539 5429000 3105986 5395221  6885477  3792156  2224914  2751312 5161938  5562595
          131072    1024 1300640 3155240  5415310  5557647 5588948 3002164 5257409  6894544  5157483  2263330  2498131 5538889  5466355
          131072    2048 1193036 2459561  3669544  4478669 3688007 1881058 4546712  3667170  4964481  1869225  1886117 4640550  4728927
          131072    4096 1154280 2280625  4069558  3768914 3942263 2241432 4133850  2945039  3882242  1899149  1849785 1854621  4079917
          131072    8192 1141693 2357657  3978006  4067901 4097798 2354910 2586674  2621607  3723199  1859439  1623164 3986632  4078766
          131072   16384  869102 2278244  3612873  2883680 2798953 2250010 3042252  2619446  4068534  2020531  2056354 4035473  4113097
          262144      64  127661  126697  5190763  5901903 5359398   87962 5216275  7832405  2828421   128023   119247 5688262  6134886
          262144     128  111535  116808  5403249  4724006 4004459   66641 5207381  8114428  5822056   117922   113528 2996272  5761769
          262144     256  117245  119177  5030114  5437102 5435060   98851 5018451  6963173  5096210   127404   108214 4979000  5496821
          262144     512  130328   92626  4784795  4792825 5304198   76233 4507288  5385385  4476350   104046    85055 4974922  4150544
          262144    1024   81134   72443  3576510  4286899 5288152   78524 4616425  5529051  5472499    88416    98930 4969458  5559552
          262144    2048   92326   92022  4602743  4877184 4722200  124476 4356143  3244040  4655538   120172   116468 3276424  4209191
          262144    4096  126701   89641  3781654  4014709 3942953   81532 3766330  2668433  4035278   139424   102292 2137352  3928485
          262144    8192  100447   90362  4004823  4018817 3451356  106641  757319  2775270  4036270   126594   121766 3715510  3997369
          262144   16384  121067  107232  3941907  4119752 4083308  127275 2102687  2794413  3803882   154569   138576 3897528  3918796
          524288      64   52755   74147  5750165  5831842 5758175   11504 1647239  7878223  5741338    69046    65636 5540932  5902407
          524288     128   81601   73661  4404487  5113712 4428855   16694 5205715  8044928  5520387    64987    79175 4673216  5651420
          524288     256   58448   37650  4859378  5449401 5360166   23342 5175087  7062847  5459508    65472    47518 5180293  5661737
          524288     512   45593   71261  5351413  5476108 5448402   31418 4523270  6464486  5544327    40093    70694 3734114  3827451
          524288    1024   46053   35252  5263304  5271025 5611259   54319 3836887  6642856  5615887    81064    48785 5358024  5381613
          524288    2048   80391   60759  2552087  3048682 4161279   38758 4318467  3302437  4682271    81551    79403 2818390  3898045
          524288    4096   38699   68441  3543280  3913856 3822873   42291 2724791  2290377  3152455    42552    45752 3952065  4043371
          524288    8192   91367   86328  4081556  4148366 4034506   91994 3983616  2237231  4105207    93308    93031 3999599  4119881
          524288   16384   91499   85803  4058303  3965270 3986136   93230 3951639  2712175  4183692    95111    94462 3919144  4044271

iozone test complete.
