	Iozone: Performance Test of File I/O
	        Version $Revision: 3.420 $
		Compiled for 64 bit mode.
		Build: linux-AMD64 

	Contributors:William Norcott, Don Capps, Isom Crawford, Kirby Collins
	             Al Slater, Scott Rhine, Mike Wisner, Ken Goss
	             Steve Landherr, Brad Smith, Mark Kelly, Dr. Alain CYR,
	             Randy Dunlap, Mark Montague, Dan Million, Gavin Brebner,
	             Jean-Marc Zucconi, Jeff Blomberg, Benny Halevy, Dave Boone,
	             Erik Habbinga, Kris Strecker, Walter Wong, Joshua Root,
	             Fabrice Bacchella, Zhenghua Xue, Qin Li, Darren Sawyer,
	             Vangel Bojaxhi, Ben England, Vikentsi Lapa.

	Run began: Sun Oct  6 11:54:11 2013

	Auto Mode
	Command line used: iozone -a
	Output is in Kbytes/sec
	Time Resolution = 0.000001 seconds.
	Processor cache size set to 1024 Kbytes.
	Processor cache line size set to 32 bytes.
	File stride size set to 17 * record size.
                                                            random  random    bkwd   record   stride                                   
              KB  reclen   write rewrite    read    reread    read   write    read  rewrite     read   fwrite frewrite   fread  freread
              64       4  199906 1285575  4897948 12902017 9006179 4274062 2892445  4988978  3363612  3057153  1392258 3203069 10402178
              64       8   69492 2772930  5860307 1290201710402178 3791156 5283570  5860307 12902017  3203069  3203069 5860307 20962191
              64      16  720041 1492919  5860307 1597288512902017 5860307 4274062  5860307  4564786  3541098  3541098 3791156 12902017
              64      32  752329 1780008  3541098 1231033612902017 5283570 3057153  5283570  3958892  3588436  4564786 4564786 15972885
              64      64  842003 1599680 12902017 2273779115972885 5860307 3203069  4897948  4564786  5283570  2133730 5283570 20962191
             128       4  976473 2098744  3867787 12842051 9795896 4444086 3199360  5545860  3759450  4104338  1997245 3560017 10567140
             128       8  831319 2132084  6114306 1254204312842051 5545860 3445772  6406138  6406138  4717434  2004703 4759253 14200794
             128      16  992724 1852520  5784891 1077930712542043 5847904 4934216  6727225  4934216  4104338  2286447 5325799  9795896
             128      32  836500 1885042  4889281 1254204314200794 6114306 5325799  7176872  4407601  5122535  2326073 3895854 14200794
             128      64  462100 2784517  7582312 1588107814200794 6114306 3560017  6727225  3867787  3895854  2920861 5379161 10779307
             128     128 1024942 2843510 12842051 1588107814200794 5847904 4759253  6114306  4557257  5784891  4012317 5545860 11720614
             256       4  914752 2285501  5569035 11695808 9868433 4132864 4929815  5569035  8024634  3756894  2975955 5117791  9868433
             256       8 1032636 2509882  5971678 1345445012228612 5242734 5428265  6936061  8815202  4070199  3368013 5971678 11091721
             256      16 1123389 3236056  5569035 1362518012812277 5569035 5022044  6719046  9868433  4132864  3326279 5569035 13454450
             256      32  292190 2639446  5022044 1416439513454450 5022044 4404088  6554972 12090911  2242541  3197509 2639446 13454450
             256      64  999940 3654598  6554972 16072608 2754556 3705040 5938650  7314033 11207494  5022044  3197509 5687020 14953435
             256     128 1048775 2842047  8024634 1281227712228612 5810112 5117791  6719046  8534922  1237306  6719046 5810112 14164395
             256     256  543445 3823789 12812277 1345445012812277 5938650 4929815  6107548  4929815  4404088  1766587 5687020 13454450
             512       4 1002183 2739816  5886650 12146009 9859630 4340054 3795443  5019764  4305250  2360376  3684733 5744919 11683444
             512       8  997991 3158966  6395018 1414626512797441 5278892 2474613  6652558  6736026  4571003  4068701 6319739 14146265
             512      16  898225 3415178  6395018 1424006913438092 5684095 4262523  6571132  2391924  4163357  4485083 6156675 13872122
             512      32 1299295 3487274  6821616 1462806713872122 6086873 6246213  7211022  9681823  5331314  3604335 5744919 13872122
             512      64 1251589 3504346  6571132  895509813783088 5684095 6018636  7211022  8528336  5624545  4447925 5331314 14628067
             512     128 1293037 3259661  6736026  350434613190469 6174377 5699180  7410080 11943357  5822804  2073249 5760329 11877300
             512     256 1204552 3393590  7988981 1279744112499490 6246213 5509113  6104175  7540170  4061007  6035551 5760329  2216629
             512     512 1248678 4411377 10284602  946838410694336 4701087 5398323  5384786  5684095  4123387  4195896 5331314 13109944
            1024       4  965203 2844715  5660167 11773301 9320560 3422814 4178773  3229770  6650556  2916180  3492395 5690162  5500686
            1024       8 1336827 3794792  4654248  533002812639479 4470172 5444898  7113161  7524394  3880507  2472911 5821271 11489839
            1024      16 1395464 3738636  3794792 1330511613142265 5089995 6093831  7208671  7420395  4762630  4044965 6208343  5925680
            1024      32 1356245 4142499  6559147 1461839313818817 5507740 6280976  7869040 12037272  2976816  4014717 3709575 13643232
            1024      64 1519371 4589593  6819511 1508034114422045 5200941 6402699  4178773  9569770  5472650  3863055 5983467 14230902
            1024     128 1400926 4014717  4594502 11489839 8137402 4195100 5226256  7420395 13305116  4741598  4064103 5925680 14044758
            1024     256 1035479 3722435  6918376 12983353 5789881 5789881 5885083  6918376  9300377  4396951  4949226 5782087  4433259
            1024     512 1115342 4199201  8061038 1310217412944224 3200886 5758828  6609617  8262639  4674510  4920874 3422814  5751117
            1024    1024 1132697 4215688 12492426 1330511612639479 5782087 5782087  5917516  5507740  4470172  3140041 5821271 12639479
            2048       4 1030733 3292669  5836323 12488897 8866519 3644736 3037667  3855782  7237860  3470953  2800938 4146110 10037248
            2048       8 1046046 3612546  6340344 1183503312729493 4170264 4971585  6873016  6670210  4154130  3060395 5389574 10452512
            2048      16 1484143 3447273  6132138 12050878 7368238 5135046 5769681  7213548  6041567  3777778  3806235 4451191  8128206
            2048      32 1530689 3799501  6127764 1107227513219235 3644736 4385291  7616502  5430461  4172290  3287628 6440169 11440955
            2048      64 1544450 3413030  4603874 12118884 7059413 3436240 4312636  7999524  4923146  3894239  3573472 3117032  7183386
            2048     128 1503627 4128177  4540600  5820505 9708272 4483719 4432815  5986827 14321195  3494960  3946119 5832361 11835033
            2048     256 1474462 3766184  5986827 1164254312805399 4146110 5611381  4079167 10959265  2976615  4054139 5848244 11642543
            2048     512 1383731 2981782  6464402 12050878 8190205 4709895 5447681  5336007  5674397  4453499  4146110 5626082 10726615
            2048    1024 1208351 2199836  7761014 1095926510339282 5212953 5319484  4886737  3506373  3944307  5044577 4968710  9567698
            2048    2048 1026545 2258247  5280246  7237860 5785224 2673655 4267642  3618634  4960102  3047366  2562778 4144109  6261772
            4096       4  377092 1686979  5225329  3640724 2972395 1736953 4723889  5250883  3000952  1705908  2721431 5271829  5389246
            4096       8 1240889 2763900  4235870  5454263 6077484 2789933 4462528  7249484  4643451  2702169  2898672 5649775  5257310
            4096      16 1268466 2955012  6361016  7831080 9332798 3387995 4703198  4819300  7001316  4476482  3266255 5312585  4654774
            4096      32 1335104 3534366  5883908  5565581 6847827 3187474 5696610  8209013  6024207  4530788  3195181 6169144  5542240
            4096      64 1335519 3185110  4817948  6243125 5944991 3872125 6178018  7788478  7515892  4240052  2931815 6186918  7656576
            4096     128  678944 1706755  4408705  5728903 8638284 4592558 3286877   680746  1422786  1593117  2135523 2281885  1540407
            4096     256  734439 3841819  5211065  5369035 7096756 4128976 5312585  6682678 12299398  3368730  3474326 5556581  5963564
            4096     512 1456068 3199942  5902100  6410863 6105563 4125010 4796426  6682678 10089154  3717133  2989984 5319164  5396016
            4096    1024  708307 3091124  6272759  6178018 6605595 3713919 4192455  6140479  7599002  3107900  3321831 5196878  5069594
            4096    2048 1233760 2907010  3453374  4385074 4592558 2571526 2670249  1611347  3867766  2224851  3453374 4235870  2435200
            4096    4096  604929 1358542  2407895  2749304 3192212 2299908 3968731  2478054  3785107  2675239  2864359 3633793  4032070
            8192       4 1076473 1602464  5615432  5669170 4513413 2315376 1937527  1733781  1679705  1495995  1542399 4035293  5244315
            8192       8 1160339 3155800  4615263  4699856 4622714 2447483 5375591  7275280  4286498  2951156  2684185 3925120  4830687
            8192      16  563923 3125656  5208541  5576245 6196743 2967980 4821874  7535351  5944791  3317920  3377938 4638941  5091232
            8192      32 1363979 3723500  5966469  5736369 5843686 3345053 5343822  8185166  5760412  2955217  2886692 4486305  4513413
            8192      64 1205782 3399327  6263389  6553692 6720329 4011735 4929091  8167655  5487193  3021750  3070628 5641246  4740709
            8192     128 1230966 3005100  5741161  5588034 6201216 3862030 5638469  8498983  5962328  3734021  3203763 3637565  3806833
            8192     256 1225784 2866224  5450634  4239950 4879393 3320806 5411147  6277120  6127127  2728954  3092461 4513413  4681287
            8192     512 1255663 3770075  5340499  4248864 5905961 3812324 5685116  5368033 10922396  3086627  3004049 5789530  5217241
            8192    1024 1203122 3713841  4678100  6330318 5884720 3141086 4353298  5534924  9571475  2701915  3284616 4435342  4406899
            8192    2048 1095487 2842512  5062726  5361332 4830007 3383927 3618412  2540122  3279287  2069140  2719666 3308654  2941555
            8192    4096 1048646 1847913  4213951  4249389 4316113 2653711 4295608  2894717  2520556  2191616  2512998 3723500  2590683
            8192    8192 1003180 1943445  4293461  4051471 4213951 2845337 4190311  2453424  3855097  1990737  1856800 4442223  4313945
           16384       4  976048 2604312  5336686  5597504 4403173 2481671 4452241  5175124  4232327  2434805  2447204 4415055  5048891
           16384       8  579516 2755523  6075022  6227520 5380560 2500999 5244238  6874831  5202944  2765726  2861784 5263115  5051860
           16384      16 1236255 3366983  5119987  5767086 5770960 3173845 5300463  7176364  5249445  3252714  2743971 5685024  4453395
           16384      32 1240271 3156206  4528524  4549812 5058181 3164782 6054683  8003847  5639767  2964371  3187536 5927257  6127020
           16384      64 1386708 2510960  5686906  6327873 6152253 3317248 5599328  7670606  5527714  2413343  3671146 5565318  5209649
           16384     128 1323544 2990819  4920199  5278072 5484918 3769208 6005999  8457984  5221128  2963859  3280822 5028939  5091159
           16384     256 1317656 3108380  5535284  5966368 5923170 3948985 4929022  7567552  5027467  3319973  3170916 5069376  4905448
           16384     512 1285730 2912236  5066386  6027598 6023371 3957627 5367951  7307624  5990292  3321256  2986530 5470073  5569378
           16384    1024 1149831 3639261  4274714  6164394 6127020 3721041 4152032  5691145 12180404  2645518  3323344 4710748  5077241
           16384    2048 1261282 2062668  3356622  3063074 3600176 2510593 3023985  2803983  6275289  2430499  2380653 3570249  3699208
           16384    4096  752209 1910423  3797746  2760172 2925128 1653309 3599234  2125839  1566655  1977777  2566476 4274448  4458306
           16384    8192 1182193 1899597  2808796  3214524 4129080 2212560 3731346  2298863  4197684  2276172  3234648 3573406  3581040
           16384   16384  994366 2514359  4092928  2828683 3855055 2650620 3544834  2616409  3516716  1969219  2569259 4405431  2589883
           32768      64 1126818 3622361  5638103  5457867 5056843 3468595 5482250  8643521  6279534  3470434  3363588 5327131  6019099
           32768     128 1462399 2137936  5385157  4657872 4322413 2336212 1990403  7710111  3069011  1931277  3325339 2559632  3044200
           32768     256 1125121 2831643  5100190  5551114 3656282 2053387 5378835  6334524  4100108  2413462  3211580 5597460  5667163
           32768     512 1175698 3524545  4593270  5103220 5011848 3537153 5091311  7288173  4969444  3195303  3435818 5464159  5351607
           32768    1024  933512 2734787  4192921  4469733 5188959 3692232 5483344  7010830  4351564  2897489  3138391 5597460  5759788
           32768    2048 1078817 2386971  3471486  4888490 5194646 3179190 5052195  3190629  6861036  2262227  1669715 2772466  2695843
           32768    4096 1060413 2632788  2973787  3752209 3405933 2630269 2729736  2584614  2767330  1629199  1817018 3023440  3042515
           32768    8192 1141739 2241164  2839776  4329221 4416162 2700292 3531790  2227614  2972951  2063746  1838013 4408937  4264475
           32768   16384 1082240 1941123  4044962  3649389 2788554 2188629 3016803  2575460  3540981  2331101  3045616 3944090  4316034
           65536      64 1275862 3162758  5452216  5234891 4280333 2999776 4978427  8007908  5843641  3289004  3261801 2585971  5992698
           65536     128 1318259 3776220  4700550  5299177 5166896 3373074 3162322  8154483  3530647  2066987  3344875 4700952  4820575
           65536     256  831540 3585497  5800237  5256313 5803175 3845801 5592199  7386052  3134161  3003611  3063737 4693888  5821365
           65536     512 1277255 3709713  5450487  5973554 5909979 3882686 5612409  3199684  5207026  3321674  2161417 4105731  6024086
           65536    1024  973250 3570640  5247884  5235789 5207914 3048312 5767499  3418292  5674628  2935293  1512380 3393897  3448180
           65536    2048 1331464 2934478  5061480  4494273 4546682 2823117 5041614  4224613  5181115  2182197  2177357 2749334  3271896
           65536    4096 1072674 2002012  4043463  4335558 4308174 1913741 3987100  3036761  4383332  1826931  1896575 2461171  3808924
           65536    8192  929496 2179152  3839462  2434836 3449435 2461347 2795184  2090742  3469900  1894758  2040927 4010076  2730788
           65536   16384 1058432 2465144  2631347  4172161 3785842 2653497 4163125  2818977  4074389  2514622  2517501 4193996  4304800
          131072      64 1174858 2953535  5925254  6109700 5759632 2968992 1556249  8306249  5748250  2911089  2393095 6137461  6362413
          131072     128 1294076 2991008  5524417  6023281 5568511 3031131 5514443  6027971  5533035  2768033  2514516 2850014  5831913
          131072     256 1290482  411181  5285157  5443191 5406575 3113126 5473212  6998372  5433239  2792214  2840384 5481671  5295849
          131072     512 1318685 3048258  5407905  5525805 5729917 3236107 5529585  7372760  5550352  2754304  2527371 5146523  5537438
          131072    1024 1069433  742272  5302489  5596344 5484679 3169136 1708181  6868873  5664268  2427705  2474273 5563834  4964481
          131072    2048 1193331  907794  4765409  4983337 4565858 2516692 4467641  3688947  4783280  1865793  1783995 3720151  3542976
          131072    4096 1071761  366751  3432909  3984060 4021481 2300755 2076322  2808361  4025161  1791407   876215 2357667  4176942
          131072    8192 1174722  871454  4020481  4060600 3904077 2224005 2487416  2704256  4031242  1738771  1884818 4065886  3896329
          131072   16384 1146686 2343836  4090633  4125010 3814998 2318590 4082098  2310084  3929386  2069078   499584 4006972  3950933
          262144      64   84781   75597  5650378  6017605 5715049   70823 4319402  8338995  5786848   117896    91438 5431891  6215624
          262144     128  111279  104196  3202587  5914952 5598248   77286 2552695  7945722  5664292   119117   108728 4126756  5776754
          262144     256  115655  108186  5041808  5655144 5632807   86964 1235841  7225747  5003994   110104    91337 4584301  5558962
          262144     512  110904   91175  5050562  5531387 5528022  102498 4973707  7046127  5525439   112311    82781 4965037  3050633
          262144    1024  110652   73782  4323104  3412800 4707623  111203 5104539  6554277  5463851   115689    82260 4904925  5664437
          262144    2048  110464  105563  4509229  5033292 4968807  115430 3587526  3376921  4809177   101867    67999 2797157  4720842
          262144    4096  113495   77941  3833070  3948433 3807953  123318 3775279  2684801  4050366   115007   110769 3399127  3644884
          262144    8192  111608   96643  3755267  4136133 4003978  119669 3786121  2757003  4057151   118233   120805 3888280  4054638
          262144   16384  114484  109511  3787660  4041492 4041745  106014 2373782  2814095  3867573   131272   135211 2669353  3988306
          524288      64   23660   67454  3668402  5785566 5520387   14474 3569716  8310688  4747092    61847    67503 4666433  6171071
          524288     128   72539   33936  5081793  5710075 5417823   12211 4525076  7628668  5227507    60872    51181 5501274  5667924
          524288     256   51759   29782  5264791  5585376 5433097   28262 5108129  7191478  5267426    37431    70026 4142996  5454172
          524288     512   70303   33543  5303658  4309842 4801876   29903 5156460  7089877  5505723    67752    67665 5568827  5565163
          524288    1024   66476   35972  5279630  5524978 5435353   35734 5270178  6479649  4039724    70214    71049 5247190  5523354
          524288    2048   54361   67402  4416952  5050943 4864602   60986 3878787  2565108  4672055    64828    45551 4594183  4944438
          524288    4096   67573   61755  3878185  4166072 3466365   59539  211561  2596295  3156822    67674    59967 3306206  4122770
          524288    8192   67516   33401  3785064  4065408 4046712   60162  805224  2670675  3868483    64507    35184 3133686  2957951
          524288   16384   35414   67013  3176348  4036432 3623956   82303 3549870  2705501  3510838    80490    77939 3994666  4113708

iozone test complete.
