	Iozone: Performance Test of File I/O
	        Version $Revision: 3.420 $
		Compiled for 64 bit mode.
		Build: linux-AMD64 

	Contributors:William Norcott, Don Capps, Isom Crawford, Kirby Collins
	             Al Slater, Scott Rhine, Mike Wisner, Ken Goss
	             Steve Landherr, Brad Smith, Mark Kelly, Dr. Alain CYR,
	             Randy Dunlap, Mark Montague, Dan Million, Gavin Brebner,
	             Jean-Marc Zucconi, Jeff Blomberg, Benny Halevy, Dave Boone,
	             Erik Habbinga, Kris Strecker, Walter Wong, Joshua Root,
	             Fabrice Bacchella, Zhenghua Xue, Qin Li, Darren Sawyer,
	             Vangel Bojaxhi, Ben England, Vikentsi Lapa.

	Run began: Sun Oct  6 11:54:11 2013

	Auto Mode
	Command line used: iozone -a
	Output is in Kbytes/sec
	Time Resolution = 0.000001 seconds.
	Processor cache size set to 1024 Kbytes.
	Processor cache line size set to 32 bytes.
	File stride size set to 17 * record size.
                                                            random  random    bkwd   record   stride                                   
              KB  reclen   write rewrite    read    reread    read   write    read  rewrite     read   fwrite frewrite   fread  freread
              64       4  500060 1232453  4564786 1597288510821524 4274062 4564786  3541098  5860307  3791156  3363612 4018152 12902017
              64       8  571375 1484662  6421025 12902017 9318832 4274062 3057153  6421025  5283570  4274062  3022727 5735102 12902017
              64      16  710511 3057153  7100397 2273779115972885 5283570 3057153  5389653  4564786  3958892  2892445 5389653 12902017
              64      32  710511 1553394  9318832 2273779115972885 5283570 3203069  4564786  4018152  4274062  4564786 3791156  7100397
              64      64  831569 1599680 10402178 1290201712902017 5860307 3363612  5389653  5860307  4564786  1722886 3791156 12902017
             128       4  695603 1755594  6114306 11470204 9795896 4596273 3277486  5325799  3359523  4135958  2511022 5784891 12542043
             128       8  809997 1967960  4934216 1284205112842051 5325799 3468030  6812590  6406138  3445772  2511022 5379161 14200794
             128      16  421139  189653  5784891 1077930710779307 5545860 3468030  6727225  4759253  4934216  2858650 6406138 15881078
             128      32 1121270  193341   414314 1420079412842051 5603747  369795   355589  2326073  1102844  1111981 1487977  1487977
             128      64  907174 2211113  7082197 1863766414586625 6406138 5122535  5847904  9129573  4407601  6812590 6406138 16365173
             128     128  940549 2558895 11720614 1588107812842051 5784891 5122535  5847904  5545860  4717434  4012317 5545860 14200794
             256       4  962301 1881098  5117791 11695808 9868433 4496299 5022044  5810112  7735574  3935921  2783115 4197489 11207494
             256       8 1012194 2557711  6073004 1362518012228612 5455847 4132864  7314033  5117791  4755158  3123106 6107548 13454450
             256      16 1089202 2672291  5428265 1281227712812277 5687020 5117791  6891544  5569035  5022044  3410808 5242734 13454450
             256      32 1123389 2754556  6107548 1495343513454450 6107548 4181144  7314033  5022044  5455847  3285566 6213578 13454450
             256      64 1142514 2819657  6719046 1516462413454450 6398720 4477549  7518900  6249745  5687020  3879045 5320671 13454450
             256     128 1147398 2903529  7735574 1345445012812277 6107548 5320671  6719046  7314033  4197489  7120034 6073004 13454450
             256     256 1300235 3454704 12228612 1345445012228612 5841722 5810112  5810112  6107548  5810112  3667079 5938650 11091721
             512       4  967855 2736325  5886650 11943357 9510316 4447925 5214798  5822804  6395018  4375425  3604335 5744919 11374040
             512       8 1182661 3201349  6491676 1378308812215097 5227492 4375425  7022379  6414119  4927617  4163357 6319739 13109944
             512      16 1329871 3182373  6156675 1387212212797441 5807059 6246213  7410080  6035551  5384786  4447925 5509113 12146009
             512      32 1286067 3795443  6736026 1462806713438092 6246213 6174377  7871843  8265729  5439343  4650188 6156675 14240069
             512      64 1319250 3504346  6395018 1503780113872122 6551087 6491676  7988981  9814569  5807059  4742616 5177083 14146265
             512     128 1329871 4061007  6843354 1378308813438092 6652558 5227492  7758090  7871843  5624545  5278892 5807059 13522711
             512     256 1258188 3905895  8109658 1310994412797441 6104175 5886650  6652558  6999490  4228947  5566231 6018636 12797441
             512     512 1224470 4375425 12499490 1352271112797441 6246213 5744919  4784885  5951911  5951911  4838792 6246213 13109944
            1024       4 1065535 3092561  5169641 12173747 9655828 4317393 5479632  5853003  6393168  4317393  3751699 5593820 11520658
            1024       8 1296083 3618930  6489770 1418390512173747 5284125 5950309  6355328  8680108  5018624  4249053 6393168 13863422
            1024      16 1383774 3821805  6393168 1381881712944224 5853003 5479632  7590887  8750850  5219904  4634161 5751117 13686709
            1024      32 1247519 4079544  5144870 1442204513686709 6327241 5417427  7883484  8122014  5593820  4415030 5690162 14044758
            1024      64 1357961 4130547  6918376 1482016114230902 6519323 5821271  7699755  9220512  4926518  4493556 6692005 14422045
            1024     128 1471481 3863055  6569179 1423090213472053 6317933 5821271  7755368 10354166  5336651  4589593 6327241 13818817
            1024     256 1477555 4029784  6744549 1298335312828238 6244448 5917516  6918376 10354166  5593820  5226256 6059442 12639479
            1024     512 1404591 3923040  8262639 1294422412492426 5042191 6025439  6650556  8391792  4396951  5991815 6016997 12790037
            1024    1024 1378445 4182843 12492426 1347205313142265 6025439 5983467  6128613  5821271  6093831  4876180 6050905 12348754
            2048       4 1111849 3282603  5626082 10620516 9610516 3946119 3057127  1536439  4764758  3592903  2753355 4957240  8643474
            2048       8  591397 2905140  6092991 1256195211517657 3650932 5264067  7141581  9062970  4412322  3159451 5970183 11966935
            2048      16 1405465 3592903  6248108 1232758912345306 3969827 5723548  7189398  8059569  4707314  3922692 2925920  2683678
            2048      32 1494992 4079167  5884299 1271065713748169 5389574 5611381  7999524  9268323  5475461  4569586 6563185 11015480
            2048      64 1496033 4367454  6802261 1295995810240672 6464402 5937172  8365686  9179186  5475461  4154130 6583305 10607402
            2048     128 1474209 4276140  6321679 1234530613949098 6543188 6075753  8292998 10607402  4396514  4008732 6167360 12257227
            2048     256 1514764 4365235  6321679  943113812488897 5986827 5738844  7159438 10555264  4983122  4490751 5626082 11001372
            2048     512 1516904 4204968  6670210 1191712912204980 5640860 5904523  6717153 10240672  5018054  4460436 5937172 10945301
            2048    1024 1403628 4079167  7882079 1130543510607402 5336007 5769681  5197183  8292998  4385291  5674397 5769681  9578367
            2048    2048 1251847 3573472  6873016  5549749 6917293 4347560 5277002  4276140  5359311  4231899  3447273 5332694  6780783
            4096       4 1148325 3077282  5706070  6032669 6883496 3029528 5125556  5851841  5996870  3726809  3255732 5056165  6309619
            4096       8 1391329 3743865  6041154  7342434 8638284 3624593 5891980  6693092  7237268  4120064  3957760 6022095  6032669
            4096      16 1502681 4016047  6361016  7529067 7670249 4325455 5713661  7728911  7135072  4501111  4188367 5713661  7289472
            4096      32 1514738 4128976  6461498  7639552 9545402 4307020 6293440  6737716  7209932  4671228  3961410 6149271  7405736
            4096      64 1559706 4288742  6552685  7784948 9685316 4496399 5867831  8377131  7542289  4725189  4235870 6451792  7639552
            4096     128 1557444 4083827  6140479  6850558 9144037 5093643 5996870  8292220  7038605  4467170  3896717 6105563  6735075
            4096     256 1536412 3904688  5859825  6989921 8127459 4496399 5744227  7286380 13176709  4302706  4067390 5784846  6204794
            4096     512 1557444 4149921  6245395  7138037 8308260 4201683 5506711  7001316 11500738  4184286  3764373 5794602  6659365
            4096    1024 1527261 3824713  6680080  4946971 6930704 4059701 5618365  5513780 10041975  3669496  3889659 5706070  6370451
            4096    2048 1395624 3148338  5980170  6291135 5611025 3258820 4418911  4367238  6066754  2773270  4171080 4476482  5549401
            4096    4096 1167284 2854365  4676314  4244242 4659824 2901120 4496399  3119752  4231697  2959594  2948925 4639689  3271853
            8192       4 1070003 2985517  5748846  5793435 4992112 2636606 5305043  4992112  5010310  2996191  2817109 5340499  5765244
            8192       8 1259114 3334017  6077276  5961293 6006101 3067065 5621863  6954278  5649594  3535386  3416226 5911041  5814021
            8192      16 1429463 3594563  6301295  6158977 6360787 3520535 5834754  6665573  5923270  3735645  3514413 5814021  6340832
            8192      32 1486739 3735239  6267959  6196743 6425016 3966810 6244039  8183217  6389174  3856828  3766356 6305921  6210183
            8192      64 1460823 3715045  6127127  6000856 6715075 3819104 6229323  8488485  6643663  3690307  3847758 6117309  6517641
            8192     128 1445581 3769662  5634770  5660764 6201216 4112571 1093847  8436380  6244039  3794222  3688327 6014511  5793435
            8192     256 1432682 3873350  5876668  5805180 6122759 4112079 5716328  7001038  6001904  3636025  3708630 5440277  5893805
            8192     512 1491903 3588182  6014511  5649594 5793435 4311780 5598961  6681127 12338289  3782110  3525230 5382328  5558204
            8192    1024 1454577 3529576  6015564  5915112 6219175 4090052 5519808  6879094 11538609  3442236  3323375 5360496  4612784
            8192    2048 1355638 3009575  5494212  5241116 4870401 3335636 5047109  4045270  6395120  2471958  2715367 4740709  4680649
            8192    4096  596473 2694711  4329710  4320998 4318282 2875338 4156350  3004049  4295608  2406513  3404716 4464155  4112571
            8192    8192 1129147 2678118  4118980  4282224 4216019 2454827 4207243  2727005  4246763  2917577  2901807 4164914  4295608
           16384       4  206693 2842372  5160357  5340419 4454838 2328936 5124569  5887143  5004402  2808911  2806961 5628681  5537068
           16384       8 1331493 3192422  6199429  6145651 5268360 1159102 5756940  7512126  5531274  3345673  3407722 6223008  6277009
           16384      16 1452971 3516716  6392030  6516903 6023899 3441341 6088478  7602716  6152253  3366323  3623144 6432718  6506413
           16384      32 1498860 3486739  6533011  6478199 6328456 3524110 6279877  8143270  6370107  3490458  3758694 6491049  6569233
           16384      64 1516591 3783735  6373060  6255866 6379568 3787489 6373060  8484089  6377792  3818214  3640033 6389653  6180472
           16384     128 1529927 3809324  6180472  6287346 5893201 4185922 6003375  8497728  6155008  3782902  3764665 6168268  6196634
           16384     256 1551096 3761162  5931862  6008099 5681264 4288854 5661606  7410062  5685024  3452926  3745786 5872051  5940580
           16384     512 1542912 3857869  6032360  6088478 6077171 3859602 5919089  7214790  6003375  3423340  3666054 5916541  6012304
           16384    1024 1535809 3463891  5552278  5816386 5744428 3481616 5688789  6915650 11345828  2942538  2563221 4210802  4138529
           16384    2048 1303311 3044213  4961764  5551830 5362924 3439791 4785210  4265692  6919132  2555215  2555595 5149144  5330063
           16384    4096 1331261 2741234  4449934  4313892 4460622 2987568  550611  1090961  3089514  1760602  2663668 3859602  3938574
           16384    8192  466622 1625388  3771690  3494896 3604142 2514083 3425559  1619909  3942189  2233704  3005732 4007713  2632445
           16384   16384 1033487 2433425  3771690  3223874 3896367 2410803 3161724  2126431  3607169  2567243  2447204 3617613  3727905
           32768      64 1183687 1196569  6234527  5689686 4709425 2511318 4977543  8102849  6099775  3327432  3469295 5470467  5792316
           32768     128 1438325 3659202  6074970  6142027 5920059 3726167 5491450  7493615  5962177  3279789  3567544 6049035  6064783
           32768     256 1427420 3711375  5785245  5791583 5690864 3697596 5631173  7307937  5786463  3329689  3390724 5287576  5425120
           32768     512 1447475 3612365  5858736  5772852 5647602 3815967 5742701  7197337  5743661  3244024  3478251 5652480  5779163
           32768    1024 1453568 3491150  6021473  6147796 6101941 3773845 5758823  7149786  6037874  2992499  3184125 5968650  6046906
           32768    2048 1374323 2971087  5211982  5262270 5341209 3010921 5213761  4061458  6858297  2247908  2359474 5047557  5320326
           32768    4096 1305029 2678662  4352804  4362060 4440704 2752422 4402018  3030172  4370243  2262972  2374311 4337829  4352804
           32768    8192 1324434 2698489  4429256  4422130 4341255 2753415 4322957  3033516  4400185  2536812  2643219 4380691  3883355
           32768   16384 1321835 2722274  4343587  4286821 4428685 2801400 4287891  2934108  4422699  2422224  3442358 4400185  4413751
           65536      64 1083062 3665976  6529351  6473380 6236763 3568368 6288269  8166597  6261768  3324165  3630390 6469419  6433985
           65536     128 1472417 3691330  6077630  6230261 6089614 3713070 5980702  8268545  5936784  3380749  3682626 6155341  6188462
           65536     256 1478173 3675584  5927694  5928717 5734172 3798082 5763992  7362707  5821241  3329399  3575145 5886691  5880897
           65536     512 1494041 3747288  6032945  6019074 5917485 3787981 5979531  7017417  5910996  3217098  3579801 5995443  6043955
           65536    1024 1491730 3683021  6027389  6138023 5953500 3716434 6004741  7137497  6030695  2871483  3184449 5958791  5984478
           65536    2048 1352068 2923368  4769717  4330094 3870276 2477743 5189331  4065050  5312491  2168340  1503430 5153045  5248284
           65536    4096 1249514 2638849  3847362  4035982 4002893 2536901 2873614  2693618  3821368  1725364  2049984 3557700  3816645
           65536    8192 1093506 2624162  4179584  4208057 4150741 2587675 4203424  2816435  4112672  2138698  2124482 4138430  4197006
           65536   16384 1230259 2543615  4215608  3962786 3937525 2545382 4122541  2891509  4243461  2370724  2432035 4247592  4137060
          131072      64 1148133 2932784  6306361  6426675 6208997 2953012 6240572  8312026  6175033  2869037  2989431 6452320  6385396
          131072     128 1361250 3122108  6208085  6200243 5979844 3145023 6080508  8348632  5970557  2877537  3106038 5965439  6206683
          131072     256 1370429 3084187  5898046  5949171 5815072 3134283 5842511  7450698  5813289   597926  2477786 5806596  5880822
          131072     512 1372509 2995866  5715679  5777670 5685709 2942454 4795045  5518539  4925473  2298744  2375526 5231394  5609077
          131072    1024 1158791 2871105  5651865  5829068 5759149 3118619 5505386  6828857  5796066  2421556  2606011 5926020  6037106
          131072    2048 1247424 2510474  5125842  5291567 5201498 2649798 5166013  3789098  4997380  1922217  1968758 5045306  5041420
          131072    4096 1150704 2117444  4179069  4210758 4205347 2209835 4212113  2866913  4145883  1753211  1655343 4199661  4202357
          131072    8192 1176346 2090264  4179991  4111928 4077405 2312037 4128510  2899375  4139733  1860817  1955098 4044052  4190665
          131072   16384 1180605 2261115  4154970  4190569 4206569 2312523 3685090  2393137  3706282  2021058  1644096 3569314  3709708
          262144      64  155657  140953  6006428  6274683 5903741  121915 5681355  8257021  5939876   167658   166168 5912280  6179746
          262144     128  126627  141932  5746862  6003804 5723290  127373 5429209  7853328  5756490   163258   161035 5684586  5970032
          262144     256  156871  140589  5434710  5658782 5590249  124348 5294008  7129093  5523940   144434   165563 5511728  5623588
          262144     512  161790  140227  5527911  5722039 5670426  150584 5617927  7325935  5899496   169844   165271 5750048  5978179
          262144    1024  156900  140569  5425833  5716803 5672649  159102 5515682  6702222  5696189   155933   159823 5039867  5020674
          262144    2048  158393  142210  4594261  4933912 4972290  169992 4907574  3968456  5221353   162913   170751 4755265  4864325
          262144    4096  159911  151295  3972413  4166776 4136397  157989 3951413  2747001  4123444   166822   162552 3950334  4138281
          262144    8192  161838  144413  4016366  4143459 4169621  172638 4106979  2861241  4155014   158232   151045 3312452  3472293
          262144   16384  161647  154945  3687485  3757256 3790885  141917 4133847  3019634  4280590   191803   202571 4102474  4199337
          524288      64   63623   86455  6076382  6320216 5821143   28997  722845  8125606  5910863    92549    92215 6138702  6140999
          524288     128   88144   86686  3394309  5992822 5705364   47450 5676322  7987797  5560308    91591    91917 5755839  5938173
          524288     256   90785   82798  5523465  5635561 5091158   55903 5546033  7470528  5773399    90756    90015 5514061  5703500
          524288     512   90902   87541  5528770  5689937 5666142   60421 5471026  6761236  5686230    91721    91095 5629156  5727729
          524288    1024   89884   85406  5818186  6012551 5921144   63763 4899983  5788109  5255756    89697    91121 5662655  5790426
          524288    2048   91022   88638  3974048  4139495 4569476   71719 4821343  3643543  4958654    87322    88020 3867170  3854663
          524288    4096   89702   83109  4176628  4274838 4264410   91027 4085021  2689068  3452899    92256    90173 4043059  3833743
          524288    8192   90733   84349  3989955  4125493 3744166   90391 4098306  2774744  4120885    92893    90270 3755240  4089161
          524288   16384   88256   85042  4120074  4101547 4051245   93067 4067626  2809417  4183525    96701    91657 4155052  4278256

iozone test complete.
