	Iozone: Performance Test of File I/O
	        Version $Revision: 3.420 $
		Compiled for 64 bit mode.
		Build: linux-AMD64 

	Contributors:William Norcott, Don Capps, Isom Crawford, Kirby Collins
	             Al Slater, Scott Rhine, Mike Wisner, Ken Goss
	             Steve Landherr, Brad Smith, Mark Kelly, Dr. Alain CYR,
	             Randy Dunlap, Mark Montague, Dan Million, Gavin Brebner,
	             Jean-Marc Zucconi, Jeff Blomberg, Benny Halevy, Dave Boone,
	             Erik Habbinga, Kris Strecker, Walter Wong, Joshua Root,
	             Fabrice Bacchella, Zhenghua Xue, Qin Li, Darren Sawyer,
	             Vangel Bojaxhi, Ben England, Vikentsi Lapa.

	Run began: Sun Oct  6 11:54:12 2013

	Auto Mode
	Command line used: iozone -a
	Output is in Kbytes/sec
	Time Resolution = 0.000001 seconds.
	Processor cache size set to 1024 Kbytes.
	Processor cache line size set to 32 bytes.
	File stride size set to 17 * record size.
                                                            random  random    bkwd   record   stride                                   
              KB  reclen   write rewrite    read    reread    read   write    read  rewrite     read   fwrite frewrite   fread  freread
              64       4  508587 2467108  4564786 1290201710821524 4207076 4018152  3588436 10821524  3406295  1599680 4018152  9006179
              64       8  720041 1828508  5860307 1597288512902017 4897948 2923952  5860307  5283570  2561267  2892445 5860307 15972885
              64      16  651849 1484662  4564786 1290201710821524 4897948 2467108  4274062  4274062  3363612  3363612 4988978 10402178
              64      32  703068 2662899  8182586 2273779112310336 3958892 3958892  4274062  6421025  3541098  4564786 4897948 12902017
              64      64  681644 3057153 10821524 1290201712310336 5283570 4274062  3958892  5283570  3958892  3541098 4897948 10821524
             128       4  780556 2499332  5325799 11470204 9795896 4135958 4267461  3785961  7176872  2905056  2166499 4759253  9129573
             128       8  883293 2558895  5847904 1147020410779307 4889281 4717434  5122535 14200794  3380677  2843510 5325799 10779307
             128      16 1085013 3895854  6406138 1588107812842051 5122535 5325799  6406138 12842051  4934216  3982553 5847904 15881078
             128      32  947186 3124872  5603747  426746111720614 3199360 4407601  5545860  7917784  4012317  3759450 5847904 14200794
             128      64  816154 3036502  7176872 1254204314200794 5784891 4759253  4889281  7082197  3560017  5122535 5074121 10567140
             128     128 1030846 2336194  9795896 1588107812842051 5545860 5325799  5325799  5325799  4717434  1206978 5122535 10779307
             256       4  924200 2325094  5540300 11569783 9434868 3994490 4572895  4332998  8271916  3879045  2812272 4907284 11207494
             256       8 1079348 2754556  5938650 1345445012228612 4819184 5347168  6595234  9114515  4132864  2849590 5217259 13454450
             256      16 1094754 2880164  5569035 1345445012661199 5242734 5022044  5569035 14164395  4652146  3511189 5117791 12812277
             256      32 1058076 3245838  5540300 1495343513454450 5320671 4819184  6719046  9114515  4264168  3421677 5117791 14164395
             256      64 1128110 3009318  4572895 1607260814164395 5687020 5117791  6719046  8271916  5022044  4132864 5217259 14164395
             256     128 1158540 2911402  7735574 14164395 6398720 4734192 4572895  5217259  6719046  2984226  3465855 5810112 14353744
             256     256 1190657 3499745 12812277 1416439512812277 2205688 4332998  3605511  5569035  5569035  4132864 6107548 13454450
             512       4 1032540 2665014  5495016 1064134310044089 3849877 5164632  5624545  7540170  4030519  3481620 3431550 11138071
             512       8 1047141 3736016  6018636 1424006912427157 4000485 5760329  6931711  8265729  4305250  4091959 6104175 12797441
             512      16 1251589 3481620  5822804 1343809213190469 2216629 6018636  7115451  9344779  3684733  4163357 5278892 12797441
             512      32 1316016 3409755  6736026 1424006913109944 5744919 4827914  6999490  9145790  4838792  2256220 5384786  6414119
             512      64  954944 3580298  6736026 1424006913109944 5822804 6156675  5453155  8140399  5127637  4494470 6472112  2695115
             512     128 1312798 3710197  6736026 1462806712427157 5509113 6018636  7211022  9145790  5684095  4411377 6035551 12499490
             512     256 1152822 3372274  8265729 1352271112797441 5822804 4457157  6246213  6018636  3822466  5331314 5624545 12499490
             512     512 1248678 4038098 12797441 13522711 4305250 5566231 5624545  5566231  5699180  5344582  4650188 6035551 13109944
            1024       4  890369 3239514  5885083 12071103 9855234 4321737 4972145  3140041  8822754  3821805  2381058 5472650 11018226
            1024       8 1350701 3436508  6059442 1399898112492426 4512441 2598591  7008693  9569770  4282950  2534194 6128613  6280976
            1024      16 1361404 2837198  6393168 1347205312492426 4949226 5690162  7054742  8262639  4783849  3735385 6199382 13472053
            1024      32 1352402 3251778  6692005 1442204512944224 4451639 6050905  7537599  7306780  4474829  2572135 4550690 13818817
            1024      64 1370965 3671521  6393168 1423090214422045 6137371 4570058  7524394  9569770  2653170  3271594 6609617 14668318
            1024     128 1008017 3532609  6489770 1364323213643232 3483896 4574926  3422814  9855234  3984917  4014717 5991815 13686709
            1024     256 1408737 4178773  5853003 1124909111018226 4972145 5652717  6317933  9677584  4589593  4339202 5593820 12492426
            1024     512 1343518 3877004  8122014 1314226512944224 5720477 5472650  5958564  8183918  4470172  5950309 5330028 12492426
            1024    1024 1345623 2225595 12983353 1347205313305116 5601115 6059442  5885083  5782087  5277632  4433259 5251818 10134284
            2048       4  928359 3084572  5349298  7846081 9218589 3683812 5277002  5769681  6440169  3494960  2531062 5209791 10555264
            2048       8 1141700 3195891  6080053 1017999110439809 3580921 4762117  7368238  7419150  3346546  2863496 5723548 12050878
            2048      16 1454489 3494960  3814687 1218766313118295 4423683 5900467  6990474  5659442  4229816  3757946 6080053  6675393
            2048      32 1460673 3465352  6225466 1303864613219235 4396514 5056455  7589584  7782107  3351769  3205431 4453499 13138359
            2048      64 1306095 2296279  6167360 1288221514109484 3702868 5475461  7503399  5475461  3962502  3179330 4490751 10240672
            2048     128 1250936 4086930  6041567  8229438 7761014 4267642 5068389  7529708 13836752  3463954  3580921 5800851 12710657
            2048     256 1428369 2998435  5986827  970827211440955 4432815 4257067  5582208 10452512  3525079  3644736 4934459  7726111
            2048     512 1509175 3297725  6464402 11320334 9431138 3969827 3663388  5433896  9808036  4340969  3089009 5147354 10401883
            2048    1024 1459680 2423245  7503399 10503637 9944290 3850597 5723548  6097316  8261095  4394265  4889518 5430461  9189005
            2048    2048 1085299 3329682  6962145  7609754 6132138 3470953 4540600  3117032  5056455  2612664  2488533 5135046  3880166
            4096       4  901413 3140855  5596402  6066754 7064655 3052133 4977067  4865707  4476482  2819234  3016231 5089116  5558378
            4096       8 1212855 3018351  3726809  4988629 7802627 3368730 5640500  6418048  6391782  3915366  3075079 5953231  6263611
            4096      16 1251009 2830848  6234064  7774379 9414629 3225172 5744227  7728911  6615769  4302706  3368730 5238075  7149920
            4096      32 1315778 3145455  5164073  6160296 5996870 3664018 5936773  6955959  6430059  4058742  2432098 4628439  4696769
            4096      64 1257971 3197560  6243125  6703539 6086096 4649735 4880914  7656576  4751325  3697135  3155856 5101205  7209932
            4096     128 1438271 3504089  5440445  5461198 5910222 3393349 5867831  8112108  6112079  4205798  2896717 4830139  5926533
            4096     256 1309959 3385325  5424983  5299475 5769304 3605576 4900405  6682678 12560167  2919360  2946902 4357270  5265366
            4096     512 1456068 2963678  5291314  7158858 6826060 4471821 5681538  6186918 11601703  3474326  2663212 5558378  5810280
            4096    1024 1118786 3627654  6532752  6243125 6930704 4227532 4659824  4262142  4941279  2206846  3349029 4622213  5759634
            4096    2048 1112483 2492796  3376675  4284464 4104315 2553941 3027393  2864359  3485604  2794017  2687375 4847858  3656998
            4096    4096  988894 2723588  4664886  4344048 4633432 2763900 3485604  2406546  3427196  2497507  2696655 3571100  4108241
            8192       4  986503 2554474  4211884  5207752 4528283 2678744 4974045  6036702  3978753  2548789  2366241 5588034  5192013
            8192       8 1211479 2695556  5826839  5322300 4323172 2398115 5424817  7749491  5772993  3166561  2985517 5855636  5826839
            8192      16 1183113 2904014  6254268  4602281 4574098 2811347 5340499  7663074  6196743  3511540  3289963 5962328  5198297
            8192      32 1312401 2886692  5152307  6461262 6708520 3678455 5527801  8071718  6480761  3731993  2915349 5302587  5806161
            8192      64 1324901 3087737  5661696  6244039 6774655 3485889 6195626  8265899  6643663  3347660  3349292 6024002  5309142
            8192     128  446527 3644124  6081578  6140266 6244039 3709831 5527801  7359427  5393311  3246751  2784463 5224380  4511043
            8192     256 1285446 3860295  4628318  5431677 5447177 3174166 5619105  7229358  5031588  2725275  2987594 5088216  4571055
            8192     512 1154956 3814017  5278151  5988306 6168929 3594563 3713439  6201216  8685901  3176514  2188684 3740525  5534924
            8192    1024 1129964 3210048  6173362  6359610 6244039 3703433 4807033  5505657  9092750  2751903  1988433 3554036  3538663
            8192    2048 1120202 2144962  2997498  3422010 5244315 3377938 4175036  2663172  3404716  2095641  2306981 2598914  3207651
            8192    4096 1066383 2669172  3455043  4523514 4503356 2597342 3177689  2474272  2842277  1839307  3017504 3407755  2725275
            8192    8192 1002565 2273100  4023951  3502234 3206154 1943555 3215155  2746404  4031505  2397279  2675407 3860729  3330140
           16384       4  886247 2960157  5811959  5259892 4268872 2315127 4505957  5058181  3795229  2834633  2422189 4509505  5007319
           16384       8 1202591 2827286  5740589  5845080 4914218 2526469 5765150  7166635  5834658  3110068  2531961 4709456  4424720
           16384      16 1216062 3532625  6420097  6380161 5968960 2736540 5017922  6801345  5513080  3329463  3355966 4492406  5085131
           16384      32 1263903 3512941  5947263  5787485 5681264 2938386 6262707  7973201  4713656  2637092  2111339 5544663  5352482
           16384      64 1332035 3544834  5832677  5822300 5763216 2971292 6072338  7349829  5864034  3119669  3043673 4523456  4847317
           16384     128 1322677 3625629  5682674  5957575 5772899 3049346 5217560  8074379  5199794  3527185  3043134 5882607  4459464
           16384     256 1301140 3138763  5258282  5251451 5298828 3159834 4304705  5412770  4804615  1980856  2729692 4699794  5287006
           16384     512 1230125 2706257  4281372  4337856 4400636 2777464 4904048  6863844  4212867  2124722  2632848 5053718  4439011
           16384    1024 1392949 3511325  4499761  4796231 5145674 3246261 3429662  2307586 11018377  2366633  1580382 3935641  4176255
           16384    2048 1149908 2047733  4970737  4417325 3768175 1638409 2770409  2117650  4992041  2165770  2233631 2942538  3244269
           16384    4096 1300721 2672370  3155627  3565433 3838904 2667598 2778362  2026477  2755966  2478270  2308516 4367909  2978375
           16384    8192 1292112 2367611  3528815  3441169 3650474 2278663 4232588  2658825  2785909  1798854  2910139 2771862  2799300
           16384   16384 1033300 1933700  3779573  4224781 4431854 2648577 4380997  2373499  4396131  2712132  2668841 3484441  3585150
           32768      64 1022529 2795929  6519625  6346810 6322286 3389302 6124783  7486268  5259652  2739093  2881754 4901565  6474477
           32768     128 1357250 3732947  5260457  6236791 5946956 3782570 5543501  7675664  5824472  3266693  2743686 5898716  6211984
           32768     256 1377836 3757749  5465898  5491450 5300627 3194040 5824225  6646689  4328539  2448285  3367049 4723668  4604195
           32768     512 1271843 3747503  6013569  5446835 5980857 3704273 5204679  5922355  5663193  3018393  3301931 5399332  5584269
           32768    1024  711946 2730875  4127939  5466768 6080345 3698094 5947985  5434989  5179182  2166207  3077670 3321321  3455427
           32768    2048 1188580 2443150  5152195  5268119 3517689 2260479 4679759  3036599  4517926  1455970  2197131 2807638  5026512
           32768    4096 1007869 2527017  4257869  3421875 3425115 2178430 4222679  2137371  2563021  1499200  2251923 2855351  4428114
           32768    8192 1258036 1901695  4313866  4341803 3999061 2706780 3417195  2482021  4234127  2475672  1739011 4389645  4324726
           32768   16384  888624 2612023  4085726  4329767 3154961 2269549 4329221  2877711  3955669  2438252  3077326 4122739  4340706
           65536      64 1026357 3203115  4550822  4711104 4715873 3521736 5998714  7489900  5077937  2884379  3049022 4787161  4798359
           65536     128 1305474 3064147  5942688  5451351 5796567 3493183 3519076  3984672  5834710  3028196  3212548 5252095  5256313
           65536     256 1288710 3361853  4609662  4455157 4433528 2898797 4489722  3750254  3467318  2265804  3252577 5191390  5490551
           65536     512 1325966 2962339  4255352  4411754 4076383 2331077 5642826  5395708  4324985  1995979  3163850 3038002  4514795
           65536    1024 1026342 1858591  5673106  3484857 4190799 2451032 5351691  2299506  5778168  2402782  2934885 5703712  4680780
           65536    2048 1286912 3021207  3097606  5099699 5260941 2911169 5127189  3329238  4040966  1987809  2060170 5226133  3387581
           65536    4096 1233251 1989435  3028730  3165344 3042811 2495944 4179075  3006107  2708882  1677948  2063728 2993764  4230009
           65536    8192 1210714 2249395  4166280  3024964 3030968 2369845 2779666  2802851  3932118  1929065  2243446 4105485  4266911
           65536   16384 1231257 2559103  4044891  4346733 4185502 2394723 4073363  2933445  4196685  2455718  2417767 4069021  4226497
          131072      64 1188741 1610912  6292142  6293654 5782775 2959131 1459160  7958616  6030152  2803978  2818627 6067556  6162297
          131072     128 1245812 3113867  4553642  4921417 5110213 2566316 5386551  7988337  4595283  2831416  2867406 4986591  5081917
          131072     256 1324346 2989512  5372654  5522308 5304587 3055356 1707423  6799044  5544978  2210653  2671508 5063616  5015022
          131072     512 1298438 1143545  5601133  5432809 5411951 3188712 4845379  6540522  5567553  1864041  2586735 5081870  5469074
          131072    1024 1317917  809337  5427392  5701275 5531866 1914099 5530030  5271778  3569499  2123168  2026721 5360396  5722164
          131072    2048  793788 2444741  3419032  3589941 3770646 2144185 2875715  1971922  4821285  1850956   571945 4852350  4937550
          131072    4096 1147330  685738  3846899  4016427 3877286 2234508 2006402  1843773  4044707  1598049  1745739 3856533  4163529
          131072    8192  929944 1504017  4047685  3468801 2974856 1914072 3719522  2293996  4025544  1891178  1844138 2691361  3391862
          131072   16384 1134202 1255646  3813225  4191368 4034466 2284957 3871470  2286792  3839377  1928833  1950008 3968015  4033726
          262144      64  118581  118840  5511286  6132012 5616492   71574 5216597  8275541  5770932   117396   103808 2828276  6081678
          262144     128  106209  112805  5403010  5833732 5416852   61869 5274200  6914001  5457017   111467   105106 3101787  5838503
          262144     256  107231  108337  5078439  5367639 5515903   92281 5164067  7289653  5485905   112047   112143 4906304  5583692
          262144     512  111561   64200  5176710  5461680 5593235  109962 5121802  6783390  5466024   105433    91993 5181223  5521859
          262144    1024  117899   90188  5035989  5572062 5253185  102493 4546690  5268060  5462901    75633    75988 5199501  4637101
          262144    2048   76519   54609  3617673  4787754 4803798  107611 4521672  2854229  4432463   111617   108461 4431927  4905384
          262144    4096  112429  112504  3903284  4026736 3990565  119331 3807254  2723202  3836949   113210    76514 3853125  3045807
          262144    8192   80757   96441  2669353  3000770 3822901   91441 3778483  2603344  3936925    47125    80085  804915  3688735
          262144   16384  100263   82136  2677042  2715729 2960173  114657 3826027  2598625  3884241    95240   160283 2374925  4074169
          524288      64   41305   54659  4221691  6114651 5813925   12725 4481201  4984110  5952624    48041    34364 4013007  6064919
          524288     128   49302   39251  5595453  5783268 5527603   17485 3640942  7705359  5700025    37914    67752 1554514  5773278
          524288     256   65970   35464  5199573  5486313 5438834   32544 4889469  5183077  4937355    45891    72377 5326074  5430681
          524288     512   67216   48451  5218563  5656115 5586810   27060 5330464  6934645  5622032    65128    44389 5211143  5469026
          524288    1024   61561   65240  5182295  5716666 5652161   32083 5178975  6238915  5620696    48233    67881 2705039  5520567
          524288    2048   57506   34038  4188944  4811837 3569519   31487 4167636  3527802  4653182    40390    38230 2306356  4788190
          524288    4096   70537   32728  3839755  3632870 3525189   65309 3126549  2184149  3841163    56590    43783 3918152  4065663
          524288    8192   80504   30427  3669069  3207280 3704873   41620 3882608  2639960  3716350    70568    69875 1260064  2552134
          524288   16384   38641   65380  3074482  3743975 3929902   30786 3775466  2761982  3515811    46810    88692 4105789  4049842

iozone test complete.
