	Iozone: Performance Test of File I/O
	        Version $Revision: 3.420 $
		Compiled for 64 bit mode.
		Build: linux-AMD64 

	Contributors:William Norcott, Don Capps, Isom Crawford, Kirby Collins
	             Al Slater, Scott Rhine, Mike Wisner, Ken Goss
	             Steve Landherr, Brad Smith, Mark Kelly, Dr. Alain CYR,
	             Randy Dunlap, Mark Montague, Dan Million, Gavin Brebner,
	             Jean-Marc Zucconi, Jeff Blomberg, Benny Halevy, Dave Boone,
	             Erik Habbinga, Kris Strecker, Walter Wong, Joshua Root,
	             Fabrice Bacchella, Zhenghua Xue, Qin Li, Darren Sawyer,
	             Vangel Bojaxhi, Ben England, Vikentsi Lapa.

	Run began: Sun Oct 27 07:18:15 2013

	Auto Mode
	Command line used: iozone -a
	Output is in Kbytes/sec
	Time Resolution = 0.000001 seconds.
	Processor cache size set to 1024 Kbytes.
	Processor cache line size set to 32 bytes.
	File stride size set to 17 * record size.
                                                            random  random    bkwd   record   stride                                   
              KB  reclen   write rewrite    read    reread    read   write    read  rewrite     read   fwrite frewrite   fread  freread
              64       4  771797 2444640  7940539 1597288510821524 3958892 7940539  4564786 10821524  3541098  3203069 7940539 12902017
              64       8  511494 2772930 12902017 1597288512902017 4564786 9006179  3203069 15972885  4564786  373835810402178 20962191
              64      16  735831 2892445 12902017 2096219112902017 489794810402178  6271021 15972885  3791156  395889212902017 15972885
              64      32  969761 2892445 12902017 1597288515972885 256126710402178  6421025 15972885  5283570  354109812902017 20962191
              64      64  889431 2772930 12902017  401815212902017 573510210402178  5389653 12902017  5283570  401815212902017 20962191
             128       4  883293 3468030 10567140 14200794 9977956 4135958 8548124  5074121  9129573  3867787  3867787 9977956 12842051
             128       8  600657 4407601 12842051 1588107812542043 512253511470204  6406138 15881078  4557257  455725711720614  1220700
             128      16 1220700 2843510 12842051 1863766414200794 5545860 5379161  6406138 14200794  4934216  512253512542043 15881078
             128      32  985435 4267461 12842051 1588107814200794 604545511720614  6406138 14200794  5545860  611430612842051 15881078
             128      64 1032829 4759253 14200794 1801235915881078 604545511470204  5545860 14586625  4407601  758231212842051 15881078
             128     128 1085013 3277486 14200794 1588107814200794 611430610567140  6045455 12842051  6114306  584790412842051 15881078
             256       4 1044693 3159869  5117791 12090911 8024634 3499745 2015259  5320671  7120034  3879045  351118910651598 11695808
             256       8 1122215 4264168 12228612 1416439511091721 375689410651598  6761355  6554972  4652146  442222611695808 12812277
             256      16 1306564 4652146 12812277 1435374413625180 545584712228612  6936061 15835569  5117791  499866512812277 13454450
             256      32  834424 1213534 12812277 1495343513454450 5117791 9518507  7120034  9778562  5347168  534716810245071 10651598
             256      64 1340826 4755158  7735574 1416439513454450 597167811569783  7120034 14953435  5569035  554030012812277 14164395
             256     128 1208072 5022044 12661199 1416439510245071 568702011569783  6249745 13454450  4117018  521725911695808  7120034
             256     256 1319408 4070199  9778562 1024507112228612 4929815 6554972  5569035 11569783  4819184  3654598 8815202 12661199
             512       4 1082507 3393590 10856530 11620224 8992598 3963567 9145790  5164632  8844453  3822466  3710197 9681823 10434519
             512       8 1138158 3963567 11943357 1249949011138071 487172310856530  6652558 10641343  4375425  419589611620224 12215097
             512      16 1073309 3628697  8528336 1242715710235583 444792510434519  5624545 10911694  4068701  3795443 8265729  9145790
             512      32 1201856 2381315 10911694 1162022412146009 543934311374040  7115451 14240069  4000485  4131319 8992598 12427157
             512      64 1252318 2942541  9304292 1352271112499490 5398323 9814569  7211022 13522711  5164632  4871723 6821616 12499490
             512     128  925717 3437042 10434519 11138071 8844453 576032910694336  4000485 13438092  4494470  4485083 7871843 11877300
             512     256 1242896 4571003 10235583 1162022411374040 545315510434519  5019764 11683444  4000485 3032924910856530 11374040
             512     512 1209982 4061007 11943357 1221509711620224 5331314 9107004  5398323  9145790  3550700  5019764 3325278 10044089
            1024       4 1152143 3544270 10429596 11903823 8000971 3999762 8262639  5507740  9142007  3966517  341193810134284 10454984
            1024       8 1254808 4634161 12173747  956977011645609 512033611773301  7356843 11645609  4694950  437901910990032  5144870
            1024      16  905384 3709575 12492426  581339212071103 544489811773301  4304412 12208350  3358576  478384912639479 13305116
            1024      32 1306332 5096034 12944224 1364323212944224 602543912313351  6650556 12790037  5219904  525181810230845 13472053
            1024      64 1284839 5303701 13472053 1423090213643232 396651710255274  7869040 12313351  5390231  3544270 5660167 13863422
            1024     128 1115342 5251818 12639479 13472053 5690162 5120336 9946527  7699755 15516181  5310258  509603411773301 10769573
            1024     256 1383774 3179559  5390231 1234875412208350 298716810662628  4232305 12944224  2572135  578988110796646 12208350
            1024     512 1264413 4741598 11741116 1124909112208350 4972145 9855234  6393168 11903823  4410497  6025439 9381637 12037272
            1024    1024 1166221 4694950 12492426 11489839 5536137 5564829 9655828  5813392  8988941  5782087  3556008 9855234 12492426
            2048       4 1183870 2455806  4490751 17501701 6382745 2855880 5750369 10834854  8830061  2856830  3151337 5172149  9944290
            2048       8 1140942 3391470  6459541 12729493 7470770 3771144 8820994  6945257 11015480  3702868  3573472 6440169 11917129
            2048      16 1202599 3630870  9441504  620298911966935 4751580 8977721  6303124 11770166  4686767  6243566 9653719 10780463
            2048      32 1431225 4462754  9228493 1124623012654482 420496810339282 128580871 10726615  4923146  4572018 6401772 12187663
            2048      64 1334295 3984558  6568203 12710657 8159088 3506373 6873016  5503525  6261772  4591569  4367454 9752360 11129659
            2048     128 1343897 3850597  5920802 11917129 7670915 4581773 8531869  7088541 15510737  4633675  4330028 8159088 11706006
            2048     256 1413328 3122697  7368238 10607402 8713618 4741090 5820505  6807652  7782107  3744839  6583305 7853254  9664580
            2048     512 1408461 4033201  8190205  7582884 6895083 4204968 7999524  4818211 12050878  3215029  3663388 6967792  6503556
            2048    1024 1419165 3799501  8678404  9610516 7698414 4472047 6922868  5578583  9062970  1690996  4794010 6024617  8089930
            2048    2048 1094565 2888532  4741090  4864597 4994712 3314266 4301837  3234398  4376355  2972495  3538147 5389574  5970183
            4096       4 1138432 2250498  5340661  5910222 6512939 2707279 4659824  4984287  4485833  3212508  2396475 4958393  4386193
            4096       8 1298278 2940345  4100397  5217395 4835578 2561557 4280194  4946971  5433562  3634562  2884074 4751325  5107271
            4096      16 1380485 1969309  5468151  6532752 5784846 2957556 4461370  4846491  9242423  3593509  2892815 4994430  6532752
            4096      32 1192069 2822940  4644707  4413235 4887857 2967774 5894001  5902100  6672297  3172758  2246966 4170067  4752639
            4096      64 1434667 3757786  4162994  5145513 4801789 3558525 4649735  5657217  5828019  3390670  3196965 4680135  4423462
            4096     128 1229609 2788122  5360658  5468151 6815229 4267436 4592558  7099689  6216019  3640724  3456849 4830139  6041154
            4096     256 1434188 2942864  4817948  315585611841605 2752828 4128976  4162994 13381985  3524939  3007255 3789282  4671228
            4096     512 1168952 3065750  5095153  4104315 3424463 3360164 4183268  6131713 11311433  2784507  3346419 4145915  5404504
            4096    1024 1426211 3424463  4576653  6225028 5611025 3875619 4910209  6096896  9966244  3565171  1829435 5101205  6595451
            4096    2048 1020133 2234690  3175103  1992144 3653887 2710696 3598778  2725317  3680502  2372973  2998857 3016231  3018351
            4096    4096 1194805 2188015  3716329  3124859 2519114 2052110 2992067  1630462  3996428  1807492  2639075 3764373  3874745
            8192       4 1145904 2222376  4218089  4079369 3524869 1836358 4853203  4445097  3163936  2196239  2124012 4264684  4478702
            8192       8 1214347 2988893  4947544  4540851 3970936 2400293 4636437  6827153  5378957  3138791  2974661 6292063  4670469
            8192      16 1240074 3305789  7122952  4683839 3449147 2796929 4168957  6168929  5393311  2181597  3589681 4461836  4654652
            8192      32 1238777 3940424  5053790  5550123 5923270 3475663 4633311  6491781  5194368  2332667  3520535 5007390  4503356
            8192      64 1493589 3218769  3403704  4835445 6379683 3151747 4938300  6677231  3675307  2505302  2852423 5760412  6263389
            8192     128 1386378 3424738  6081578  5285458 5076189 3728753 6321001  4821874  5704938  3611945  2481778 4177574  4362141
            8192     256 1465183 2551249  4665396  5425673 5542961 3824630 5010310  6650092  6205696  3721887  3291223 3738897  2984220
            8192     512 1365063 3417585  4071635  4873856 4813093 4548063 4558925  5752696  8808369  2521481  2347970 4275297  3192451
            8192    1024 1312201 3168897  4001923  5539386 5516264 3906377 4009863  5319828 10226704  2874376  2320693 3728753  5171695
            8192    2048  943876 2709800  4209820  4454894 3274287 2779732 1622440  1861327  3212449  1560047  1359715 3976450  4490996
            8192    4096 1142209 1941688  3955393  3886054 3886054 2212787 3911714  2589122  3921536  2417349  2873415 3268991  2426568
            8192    8192 1081045 1877190  3873350  3447763 3942233 2830569 3930957  2511345  4275297  2433787  2343965 3414528  3731993
           16384       4 1084385 2162022  3877897  4964991 4539592 2076568 4299049  4050469  3988406  2094033  2535885 5352482  4604688
           16384       8 1180730 3105430  5811959  5862033 5059671 2533828 4734113  7735364  4518400  3011660  2863334 5599785  5529493
           16384      16 1173311 2984325  4700115  4966426 6010201 2899824 4779552  4314976  4948188  3286628  3253947 4751790  4876209
           16384      32 1133072 3057894  4578000  4464389 4984799 2708497 4126104  5170063  3925300  2437742  2985362 4477770  4257763
           16384      64 1292720 3098988  5682674  4957469 6036599 2973992 5849558  7481050  5331717  3182075  2882914 5546453  4642641
           16384     128 1316924 3254717  5468768  5921129 4312810 3567284 5580232  5407233  4799246  3139336  3284743 5041113  3995131
           16384     256 1345915 3006258  4370132  5269572 5324694 3008495 5022690  7198918  5163459  2929368  2819398 3683346  5085131
           16384     512 1145003 2825775  5078742  4463229 4857596 3351874 6058953  6494116  5501604  2740687  2712132 3715207  4056446
           16384    1024 1368292 2837560  4914218  4582885 4018728 3066491 4889393  4806295 10908189  2533081  2731536 5075366  5042592
           16384    2048 1171132 2417588  3455009  3550879 4400917 2640436 3972039  2878929  3982397  2042680  2027732 4329657  4283240
           16384    4096  980085 2088178  3053275  2936252 3737230 2200092 4073519  2691629  3455878  1861619  2225457 4187197  3926197
           16384    8192 1181339 2077887  3740485  3984475 3250714 2286320 3391409  2360779  3267718  2122490  2815125 3684333  3537899
           16384   16384 1141902 1902911  3287257  3028516 3525738 1971140 3427609  2153553  3609632  2647251  2030489 3496497  3547030
           32768      64 1310554 2836787  4671806  4890055 5071023 2699655 5353483  6450471  4630098  2629665  3165424 5254625  4981331
           32768     128 1104079 2604549  5669267  5460469 5118424 3331788 4425120  6598503  4934297  2537609  2877711 5159544  5009656
           32768     256 1338128 3301534  5395516  4223198 4380132 2919214 4271101  5754964  5064482  3051296  3095415 4950470  4721721
           32768     512 1353480 2893402  4505337  4243933 4412617 2926486 4377203  5483344  4596496  2465060  3114565 5444893  5144095
           32768    1024 1247779 2964870  4403710  4673076 4866679 3063265 3970869  5174112  4390066  2465635  2461881 4463781  4854475
           32768    2048 1121156 2456205  4044010  4389505 3608002 2576715 4187045  3507544  5491450  1745482  1785807 3361861  3665742
           32768    4096 1064487 2166617  3588690  3867836 3843714 2212268 3239818  2307269  3619976  1972775  2118297 3096880  3199990
           32768    8192 1189578 2327114  3392146  3715188 3392481 2213158 3519310  2676888  2969482  1926296  1933913 3628769  3953620
           32768   16384 1146980 2182200  3420427  3469733 3276505 2244238 3081742  1788456  3819148  2347305  2799973 3800456  3791230
           65536      64 1146438 3102886  4839501  4684130 4851630 2637178 5537003  6816764  5680492  2845562  3364774 5050506  5690841
           65536     128 1167285 2741054  5516888  4845216 4838394 3370840 4416148  6396852  4779753  2920634  2819237 4789247  5364329
           65536     256 1141724 2751067  4940576  4561243 4848036 3454376 5310028  5428313  4276138  2391827  3005844 4465217  5229911
           65536     512 1279228 2815829  4963683  4489062 4354238 3248694 2917658  6151897  5149377  2278878  2687430 4753797  4636722
           65536    1024 1300675 2690850  4335216  4259440 4478968 3229495 4215349  5359517  4744853  2568620  2697160 4319276  5001981
           65536    2048 1085303 2409142  3673963  3023566 3377467 2613807 4053660  3225819  3824930  1793155  1818013 3643720  3617966
           65536    4096 1106875 2023723  3501950  3244706 3422250 2037176 3447834  2387983  3540014  1774117  1619607 3320952  3762574
           65536    8192 1046333 2200082  3012862  3056446 3296775 2270577 3722120  2736606  3788242  2012227  1808790 3675388  3359264
           65536   16384 1135531 2126619  3672932  3493760 3457809 2162761 3741932  2740835  3731671  2166904  2119470 3749231  3745757
          131072      64  961932 2917500  5286021  5389667 5506048 3200799 5422467  7459089  5327514  2140620  2621344 4596435  4792203
          131072     128 1208826 2791023  4688316  5409289 5478230 2612090 4456414  7623553  5192606  2562046  2801220 4520356  4684841
          131072     256 1160072 3041041  4254489  4549233 5208743 3356164 5139066  6396242  5265870  2775762  2368914 4963316  5086008
          131072     512 1223360 2354951  4988446  5370292 5108219 3028743 4600320  6412507  4986184  2273382  2288867 5155017  5109833
          131072    1024 1170368 2779593  4238253  4327225 5053469 2502953 4947237  6383171  5126845  2174023  2348452 4288975  4717160
          131072    2048 1019380 2100880  4067420  4184126 4099968 2239853 3431302  2819653  3522386  1543296  1579159 3551995  3781852
          131072    4096  978215 1926960  3394773  3738721 3372408 1992036 3648697  2577409  3660406  1614384  1700972 3653789  3609718
          131072    8192 1014583 1872696  3591888  3522296 3794041 2061985 3398278  2496237  3298650  1471395  1500589 3593555  3728730
          131072   16384  949721 1748421  3222979  3569893 3795219 1974096 3525910  2383167  3161791  1593135  1777535 3442928  3228449
          262144      64  139455  144501  5004563  5223139 4645879  118080 5067345  6625168  5006842   151157   142923 5480409  5653544
          262144     128  145215  152005  4551094  5139566 4508138  127456 4517548  6287457  4590483   157976   143679 5202724  5055044
          262144     256  142546  129645  4612939  4970020 4816086  133775 4571511  6029782  5042594   150535   140823 5056788  5210787
          262144     512  145853  128966  4689092  4544717 4406227  143158 5141681  6619145  4936039   159648   149405 4910072  4958387
          262144    1024  145326  125331  4677542  4659504 4682482  158400 5040445  6407044  5068910   142194   149557 4855239  4590808
          262144    2048  145381  145963  3659186  4201631 4274748  152146 4149291  3311275  4250341   166578   147335 3789566  3884145
          262144    4096  156429  116783  3585958  3696647 3750643  159263 3429994  2602186  3702024   162626   157265 3471877  3429363
          262144    8192  151887  128962  3351844  3363194 3396313  156211 3551407  2546546  3376061   140735   151363 3354278  3352784
          262144   16384  149482  123978  3126349  3439899 3422830  154222 3695703  2470863  3508301   180488   179777 3581298  3412091
          524288      64   59925   72401  4879726  5589437 4855365   29869 4972198  6791997  5388418    79825    80246 5577231  5035618
          524288     128   79559   74639  4961753  5392739 5280594   46328 5298138  7109750  5162852    75786    79495 4858390  4980080
          524288     256   80149   73529  4758474  5040604 5168203   54839 4669961  6859711  4799675    78698    76711 4613953  4480215
          524288     512   79412   74335  4681394  4374565 4390400   57710 4925302  4605160  5041910    77665    78765 4591650  5169722
          524288    1024   80045   76073  5045600  5087354 5094732   58714 5031850  6387592  5000896    80556    79832 5120249  4518790
          524288    2048   79456   76408  3952385  3772480 3944805   61882 4011660  3313120  4276626    78759    76357 4082412  4207804
          524288    4096   79951   74607  3733607  3712485 3580445   76586 3330925  2466575  3597496    81960    78475 3380975  3552089
          524288    8192   79088   74814  3411513  3753952 3562101   79451 3444775  2386676  3342052    81982    79060 3315218  3533675
          524288   16384   78359   69510  3514563  3340286 3426183   78128 3761413  2631900  3437210    81498    72862 3289770  3291074

iozone test complete.
