	Iozone: Performance Test of File I/O
	        Version $Revision: 3.420 $
		Compiled for 64 bit mode.
		Build: linux-AMD64 

	Contributors:William Norcott, Don Capps, Isom Crawford, Kirby Collins
	             Al Slater, Scott Rhine, Mike Wisner, Ken Goss
	             Steve Landherr, Brad Smith, Mark Kelly, Dr. Alain CYR,
	             Randy Dunlap, Mark Montague, Dan Million, Gavin Brebner,
	             Jean-Marc Zucconi, Jeff Blomberg, Benny Halevy, Dave Boone,
	             Erik Habbinga, Kris Strecker, Walter Wong, Joshua Root,
	             Fabrice Bacchella, Zhenghua Xue, Qin Li, Darren Sawyer,
	             Vangel Bojaxhi, Ben England, Vikentsi Lapa.

	Run began: Sat Oct  5 00:33:00 2013

	Auto Mode
	Command line used: iozone -a
	Output is in Kbytes/sec
	Time Resolution = 0.000001 seconds.
	Processor cache size set to 1024 Kbytes.
	Processor cache line size set to 32 bytes.
	File stride size set to 17 * record size.
                                                            random  random    bkwd   record   stride                                   
              KB  reclen   write rewrite    read    reread    read   write    read  rewrite     read   fwrite frewrite   fread  freread
              64       4  463774 1452528  3958892 1597288510821524 4018152 4274062  4564786  4018152  3363612  1526887 4564786 12310336
              64       8  120709  484710  1648808  4018152 3203069 1049372 4897948  5860307 10402178  3057153  3363612 5283570 12310336
              64      16  679917 2923952  7100397 2096219115972885 5283570 4564786  4643754  9006179  3363612  3363612 5860307 12902017
              64      32  789967 2203800  7100397 2096219115972885 5860307 2772930  5860307  3203069  3541098  2067979 3203069 10402178
              64      64  735831 1690338 12310336 1597288512902017 5735102 5860307  5735102  3958892  5735102  1879725 4018152 12902017
             128       4  794416  574312   889145 12842051  315286 1521718 4407601  4407601  7476717  2608629   727658 5325799 12842051
             128       8 1162547 2175277  6727225 1420079412842051 5545860 3445772  6727225  5122535  4135958  3053774 6406138 12842051
             128      16  853794 2140585  4267461 1056714012842051 6114306 5325799  4934216  4889281  4407601  2420455 6727225 15881078
             128      32  305594 4012317  1543594  1755594 7176872  799146 3277486  4267461  5847904  3657016  2420455 1778862  3867787
             128      64  841746 3982553  7476717 1863766416365173 5122535 5784891  6727225  3867787  1231904  5784891 4759253 14200794
             128     128  444501 2098744 12842051 1863766414200794  907174 5325799  5847904  6406138  6114306  4135958 6330599 15881078
             256       4  914752 2726577  3605511 1281227710651598 4652146 5022044  5569035  7735574  3823789  2325094 5687020 11569783
             256       8 1137672 1855098  6107548 1495343512812277 5428265 5347168  7120034  9434868  4572895  4117018 6554972 15164624
             256      16 1158540 3465855  5810112 1495343514164395 6107548 4477549  7120034 12228612  3410808  3545976 5320671 14353744
             256      32 1126926 2783115  3605511 1516462413454450 5938650 5810112  6398720 11091721  5569035  3052087 6595234 14953435
             256      64  812944 3009318  7735574 1709624914953435 6719046 6213578  7571923  6761355  4422226  3770085 5142301 14164395
             256     128 1272498 4422226  7791708 1583556914353744 6719046 6107548  7073132  5569035  4264168  7314033 5938650 14353744
             256     256 1084800 3605511 12812277 1416439512812277 5242734 5687020  6107548  6107548  6107548  4350555 6249745 13454450
             512       4 1145443 3046915  5551840 1214600910044089 4532414 5067142  5684095  7758090  2024389  3346002 5699180 11374040
             512       8 1282994 3259661  6571132 1462806712797441 4916336 5951911  6551087  9145790  4375425  3459188 6104175 14240069
             512      16 1034032 3659616  6491676 1378308812797441 4000485 6156675  6821616 11620224  4871723  4068701 5495016 13438092
             512      32 1350783 4030519  6843354  334600212797441 5968453 2587935  7435738  9859630  5278892  4494470 6571132 13872122
             512      64 1365383 3849877  6843354 1558341713438092 5807059 5951911  7647578  8844453  5115422  4340054 6156675 14628067
             512     128  720195 3634839  2304647 1387212213109944 5624545 5951911  2651850 11138071  2244430  4571003 5495016 14240069
             512     256 1283761 3304808  2625909 11374040 9859630 5278892 4340054  5566231  7871843  3934520  5398323 5886650 13109944
             512     512 1110496 4000485 12797441 1352271113109944 5227492 2294796  3068685  5699180  5384786  4271001 2081286  6821616
            1024       4 1023877 2220992  3544270 11936907 9569770 3999762 5200941  5363307  6702448  3483896  2365323 5593820 11645609
            1024       8 1309518 3483896  6244448 1487147712639479 5042191 4826859  3764854  7941793  4162573  3863055 5991815 12173747
            1024      16 1250425 3722435  6402699 1423090213142265 5194651 6093831  7160597  8610501  5144870  4048778 6327241 13472053
            1024      32 1357961 4060261  3390391 13643232 5144870 5853003 5251818  7644933  5500686  4972145  2805690 6280976 14044758
            1024      64 1205839 3804877  7020149 1508034114618393 6441107 6569179  8310603 10769573  5593820  4162573 5958564 13863422
            1024     128 1402756 3324778  6280976 1442204513863422 6519323 5845038  7826025 10429596  5356618  4512441 6059442 14422045
            1024     256 1008017 3001782  3778101 1231335112492426 5885083 5950309  6963241 10796646  5336651  4456258 5151040 12348754
            1024     512 1191786 3778101  8326715 1330511613102174 5917516 6093831  6650556  8122014  4488860  5751117 3066069  4674510
            1024    1024 1306332 4300102 12828238 1279003712639479 5593820 5601115  4694950  5652717  5593820  2869422 4762630 11773301
            2048       4  857980 3084572  5836323 11626784 9664580 2929912 5144271  4180412  5389574  3215029  2272586 3261415  9808036
            2048       8 1232272 3075736  5416763  5670651 7112016 3650932 5689430  5800851  7969835  4079167  3573472 6359119 12561952
            2048      16 1277540 3309159  4850862  9308497 9062970 2994254 4643695  6967792  1870302  2092143  3454204 6041567 10452512
            2048      32 1442279 1996356  6225466 1055526411072275 4374126 4511980  3669648  3962502  3260177  3407614 3470953  5235193
            2048      64 1438414 3901313  3452815  6298503 8830061 4146110 4441984  7393606  6020395  2162727  3108009 5970183  8261095
            2048     128 1456462 3592903  5549749 1190061912561952 5029807 4412322  7582884 10351742  2060032  3266376 5447681 11246230
            2048     256 1408692 3611028  5920802  459156910339282 4453499 4741090  6583305 11835033  3806235  2178635 4864597  9708272
            2048     512  814303 2972495  6359119 1062051610834854 4864597 5209791  6243566  9653719  3175804  2287717 4274012  4112366
            2048    1024 1515833 3097921  7529708 10240672 8940345 4621211 3841986  3946119  3683812  2794560  4796687 4240255  5852228
            2048    2048 1017306 3047366  5920802  7529708 7419150 4284671 5319484  4250747  3519302  2880782  2905140 3835124  5735012
            4096       4  938339 3202925  5706070  6919538 6520355 3160500 5119446  5618365  5145513  2323234  1938423 4801789  5753847
            4096       8 1197970 2994153  5081590  6160296 6522830 2959594 5761565  7447471  5469892  2818772  2602298 3930595  6661947
            4096      16 1312762 3410188  4746074  6195843 5918366 3660115 4507015  7802627  4510565  3133979  3900255 4032070  4398546
            4096      32 1442861 3197560  4784405  5843879 8962759 4140919 4853336  7123239  4442909  3155276  2618960 4231697  6105563
            4096      64  722912 3012001  5596402  7515892 5101205 4389555 5988509  6608135  4437172  3394019  2898672 5402804  4257917
            4096     128 1411911 2994153  5902100  7111444 5666546 4447510 4432592  6500617  4083827  3549702  2735732 4104315  4935601
            4096     256 1353192 3846119  5198450  6311938 7969117 4128976 4087714  5499659 11570449  3133979  3799338 3646906  4791076
            4096     512 1387957 3179805  4633432  6790983 7950677 3571100 3915366  6595451 11193514  3269363  2972395 2644356  3874745
            4096    1024 1475451 3127134  5784846  6032669 5006072 3462422 4952675  6595451  9307517  3621537  2730514 5468151  6149271
            4096    2048 1066952 3212508  4257917  4293029 3889659 2663212 5107271  4128976  3316701  2097201  3488435 4167033  5347310
            4096    4096  975696 2794017  3462422  3743865 4376138 2431065 3195181  2741407  4079948  2095155  2041866 4079948  3459633
            8192       4 1139218 2675407  5569014  5657967 5214074 2563049 4079854  5595314  4162392  2398785  2318032 3969101  3975070
            8192       8 1253556 3398990  5191229  6050521 6104267 2144427 5442863  6781341  5188093  2975434  2777710 5298499  5794412
            8192      16 1388227 2861211  5703991  5645881 6014511 1831073 4678100  7620585  4496285  2618123  2848403 4476368  5000831
            8192      32 1429701 2929767  4719221  6040947 5091232 2876301 5257958  7293813  4461836  3549630  2929017 6460047  5953031
            8192      64 1305718 3300391  5063472  4705005 5295233 3738897 4469381  6345516  6365501  3725115  3775046 5688881  5598961
            8192     128 1232998 3130212  5041185  5041185 4858693 3436384 4931921  7419818  4923441  3073925  3244298 5133064  4998648
            8192     256 1287662 3125656  1738958  4571664 4686395 3805147 5777847  6420214  5867636  2040388  3023878 4953250  5859631
            8192     512 1251273 3026275  4599816  5177930 5047109 3725519 5772993  6947247 12320592  3322090   555660 4421075  4454317
            8192    1024 1197294 2384965  5944791  6301295 5457560 2398785 4896777  6201216 11052391  3369987  2391772 5569014  5343822
            8192    2048 1054180 2609771  3509746  3792546 5241116 3335636 4154339  3986600  3571028  2135497  2131655 3073925  3176514
            8192    4096  900228 2570334  3143385  3596068 4253598 2288238 4457206  2851239  3350271  2137889  3267748 2948876  3412155
            8192    8192 1181404 1990737  3614985  4387765 4280090 2066029 4302601  2914360  3627963  2444696  2214071 3100833  3632950
           16384       4  991754 2455248  1245080  5234650 3407047 2411564 3779573  5366275  3503806  2223945  2465555 5196649  4978299
           16384       8 1074147 2832180  5734840  5868040 5410639 2893719 4650496  6895526  4487712  1783772  3019998 4872061  5281723
           16384      16 1438193 3081341  5732926  5772899 5608926 3160561 4912462  6243929  4500055  2663565  2999173 6179917  6354791
           16384      32 1310919 3600742  5364599  5140669 5533501 3000220 5734840  4803271  3675859  2547637  3311972 4621721  4552223
           16384      64 1493940 3279413  5340419  4413637 5929815 3383061 4281372  7265900  5267957  2872911  3032391 4360980  6039252
           16384     128 1443267 3015095  4375975  4528225 5822300 2929368 4453395  6486147  5544663  3138763  3164199 5587946  6145651
           16384     256 1253940 2972963  4705586  5256271 4760019 3619137 4455994  6065906  5885126  3330754  3661951 5134524  5421738
           16384     512 1207473 2942034  4654590  6058953 6070729 3936769 4813027  5994996  5964297  3297826  3615139 4886264  5439333
           16384    1024 1103611 2970778  5408935  1310519 5044443 3141058 5178244  6241094 11932938  2616409  2335585 5329650  6012304
           16384    2048 1124046 2044443  5403406  5548244 5354150 3040172 3778742  2682384  5171619  2565614  1100342 3945131  2639117
           16384    4096 1205312 2726551  4272056  3122504 3252099 2376619 1254307  2106744  2576483  1430558  2033553 2962837  3852462
           16384    8192  873673 2315127  2474611  2948852 2190974 1395438 2868833  1872475  3005075  2072372  2496819 3380232  3090765
           16384   16384 1026509 1971366  2772645  3251483 3534078 2183108 2717064  2117585  2955828  2705831  2676324 3564139  3107677
           32768      64 1280803 3093604  3843714  3681748 5291852 3284728 6046906  8371845  6101941  2984377  2003313 5481375  6479666
           32768     128 1142660 3764233  4626202  5384103 5119950 3269879 4969444  8363693  5894416  2324006  3718505 3169073  5737666
           32768     256 1505391 3047034  5679106  2530553 4843696 3161419 5717616  7123475  5273172  3367379  3607245 5399332  5933861
           32768     512 1252841 3621598  5012031  5157028 5206256 3152934 5117472  7074342  4433542  1936528  2167505 4383066  5830402
           32768    1024 1066875 2240250  6105465  5994945 6125056 3744542 5506411  5546409  5567980  2978104  1632915 4147872  4366217
           32768    2048 1371210 2275222  5221883  3793428 4193561 3030105 5111952  2053264  2975396  1497551  1584295 3079118  4689179
           32768    4096  975091 2425644  2752919  2788271 2877109 1267374 2693835  1703996  4256155  1516671  1743799 3817875  4232432
           32768    8192 1128567 2238864  4307107  4097053 4407806 2196534 3346064  2062848  2832169  1925055  2016984 2351683  3115130
           32768   16384  935373 2360812  4430398  4437120 4334956 2584225 4000923  2020988  3698392  2413165  3040832 3741076  2727027
           65536      64  663695 1163470  5760972  3661240 3740405 1770723 5980572  7378518  4738391  2739006  3387916 6078840  5237085
           65536     128 1438113 3074084  5858711  3342476 4153626 2063294 5100835  7831769  4501044  1973736  3159741 3595346  4216448
           65536     256 1390865 3328552  5426492  5785830 4934191 3126106 4338980  4582917  5221566  3075219  2618937 4859521  5570441
           65536     512 1315269 3058725  5877754  5122794 4773942 3092170 5639469  3160976  4231377  2465807  2190021 4322400  4456385
           65536    1024 1344357 3678093  5816684  4905047 4299077 2400495 3484857  2209810  4819138  2651244  1257097 4965207  4535654
           65536    2048 1245054 1914407  5021903  4158905 2854753 2021907 2595494  1996037  5036256  2029356  1929051 3192994  2444188
           65536    4096 1164920 2153240  3100366  3157926 3389670 2049602 2424185  1611092  4209346  2093800  1741035 4310403  3025396
           65536    8192 1223371 2148443  2580557  2501259 2663937 1948565 2671549  2385724  4203681  1435650  1898055 3774457  4109352
           65536   16384 1167012 2560008  3465482  3637452 4071794 2488938 4003418  1651197  3703415  2392347  2557698 3994865  4146046
          131072      64 1133400  755920  5819689  6089263 5996542 2347439 5641136  7999961  5844871  2767740  3029995 2860840  6147206
          131072     128 1333401 3030430  5481453  5407905 5231594 2455310 1972311  7929802  5740207  2751244  2428155 5484625  5805063
          131072     256 1339917  533676  5340711  5565185 5432809 3050880 4277795  7428349  5123787  2429196  2662722 3921370  5688415
          131072     512 1213878 2313506  5672919  4896781 4734262 2753269 3657947  5835813  4810191  1450827  1783289 5435065  5703700
          131072    1024 1309476 2412079  5246672  5587301 5479158 3022665 4434844  6366760  5363690  2295116  2406009 5237624  5495920
          131072    2048 1158083 2302412  4670155  4838896 3901666 2140861 4425277  3483462  3073273  1620194  1884785 4551757  4814403
          131072    4096 1143854  317244  3866786  4084008 3910381 1826966 3853019  2801763  3996224  1774912  1884275 3796871  4008549
          131072    8192 1152260 2277215  3968645  4066397 3903523 2334441 3965524  2616305  2541967  1663286  1820927 2730039  3443100
          131072   16384 1168711  703357  4095356  4220747 3987326 2327394 1537138  2776827  2964237  1301090  1950769 3843080  3999393
          262144      64  128829  121618  5600643  5126506 5359502   68504 4677383  8209182  5719896   113744    96593 5363999  5270282
          262144     128  111823  105933  3840554  5660501 5390349   83113 2711343  8489663  5489000    94627    68589 1432292  5616980
          262144     256  106112   76853  5213480  5292836 5480491  102586 5003242  7007864  4537721   121032    89969 2498181  4450800
          262144     512   77425   72959  4608569  5321321 5647969   72596 5096919  7025193  5467818   120204    80778 4875541  4021537
          262144    1024   78296   42922  3248736  5255269 5464394   77818 3364017  6752645  5558147    73425    66854 2911836  4226699
          262144    2048   70212   68179  4541413  4491472 4984100  123569 4333685  3582523  4710588   120976    99751 4355263  4838104
          262144    4096  110381   81089  3821838  4087315 3901996  122134 3745711  2717280  3952237   121565   119290 3684964  4045001
          262144    8192  114969   73097  3286825  2935014 3317900   99903 2445098  2646340  3395904    81921    66258 2418705  2743608
          262144   16384   85633   82621  3773219  3771912 3795335   86422 1234979  2672214  3482533    67502   156455 3947894  4161005
          524288      64   43330   77392  5807676  5547782 5613608   10872 1259687  7110049  4532462    40053    76264 5354084  6079405
          524288     128   45381   72902  5624261  5872850 5480120   16443 5251175  7791577  4977859    81081    30829 3626358  5895650
          524288     256   69935   48805  4830323  5298036 5410212   22973 1277700  7006677  5355779    76036    49161 4692783  5617264
          524288     512   27557   38033  5360492  5764122 5731491   38865 5072345  6764481  5436858    78265    78912 5457137  3979176
          524288    1024   25707   49875  5282014  5587988 5707467   59283 5170950  6581245  4794934    54950    68216 5092691  5610128
          524288    2048   46833   37332  3680374  3849825 4173766   60200  709586  2956869  4708216    46764    60631  315241  4393961
          524288    4096   78608   36531  3834171  3989528 4074039   83316 2263150  2587400  3671642    77721    57115 3259179  3937516
          524288    8192   70131   47313  3635940  3961584 3628512   61246 2187623  2585350  3838803    67910    36256 3110834  3875662
          524288   16384   86857   84311  3533936  3697429 3590202   90852 4089259  2719901  4164881    95927    94543 4094086  4072583

iozone test complete.
