	Iozone: Performance Test of File I/O
	        Version $Revision: 3.420 $
		Compiled for 64 bit mode.
		Build: linux-AMD64 

	Contributors:William Norcott, Don Capps, Isom Crawford, Kirby Collins
	             Al Slater, Scott Rhine, Mike Wisner, Ken Goss
	             Steve Landherr, Brad Smith, Mark Kelly, Dr. Alain CYR,
	             Randy Dunlap, Mark Montague, Dan Million, Gavin Brebner,
	             Jean-Marc Zucconi, Jeff Blomberg, Benny Halevy, Dave Boone,
	             Erik Habbinga, Kris Strecker, Walter Wong, Joshua Root,
	             Fabrice Bacchella, Zhenghua Xue, Qin Li, Darren Sawyer,
	             Vangel Bojaxhi, Ben England, Vikentsi Lapa.

	Run began: Sat Oct  5 01:27:03 2013

	Auto Mode
	Command line used: iozone -a
	Output is in Kbytes/sec
	Time Resolution = 0.000001 seconds.
	Processor cache size set to 1024 Kbytes.
	Processor cache line size set to 32 bytes.
	File stride size set to 17 * record size.
                                                            random  random    bkwd   record   stride                                   
              KB  reclen   write rewrite    read    reread    read   write    read  rewrite     read   fwrite frewrite   fread  freread
              64       4  752329 1363961  4564786 1698346310821524 4274062 2467108  4897948  3363612  3541098  3203069 4274062 10821524
              64       8  679917 1421755  6421025 2096219112902017 4988978 3057153  4897948 10402178  4564786  3791156 3057153 10821524
              64      16  983980 2801873  5860307 1290201710402178 4988978 2801873  5283570 10821524  4274062  1690338 4564786 10821524
              64      32  673098 1734015  6421025 2096219115972885 5735102 2892445  5860307  3738358  3738358  2278628 3203069 12902017
              64      64  789967 1828508 15972885 2096219112902017 5735102 3203069  5389653  5283570  4274062  1828508 4897948 15972885
             128       4  794416 1755594  4717434 1284205110779307 4557257 3036502  5847904  3106789  3657016  1911894 4557257 10567140
             128       8  857887 2027414  6114306 1420079412842051 5122535 3560017  6812590  6406138  3297617  1997245 5847904 11470204
             128      16  853794 2098744  5545860 1420079414200794 5847904 3445772  6406138  9795896  4104338  2098744 4012317 11470204
             128      32 1123617 3759450  5847904 16365173  859260 5545860 4934216  7176872  7082197  4934216  3785961 2843510 14200794
             128      64 1007629 3657016  7082197 1863766414200794 6114306 2286447  6406138  8548124  3759450  5325799 4557257 14200794
             128     128 1057236 3359523 14200794 1588107812842051 5325799 5122535  6114306  3867787   800337  4012317 5847904 15881078
             256       4  891956 2754556  5841722 11091721 9778562 4264168 4907284  5687020  2114473  4070199  2911402 5217259 10245071
             256       8 1117543 1707589  6213578 1435374412090911 5347168 2582316  4332998  3078337  3605511  2975955 3705040 13454450
             256      16 1173737 3087188  6398720 1435374412812277 5347168 4819184  6554972  9868433  4054829  1415041 5320671 13454450
             256      32 1122215 3511189  5810112 1416439514164395 6107548 4929815  6936061 12090911  3654598  2588541 5117791 15164624
             256      64 1280084 2880164  7518900 1607260814353744 5455847 5242734  7314033  5938650  5841722  4332998 5428265 14953435
             256     128 1066483 3009318  8271916 1495343513454450 6398720 5569035  6398720  7518900  4197489  3368013 5810112 14353744
             256     256 1248819 3994490 12661199 1362518012812277 6249745 5687020  5841722  5687020  5217259  4404088 5971678 14164395
             512       4 1135150 2830083  6018636 1279744110235583 4447925 5278892  5886650  5951911  4204110  3604335 5566231 11138071
             512       8 1245780 3459188  4742616 1043451911877300 4784885 5639315  6909408  6652558  2063289  3710197 6174377 14628067
             512      16 1286838 3604335  6086873 14628067 3366987 5566231 5509113  7309196  8265729  4916336  4131319 5265948 14240069
             512      32 1309596 3459188  2811557 1462806712797441 5744919 6319739  7647578  9681823  5331314  3822466 5509113 14628067
             512      64 1030558 3372274  6757222 1514384614240069 2413429 6104175  7211022  9304292  5495016  3913012 6472112 15037801
             512     128  986529 3510074  7211022  810965813522711 5278892 5886650  6571132 11620224  5509113  3366987 3905895 13109944
             512     256 1325766 3913012  7435738 1343809212215097 5951911 5699180  6246213  7871843  4494470  6319739 5624545 13109944
             512     512 1383861 4131319 12797441 1343809213109944 2910635 5624545  5684095  5624545  5331314  4228947 5886650 13109944
            1024       4  939446 2666347  5652717 1263947910039528 2993413 4079544  5536137  7811791  2688041  3495237 3281592 11614118
            1024       8 1306332 3229770  6128613 1423090212348754 3818408 6208343  7590887  8262639  4995276  2884840 6441107 14422045
            1024      16 1460969 3532609  5917516 1423090213305116 5536137 6025439  7420395  6317933  4321737  2908281 6327241 13102174
            1024      32 1416169 2993413  3970183 14618393 5536137 4654248 4720752  7485055  7066349  3001782  4265934 6317933 14230902
            1024      64 1299612 2474336  6650556 1032926514618393 6441107 5720477  8061038  6016997  5593820  3908759 6692005 14871477
            1024     128 1478064 3567824  6393168 1404475813305116 6364746 3401130  4060261  8680108  4232305  4029784 3606774 12790037
            1024     256 1018777 3112733  6650556 1310217412313351 5917516 5529011  6519323 10039528  2426801  4876180 5120336 12983353
            1024     512 1428415 3849207  3923040 1066262812944224 5917516 5390231  6441107  5853003  4182843  4995276 3579719 12348754
            1024    1024 1219189 4014717  4146499 1347205312639479 5536137 5885083  5983467  3696803  5853003  4379019 3544270 12037272
            2048       4  860214 1891303  5836323 12257227 9990553 3189957 5461535  4818211  5306340  3841986  3612546 5785224  9990553
            2048       8 1160362 2519185  6503556 1321923512470765 4623699 4180412  7112016  9653719  4686767  3586902 6401772  7670915
            2048      16 1365257 3070239  6280083  832514712710657 4112366 4365235  7262337  5800851  4451191  3057127 2734075  4376355
            2048      32 1342008 3194702  5018054  382147512398764 4063729 6420913  5674397  8987113  5092426  3663388 6608629 12635867
            2048      64 1228571 3140967  5986827 1248889714417342 4490751 5986827  7999524  5640860  4063729  4310472 4720248  8128206
            2048     128 1449336 3482209  4741090  662391713467949 6058611 5820505  8229438 14017386  3330973  3657149 4462754  7726111
            2048     256 1428131 3669648  4248644 1118764112345306 5816563 5159722  6243566 11966935  4031308  2589040 5475461 11001372
            2048     512 1469167 3292669  6483920  836568611966935 3592903 5738844  4240255  9389900  3459769  3573472 4785996 11305435
            2048    1024 1526066 4186524  5549749  6459541 5986827 3447273 3598924  4829046  5521212  2951050  4274012 5507054  9567698
            2048    2048  982289 3047366  5293261  4572018 5319484 4154130 4591569  3418463  5095447  3567536  2406949 4104506  5868220
            4096       4  942250 2561557  4819300  5304384 6151473 2884558 5271829  6114255  5625724  3602551  2864359 4108241  4946971
            4096       8 1284783 3079488  6114255  7670249 9183139 3427880 5603704  6520355  6839648  3897601  3673419 4915829  5928578
            4096      16 1463386 3093350  4752639  7301864 5526195 3664018 5792648  6342230  4796426  2923334  3155856 5157871  5334028
            4096      32 1282864 3856480  5319164  6769576 5007531 3279348 5257310  7935986  4551192  3136268  3271230 6321227  6804432
            4096      64 1292515 3107338  4922872  5069594 5204750 3516281 4471821  8240513  7863339  4501111  2856263 6075335  7770863
            4096     128 1339894 2834585  5634950  6151473 4586428 4205798 5081590  8443002  4417775  2959594  3195181 5843879  6236327
            4096     256 1394605 2938334  5198450  6030551 6510471 3927001 5454263  6105563  9227530  2641104  3311586 5589120  6636214
            4096     512 1294561 3561476  4713521  5594580 8081580 4244242 5075585  6149271 11014108  3220336  3634562 4831498  5891980
            4096    1024 1143433 2114496  5721272  7111444 6964419 3886139 3555579  4869845 10166771  3838385  2900630 5171846  5192166
            4096    2048 1079015 2085744  3751222  5953231 5520868 2974454 4257917  2671911  4125010  2533229  4214051 3398719  3360164
            4096    4096  945309 2032686  2876348  4399673 4008550 2217671 4316760  2743158  3709909  2433820  2826656 4167033  4456740
            8192       4  936212 2448180  4249389  5838720 5237920 2655351 4282224  5333867  3801358  2642486  2555044 4870401  5527801
            8192       8 1127147 2693866  5591672  4615263 4293461 2570334 5278151  7502444  5923270  3230268  2856217 5745001  4323172
            8192      16 1193842 3114889  3942233  5361332 4302062 2548033 6154564  7735533  6145757  3538663  3496175 5826839  5876668
            8192      32 1290273 2892768  4543853  5520695 5041185 3568061 5403489  7495897  6118398  3422010  2999591 5653313  4908670
            8192      64 1260315 3024942  4323172  6390362 6429825 3728753 4525898  6698058  5889763  3535750  3631414 5701152  5630154
            8192     128 1270662 2947864  5769116  4796296 5885728 4162392 5685116  7407022  6330318  3436040  3135068 5133064  5558204
            8192     256 1268879 2937280  4273171  4749227 5638469 3710232 4847041  6759994  4373801  3439135  2980079 5059743  5579867
            8192     512 1209134 2824752  5282208  5557305 5829805 4297757 5100301  5133064 10015063  3405054  3234221 4976927  4855947
            8192    1024 1092838 2165374  5579867  4043365 3986600 2457812 3671773  6036702 10175219  3171529  2115121 5171695  5572627
            8192    2048 1367127 2066651  4366576  3039661 4746603 3001950 3035364  3332724  3018564  1842562  2511345 4721167  2994102
            8192    4096 1240253 2251059  3944496  4339005 4277959 2880400 4293461  2960564  3030813  2024160  2346526 3550731  3942233
            8192    8192 1034875 2624722  3520535  3541581 3400672 2662347 4110112  2922788  2972345  2380669  1973018 3440513  2720527
           16384       4  956339 2745286  4705264  5104015 4609939 2414445 4743263  5853544  4808986  2574842  2444245 5509102  5608926
           16384       8 1160668 2999566  4794893  4702688 4917383 2949991 5595681  7379822  5900285  3086046  2864289 5444935  6430310
           16384      16 1247906 3511325  5066386  5078742 5163459 2686788 5232657  7390140  5463116  3200749  2795883 5914504  6374834
           16384      32 1404766 2868953  5382246  6478809 4923019 2936252 4630753  8266700  6375425  3420444  3446346 6180472  5789435
           16384      64 1409838 3014566  5746349  4703976 4483906 3250253 5281723  6837891  5362924  3316448  3502199 5718614  5628220
           16384     128 1288647 3756023  4943916  5173176 5221128 3358755 4532108  7713657  4544696  2974636  3574893 5618556  6205588
           16384     256 1400814 2927745  4690491  5134524 4766953 3179572 4326386  7677462  5657411  2816625  3351874 5851550  5880593
           16384     512 1214622 3824376  4537195  5441055 5047407 2964882 4890785  6405137  5690674  3288673  2590372 5293930  5746830
           16384    1024 1254627 2821829  4413637  4310375 5168119 2512521 4397256  5769022  7089740  2602241  2519060 5319748  5999183
           16384    2048 1388137 2509859  3030653  3316608 3969056 2736540 5206097  4345811  5696807  2572047  2501818 4392478  4230243
           16384    4096 1133128 2274665  4448494  4013799 4457150 2704127 3985399  2949991  4283240  2536260  1500628 4019433  4256708
           16384    8192 1266442 2224593  4064604  2837091 2989778 1159943 3353182  2696064  4003976  2338924  3020662 3757872  2960029
           16384   16384 1025927 1497325  3266941  3010077 3876148 2507478 1863538  1507012  1864144  2737958  1901121 2917429  3949893
           32768      64 1008557 2574495  4096442  6154679 6103025 3543994 4147747  7246288  6026753  3084578  3100443 6091934  5485094
           32768     128 1345491 3574503  5898716  6153577 5789388 3694614 5886085  8537744  5945927  3286298  3367379 4334956  5413581
           32768     256 1388120 3594979  4854475  4626202 5559422 3825846 4875484  7347395  5253821  2889327  3408382 4728381  5768975
           32768     512 1292572 2898039  5589947  5853496 6005948 3549394 5509059  5913691  4561864  3091029  3387631 4718965  4997451
           32768    1024 1325200 3315552  5110241  5496061 5351607 3141403 4724318  7204883  5490572  1642419  1647301 4224886  4589895
           32768    2048 1232804 1529856  3850067  5395728 5001088 3086102 3282374  3417960  3181987  1642340  1649614 3005982  2802142
           32768    4096 1240269 2241164  4281746  4287757 4447314 2129852 2727460  2308896  3971328  1356071  1667669 4365524  4351150
           32768    8192 1006327 2228192  3186930  3318915 3783819 2721358 2768501  2108483  3059311  2036168  1935383 4337829  2786632
           32768   16384  789643 2591583  2738656  3440204 3685104 2553023 2809589  2201248  4228135  1979709  3289366 3786008  3260106
           65536      64  826638 1480035  3365804  4750675 4627277 2995787 6193202  8112847  6060746  3344713  3560788 5435075  5361713
           65536     128 1275069 3397085  6089074  6236197 5720091 3743206 5900464  7083422  4079892  1820289  3301368 5258928  5390417
           65536     256 1428762 3313746  5419324  5560412 5381447 3280251 5773556  7234427  4717168  2196461  2711340 4412320  5284304
           65536     512 1125428 3519842  5616767  5691901 5069321 3162613 4438898  6062617  5591403  2437902  2553137 5586063  5102065
           65536    1024  812899 3345567  3946287  4807507 4343848 2274052 4225653  4374333  4549542  2970246  1821918 5991000  5685426
           65536    2048 1077788 2072160  4903909  5330313 5233296 1812284 2993047  2993340  5102065  2192204  2103542 5168062  5144173
           65536    4096 1255094 2449678  4145796  4240450 4032962 2567205 4182509  2752803  3916375  2027903  1997270 3858216  4263867
           65536    8192 1226740 2506048  4033199  4142859 4117601 2594049 4130843  2367538  3701570  2021342  2128496 2685329  3257086
           65536   16384  714382 1441620  3637259  4152309 4132644 2553611 1351921  2373200  2772237  2379837  2448478 3051899  3347401
          131072      64 1066389 2387120  5762409  5921807 5846177 3005348 5730454  7683003  5660128  2735337  2690966 4598858  4901190
          131072     128 1252180  652966  4221428  4324093 4716715 2423584 5465921  8099914  5646292  2892206  2757564 4258345  5403493
          131072     256 1337469  606635  5788377  5504449 5387079 2191800 1354452  7122314  5455669  2850014  2027812 5105657  5765431
          131072     512 1138864 2645348  5609020  5842325 5822277 2974453 5478885  3887320  4867473  2315718  2300726 5131823  5160727
          131072    1024 1314507 1226219  5465649  5817410 5713184 3112774 5281096  7095380  5617674  2568126  2065719 5038139  5969260
          131072    2048 1220990 2481958  4672299  4814572 4773022 2465894 4862049  3644126  4639062  1874496  1807813 4159812  4929183
          131072    4096 1154340 2055870  3948663  4142728 3837126 2262045 4088473  2755408  4045421  1814047  1748744 4013847  3937745
          131072    8192 1144793 2337558  3399349  2700178 3549014 1850750 4010275  2316167  3929274  1792120  1888099 3926888  3427259
          131072   16384 1050096 2037492  3904327  3908490 4089112 2277658 3639181  2541931  3771836  1633092  2060586 3957019  4142322
          262144      64  117643  114890  5478580  6108166 5888375   90154 5296788  8462546  5925918   125426   119921 5595740  5910818
          262144     128  111364  107951  5352823  5872649 5597792   52820 3489208  8207895  5808124   116336   108932 5126697  4993698
          262144     256  126339   77268  5013257  5605926 5302894   44968 5130716  7034992  5405029   115111   104142 4968717  5403143
          262144     512  127570   92772  4948925  4475202 4295541   74276 4993970  6361633  4135355    87756    83021 4961654  4247255
          262144    1024   85781   92965  5079025  5406278 5392570  113933 4719241  6336884  5221998   115296   102417 5101554  5548834
          262144    2048  119099  111604  4369734  4627675 4665732  110842 4423173  3525671  4772687   119931   105267 4427804  4996739
          262144    4096   95502  107724  3871904  4101066 3970075  110416 3159009  1984796  3266185    86832    81802 3566683  3701438
          262144    8192  129218   91259  3786890  3914527 4107225  116068 3464667  2474806  3695082   124468   101593 2238634  4074682
          262144   16384  115899   93053  3794287  3701650 3387440  106280  693769  2216977  2896013    99186    81439 3880335  3980798
          524288      64   34959   75286  5132235  6190389 5530926    9816 3541238  6945947  4866820    45860    37803 5488093  5927704
          524288     128   73989   37317  4853083  5679885 5328513   15849 4481055  8120685  5675589    78143    77537 4265386  4159005
          524288     256   45368   70591  5143399  5426286 5343065   42908 5205974  7019537  5345676    81362    81019 5317651  5441486
          524288     512   80716   73963  5263190  5199880 5175453   50347 3904614  5695198  5474976    63503    74814 2689486  4644023
          524288    1024   47907   54862  5244613  5650201 5743167   30934 5422366  6377496  4220637    76095    46860 5143555  5469651
          524288    2048   57398   57226  2951590  4070337 4428364   55691 4356038  3268912  4487419    64597    71197 4640417  4662406
          524288    4096   81939   75691  3936275  3802684 3559708   58486 3969894  2711068  4006909    77712    78091 1592506  3973208
          524288    8192   73046   39587  3790068  3974652 3901039   34098 3968605  2600210  3725965    63122    48273 2654312  3034458
          524288   16384   43992   35625  3964762  3894290 3964669   57392  254005  2601652  3087462    75384    59308  918339  4018118

iozone test complete.
