	Iozone: Performance Test of File I/O
	        Version $Revision: 3.420 $
		Compiled for 64 bit mode.
		Build: linux-AMD64 

	Contributors:William Norcott, Don Capps, Isom Crawford, Kirby Collins
	             Al Slater, Scott Rhine, Mike Wisner, Ken Goss
	             Steve Landherr, Brad Smith, Mark Kelly, Dr. Alain CYR,
	             Randy Dunlap, Mark Montague, Dan Million, Gavin Brebner,
	             Jean-Marc Zucconi, Jeff Blomberg, Benny Halevy, Dave Boone,
	             Erik Habbinga, Kris Strecker, Walter Wong, Joshua Root,
	             Fabrice Bacchella, Zhenghua Xue, Qin Li, Darren Sawyer,
	             Vangel Bojaxhi, Ben England, Vikentsi Lapa.

	Run began: Sat Oct  5 21:44:35 2013

	Auto Mode
	Command line used: iozone -a
	Output is in Kbytes/sec
	Time Resolution = 0.000001 seconds.
	Processor cache size set to 1024 Kbytes.
	Processor cache line size set to 32 bytes.
	File stride size set to 17 * record size.
                                                            random  random    bkwd   record   stride                                   
              KB  reclen   write rewrite    read    reread    read   write    read  rewrite     read   fwrite frewrite   fread  freread
              64       4  615952 1363961  4897948 10821524 9318832 4564786 4274062  3738358  4564786  3541098  3363612 3363612  9006179
              64       8  727850 1363961  4897948 2096219115972885 4988978 3057153  5735102 12902017  4564786  2133730 5860307 20962191
              64      16  712397 1421755  5735102 1597288512902017 5283570 5860307  6421025  4274062  2923952  2067979 5735102 20962191
              64      32  746056 1599680  5860307 2273779115972885 5860307 3022727  4274062  4018152  4018152  5860307 5283570 22737791
              64      64  852702 1734015 15972885 2096219115972885 5735102 3057153  5283570  3738358  4564786  1828508 5389653 12902017
             128       4  789741 1705404  5545860 10779307 9287508 4407601 3657016  5325799  3297617  4012317  3277486 5545860 12842051
             128       8  794416 2035099  5122535 1420079414200794 5325799 5122535  6727225  6406138  4407601  2035099 3759450 11720614
             128      16  927549 2132084  3895854 1420079414586625 5847904 3895854  6406138  4934216  4934216  3124872 5325799 10567140
             128      32  870405 2409592  4407601 1588107814200794 5784891 3380677  7082197  4717434  5325799  4012317 3759450 10779307
             128      64  907174 2166499  7082197 1172061412542043 6406138 5122535  6406138  7082197  4135958  3359523 5784891 15881078
             128     128 1196221 2621367  9795896 1056714012542043 5545860 5325799  6114306  4012317  5784891  4135958 5325799 11720614
             256       4  895676 2441400  5022044 12228612 9434868 4672389 3935921  5569035  4332998  4197489  2849590 5569035 11695808
             256       8 1027695 2607399  5347168 1416439512812277 5569035 5455847  7314033  5022044  4819184  3605511 5841722 13454450
             256      16 1071806 2754556  5455847 1281227712812277 5810112 4197489  7314033  5022044  5117791  3454704 6249745 13454450
             256      32 1089202 2842047  5569035 1416439513454450 6249745 6249745  7518900  5938650  4929815  3823789 5217259 13454450
             256      64 1231629 2872459  6595234 1607260813625180 6554972 4281170  7518900  6073004  5810112  3454704 6398720 14953435
             256     128 1175022 3087188  7735574 1416439513454450 6595234 5971678  7120034  7314033  4264168  7120034 5841722 14164395
             256     256 1384034 3245838 12812277 1435374412812277 6073004 5569035  6107548  6249745  6073004  4332998 6107548 13454450
             512       4 1127402 2600470  5807059 12146009 9638369 4610256 5384786  5551840  5699180  4237291  3710197 5760329 11620224
             512       8 1254513 3710197  6571132 1424006912499490 5624545 5177083  7211022  6909408  5115422  4163357 5067142  6319739
             512      16 1320061 1992458  6472112 1424006913109944 5822804 6395018  7211022  6843354  5331314  4375425 6736026 14240069
             512      32 1368865 2811557  6246213 1514384613872122 6551087 6395018  7647578 13438092  5439343  3550700 4411377 14628067
             512      64 1245780 3550700  6551087 1547114914240069 6843354 6491676  8018812  8665997  5624545  4871723 6246213 15037801
             512     128 1398278 3905895  6909408 1462806713872122 6821616 4262523  7647578  8265729  5760329  2782414 6174377 14628067
             512     256 1488408 3941742  8265729 1343809212797441 6174377 5951911  6821616  8394979  4732165  6652558 6086873 13109944
             512     512 1434711 4532414 13109944 1352271113109944 6246213 5951911  6319739  5951911  5870558  4732165 6104175 13522711
            1024       4 1220228 3151562  5950309  5821271 9855234 4126579 5390231  5363307  9946527  4110780  3631168 5917516 11645609
            1024       8 1361836 2796556  6519323 1461839312492426 5363307 6163794  7485055  8680108  5071963  4339202 6280976  5065980
            1024      16 1434138 3908759  4215688 1347205312639479 5845038 6355328  7755368  7755368  5336651  4488860 5789881 13818817
            1024      32 1503942 3955557  6776473 1482016114044758 6059442 5751117  7869040  8988941  5417427  4410497 6441107 14230902
            1024      64 1399100 4282950  6609617 1508034114422045 6830356 6529233  8199542 15240881  3722435  4570058 5853003 14820161
            1024     128 1314327 3031444  6830356 1442204513998981 6744549 3012308  3866533 14044758  3160839  4700088 6128613 14230902
            1024     256 1542286 4374559  6918376 1314226512944224 6479979 5853003  6874084 10557785  5363307  5144870 6059442 12348754
            1024     512 1539522 4270175  8262639 1330511613102174 6163794 5983467  6559147  8199542  4949226  6650556 6059442 12983353
            1024    1024 1497127 4356809 12676785 1347205313305116 5853003 5991815  4876180  6059442  6059442  4943530 6025439 12492426
            2048       4 1242611 3429381  5800851 10945301 9308497 4006862 4385291  5420181  5704543  3915540  3555722 5754221  9708272
            2048       8 1330781 3975338  6420913 1239876412187663 4613765 6167360  7444871  9228493  4046500  3512108 6359119 12187663
            2048      16 1495773 4056054  5107566 1241668612959958 5626082 6220958  7789164  8830061  5068389  4481379 6440169 12257227
            2048      32 1492654 4265523  6420913 1319892313726200 5970183 6583305  6967792  9218589  5238385  4451191 6401772 12786337
            2048      64 1438174 3657149  6171791 1177016614514788 6132138 6243566  8097557 11320334  5406535  4338776 6225466 13384011
            2048     128 1523901 4358590  6503556 1295995814040298 6543188 6171791  5655716 13836752  5235193  3638560 6167360 12416686
            2048     256 1433135 4376355  6359119 1183503312959958 4741090 5937172  6873016 12050878  4853603  4394265 6003564  9664580
            2048     512 1596106 4365235  6851089  948319711983630 5144271 5820505  5225638 10192069  4697018  4686767 5884299 11579763
            2048    1024 1405465 4204968  7425563 1150223411706006 5475461 5816563  6459541  6041567  4957240  4502520 4319142  9653719
            2048    2048 1233688 3650932  7082696  7616502 7336772 4284671 5345969  4356379  5458065  4240255  4031308 5389574  7013303
            4096       4 1228203 3230631  4531983  6291135 7027089 3063563 4971306  5225329  6060333  3248345  3187474 5418140  6321227
            4096       8 1404179 3757786  6077484  7099689 8288219 3436107 5603704  7529067  7073381  4157956  3689988 5270212  6780263
            4096      16 1383263 4028288  5299475  6930704 8695120 3765198 5843879  7697744  6908408  4204769  3992713 5910222  6978564
            4096      32 1414352 3965067  5928578  6349261 8806550 4214051 5996870  7756829  7087972  3927001  3660895 5497899  7038605
            4096      64 1515941 4161985  6158088  7289472 8173861 4751325 6005255  8373048  6847827  3973321  3942321 6131713  5996870
            4096     128 1497181 4136930  5902100  6883496 8660056 4338563 5744227  6169144  6967243  3800178  3893185 5549401  6693092
            4096     256 1479262 4179197  5674032  5963564 7185807 4361695 5389246  6989921 12727660  3716329  3624593 5558378  5581856
            4096     512 1555611 4062581  5902100  6575257 6270469 4490523 4540367  6930704 11601703  4092583  3599532 5271829  6094733
            4096    1024 1497573 3904688  6300364  6565206 5382492 3882626 5418140  6300364  9801354  3754501  3867766 5468151  5284803
            4096    2048 1386165 2938334  5744227  5721272 5360658 3243439 4946971  3977000  5666546  2872500  4067390 4381719  5258919
            4096    4096 1078202 2816923  4167033  4551192 4071246 2996241 4530788  2754594  4592558  3015702  3018351 4187346  4633432
            8192       4 1171655 2964907  5519808  5769116 4931921 2594008 5181053  5893805  5136133  3020687  3007204 5084451  5428245
            8192       8 1387778 3358786  6054786  6369040 5752696 3095805 5354648  7105276  5584401  3457825  3418945 5744041  6330318
            8192      16 1424721 3636025  6112956  6435847 5834754 3382261 6006101  7607087  6072979  3396303  3533932 6262248  6032463
            8192      32 1445520 3703433  6360787  6059057 4118487 3720275 6118398  8234205  6384425  3676880  3599082 5728718  6420214
            8192      64 1484298 3984289  6316353  5785631 6135880 3698649 5760412  8039611  6224809  3480240  3705430 4853203  6374949
            8192     128 1434476 3990304  5806161  6242905 5075439 4031505 5761377  7944805  6067617  3693481  3693481 6010303  5677601
            8192     256 1483529 3998198  5595314  5868638 5797345 3810210 5230743  7154097  5801260  3229054  3420647 5428245  5649594
            8192     512 1420480 3484475  5417973  6109695 5603526 3917958 5461029  7099404 12302946  3608910  3549264 5760412  5374750
            8192    1024 1506754 3563251  5214865  5669170 6173362 3647218 4686395  6220301 10738070  3431922  3279600 5717279  5322300
            8192    2048 1354088 2973631  5505657  5250727 5309142 3315359 5110162  3927363  6112956  2850293  2879434 5107124  5285458
            8192    4096 1214347 2644316  4139325  4273171 4357162 2562284 4286498  2970290  4433053  2331243  3300708 4416529  4447398
            8192    8192 1260685 2623921  4244664  4141820 4421075 2836645 4268923  2888391  4238381  2883543  2703616 4209304  4411425
           16384       4 1185783 2915819  5718614  5542427 4643896 2551610 5253057  5694446  4933623  2685423  2910632 5425162  5620854
           16384       8  999035 3196134  6099827  6294257 5481418 2909031 5561715  7386962  5779211  2974507  3265699 5953446  6193842
           16384      16 1351473 3444100  6184922  6063765 5805576 3179425 5706741  7346686  5845080  3226447  3596220 6372469  6460536
           16384      32 1493778 3744766  6480642  6113394 6262707 3579734 5973110  8079126  6308703  3688486  3661366 5428590  6486147
           16384      64 1526359 3848578  2474522  6470878 6323797 4129080 5866036  8278651  6353028  3785611  3791669 6345988  6277582
           16384     128 1551096 3873307  6212881  6282173 5925213 4228160 5783588  8150997  5883111  3053818  3449979 5836640  6225263
           16384     256 1556224 3812071  5836640  5540639 5929815 3927993 5398313  7491652  5921129  3371278  3534078 5820327  5897753
           16384     512 1565763 3800686  5352482  5864034 5653687 3502199 5879084  7041070  5986118  3632913  3506846 5253057  5943148
           16384    1024 1518870 3670950  5578420  5992904 5870045 3930914 5639767  6753885 12263001  3162306  3130898 5605266  5649504
           16384    2048 1339096 3026915  5121513  5307422 5100606 3351057 5025996  4168908  6348333  2331939  2317704 5084755  5038156
           16384    4096 1239801 2618901  4251178  4359873 4324208 2706257 4129080  2866798  3777703  2286396  2379993 3815458  3825440
           16384    8192 1126441 1609890  4301202  4230243 4312810 2703170 4237024  2895791  4222704  2513623  3331400 1968317  2787830
           16384   16384 1158945 2609751  4133053  4288854 4167897 2861307 4142770  2734254  1562594  1786090  2859284 4167897  4151028
           32768      64 1370581 3390724  6057032  4273890 5575660 3252392 5423408  7620338  5999132  3149249  3314912 5266504  5683098
           32768     128 1414478 3382712  5260457  5364768 5502663 3459079 2402871  6759135  4488124  2265808  3548661 5968650  5900996
           32768     256 1435501 3338262  5779163  5561446 5651550 3786008 5136789  6842250  5683803  3219479  3486722 5503544  5510826
           32768     512 1483183 3748320  5662260  5531453 5286153 2618742 5591766  7094060  5800628  3296862  3617975 5938220  5704800
           32768    1024 1529430 3595731  5834858  5876773 5626332 3744950 5459384  6923595  5749908  2874642  3014752 1284118  3789558
           32768    2048 1300682 2928357  4983860  5043482 4996543 3081466 4912779  3993135  6398817  2204355  2341905 5059076  5000361
           32768    4096 1248255 2627101  3990816  3728795 4212842 2680647 4113484  2890907  4168378  2158213  2265808 4186535  4209100
           32768    8192 1194302 2654347  4219438  4255496 4233084 2653527 2175982  2677983  4249050  2403207  2520807 4107215  4160428
           32768   16384 1264541 2638094  4247343  4219438 4143121 2679079 4134272  2892915  4206910  2474513  3189371 4171667  4191898
           65536      64 1133055 3538829  6200187  6351034 6033607 3633029 5983957  8390194  6039572  3340120  3587463 6146670  6284531
           65536     128 1465704 3648024  6130630  6317317 3575749 3759538 6038511  8566695  6118485  3278960  3643913 6065962  6282233
           65536     256 1504846 3792580  4317851  5613785 5505397 3451254 5782179  7562434  5806731  3263079  3642078 5842523  5893001
           65536     512 1434017 3850542  5928206  5827535 5878256 3909580 5790828  7150680  5966552  3352749  3620158 5837932  6018019
           65536    1024 1523774 3717540  5748322  5807344 5948089 3860980 5846251  7111828  6005266  3025963  3200802 5880897  5958920
           65536    2048 1362894 2999383  5140037  5315573 5184438 3098339 3269250  4152058  5069228  1410492  2304190 4983391  5089784
           65536    4096 1255025 2592605  4203231  4245952 4111196 2609340 3899320  2882866  4151305  2064968  2024394 4129540  4209668
           65536    8192 1272101 2591774  4079892  3389879 3888013 2535942 3646572  2354035  3302399  1966858  1741543 3581200  3289122
           65536   16384  837157 1235807  4131091  4180919 2699491 2625641 4196749  2939248  4150490  2438443  2485338 4211603  4208830
          131072      64 1285458 2952060  6157672  6292214 6028235 2969858 5927107  7942748  5947304  2845853  2995180 6210119  6466284
          131072     128 1397551 3174736  6068694  6280425 5991836 3078195 6015768  8440536  5878999  3010862  3119132 5972762  6254346
          131072     256 1410622 2869786  5818211  5896971 5835255 3083979 5759934  7561582  5821784  2934898  2787825 5782289  5760658
          131072     512 1407260 3168752  5867641  5976853 5896465 3165377 5819196  7320433  5879250  2834540  2939700 5650354  5740447
          131072    1024 1325687 3076093  4547615  3595741 3826922 2612401 4620580  6539511  5452260  2192605  2584898 5505607  5699266
          131072    2048 1213450 2427169  4901147  5142287 5087985 2517464 4867861  3786254  5122594  1878172  1953299 4990167  5119779
          131072    4096 1164495 2307602  3947614  4135529 4127859 2263330 4098929  2658987  4159812  1771623  1821283 4289277  4301526
          131072    8192 1217497 2367975  3843537  4189356 4095234 2390993 4198089  2660609  4202486  1925745  1983419 4006972  4197512
          131072   16384 1143367 2223330  3664506  4146290 4085253 2309434 4164160  2782843  4179323  2000248  2101024 4053684  4208308
          262144      64  168649  131252  6076838  6169690 5884908  101903 3446455  8234203  6023836   170306   167814 6017309  6292171
          262144     128  169275  148093  5809413  6030741 5848036  122983 5684674  7976387  6022549   167649   165030 5770811  6021560
          262144     256  157332  151226  5475933  5639683 5654417  134894 5549198  7245746  5740321   179152   148195 4962953  5260649
          262144     512  158335  150471  5542401  5738314 5666160  154776 5648433  7018601  5905612   171768   163737 5568647  5784291
          262144    1024  165239  140007  5598504  5820268 5716446  168247 5570876  7155399  5921068   178641   167963 5557557  5844523
          262144    2048  166808  149268  4826551  5012685 4931522  171441 3771743  2738599  4398894   179365   144639 4742364  5018932
          262144    4096  169238  146976  3961321  4034907 3935093  163906 4163069  2734139  4312557   169404   177662 3894753  4057450
          262144    8192  174879  149228  4053875  4199609 4192212  172861 4171139  2817239  4290060   189909   186297 4133458  4210271
          262144   16384  166913  128940  4100485  4247862 4253778  155764 4112632  2837267  4116004   213308   206779 4106013  4188267
          524288      64   64441   91451  6102332  6259480 5902882   28632 5798365  8487887  5869966    88919    91796 6057551  6193022
          524288     128   92106   82547  5970904  5995355 5775674   49016 5740588  8427578  5977575    82047    92888 5859736  6019925
          524288     256   85179   87565  5483550  5691056 5601482   55412 5393585  7291606  5558257    91916    92813 5618283  5724225
          524288     512   92314   83301  5653498  5777145 5657760   59093 4542002  6542807  5737009    89341    88920 5465369  5129517
          524288    1024   89475   83574  5569533  5801379 5736186   79281 5487847  6960987  5706978    93296    86734 4850385  5022965
          524288    2048   92230   86751  5011838  5218724 5132127   88365 4884137  3687465  5055820    94139    92694 4870161  5023941
          524288    4096   92177   86684  3956139  4143715 4119526   90114 4038923  2599450  4113446    93868    93990 4137633  4193057
          524288    8192   91364   87262  4147787  4138677 4113546   93664 3964612  2740817  4136458    94791    94404 3521785  3716934
          524288   16384   92409   81447  4094208  4213650 4122631   92848 3991200  2863864  4184592    96828    93923 4132680  4098298

iozone test complete.
