	Iozone: Performance Test of File I/O
	        Version $Revision: 3.420 $
		Compiled for 64 bit mode.
		Build: linux-AMD64 

	Contributors:William Norcott, Don Capps, Isom Crawford, Kirby Collins
	             Al Slater, Scott Rhine, Mike Wisner, Ken Goss
	             Steve Landherr, Brad Smith, Mark Kelly, Dr. Alain CYR,
	             Randy Dunlap, Mark Montague, Dan Million, Gavin Brebner,
	             Jean-Marc Zucconi, Jeff Blomberg, Benny Halevy, Dave Boone,
	             Erik Habbinga, Kris Strecker, Walter Wong, Joshua Root,
	             Fabrice Bacchella, Zhenghua Xue, Qin Li, Darren Sawyer,
	             Vangel Bojaxhi, Ben England, Vikentsi Lapa.

	Run began: Sat Oct  5 21:44:36 2013

	Auto Mode
	Command line used: iozone -a
	Output is in Kbytes/sec
	Time Resolution = 0.000001 seconds.
	Processor cache size set to 1024 Kbytes.
	Processor cache line size set to 32 bytes.
	File stride size set to 17 * record size.
                                                            random  random    bkwd   record   stride                                   
              KB  reclen   write rewrite    read    reread    read   write    read  rewrite     read   fwrite frewrite   fread  freread
              64       4  524487 1188789  4274062 2273779110821524 4564786 4564786  3791156 10821524  2772930  2203800 2923952 12902017
              64       8  688639 1484662  6421025 1597288510821524 4564786 3363612  5735102  5389653  3363612  3057153 3791156  5283570
              64      16  771797 1484662  4018152 12902017 9006179 4564786 3022727  4274062  4274062  3541098  3541098 3363612 10821524
              64      32  688639 1562436  7100397 1597288512902017 5735102 3057153  4564786  4018152  4018152  2358717 3738358 12902017
              64      64  743988 1609270 15972885 2273779115972885 1638743 3203069  4564786  3791156  4897948  1879725 4018152 10821524
             128       4  727658 1436229  3657016 1284205110779307 4557257 2905056  5545860  3277486  4012317  1939522 5545860  9795896
             128       8  877518 2004703  6114306 1172061411720614 4557257 4012317  6406138  6330599  3468030  2211113 3657016 14200794
             128      16 1017175 1543594  5603747 1636517314200794 5784891 3536566  6406138  4934216  3759450  2377579 5325799  9977956
             128      32  814915 2248149  4135958 1420079414200794 6045455 4717434  6406138  4407601  4557257  4135958 3468030 14200794
             128      64 1067750 1755594  7176872 1636517314200794 6406138 5122535  6045455  4267461  4267461  6727225 5325799 14200794
             128     128 1162547 3895854 11720614 1636517314200794 6406138 5325799  5847904  6406138  6114306  1000121 4557257 11720614
             256       4  901693 2419396  5971678 13454450 8815202 3454704 5455847  5971678  2015259  4496299  2842047 5455847 12228612
             256       8 1132871 2639446  5455847 1516462413454450 5810112 4422226  7314033  4197489  5242734  3159869 6398720 12228612
             256      16 1132871 3454704  5810112 1345445013454450 5938650 5242734  6719046  9868433  4572895  3557725 5569035  9868433
             256      32  641497 3275543  5810112 1495343512228612 6398720 6213578  7735574 12812277  4734192  3410808 5320671 14953435
             256      64  797843 3454704  7120034 1583556915164624 6554972 6249745  7735574  6554972  6107548  5217259 6107548 15835569
             256     128 1230218 3245838  8271916 1583556913454450 6554972 6107548  7120034  5810112  4350555  6554972 5938650 14164395
             256     256 1354356 3368013 12812277 1435374412812277 6398720 5687020  6554972  6249745  6107548  4907284 6249745 13454450
             512       4 1047141 2708713  5951911 1249949010044089 4532414 5453155  6018636  8394979  4411377  3604335 5951911 11877300
             512       8 1255246 3140488  6472112 1503780113109944 5566231 6174377  7410080  6472112  5227492  4305250 6395018 13872122
             512      16 1276891 3556580  6821616 1514384613522711 6246213 5699180  5822804  6319739  5453155  4204110 6736026 14240069
             512      32 1326585 3304808  6999490 1503780113872122 6472112 6472112  7620440 15037801  5684095  4610256 6551087 15037801
             512      64 1334001 4000485  6652558 1352271112797441 6472112 6395018  8140399 10235583  5760329  3877684 5624545 15037801
             512     128 1336492 3678421  4411377 1137404013783088 6395018 5344582  7540170  9145790  5699180  5398323 6104175 14240069
             512     256 1414860 4030519  8265729 1310994413109944 6414119 5951911  6736026  8394979  4650188  7211022 5870558 13109944
             512     512 1293037 4447925 13109944 1352271113109944 6228097 5951911  6395018  6018636  6319739  4961773 6018636  9468384
            1024       4 1192117 3294177  6025439 12348754 9946527 4321737 5120336  5885083  6776473  4317393  3778101 5958564 11614118
            1024       8 1347311 3722435  6609617 1461839312639479 5383475 5564829  7472033  8326715  5251818  4265934 6093831 14044758
            1024      16 1440391 3984917  6776473 1466831813472053 6093831 6441107  8000971  8542002  5479632  4531485 5751117 14230902
            1024      32 1197769 3908759  6441107 1294422413818817 5917516 6208343  8137402  9220512  5226256  4594502 6733974 14422045
            1024      64 1446211 4146499  7066349 1502757714618393 6819511 6599461  8391792 11249091  5751117  3970183 6744549 14871477
            1024     128 1436056 4178773  6787181  710140011249091 6402699 5623115  8137402 10454984  5751117  4741598 6059442 13863422
            1024     256 1393200 4270175  6918376 1279003712983353 6441107 5991815  7257394 10796646  5720477  5303701 6128613 12790037
            1024     512 1535119 4512441  8326715 1330511613142265 6244448 6137371  6692005  8525047  4995276  6874084 6172653 12492426
            1024    1024 1497127 3261656 13102174 1364323213305116 6208343 6025439  6402699  6137371  6280976  5096034 6172653 12037272
            2048       4 1164293 3407614  6024617 11001372 8713618 4063729 5521212  6149699  7059413  4276140  3675930 5447681  9887060
            2048       8 1345582 3864455  6543188 1280539912635867 4653758 6167360  7529708  8608824  5009275  4349761 6382745  9808036
            2048      16 1463909 4071433  6649556 1241668613038646 5535444 5900467  6851089  9808036  5159722  4511980 6440169 12488897
            2048      32 1457698 4071433  6690992 1288221511642543 6266340 6003564  8159088  9525260  5535444  4451191 6629029 12882215
            2048      64 1469167 4472047  6058611 1330111314441580 6543188 6563185  8464610  9796850  5447681  4472047 6321679 12561952
            2048     128 1429082 4451191  6459541 1248889713639023 6503556 6189580  7082696 10490809  5222461  4385291 5507054 10240672
            2048     256 1402711 4330028  6359119 1132033412805399 5986827 5974336  7159438 10555264  4785996  4432815 5953632  9796850
            2048     512 1519319 4403275  6873016 1177016612561952 6024617 5406535  6917293 10131961  4741090  4875642 5884299 10726615
            2048    1024 1470172 4240255  8059569 1118764110766950 5582208 5319484  6041567  8292998  4321315  5420181 5785224  9664580
            2048    2048 1432179 3209024  6440169  6340344 6895083 3962502 4842658  4293237  5251194  4213218  4016229 4875642  6629029
            4096       4 1222000 3271230  5681538  6815229 7515892 2944377 5165626  5719367  6151473  3479956  3212508 5589120  5633102
            4096       8 1329422 3720353  6041154  6605595 8409937 3482778 5826043  7656576  6978564  3720353  3462422 6049663  7392988
            4096      16 1438150 3697135  6254490  6804432 9267351 4311344 6007355  7770863  7149920  4476482  4031124 6272759  7542289
            4096      32 1492758 4121052  6131713  7683972 9846293 4428023 6186918  7329903  7799085  4394046   686788 5490871  5826043
            4096      64 1454465 3656998  5438722  5746149 6769576 3979764 5165626  4399673  5558378  3398719  3624593 5818150  6839648
            4096     128 1154809 3255732  5217395  5689064 6480999 2846325 5580043  7906767  6068897  3976080  3335375 5190597  5988509
            4096     256 1509282 4078979  5835938  6216019 7848969 4390677 5375755  5704175  3271853   543962  3995498 5020702  6389405
            4096     512 1557444 3561476  6122971  6989921 8328399 4312426 5642353  6186918 11601703  4000150  3828122 5672159  5618365
            4096    1024 1495487 3973321  6585338  6204794 6649056 4442909 5611025  6748303  9989424  4052041  3770983 5601877  5244471
            4096    2048 1371229 2866270  5877869  5818150 5440445 3281854 5075585  4171080  5867831  2864359  3956848 4751325  5312585
            4096    4096 1274867 2820623  4591331  4659824 4418911 2569987 4530788  2668176  4581535  2878275  2957556 4607338  4257917
            8192       4 1147167 3064603  5569014  5893805 4992112 2715367 5315713  5760412  5025700  3116019  2949889 5607184  5572627
            8192       8 1349144 3484475  5467982  6122759 6131500 3063783 5688881  7749491  6071906  3550731  3235439 6010303  5931450
            8192      16 1376161 3718664  5953031  6501608 6010303 3456781 5954062  8007759  5958192  3380930  3602478 6248582  6094523
            8192      32 1454577 3851640  6158977  6526307 5992483 3865941 6224809  8393104  6429825  3764705  3506880 5764277  6517641
            8192      64 1400620 3909933  6040947  6491781 6351381 4257814 5546540  8015231  5468852  3519092  3178865 6233844  6018726
            8192     128 1477596 2875338  5748846  2166056 3239099 4001923 4815791  8134781  5618186  3563251  3138791 5988306  5868638
            8192     256 1516463 3838731  5834754  5966469 5618186 3653812 5546540  6321001  6104267  3472502  3837016 5723946  5450634
            8192     512 1506160 3910378  5789530  5939652 5534924 3658870 5494212  4792951  6050521   953118  2784463 4620228  5184962
            8192    1024 1172975 2104885  6196743  6150158 6244039 4067778 5361332  6380868 10836280  3455043  3254747 5421393  5645881
            8192    2048 1336808 2971317  5432536  5531360 5022761 3354524 4997921  3768008  6117309  2881608  2827774 4784941  5078440
            8192    4096 1269864 2682509  4266803  4246763 4284360 2716011 4081792  2833604  4257287  2396109  3403367 4152331  4341197
            8192    8192 1210753 2626528  4168957  3957671 4196452 2822895 4404075  2945590  4132853  2926772  2847459 4106182  4207758
           16384       4 1127273 2818011  5124569  5550036 4675810 2504098 4022492  5742507  4592072  2699241  2774548 5481855  5593859
           16384       8 1285441 3276130  6215691  6150051 5470073 2915325 5849060  7706737  5589764  3251483  3237848 6027598  6171037
           16384      16 1373351 3475629  6311600  6045627 5878581 3270361 5586129  7427682  5983512  3451539  3499345 6140708  6220192
           16384      32 1394616 3683543  6191610  6405137 6025484 3556392  956725  7911698  5990815  3329302  3118395 6115570  6194400
           16384      64 1376680 3396270  5544215  3652414 4724349 2698288 6021260  8393930  5276856  3399799  3329302 5770960  5897753
           16384     128 1465740 3767348  5710535  5822300 5942635 4050469 5779211  8143270  5874059  3430347   702999 4814376  5387732
           16384     256  224941 3094244  5136059  5331304 5181758 2785909 4943916  6350680  3788116  1851687  1970914 4946763  5153778
           16384     512 1263810 3497031  5667676  5561715 5561265 3543920 5362924  4741954  5389422  3110068  2951131 5097957  5338759
           16384    1024 1150871 3212570  4949613  5302508 5163459 3431888 5259490  3394928  9219381  2288909  1277318 4906849  2792588
           16384    2048 1278007 3042999  4837421  4608703 2171793 2898845 4960332  4124866  4526138  2344909  2466705 3655523  4790547
           16384    4096 1247634 2130254  3272230  4213900 4191283 2208365 3384394  2949991  3603386  2522574  2284419 3737230  3424023
           16384    8192 1123127 2634968  3778534  4171185 4027442 2634463 3815670  2734362  4337856  2498362  3213772 4215193  4179557
           16384   16384 1196436 2624001  4301471  4332113 4164613 2625606 4214934  2639219  4185922  2910016  2397764 4106380  3986324
           32768      64 1373403 3740567  6299105  6294201 6071481 3611985 6127241  8281048  6214231  3382629  1885054 6076044  6291895
           32768     128 1186692 3730820  5834610  6054898 5815108 3790812 5733836  7903420  5764136  3315552  3549394 5658530  5031849
           32768     256 1174603 3766915  5731684  5746783 5281683 3832033 5695816  7322342  5616675  3266382  3401297 5665294  5660395
           32768     512 1418098 3791335  5896692  5739823 5966577 3805717 5463073  7123475  5668332  3313633  3505755 5555826  5823485
           32768    1024 1368071 3633566  5890374  5906321 5863985 3724551 5770913  6873732  5741741  2848900  3144710 5769944  5745822
           32768    2048 1226248 2947322  4953682  5181525 5139286 3003486 4954396  4092417  6385142  2204815  2189361 4897199  5123194
           32768    4096 1222192 2639006  4185005  4193049 4257869 2557822 4099130  2885808  4078693  2193449  2204957 4208069  4269376
           32768    8192 1200866 2569249  4210777  4201637 4233084 2616598 4205237  2847660  4185897  2406236  2548478 3865987  4280013
           32768   16384 1225559 2682845  4209100  4197787 4195097 2655629 4196762  2818520  4172174  2403249  3207757 4159421  4195097
           65536      64 1115486 3634998  6256495  6276209 5936271 3552688 6072528  7815735  6038511  3162649  3587088 6132408  6259914
           65536     128 1400011 3698233  5934093  5918122 5746159 3689249 5785830  8364407  5474586  3178411  3557285 5699218  5811518
           65536     256 1137166 3658609  5572360  5588902 5838924 3179366 5773071  7510365  5801706  3345893  3564066 5765926  5851478
           65536     512 1450070 3799605  5871351  5931404 5837932 3856863 5931916  6544430  5875995  3343980  3391594 5684956  5917485
           65536    1024 1429297 3780999  5919524  6002643 5896794 3841233 5568071  6811697  5932556  2969315  3099352 5744718  5951309
           65536    2048 1308021 1949892  5266081  5352004 5190605 2961286 5123653  4122541  5081128  2115099  1924082 2512415  2620385
           65536    4096 1073851 1928550  3637644  3655300 3656321 2406316 3415616  2296931  3378297  1743719  2124745 4056711  4035923
           65536    8192 1219069 2584633  4143921  4159409 4171085 2641842 4136064  2880087  4123036  2149636  2132360 4204517  3922691
           65536   16384 1208930 2619760  4226172  4226757 4160227 2648562 4172921  2746449  3895175  2420172  2523510 4244051  4352791
          131072      64 1256886 3007831  6195562  6299063 5906792 2923365 6056660  8236189  5909713  2783562  2827630 6110923  6212786
          131072     128 1325889 2558993  5797839  6005581 5754568 3152743 3503865  6930964  4994928  2584789  2985697 5976333  5976268
          131072     256 1301465 3116815  5602332  5714669 5630735 3078315 5579419  7235932  5615265  2776000  3130463 5575401  5675320
          131072     512 1242212 3063802  5717879  5856141 5665319 2944250 5560963  6884787  5643336  2887876  2520037 5707964  5712472
          131072    1024 1272100 2470392  4690196  4972159 4948706 2845986 5591790  6947870  5761624  2348873  2455628 5682183  5750054
          131072    2048 1194711 2489443  4874032  5048410 5028278 2437413 4121762  3847599  5002199  1810290  1917604 4856336  4973689
          131072    4096 1133085 2312737  4109868  4208437 4126837 2251318 3326031  2296929  3426085  1642323  1813162 4107934  4202935
          131072    8192 1129356 2272358  3702687  4162079 4103059 2247076 4107565  2475431  4066126  1875993  1907637 4115807  4173993
          131072   16384 1129045 1151309  4192423  4220780 4182248 2418073 4155064  2886921  4268197  2107847  2209089 4143508  4202935
          262144      64  171717  170591  4364409  5773447 5088004  124676 5675080  8559521  6057054   178478   177085 5994476  6095232
          262144     128  173475  166873  5715554  6011222 5705619  135182 5727165  7968410  5830608   179947   171882 5762162  5989806
          262144     256  182763  171237  5451336  5644547 5559664  138588 5427976  7606086  5742360   183386   181830 5571497  5718914
          262144     512  136567  164758  5413065  5604983 5653777  160961 4685735  5590022  4752860   179797   142798 5507918  5752033
          262144    1024  181287  162102  5747403  5972756 5988990  130876 5374881  6046461  5042109   180802   152071 5594203  5810579
          262144    2048  180833  178824  4784171  5062072 4972470  181467 4790737  3789749  4930195   180522   174897 4664248  5084427
          262144    4096  148221  180143  4058948  3997747 4188203  190350 4041998  2669982  3814440   197250   187771 4097017  4326677
          262144    8192  178227  170482  4067146  4220647 3961550  184373 4090813  2838527  4165119   195635   199658 4088911  4095750
          262144   16384  170796  166935  3674472  3707829 3625020  189017 3764653  2894283  3489208   188174   222636 4039503  4179924
          524288      64   61818   93577  6046658  6167074 5809671   37571 5765210  8485136  5951931    94454    89632 4870895  5186341
          524288     128   93897   87596  5883598  5687715 5732567   48071 5736814  7770130  5928312    90970    93143 5843728  5997219
          524288     256   95121   88808  5323856  5283766 5326938   52439 3917538  7702768  5656537    94526    94050 5711202  5460321
          524288     512   90821   89383  5798289  5980794 5858222   63107 5549140  7104376  5725418    88921    86239 5352559  5767494
          524288    1024   94572   89903  5565036  5776068 5773005   67001 5556375  6389615  5742027    94492    94165 5651842  5788307
          524288    2048   93905   87252  3825300  4136263 4020396   87384 4261600  2786925  4409221    94533    88720 4897604  5015290
          524288    4096   94467   89445  4106847  3983861 4062073   93706 4003262  2696081  4113123    95970    88045 3475904  3928722
          524288    8192   94914   88001  4064777  4099910 4133752   93790 4116033  2636706  4028091    97624    97225 3960207  3978996
          524288   16384   94131   90096  3575491  3630202 3655736   94208 4020366  2780835  4184592    99570    97229 4098787  4078164

iozone test complete.
