	Iozone: Performance Test of File I/O
	        Version $Revision: 3.420 $
		Compiled for 64 bit mode.
		Build: linux-AMD64 

	Contributors:William Norcott, Don Capps, Isom Crawford, Kirby Collins
	             Al Slater, Scott Rhine, Mike Wisner, Ken Goss
	             Steve Landherr, Brad Smith, Mark Kelly, Dr. Alain CYR,
	             Randy Dunlap, Mark Montague, Dan Million, Gavin Brebner,
	             Jean-Marc Zucconi, Jeff Blomberg, Benny Halevy, Dave Boone,
	             Erik Habbinga, Kris Strecker, Walter Wong, Joshua Root,
	             Fabrice Bacchella, Zhenghua Xue, Qin Li, Darren Sawyer,
	             Vangel Bojaxhi, Ben England, Vikentsi Lapa.

	Run began: Sun Oct  6 16:36:44 2013

	Auto Mode
	Command line used: iozone -a
	Output is in Kbytes/sec
	Time Resolution = 0.000001 seconds.
	Processor cache size set to 1024 Kbytes.
	Processor cache line size set to 32 bytes.
	File stride size set to 17 * record size.
                                                            random  random    bkwd   record   stride                                   
              KB  reclen   write rewrite    read    reread    read   write    read  rewrite     read   fwrite frewrite   fread  freread
              64       4  645579 1183548  5389653 1597288510402178 4207076 4564786  4988978  3203069  3791156  1526887 4564786 12902017
              64       8  710511 2561267  5860307 1290201710402178 3541098 4274062  4564786 12902017  3406295  2801873 5735102 12902017
              64      16 1013707 2662899  7100397 2096219115972885 4897948 4564786  5860307  3791156  2379626  1484662 5389653 15972885
              64      32  627470 2772930  7100397 1290201710821524 3958892 4564786  4274062  7100397  3541098   942521 3791156 12310336
              64      64  866463  809014  7940539 10821524 8182586  238862 4274062  4564786  2006158  3541098  4018152  969761  9318832
             128       4  194814 2367096  5545860 11720614 8036304 3982553 2326073   962469  3867787   442668  1409828 3445772  5545860
             128       8  853794 3560017  6045455 12542043 9795896 4934216 5122535  5122535 14200794  4407601  3053774 5847904 11470204
             128      16  870405 2286447  5784891 10567140 8548124 5325799 5122535  3124872  9795896  2608629  2905056 4267461 10567140
             128      32  389091 3359523  7176872 1863766415881078 5784891 4934216  5122535 10567140  2608629  4407601 4759253 11720614
             128      64 1040839 3759450  3277486 11470204 7917784 2985839 3560017  3036502  5784891  2326073  5545860 2905056 10779307
             128     128  703810 2660335  9795896 10567140 9129573 2066432 5122535  5325799  4934216  3785961  1123617 5325799 15881078
             256       4 1044693 1540948  3511189 11569783 9868433 4054829 5022044  5347168  8534922  4009406  3410808 2486631  6213578
             256       8 1248819 2842047  5569035 1516462412812277 4929815 5687020  6719046  9434868  4132864  2533571 4734192  8534922
             256      16 1053922 3368013  6249745 1516462413625180 5320671 4332998  3994490 15164624  4840911  2435861 5687020 14164395
             256      32 1248819 4404088  6719046 1516462413625180 4840911 3197509  2441400  8888172  2842047  3159869 6249745 14164395
             256      64 1230218 3454704  7314033 1583556914164395 6398720 5810112  6891544 11695808  5687020  5022044 6249745 14164395
             256     128  187690 2783115  8024634 1416439513454450 6073004 5687020  6554972  4281170  4652146  5810112 5938650 13454450
             256     256 1190657 3123106 12228612 1281227712812277 5540300 5455847  5687020  5569035  5569035  3511189 5841722  6073004
             512       4 1084694 3201349  5495016 11943357 9681823 3736016 5227492  4690818  8955098  3941742  3325278 4650188 11374040
             512       8 1032044 2681653  6174377 1378308811877300 4701087 3849877  5566231 10485468  4099771  2860238 6018636 13109944
             512      16 1171691 3122224  4973263 1023558312797441 5177083 4701087  6843354 10641343  3437042  3158966 4271001  9997331
             512      32 1224470 1043072  5439343 10044089 5127637 4871723 2625909  6652558  9145790  2768068  3580298 5067142 11943357
             512      64 1344020 2708713  6104175 1414626513109944 4571003 5331314  5019764 12499490  3710197  3504346 4916336  6909408
             512     128  926116 2152206  5807059 1279744112427157 5566231 5019764  6571132  8265729  2815243  2708713 4973263 12499490
             512     256 1296159 3388236  6472112 1187730011620224 3415178 4195896  4296637  3086326  2107844  3934520 5115422 11877300
             512     512 1365383 3736016 11620224 1249949011877300 5453155 4916336  5278892  5684095  3464769  3815675 5278892 11138071
            1024       4 1015885 3057339  4762630  5042191 8262639 3722435 4609294  5390231  7008693  3696803  3066069 5219904 10769573
            1024       8 1116792 2827858  5219904 1066262811773301 4415030 4356809  6280976  9464330  4488860  3414650 5845038 12173747
            1024      16 1282920 4014717  6128613 1347205312492426 5114239 4064103  5536137  6441107  4531485   505956 5751117 13102174
            1024      32 1177088 3923040  3951918 1386342212944224 5660167 5917516  6208343 12348754  5175871  3751699 6093831 13643232
            1024      64 1314327 1213334  5813392  806103810134284 4762630 5950309  7590887  1942715  4736370  2910252 4634161 12983353
            1024     128 1296083 3495237  6208343 1314226512944224 3603747 5720477  4943530  9142007  3492395  2173780 5593820 12983353
            1024     256  896689  540941  4410497  9765601 7524394 3324778 4920874  6364746  9402175  3751699  3926627 5120336 11520658
            1024     512  782923 3461434  7306780  6059442 7644933 2028027 5048117  3984917  5660167  2381058  4762630 5390231 12208350
            1024    1024 1321200 2290886 11132462 1263947912313351 5363307 5536137  4949226  5194651  4526709  4064103 4629166  9485232
            2048       4  986124 2720222  5389574  9796850 6603549 2375662 4006862  3637020  4591569  2608697  1412398 3702868  4923146
            2048       8  618568 3145567  5489457 1094530110726615 3938881 5032754  6759439  7237860  3779440  3407614 4807425  9483197
            2048      16 1290592 2021729  5107566  9990553 9990553 3033377 5655716  6759439  6185123  3915540  3379461 4686767  8431376
            2048      32  791348 2058551  5332694  6359119 8713618 4403275 5403134  5267294  7135648  4686767  3459769 5156624  9101380
            2048      64 1213986 3530875  5884299 1241668612327589 5107566 5804771  7903836  6649556  4762117  3592903 4531020  6075753
            2048     128 1302727 3530875  4521480 1101548012882215 5332694 5044577  4540600 10726615  3717289  3465352 4839929 10351742
            2048     256  806657 3261415  4414590  4707314 5345969 2464968 4063729  3731824  8431376  2178635  2204352 4038890  4451191
            2048     512  840353 1821906  5626082  5582208 6420913 4472047 4983122  6149699  9567698  3555722  2779189 4196751  5769681
            2048    1024  655579 1522550  7213548  9944290 9149853 3657149 5159722  2901215  1287111   755171  2879817 3624742  4321315
            2048    2048  945111 2019827  5319484  4831762 5832361 3977179 4172290  2467800  4016229  3292669  2985927 2964289  3771144
            4096       4  626572  851761  2308872  2059243 2317906 1295341 4315676  4836939  4108241  2433820  2333965 5278308  5704175
            4096       8 1181493 2786313  5971855  7502762 8642630 3521326 5353976  7529067  6714018  3882626  3054304 4087714  5424983
            4096      16 1274016 3308398  6281934  5312585 6207035 3274348 5910222  6532752  5001700  2788122  2797657 5849848  5424983
            4096      32 1265383 4270618  5544029  5681538 7460407 3454069 4638436  7983931  1504787  4344048  4063542 4666153  5014840
            4096      64 1396532 3562214  6398924  7788478 9524234 4471821 4780411  8173861  5083093  3637640  3860813 5497899  5424983
            4096     128 1314067 2974454  4801789  5332372 5649775 4521249 5835938  6737716  4188367  3571100  2911444 5867831  6151473
            4096     256 1329422 4079948  4271680  4582757 6769576 4334185 5050220  6790983 12007129  3233063  3637640 4263200  4686519
            4096     512 1335519 3574071  6140479  7050159 7225093 4676314 5620203  6500617 10718622  3146031  3817065 5611025  5526195
            4096    1024 1148325 2502236  6520355  5185897 5252488 3110150 5535098  5101205  9995236  4071246  2176373 3295072  3489144
            4096    2048 1148632 1886694  4262142  6122971 5542240 3611639 5119446  3757786  3445064  2050151  2076165 3207709  3128843
            4096    4096 1063057 1824383  3750403  3726809 4466009 2942360 3813675  2560030  3834958  2571141  3005151 4003879  3989004
            8192       4 1196627 2966955  5268439  5038228 4442798 2313505 4657175  5868638  4371019  2362174  2732426 4149824  4673010
            8192       8 1344077 2947864  5649594  4982701 5254742 2601472 4824582  6966969  4050993  3210048  2738961 5107124  5188093
            8192      16 1291534 3701837  5708730  5676663 4979812 2962862 4938300  6672045  5622783  3231787  2936276 4508675  4506310
            8192      32 1302156 3636025  5553712   605652 4911476  858160 5271672  7173514  5053047  3226628  2758310 3573999  4727663
            8192      64 1294746 1363546  4832725  5905961 5432536 3406404 5479317  7173514  6215800  3742562  2899848 5516264  4847041
            8192     128 1359016 2957506  5781736  5598961 6230453 4093951 4713395  7086227  5569014  3646057  3125372 4625826  5760412
            8192     256 1326845 2914112  4651501  5126172 5607184 3317920 4732221  6580049  4574098  3305789  2733296 5351312  5214865
            8192     512 1251046 3768008  5572627  4879393 5927357 3806411 4548665  6001904 11396999  2720743  2475698 4190311  5016894
            8192    1024 1164626 1998495  6036702  6296676 5672914 2658022 5712526  6638529 11438735  3378271  2442437 4474037  4120956
            8192    2048 1029141 2974661  3026008  2855267 3396303 2901807 4762392  4031505  3792546  2261133  2357474 2309618  2583476
            8192    4096 1019038 1230790  4073566  4413692 4442223 2332509 4209820  2786269  4304757  2439489  2904751 3473906  3656923
            8192    8192 1135078 1932514  3902827  2777036 3132781 2009834 4320454  2820115  4133350  2862165  2541625 3648767  3392279
           16384       4 1153382 2846492  5191545  5269572 4280039 2208365 4978299  5756940  4963198  2480864  2338605 4342516  4768276
           16384       8 1175238 3079684  5593859  5067506 4678356 2881464 5712909  7634813  5781155  3002449  2969110 5104015  4192306
           16384      16 1412533 3019600  4993492  5217560 4821808 2654511 5975188  7772108  5096067  3289302  2950498 5384355  6177694
           16384      32 1270470 2960029  5181758  4508617 4039516 2995251 5779211  6995199  6208391  3321898  3151430 5938526  6039252
           16384      64 1401528 3317248  4808986  4998214 5249445 3346324 5903833  8737593  6036599  3376081  3467562 5602981  5822300
           16384     128 1444542 3115426  4317416  4357385 5514850 3775006 4507139  6486147  4930437  2079458  3130327 4899502  5452279
           16384     256 1417662 3203734  4840147  5155711 4645466 3627160 4199993  5779211  4814713  2844372  2623100 5343741  4844583
           16384     512 1479116 3137473  5992382  5320984 5140669 3692648 4738030  6714292  4596065  3252714  2327595 5239439  5411065
           16384    1024 1196707 3648924  5207675  5811959 6117748 3953756 4860345  5813926 11197922  3017346  1925303 2947840  3649699
           16384    2048 1108596 2342591  5370049  5423449 5338759 2343230 2801125  2327910  6546080  2326886  1631059 2834633  5243037
           16384    4096 1072806 2035541  2796907  4432998 4441306 2700939 3129757  2547637  2943547  1812996  2395341 2927246  3345021
           16384    8192 1094890 2773652  3512043  3426242 3436179 2590762 4201020  2937758  3906556  1590698  3110631 3979629  4412503
           16384   16384 1094088 2788735  3487447  4428142 4430425 2022719 2732079  1958388  3676842  2749020  1741858 3585899  3649893
           32768      64  709678 3140183  3288579  4866162 6024640 3419746 6242740  7636428  5617593  2883991  3470084 5903277  5947213
           32768     128 1240638 3290941  1776803  3497102 4709425 3517419 5707643  7409984  5842050  3214735  2658198 4562621  4540463
           32768     256 1337516 3896787  5423408  5538809 4752416 2371403 5865987  7000474  5459601  2578940  3041101 5896692  5921079
           32768     512 1372018 3679284  6023584  6072554 5453103 3974773 5285136  6591857  5379677  2922317  2965446 5833867  6006735
           32768    1024 1134670 1790600  4758010  5414434 6105465 3922478 5933093  6052498  5235409  1689751  3259488 4520452  4861859
           32768    2048 1088859 2867145  3600158  5387691 4407240 3032378 5184066  2831177  4888490  2105930  1589591 4892144  5049782
           32768    4096  985057 2424360  3643681  3471223 4125461 2629866 2807638  2982111  3860557  2140033  2075370 3197830  3747503
           32768    8192 1120424 2484309  2795644  2940134 3311877 2533679 2673399  2942211  3840063  2345102  2480542 4069997  3052109
           32768   16384 1027083 1987266  4275087  2677827 3459776 2513660 2687198  2435228  3972820  2472866  3300266 3089570  2697642
           65536      64 1135236 3241453  5941532  6492492 6132819 2957813 6037980  7596500  5461316  3309875  2895591 4732517  4710700
           65536     128 1334988 3285662  4564424  2922560 4998161 3476703 5685426  6387487  3881534  2022904  3124045 3215367  4873306
           65536     256 1282804 3186295  5093368  5387248 5400584 3301566 5648624  7210516  5612868  3277123  1547267 4748623  4574603
           65536     512 1438046 2885136  5670297  5509038 5423815 3289949 5642363  6775096  5435935  2207929  2388336 4502961  4950185
           65536    1024 1365901 2980003  5835825  5052920 4719516 2877434 3902309  5114787  5300505  2377346  1756432 4043879  5656528
           65536    2048 1248974 2852383  3588259  4187351 2928975 1509523 4880574  2623761  5119169  1689686  2130558 2796492  3184007
           65536    4096 1215720 2344578  4145733  4346183 4349966 2654342 4026818  2976872  4181746  1685552  1764426 2712705  2755121
           65536    8192 1164584 2302105  3022602  3756301 4242937 2689770 3049732  2548544  3875132  1296564  1574709 2362269  2417682
           65536   16384 1061895  922951  2998532  4188628 3947704 2525782 4275872  3027462  3475604  2178064  2590040 3130734  4222666
          131072      64 1234560 1873659  5875857  5699738 5767487 3055220 4067029  7911202  5480524  2858773  2873566 5658205  6075468
          131072     128 1339248 3131658  5661643  5832160 5722938 3114308 3096364  8025420  5380225  2778778  2386074 5735476  5902036
          131072     256 1331641 3154859  5082857  5604045 5523251 3164685 1550819  7339687  5715204  2919329  2984416 1407890  5766217
          131072     512 1367440 3322413  5604445  5807577 5936002 3235783 5287292  7053323  5452476  2904568  1258334 5311044  5354027
          131072    1024 1022839 1061139  5397022  4775634 5255901 2702581 5101441  6441811  5663801  2416606  2487371 5446372  5434205
          131072    2048 1197081 2573379  4610660  4790282 4671147 2477171 4694562  3780552  4635776  1808164  1785699 4652056  4761736
          131072    4096 1189412 1326839  3905713  3544483 3754885 2198462 3680230  2826525  4066878  1808658  1830848 3984696  3981175
          131072    8192 1171615 2271147  4015313  4095234 3831403 2283363  771897  2817659  4115283  1884301  1838372 1993011  4140263
          131072   16384 1160050  858453  3876848  3877177 3834636 2306266 1914299  2705866  4221979  1982489  1150490 3859024  4018247
          262144      64  102797   84686  4067582  4722890 5020101   51779 5529885  8009799  5773478   110637   114422 3787386  5990361
          262144     128  113248  109370  5443536  2331598 4959215   89678 4849200  7426382  5571610   120188   111350 4259315  5143702
          262144     256  114405   66710  5332030  5632778 5336921   87966 4043618  7419667  5394025   113674   109485 5065174  5563209
          262144     512  113099   77687  5211726  5688880 5437990  101170 4999125  6995736  5459510   119638   115335 4450350  5548470
          262144    1024  112449   73041  5446934  5819868 5705234  106978 4012423  6604474  5405481   111540   112246 4964477  5149773
          262144    2048  116141  105716  4235426  4715841 4775630  111163 4181402  2780513  4544961   114808    91755 4512560  4806360
          262144    4096  108552  109282  3826413  4043990 4014826  111138 3808679  2780660  3960836   124270   114971 3409255  3596633
          262144    8192  121182   89871  3797261  4025497 4027045  119871 3711459  2748361  4127469   122774   118609 3939831  2682410
          262144   16384   94731   88458  3385124  2738190 2701125   78680 3733450  1959264  2625775    92642    81606 2586241  2909478
          524288      64   32759   35807  5921017  4436127 4604476   12134 3861812  8276313  5943823    70715    73500 5683041  6009511
          524288     128   75195   36051  5672998  5699523 5676762   19106 4289983  5697234  5595382    36695    64232 5471489  4417059
          524288     256   43731   41736  5355127  5273515 5510068   33642 5299696  7147859  5564262    71566    35734 4672134  5734002
          524288     512   39056   62883  5250811  5573612 5553905   55127 5257452  5165496  5501962    78147    38458 4170616  5532442
          524288    1024   68153   40250  5124306  5569829 5372909   51766 3048078  6882598  3645548    64342    44064 5183578  5545389
          524288    2048   74517   69823  4525495  5025916 4978231   36859 4393373  3648209  4376028    53743    43358  378353  4720637
          524288    4096   74045   44701  3900603  4138451 4150480   76627 2656964  2256070  3561206    39066    39383  777093  3495463
          524288    8192   73861   62704  3100168  3820283 3516210   34684 3482322  2260086  2570544    65071    43017 3836191  3993208
          524288   16384   76343   67356  3366302  4011507 3837169   61158 3833129  2853981  4228022    87009    89488 4132680  3934240

iozone test complete.
