	Iozone: Performance Test of File I/O
	        Version $Revision: 3.420 $
		Compiled for 64 bit mode.
		Build: linux-AMD64 

	Contributors:William Norcott, Don Capps, Isom Crawford, Kirby Collins
	             Al Slater, Scott Rhine, Mike Wisner, Ken Goss
	             Steve Landherr, Brad Smith, Mark Kelly, Dr. Alain CYR,
	             Randy Dunlap, Mark Montague, Dan Million, Gavin Brebner,
	             Jean-Marc Zucconi, Jeff Blomberg, Benny Halevy, Dave Boone,
	             Erik Habbinga, Kris Strecker, Walter Wong, Joshua Root,
	             Fabrice Bacchella, Zhenghua Xue, Qin Li, Darren Sawyer,
	             Vangel Bojaxhi, Ben England, Vikentsi Lapa.

	Run began: Sun Oct  6 16:36:43 2013

	Auto Mode
	Command line used: iozone -a
	Output is in Kbytes/sec
	Time Resolution = 0.000001 seconds.
	Processor cache size set to 1024 Kbytes.
	Processor cache line size set to 32 bytes.
	File stride size set to 17 * record size.
                                                            random  random    bkwd   record   stride                                   
              KB  reclen   write rewrite    read    reread    read   write    read  rewrite     read   fwrite frewrite   fread  freread
              64       4  621657 2561267  1143223 15972885 1484662  194545  520419   355635  2467108  1049372   987600  524487   576282
              64       8 1033216 3057153  6421025 2273779112902017 5283570 5389653  6421025 10821524  4897948  3958892 5860307 20962191
              64      16  679917 2358717  7100397 2096219115972885 5389653 4897948  5283570  7100397  2662899  4207076 5860307 20962191
              64      32  983980 3406295  9318832 2273779115972885 5283570 4564786  4274062  6421025  3791156  5860307 4988978 10821524
              64      64 1083249 3738358 15972885 2096219115972885 5283570 5389653  5283570  5283570  4018152  3363612 5860307 15972885
             128       4  864797 2499332  4889281 11720614 8036304 4444086 4596273  5122535  8036304  3759450  1705404 4104338 10567140
             128       8  542400 3053774  6406138 1284205111720614 4889281 5325799  4717434 14200794  3657016  3560017 5325799 11720614
             128      16 1057236 3657016  6406138 1863766414200794 5325799 3560017  6114306  8036304  4596273  4135958 5603747  9795896
             128      32  948860 2166499  6114306 1863766415881078 6114306 4934216  6406138  4407601  4596273  2175277 3982553 14200794
             128      64  895074 2326073  7476717 1801235915881078 5325799 1526043  5847904  7082197  1243315  6406138 4759253 15881078
             128     128 1009524 3036502 14200794 1863766414200794 4759253 5122535  6114306  5784891  5379161  2511022 5847904 12842051
             256       4  917096 2325094  5938650 1281227710651598 4734192 5347168  5687020  2310087  3935921  3159869 5428265 12228612
             256       8  646518 2533571  5347168 1516462413625180 5569035 5841722  3009318  4264168  3756894  3197509 4929815  4572895
             256      16 1128110 3236056  6554972 1607260814164395 2266207 4350555  7314033  5117791  5217259  4197489 5455847 14953435
             256      32 1142514 2639446  6213578 1607260815164624 5687020 4734192  7314033  5117791  5810112  4332998 5971678 14953435
             256      64 1312954 2943325  5428265 1583556913454450 5217259 5117791  6249745  6719046  5841722  4929815 5687020 14953435
             256     128  763791 3326279  7120034 1495343513454450 4734192 5217259  6249745  7518900  4496299  4264168 5810112 14164395
             256     256  780445 3605511 12661199 1345445012812277 5841722 5687020  6107548  5971678  6398720  3605511 5971678 14164395
             512       4 1064266 1620980  5807059  5624545 9859630 4237291 5227492  5384786  4732165  4131319  3459188 5624545 11138071
             512       8 1182010 3122224  2695115 1462806712215097 4973263 6018636  6999490  9304292  4163357  3934520 6086873 13109944
             512      16 1322500 3346002  6104175 1310994413522711 5509113 6104175  6999490  4882800  4447925  3970896 6174377 14628067
             512      32 1351633 3628697  6632013 1343809213438092 5951911 6319739  7309196  9681823  5067142  2225819 5886650 13783088
             512      64 1337324 3659616  6652558 1547114914628067 6652558 5566231  8234036 10044089  5870558  4927617 4927617 13109944
             512     128 1383861 4000485  7022379 1462806713438092 6931711 6246213  7758090  5278892  5822804  2613128 5807059 14146265
             512     256 1255246 3259661  8265729 1279744112797441 6395018 5509113  6174377  7758090  4494470  7115451 5822804 13109944
             512     512  944860 4375425 12797441  299590711877300 6246213 5624545  5684095  5951911  6246213  4882800 6104175 13438092
            1024       4 1021928 3160839  4943530 12173747 9946527 4433259 5507740  5821271  6692005   461040  3483896 3684119 11645609
            1024       8 1056623 2251260  6244448 1381881712639479 4995276 3483896  6874084  7883484  3866533  3794792 3529706 13818817
            1024      16 1122630 3259181  6199382 1368670913305116 5356618 3083680  3655895  7537599  4493556  2716948 5821271 14183905
            1024      32 1416169 2503178  4654248 13998981 5200941 3063882 5018624  7257394  9064828  4044965  2645000 5417427 13818817
            1024      64 1333507 2586074  3390391 1381881713686709 6093831 3271594  7577494  9485232  4249053  3631168 5277632 12790037
            1024     128 1452570 3866533  5983467 1314226512173747 5194651 5660167  3668386  4826859  4029784  2767722 2942149 12037272
            1024     256 1376236 2619192  6280976 1234875412348754 5303701 5175871  3495237  7113161  2192645  2852271 5194651 12208350
            1024     512 1037480 3142339  7524394 1164560911741116 3003881 3709575  6402699  7927135  4805258  5071963 5630486  9485232
            1024    1024 1117664 2672984 12348754 1314226512790037 5917516 5390231  5593820  5853003  6093831  3261656 3335105  4211554
            2048       4  885030 2579710  3384788  5611381 3573472 1906837 5080379  5626082  7477273  2775597  3330973 3723735  4204968
            2048       8 1122749 3841986  6225466 1346794912187663 3946119 3960675  7343043  9887060  4531020  4120256 6220958 11966935
            2048      16 1350235 3204236  4472047  6114678 5521212 3567536 4257067  7013303  5593112  3791117  3065856 4284671  5884299
            2048      32 1191258 3962502  4796687 1297954112786337 4376355 4079167  6382745  4829046  3574960  3702868 5044577  6092991
            2048      64 1425288 4347560  5655716  611032811365268 5006356 5567735  8325147  7368238  3525079  3229534 4186524 12959958
            2048     128 1401796 3901313  6261772 1272949313726200 6401772 5723548  7419150 10179991  3470953  3002627 5290001 11642543
            2048     256 1423162 3418463  4453499 1124623012635867 4831762 4980233  6340344 11380325  2662880  3532327 3885431  6189580
            2048     512 1499166 3180508  4934459  5376082 5785224 4502520 5095447  6225466  5769681  2202092  1298592 3715681  6097316
            2048    1024 1485169 2888532  7789164  8221561 8498106 3425279 5521212  6280083  8006980  4762117  4853603 5095447  8987113
            2048    2048 1313685 2153510  6603549  8029434 7670915 4365235 4762117  3277593  4016229  3977179  3736694 2856830  3792790
            4096       4  444351 2552044  4982841  5885924 5833956 3177452 3968731  5424983  5689064  3140855  2422154 4763181  6512939
            4096       8 1197303 2760347  6149271  7697744 9183139 3419011 4557229  7301864  6291135  4091608  3273724 4476482  6300364
            4096      16 1237136 3595765  4586428  7173805 9503161 3767675 4481152  6872481  5265366  3387995  3571100 5883908  5556581
            4096      32 1113926 3682869  6391782  7756829 9995236 4348447 3736536  7499487  5000244  3471518  3207709 5794602  7264812
            4096      64 1325933 2950952  5490871  6094733 5306022 3683658 5736555  7921350  4784405  3828122  3049966 4779081  5250883
            4096     128 1517146 3295072  6041154  6049663 9005041 4501111 4612286  7925004  5238075  3360164  3172758 4289813  6024207
            4096     256 1185488 4087714  4035859  5433562 7392988 4735608 5139356  6793669 12083134  3086681  2936325 4462528  5761565
            4096     512 1314470 3686820  5565581  6724530 8409937 4612286 3536549  6160296 10665388  2902590  2609016 4520059  6186918
            4096    1024 1159328 3778448  5050220  5375755 6758923 4257917 4462528  4623457  6490793  3471518  3782607 4218190  4516494
            4096    2048 1088242 3066297  5867831  4298399 5375755 2884558 3864287  2566532  4035859  2712408  2549015 3667146  4051086
            4096    4096 1011365 2744911  4003879  3969648 3700320 1481942 3764373  2493158  3778448  2692851  2323234 3779279  3656998
            8192       4  320263 2943571  5230743  5257958 4599816 2257864 4334079  5069448  4343393  2237718  2351344 5329730  5165475
            8192       8 1253739 2729821  4313945  4390007 4268393 2489871 5312425  6919267  4164410  2743554  3059146 5224380  5681356
            8192      16 1194008 2845337  5100301  3417585 3828039 1842166 4341197  7359427  4207758  3138791  2738961 5257958  6258825
            8192      32 1308204 3039661  4763052  5413705 6573754 3521617 5975808  8226319  4447398  3481651  3076126 5622783  5396699
            8192      64 1315769 3258451  5784656  6263389 6345516 3626049 4226911  7468200  4414259  3391944  1739662 2008776  3079711
            8192     128 1422244 3091348  4102260  5319828 5343822 3403367 3368335  4548665  5257958  3434666  3314080 4057211  5475825
            8192     256 1477151 2849348  4501586  4376030 4306915 3145975 4950396  6014511  4867641  3225114  3233916 5406890  5389927
            8192     512 1196586 1376327  3508313  4133350 4893290 2139353 3402019  5316535 11604860  2459395   491212 4697286  4763052
            8192    1024  577748 3150880  5748846  2754551 3994015 2262324 3701837  3117149 10187286  2881366  1647648 5123879  5210911
            8192    2048  611657 1967257  4039563  4041463 4339005 2427254 2666686  1550893  3460611  2172356  2492218 4302601  4177574
            8192    4096 1149893 2038814  1751903  3808099 3685162 2385462 2147912  1454577  2553714  1716716  1858809 3351906  3383927
            8192    8192 1188104 2572066  4341197  3489075 4233681 2800805 3399327  2780632  3594563  2212217  2445218 3054523  3320485
           16384       4  936056 2352616  4675810  4381835 4092928 1995582 4799246  5793340  4146770  2388016  1177776 4146770  4945339
           16384       8 1188963 2514083  4619236  6131941 5375510 2799300 4890437  5828720  4790547  3053953  3116133 4508617  5333373
           16384      16 1221401 3421976  6166054  6072875 5678917 3101926 5673291  4532108  4467872  2788282  2616907 5927769  4402045
           16384      32 1262348 3540998  6395004  5158807 5173176 3357442 5582498  7463986  5477486  2914212  3651444 5191545  5416182
           16384      64 1300426 3368468  5755011  5859534 5505130 3260431 6215129  7754568  4725649  2781623  3178248 5793828  5194684
           16384     128 1516189 3750898  5616719  5692559 5678917 3285371 5084755  7214033  5251451  2789754  2891649 5946749  4727274
           16384     256 1359763 3843412  4936458  4982992 4756066 3142926 3292612  6163841  4541993  3410428  2749900 5069376  4438724
           16384     512 1144603 3887990  5327997  5361251 5352482 3150130 5836640  3752536  4314976  2185121  3407722 4149023  4915624
           16384    1024 1222313 2984843  4602221  5254664 4609939 3224025 5808029  5940580  5428590  1661142  2984843 3488332  4103192
           16384    2048 1102850 3041383  3914790  3862205 4100254 2580644 5173176  4256708  3284115  1892378  1635290 3220097  2929867
           16384    4096 1089940  676187  3458835  3378903 3549412 2289900 3010077  2484003  4428142  2499453  1762272 2781173  2924755
           16384    8192 1102708 2681442  2224881  3557865 3497031 2260746 4394726  2160323  2787264   932968  2449385 3024517  3442030
           16384   16384 1102337 2482029  1646140  4008882 3780405 2628619 2744299  2608959  3752536  2762946  2613424 4282172  4186942
           32768      64 1072352 3633278  5296338  6023320 6131888 3592254 4659768  7903420  5243799  2926486  2937557 6388704  6302860
           32768     128 1297943 3738024  5754723  5563472 5490792 3686785 6031250  7314159  4690460  2656707  3362190 4679122  4741431
           32768     256 1494684 3168781  5501562  4853103 5870247 3837918 5170025  5684038  5014957  2843477  3627141 5377993  5881803
           32768     512 1234243 1235408  5748706  4758504 4485780 3096880 5912673  6253533  5308202  2730875  3524183 2303711  4069033
           32768    1024  936948 2364182  4079783  5016605 3125544 2479603 5614839  5853496  4227615  1770942  2646629 5080395  3703774
           32768    2048  912507 1981136  4812489  5324654 5253821 3006245 4366772  2162356  4937842  2068156  1229286 4622312  4804078
           32768    4096 1099636 1788549  2853869  3017863 2932543 2275072 2985090  1907660  2779531  2118036  1892895 4145745  3133882
           32768    8192  933537 2285856  2961165  2908280 4211293 2567234 4284549  1556891  3490441  2125997  2611825 2780037  2746702
           32768   16384  881596 2382626  3032914  3242111 3741484 1201790 3588690  2188316  4024118  2378997  3145358 3990700  3819997
           65536      64 1021130 3301566  5764354  5743277 5306645 2573165 4411117  7206546  5281765  2863466  2863198 5119931  5307875
           65536     128 1371935 3487997  5900464  5430566 4696615 2771678 4410197  7168769  5759282  3164615  2602399 5907820  5616767
           65536     256 1298745 3190030  5478732  5091292 4838053 2911940 5112789  5980702  5179456  3199684  2515865 5580392  5136003
           65536     512 1061362 3427456  5872856  3731468 4091126 2496511 3453422  3958677  3689051  2423223  2575697 5902492  4235223
           65536    1024  978778 3665536  5566605  5826424 5884548 3693413 5366947  2738187  4368216  1522609  3105094 3755634  3962043
           65536    2048 1155979 2541640  5019610  5018052 2819468 1781938 4712800  3333800  2738433  2057256  2109240 2736252  2503377
           65536    4096  943667 1684034  3724693  4165207 3953666 1696590 2534866  2019664  2556009  1575531  1533790 2662853  3912863
           65536    8192 1060126 2427439  3853943  3911248 3849409 2371747 4111688  2014188  4201239  1536207  2203345 3976430  3413156
           65536   16384 1239451 2554418  2747493  3009563 3287313 2492414 2198674  2009946  3425278  2039716  2253729 2843442  3596945
          131072      64  836499 3125747  5944089  5070668 5544027 2970259 5933568  8416630  5786366  2776182  2760112 5963756  6194864
          131072     128 1351801 2985291  5502631  5981210 5340504 3182363 5442275  8501228  5868205  3005135  2713318 5169656  6035449
          131072     256 1316976 3107741  5305304  4950221 5050126 2332074 5526972  7269709  5575175  2876980  2687545 5737931  5733981
          131072     512 1152492 2880703  5280893  5428785 5485336 3215777 5057001  5443191  4938837  1497915  2198681 5059934  5605417
          131072    1024  817550  621992  4833026  2436463 2409415 1503170 4780327  6364254  3387035  1482046  1880865 5349650  5521587
          131072    2048  744304 2340493  4179991  4619299 4701467 2441765 4583100  1991855  2916092  1174310  1745180 2641294  2767866
          131072    4096 1027629 2253256  2642043  2559303 2356061 1560029 4112328  1683755  2564209  1273703  1742188 2649211  3234356
          131072    8192  801893 2302904  2446928  4108978 3923021 1950243 2783971  2603370  3956762  1837512  1880601 3878791  4008316
          131072   16384 1009480 1990463  3181516  4104223 4018776 2300389 2526151  2606480  4086923  2020404  1992852 3996689  3477732
          262144      64   77640   68954  5604240  5990883 5479617   78731 3817936  7923619  5764307   111725   114441 4137113  5824122
          262144     128  112507   57798  5527078  5721056 5727822   74097 4596201  4703978  4781819   110976   101805 5275921  4753107
          262144     256  104279   63014  5230344  5112894 5374329   93059 2594278  6101929  5126219    81052   101845 4858457  5361148
          262144     512  107336   73625  5126004  5506759 5471355  105090 4895142  5142186  4949860   110496   103860 5018932  5567209
          262144    1024  112377   65565  4926219  3624769 2914135   98308 4897060  6887668  5593577    81933    75160 5383065  5405481
          262144    2048   94498  113892  3142720  4708308 4374758  114495 4373297  3579386  4692795   112356   111886 3255836  4924741
          262144    4096  111379  110554  3731271  3879705 3967797  111664 3764653  2723405  3979789   117024   111794 3354575  3873691
          262144    8192  109366  100772  1705325  2212636 2559099   88086 2400057  2441043  2604510    77122    72290  212975  2727999
          262144   16384   77079   81869  3798258  3986976 4127082   84044 2782131  2707624  2606325    97403    81357 1185937  2421139
          524288      64   24900   57676  5895902  6018557 5703426   11359 5437153  8041603  5374892    44846    45168 4680856  5233143
          524288     128   60066   51234  5728356  5865504 5594912   13946 5238216  7838766  4760328    76077    75940 5495554  5764576
          524288     256   75678   45420  4976868  4224651 4656285   42798 3048505  7382151  5283880    50889    56262 5265787  5541155
          524288     512   51346   65681  5500462  5590019 5669634   55064 3845496  7126478  5031700    72526    61205 4810648  5583958
          524288    1024   77983   37083  5475535  5685127 5762808   34160 3878068  6206060  5436979    76230    40511 3647344  5563980
          524288    2048   74919   39769  4332207  4662416 4755531   60114 2301832  2741764  4713251    75687    69843 2593790  4724847
          524288    4096   40581   66965  3775712  3877323 3876004   37025  255594  2541621  3741408    63364    61819  883127  3791492
          524288    8192   72445   39554  3681903  3887612 3955840   60414 1837834  2718727  3741892    39057    40451 1173179  4114262
          524288   16384   72254   69062  3176962  3085846 3036059   34330 4073088  2831906  3979622    76593    69671  831246  3221630

iozone test complete.
