	Iozone: Performance Test of File I/O
	        Version $Revision: 3.420 $
		Compiled for 64 bit mode.
		Build: linux-AMD64 

	Contributors:William Norcott, Don Capps, Isom Crawford, Kirby Collins
	             Al Slater, Scott Rhine, Mike Wisner, Ken Goss
	             Steve Landherr, Brad Smith, Mark Kelly, Dr. Alain CYR,
	             Randy Dunlap, Mark Montague, Dan Million, Gavin Brebner,
	             Jean-Marc Zucconi, Jeff Blomberg, Benny Halevy, Dave Boone,
	             Erik Habbinga, Kris Strecker, Walter Wong, Joshua Root,
	             Fabrice Bacchella, Zhenghua Xue, Qin Li, Darren Sawyer,
	             Vangel Bojaxhi, Ben England, Vikentsi Lapa.

	Run began: Sun Oct  6 16:36:44 2013

	Auto Mode
	Command line used: iozone -a
	Output is in Kbytes/sec
	Time Resolution = 0.000001 seconds.
	Processor cache size set to 1024 Kbytes.
	Processor cache line size set to 32 bytes.
	File stride size set to 17 * record size.
                                                            random  random    bkwd   record   stride                                   
              KB  reclen   write rewrite    read    reread    read   write    read  rewrite     read   fwrite frewrite   fread  freread
              64       4  537079 1484662  4564786 15972885 9318832 4274062 3203069  4897948  4274062  3363612  2923952 2801873 12902017
              64       8  645579 1363961  5389653 2096219112902017 4897948 3203069  5389653  5389653  2662899  2561267 4564786 15972885
              64      16  735831 1492919  4897948 3438968815972885 5389653 2892445  5860307  4643754  2662899  1599680 5389653 10402178
              64      32  754443 1526887  5389653 1597288510821524 4988978 3363612  4274062  4018152  3738358  2133730 5283570 15972885
              64      64  771797 1648808  5860307 1597288512902017 5735102 3958892  5860307  3406295  5389653  2006158 3791156 12902017
             128       4  767171 2608629  5847904 1284205110779307 4407601 1254941  5325799  8548124  3560017  3297617 4407601 11720614
             128       8  848397 2969325  3895854 1254204312842051 5122535 3895854  6406138 12842051  3277486  3053774 5379161 15881078
             128      16  902598 2905056  4934216 1420079414200794 5847904 3560017  6114306  9795896  2727923  2511022 5325799 18637664
             128      32 1024942 2202044  4104338 1588107815881078 5325799 4135958  4557257  8548124  4759253  4135958 4012317 12842051
             128      64  852438 2464907  5784891 1420079415881078 6406138 4233807  6812590  6114306  2367096  5325799 5603747 14200794
             128     128 1142750 3445772 12842051 1863766415881078 6114306 3867787  4717434  5847904  4557257  4267461 5603747 15881078
             256       4  921029 2310087  5810112 1281227710651598 4477549 3823789  5971678  4422226  4404088  2435861 4907284 12228612
             256       8 1178892 2783115  6554972  152345712661199 4998665 5717301  7314033  4734192  4840911  3159869 6213578 14353744
             256      16  660030 2458168  5687020 1516462411091721 2613746 4264168  6936061  5569035  5117791  3410808 4572895 14164395
             256      32 1143731 2665657  5841722 1607260814164395 6249745 4496299  7518900  6398720  5569035  2903529 5810112 14953435
             256      64  955451 3197509  7791708 1709624914164395 1766587 5687020  7518900  5841722  5687020  3197509 5569035 12228612
             256     128 1148625 3197509  6554972 1416439512812277 4572895 5117791  6249745  7518900  4572895  4181144 5569035 14353744
             256     256 1306564 3368013 12661199 1362518013454450 5938650 5687020  5971678  5569035  5687020  4332998 1829808 13625180
             512       4 1068503 2695115  5760329  3325278 7115451 2826358 5079126  5624545  7211022  3905895  3239989 5639315 10641343
             512       8 1233614 3459188  2405320 1352271112797441 2235086 5951911  7022379  9304292  4882800  4061007 2830083 14628067
             512      16  971357 1940253  6338392 1378308811877300 5453155 3346002  6632013  8265729  4375425  4030519 5951911 12797441
             512      32 1166599 3279573  6086873 1378308813109944 5566231 6156675  7309196  7022379  5177083  4237291 5744919 13522711
             512      64 1137555 3325278  5886650 13783088 2655129 5822804 4742616  7115451  8265729  5278892  4457157 5807059 13872122
             512     128  894857 3279573  6472112 1387212212797441 5509113 5115422  5384786 10044089  5509113  2294796 3762197 11080601
             512     256  885631 3941742  7871843 1279744112499490 5807059 4030519  4973263  7410080  4271001  6736026 5624545 10911694
             512     512 1387437 2337255 10434519 10641343 7871843 4163357 5760329  5509113  6018636  5566231  4701087 5699180 12797441
            1024       4  987619 2730767  5885083 12208350 5065980 3966517 5363307  5885083  7699755  4130547  3469823 5720477 11520658
            1024       8 1326505 3594699  6364746 1423090212348754 4178773 6025439  7220790  9045736  3532609  3778101 5751117  7472033
            1024      16 1015885 3778101  3984917 1364323212983353 5363307 6317933  7369466  7826025  5120336  3908759 5950309 11773301
            1024      32 1256277 3189002  6733974 1399898113643232 5853003 5853003  5226256  8988941  4876180  4317393 6569179 13818817
            1024      64 1004716 4232305  6569179 1461839313998981 5950309 3668386  7160597 14618393  2918161  4182843 2950233 13472053
            1024     128 1053512 3835457  6519323 1381881713472053 6016997 5720477  7590887  9485232  5144870  4433259 5690162 13643232
            1024     256 1167489 4114719  5096034 1282823812639479 5356618 5782087  6744549  9064828  5200941  3866533 5652717 12492426
            1024     512 1454537 2611230  7927135 1294422412983353 3696803 5417427  6317933  8061038  4679604  5564829 5451810 11773301
            1024    1024 1329791 4060261 12348754 1193690712037272 5226256 5096034  4282950  3506651  4674510  2861774 5652717 11645609
            2048       4  907374 2837016  5293261 10780463 5852228 3266376 4257067  5816563  4562305  2698008  2993211 4338776  6917293
            2048       8 1045410 2786401  6359119 1247076512187663 4540600 5800851  6967792  8574451  3736694  3977179 3494960 11770166
            2048      16 1357919 2793651  5626082 1303864612882215 4945823 6024617  7556202  5754221  3744839  2705656 3690142  7262337
            2048      32 1242791 2676988  6479029 1321923513574363 5644567 6317030  7643611  7726111  4301837  3969827 4284671  9441504
            2048      64 1488515 4096676  6583305 1383675214226322 5868220 4493100  8390200  9024882  5293261  2812862 3807923 12635867
            2048     128 1171598 4081105  6261772 1288221513660713 5986827 5800851  5044577  9887060  3351769  3374151 5754221 11770166
            2048     256 1274318 3792790  6243566 1177016612635867 5659442 5670651  6738230 11380325  3549844  4180412 4613765 11187641
            2048     512 1021540 2540795  6629029 1164254312345306 5535444 5689430  6543188 10179991  4762117  2801852 4229816 10339282
            2048    1024 1087635 3792790  7013303 1112965910439809 5144271 4079167  6041567  7159438  4414590  3901313 4405533  4864597
            2048    2048 1024586 3074635  6895083  7470770 4666399 3864455 5319484  4162181  5362657  4130162  3744839 5433896  6873016
            4096       4  911843 2996764  5738471  7212959 7447471 2795836 4823359  4922872  4691638  2848213  2842087 5389246  6186918
            4096       8 1165305 2836457  6086096  7532368 6351609 2944881 5476867  7249484  6978564  3740604  2656212 4988629  5137819
            4096      16 1253748 3540193  4969868  6075335 7728911 3465216 5618365  6919538  4982841  3497668  3404782 5159420  5119446
            4096      32 1257234 3713919  4418911  4389555 6714018 2765680 5001700  6500617  5497899  3160500  3321831 5258919  5424983
            4096      64 1232963 2876348  5794602  4876757 7015611 4570565 4196552  7656576  5312585  3621537  3810292 4761860  5355645
            4096     128 1252925 2976515  4964124  6300364 8699523 4707064 5859825  6919538  7234220  4209920  1634495 4865707  5506711
            4096     256 1218015 2784507  5558378  5217395 6339889 4390677 4452120  6605595 12264277  2923832  3717133 4188367  4935601
            4096     512 1251465 2803134  5902100  4526013 6894546 4361695 5657217  5674032  9729195  3105653  3335375 4648477  6272759
            4096    1024 1171982 3110150  5572803  4982841 5238075 3110150 4911613  3757786 10215133  3621537  2723157 3806915  4184286
            4096    2048 1049934  636909  3782607  4180214 4047268 2587405 4858827  4078979  3357537  2119975  3561476 4768469  5217395
            4096    4096  953176 2398148  3646906  3849566 3700320 2380206 3014114  2191364  2579635  1779411  2537719 4471821  2923832
            8192       4  906402 2910163  5210911  5550123 5091232 2513733 4108146  5075439  3701837  2373105  2689438 4027252  4754484
            8192       8 1061540 2534688  5315713  5378957 4855947 1991660 4350542  6648806  4318282  2468229  1967820 3064603  3583691
            8192      16 1294551 3554036  5053790  5542961 4810398 2778833 4336814  7044097  4931921  2968237  2879434 5319828  6385612
            8192      32 1233529 2921546  5421393  5641246 5603526 2493846 5859631  6024002  5637544  3093853  2833604 2158165   823563
            8192      64 1337693 1648597  4943274  5814021 5443725 3218769 3860295  3913942  3446379  1954166  3270236 3566209  3463751
            8192     128  743978 3068160  5248321  5392464 5251529 3325949 5350479  7591960  4995015  3312482  2013839 5075439  5171695
            8192     256  739558 3353214  4025837  4185717 4213951 2478734 3398990  3995873  5468852  2992016  3065970 3838731  2054786
            8192     512  475950 2310239  5893805  5603526 6135880 3686744 4248864  4983423  9071145  2882333  2146302 5069448  3180042
            8192    1024 1198171 2674574  4543853  4964702 5034537 2821736 3546333  2484649  8273861  2788304  1666103 5010310  4790278
            8192    2048 1233175 2851476  3170359  3437759 3571028 2772331 3422010  3529576  5688881  2298493  2415140 2734384  2915349
            8192    4096 1194672 1954611  2980079  3844314 4154339 2643299 3472502  1874528  2735254  1531537  2579403 3749096  4313945
            8192    8192 1138086 2343326  3895306  4224832 4257814 2553714 3439135  2533940  4190311  2853370  2788304 3259997  4166935
           16384       4  991826 2819051  4703976  5597504 4523456 2474165 4785210  5568926  4410238  2568875  2444679 4585637  4699794
           16384       8 1135881 2652871  5933911  6318564 5416182 2816509 5146059  6682300  5443210  3032391  2835569 4931852  6196634
           16384      16 1189992 3133896  4694336  4458017 5010239 3062528 5578420  6769854  5921129  3248870  2820440 5866036  6136321
           16384      32 1263137 2800212  5377192  4917383 4535997 3006126 5949323  7731883  6210635  2931367  3422488 1363405  5841105
           16384      64 1392610 3453620  4982992  6493502 6323797 3571734 5608926  8445510  6405137  3515097  3105992 6260425  6345988
           16384     128 1273153 3648149  5124951  5586129 4437864 3525738 4310375  8380622  6113394  2836974  3239222 5803614  6077171
           16384     256 1285730 3603386  5624535  5298828 5738671 2592424 4572821  6184922  4954252  2653281  2551136 4572517  5851550
           16384     512 1506285 3115426  5142208  4576476 4147771 2856312 4799246  7037464  5244638  3133325  2623100 4553731  4721753
           16384    1024 1208981 3545566  5949323  5872553 5904340 3717820 5014993  6540472 12109573  1790977  3003499 3581974  3769828
           16384    2048 1102248 3003499  3649699  5305783 4954252 3077891 5086636  4369020  3922388  1974708  2505193 3274257  3327367
           16384    4096 1048179 1955602  2826705  3485855 4436432 2396761 4143520  2780723  3115426  2033734  1810560 2693423  2777913
           16384    8192 1073091 2225169  4413920  4263575 4423296 2687629 3461623  2327280  4385470  2509035  3214524 2677993  2828799
           16384   16384 1152744 2636586  3033998  4437578 4447342 2343230 3452232  2340278  3072798  2133893  2032470 4263310  4440158
           32768      64 1027336 3409397  5483125  6492522 6316184 3442703 5157995  8511308  6414945  3283001  3130313 6044778  5793537
           32768     128  736575 3660469  4804750  5157028 4379574 2914015 4948331  8465176  5568883  3141403  3013958 5941557  6193229
           32768     256 1269388 2655835  5958816  5975397 5700541 3681452 5330643  6484864  5486189  2889873  3296625 4844379  5533235
           32768     512  984584 3593757  6010150  5885077 1258324 3208131 2709021  3500843  5535240  2540517  3204690 5059821  5351607
           32768    1024  680071 3183829  5297154  5427906 4758010 3616357 4662455  6160749  1696508  2153952  2660153 4919461  4878253
           32768    2048  896847 1215609  3754361  5377993 5124723 2977008 3674366  4014128  3317233  2053632  1587755 4850192  5151229
           32768    4096 1125738 2412064  3484070  4297410 4294590 2008818 2852329  2156047  4156779  1796780  1901458 2826054  2961675
           32768    8192 1198928 2527436  3901433  4294590 4395963 2651122 3473767  2489213  4308187  2111625  1812490 4324726  3865987
           32768   16384  887104 2371935  3874597  2239447 3530248 2232463 4321326  2851856  3482570  1780878  3070725 3034923  3349816
           65536      64  919416 3337038  4643615  5779747 5534216 2506848 6067569  7593982  5466312  3183527  3268317 6123119  6010782
           65536     128 1333466 3387415  4828026  5284812 5054872 3411716 5391263  7631934  5563788  3072504  3469199 5673106  4271951
           65536     256 1370929 1928889  3830047  5588448 5486496 3381248 5617686  6992604  5721163  3070444  3267656 5745198  5416654
           65536     512 1344213 2959692  4889255  5746759 5381131 3453812 4058508  6705842  4439830  2314297  3160322 3541519  3796981
           65536    1024 1071829 1607108  5068199  3197191 3104814 1898173 4563818  6534007  5731183  2315759  2996081 3552688  4322672
           65536    2048 1245579 2080583  4380747  5215720 3522684 2064580 3226160  3272909  3306570  1836145  2134314 4282534  5029621
           65536    4096 1222506 2043720  2848894  3073500 3213638 1588478 2833360  2757193  3969195  1841940  2051912 3516060  3529695
           65536    8192 1235479 2431669  2695520  3141720 3712920 2415982 3025963  2197268  2771678  1682828  2254487 2442646  3576540
           65536   16384 1028981 1026534  2799939  2851613 2882080 2265393 2702278  2016360  3966846  1702411  1674871 4085532  4359763
          131072      64 1223439 1769286  5899882  5756074 3833406 1357147 5902226  7575962  5024831  2823317  2786624 4736954  6239722
          131072     128 1325310 3059420  6036575  5883529 5770272 3070458 5524417  7817714  5349650  2854601  2886223 5982316  5990791
          131072     256 1375390 3187769  5604731  5708438 5485336 3203690 5520866  7257521  5644553  2833196  2747957 1863990  5594465
          131072     512 1381421  878486  5611940  5601362 5500979 3067888 4662669  6685602  5464291  2728915  2619558 5250430  5558827
          131072    1024 1275056 2895725  5435710  5698025 5563552 2939685 5495645  6466969  5599479  2395013  2285594 4978824  5714431
          131072    2048 1190643 1782272  2257067  2730324 2704189 1699038 4297323  3810767  4931040  1866801  1445976 3035902  3276963
          131072    4096 1091010  809805  3072620  3420202 2488643 1710674 3061498  2714886  4158490  1769024  1606370 4101773  4185464
          131072    8192 1191552 1582747  2684252  2737912 2983185 2130871 3793674  2308096  3923721  1833021  1710946 3170671  3132693
          131072   16384 1152898 1983769  4100091  2631067 2267756 1453577 3133657  2770725  2971607  1722433  2028635 2056931  4077405
          262144      64  118227  115760  4697587  4408807 5037166   57799 1215701  7982236  5629029   116384    86413 5195717  5933946
          262144     128  126602  135812  4894227  5928027 5200239   38812 5413065  8299591  5645040   114280   114299 5241515  5589653
          262144     256   94529   77933  4926021  5146832 4888917   65445  297341  4657274  5547910   114509   110625 4986202  4369664
          262144     512  106710  104517  5180930  5470103 5482021   75747 4908056  5735830  4810166    96376    96637 5191375  5572683
          262144    1024   90906   96572  4980781  5378641 5427414   89639 4749329  6649689  4997012   117674   111329 5236697  5517647
          262144    2048  104478   66571  4521746  4723316 4601934  106594 4379428  3319923  4648276   108486   108853 4267216  3140584
          262144    4096   78300   69322  3840930  3981288 3888981  131829 3196953  2695292  3879650    97576   116520 3676831  3902287
          262144    8192  105878   93633  3739456  3958982 3869614  122199  717155  2725160  3996773   144980   115380 3699670  3539757
          262144   16384  114966  108585  3810949  3972298 3964907   94221 1562157  2834451  3970849   144335   104740 3643314  3945826
          524288      64   20910   77567  5506067  5977461 5576284   16899 2006974  8233303  5813725    69339    66751 5063819  6066458
          524288     128   80795   76533  3966500  4529792 3711883   15876 1103701  7938001  5526853    78077    81612 5619145  5731611
          524288     256   65673   50231  5280733  5513425 5461609   49622 5160211  7084121  5481841    40293    76515 5496942  5614683
          524288     512   46597   67739  5002136  5576581 5511629   61625 5340016  6606355  5357476    74165    73180 5437611  5712448
          524288    1024   72886   60597  5299632  5516786 5629877   37710 4484729  6615119  5375982    73221    49875 5441944  5744487
          524288    2048   78425   59590  4567085  4867316 4725700   64097 3808902  2449944  4624773    72997    38963 4446092  4848770
          524288    4096   39848   41909  3881518  3058090 3847164   37422 1468675  2606284  3891829    47389    68890 3754324  2967158
          524288    8192   55724   77811  3822760  3917685 3885661   79274 3940211  2681242  3331667    77691    72403 3742751  4120599
          524288   16384   72262   39989  4034477  4019903 4018331   54169 3190824  2799203  4051782    81193    41788 3841781  4066769

iozone test complete.
