	Iozone: Performance Test of File I/O
	        Version $Revision: 3.420 $
		Compiled for 64 bit mode.
		Build: linux-AMD64 

	Contributors:William Norcott, Don Capps, Isom Crawford, Kirby Collins
	             Al Slater, Scott Rhine, Mike Wisner, Ken Goss
	             Steve Landherr, Brad Smith, Mark Kelly, Dr. Alain CYR,
	             Randy Dunlap, Mark Montague, Dan Million, Gavin Brebner,
	             Jean-Marc Zucconi, Jeff Blomberg, Benny Halevy, Dave Boone,
	             Erik Habbinga, Kris Strecker, Walter Wong, Joshua Root,
	             Fabrice Bacchella, Zhenghua Xue, Qin Li, Darren Sawyer,
	             Vangel Bojaxhi, Ben England, Vikentsi Lapa.

	Run began: Mon Oct 28 15:33:53 2013

	Auto Mode
	Command line used: iozone -a
	Output is in Kbytes/sec
	Time Resolution = 0.000002 seconds.
	Processor cache size set to 1024 Kbytes.
	Processor cache line size set to 32 bytes.
	File stride size set to 17 * record size.
                                                            random  random    bkwd   record   stride                                   
              KB  reclen   write rewrite    read    reread    read   write    read  rewrite     read   fwrite frewrite   fread  freread
              64       4  761278 2120152 10481095 2311828312421016 4287326 9382118  5410762 12421016  4029873  3063933 7986442 15242148
              64       8  875490 2207321 16159720 3117213221285156 5007059 7137078  6299617 21285156  4915374  380158812421016 21285156
              64      16  799840  520615 16159720 3117213221285156 5759009  621937  6299617 21285156  5410762  402987316159720 21285156
              64      32  943164 2898514 16159720 3526759021285156 575900910481095  6451008 15242148  5303854  541076215242148 31172132
              64      64  926881 2898514 21285156 3117213221285156 575900912421016  5885272 16159720  5885272  397026915242148 35267590
             128       4  976819 3541098 11518019 1597288510607708 4274062 9830749  5083456  9830749  4110444  387320911518019 14274156
             128       8 1059729 4274062 12599234 1813055214274156 513205011770544  6345137 18130552  4767465  456478614274156 18130552
             128      16  998622 4564786 14274156 1876423615972885 5557014 9159838  6743644 18130552  5336084  508345614274156 18130552
             128      32 1025323 4725502 14274156 2096219115972885 5797028 7603177  7100397 18764236  5860307  612786614274156 18130552
             128      64 1163036 4767465 15972885 1876423615972885 612786612599234  6743644 15972885   955947  794053914274156 18764236
             128     128 1173202 4725502 14274156 1813055214274156 612786611770544  1076732 12902017  5797028  579702812599234 18764236
             256       4 1044890 3707526 11114029 12117424 9451004 3938726 8220889  5026613  4576682  3707526  3595783 9886088 11114029
             256       8  934004 4353983  7323727 1499400812255732 509821311720614  3759450 11594057  4823391  350196312842051 13487288
             256      16 1158783 4576682 12690274 1520635413487288 546123911594057  6727225 17149304  4911646  482339112690274 14994008
             256      32 1230492 3080053 12842051 1420079414391124 522219011720614  6727225 16119492  1610746  509821312690274 14200794
             256      64 1254941 4823391 13487288 1588107814391124 581622712117424  6900149 12842051  5461239  594503913487288 14200794
             256     128 1254941 4738251 13487288 1499400813487288 569287812255732  6406138  2062463  4499960  188173911594057 13487288
             256     256 1247650 1719055 12117424 12690274 8480609 532579911720614  5433602 12255732  1741359  546123912117424 13487288
             512       4  924200 1782719  9646782 11890078 9476503 4001934 9690312  5442021  6913731  4001934  365459810704694 10867205
             512       8  990257 4062499 13125514 1388955610867205 483002311890078  6719046  3505458  4612180  444971612812277 13125514
             512      16 1042664 4306928 13125514 1388955612513642 259793610245071  6913731 12513642  2509882  433299813125514 13454450
             512      32 1019886 2449755  3711443 1380029813125514 574790712513642  7003926 15605420  4975502  488495913125514 13454450
             512      64 1240164 3851219  8999920 1425844113454450 588978712812277  7314033  9476503  5217259  511779113125514 13800298
             512     128 1082067 4703088 13125514 1380029810651598 574790712513642  7003926 15058289  5268458  587367812513642  3823789
             512     256 1330031 4652146 11890078 1251364212441146 551186011325710  5627409 12228612  4572895  709650610651598 10444380
             512     512 1026221 2842047 11385757 1281227712513642 5333886 3511189  5442021 11890078  2652486  506946612228612 12812277
            1024       4  970479 3390911 11254819  5480991 9406176 2900806 4996405  5566231  9145790  3967228  2830083 5170850 11109262
            1024       8 1148199 4340054 12951808 13827462 5783600 480630311910237  4179563 11910237  3269587  316129112355657 13313129
            1024      16 1208960 4590546 12797441 1365165812609582 355658011254819  4318236 12646711  4806303  3259661 4927617 10801922
            1024      32 1115398 4827914 12646711  591910113109944 588665012499490  4245669 12990983  3390911  467549912951808 13651658
            1024      64  588867 3294668  5752614 1419301213480269 3923737 9747744  7211022 12180455  4973263  4655228 8899432 14007852
            1024     128 1011863 3778747 12043830  591910112951808 599343912043830  7359293 15754907  3541915  263881612043830 13313129
            1024     256 1396913 4195896 11254819 12499490 5721958 578360010884042  3970896  5783600  5019764  5624545 9573914  7010916
            1024     512 1054597 4635133  5752614 1235565712355657 369424110020655  3881188 11779575  4695947 4105640110536916 12180455
            1024    1024 1363217 2554078 29294908 1249949011404241 553752410138932  5691627 10911694  5418755  3369628 9145790 12797441
            2048       4  992297 2579861  6038145 11004111 6360034 2868463 6168220  5057033  9710404  3575249  3033585 7672246  7037403
            2048       8 1112453 2900425  4481834 12963759 7446124 3303044 9799022  5033327 11428691  2968586  3506651 6671216 12492426
            2048      16 1122924 2990287  6803308 1288597012348754 346003910506133  6115523 11693168  4433259  4276553 4901220  7755368
            2048      32 1191290 3190187  9992811  734426312733159 4276553 6940736  5431128  7672246  3946471  329291410292136  4697517
            2048      64 1198270 3669953 10292136  809904013557102 518524410948011  7584185 12639479  4024121  3771466 6963241  6781823
            2048     128 1189970 3611323  6504513 12714312 6360034 4541067 5720477  7089677 16007738  3813322  4213620 9612606  9889272
            2048     256 1192117 4104887  8294553 1156720011838202 5550446 7394843  6402699 13388064  4321737  4071808 8868298  7394843
            2048     512 1074465 3056251  8942153  7394843 5705280 3424179 8424714  4550690 12733159  3696803  3696803 5675125 11075049
            2048    1024 1191455 2821356  9103254 10442275 9220512 3799828 5675125  4491207  6874084  3722435  3984917 5068970  9391895
            2048    2048 1197602 2876147  4865133  6499591 4854136 2226172 4188962  1167648  9754512  3170172  3043257 4154520  5720477
            4096       4  901564 1983678  3991965  5618722 5704543 2082254 4043643  4258122  4947247  2737997  2092143 4158152  4618726
            4096       8 1095193 2158109  2692933  3923588 5604059 3686183 4361910  5696977  4099609  3195296  2625842 4586666  5858215
            4096      16 1158015 2821176  3946119  6370910 5626082 2622635 4591569  5650136  5926930  2892423  3438992 5265680  5278623
            4096      32 1156067 2992168  5285119  6449840 4767403 4023754 4671474  5089409  6077902  3077389  2402237 4981677  5937172
            4096      64 1214330 2415069  4724142  5475461 7036283 4154130 2710779  5230411  5580395  4230857  2419491 6359119  5736927
            4096     128 1175687 1911505  3561619  4226694 6804955 3080148 2375991  5978494  4947247  3233181  2001007 2919456  4307230
            4096     256  900997 2700128  2818862  4763437 4490751 3428013 4214252  3806235 12525318  2784595  2295972 4357484  3555722
            4096     512 1175607 3126675  4196751  4104506 5001983 3340689 4000331  4441984  9288366  2656292  3321956 3388125  5075876
            4096    1024 1134987 2126850  5238385  5842277 4419132 3290147 4192654  5089409  7999524  2689139  2290767 4239209  4888127
            4096    2048 1065311 1462787  5013661  4075297 2972495 2651373 3634711  2506688  4638680  2081245  2866363 2563160  2807805
            4096    4096 1029930 2098276  3598924  2381590 3324528 2508152 3316825  2609093  3063669  3195296  2347101 3571244  3177566
            8192       4  883042 1825741  4053475  3125712 3792628 2393137 3720353  4246340  4167033  1863163  2254781 5053934  4774432
            8192       8 1029640 2645170  4691638  4746074 4071246 2348643 3615059  4977067  3217622  2797884  2616367 4171080  4824714
            8192      16 1089795 2604073  3538734  4779081 4858827 2600722 4946971  6219394  4757245  2218960  2858401 4673134  4683325
            8192      32 1209142 3098371  3313822  4614763 4974185 3142291 4852651  6002108  5364843  2129963  2431581 5122499  4777088
            8192      64 1165463 2836691  4974185  5275067 5174962 2914408 4179197  6027377  4649106  3686820  2680666 4440039  4196552
            8192     128 1188481 2821781  4253173  4334185 4827425 2483248 4449814  6404888  3477139  2899895  2679620 4612286  3951388
            8192     256 1057040 3169246  4665519  5155550 4754612 2838331 4237960  6575257  4838301  3007255  2173482 5936773  5298658
            8192     512 1227062 2759018  4523630  3534003 5178081 2965981 4526013  6369270 11117456  3048613  2343836 4364465  5218187
            8192    1024 1252971 2902835  4390116  5692834 4334732 2478769 3632640  5527974  8015594  2065557  2443166 4327089  5371553
            8192    2048 1016511 2177614  4025457  4406444 3242827 2420789 2917377  3320547  5221359  2188711  2225427 3992249  2925574
            8192    4096 1002454 1893243  2861258  2282643 3999684 1937548 3081974  2324649  2227303  1931123  2681503 3335375  3350662
            8192    8192  977222 2238330  3311267  2832715 4488763 2482530 3694749  1840902  4298399  2015752  2017646 3641109  3271542
           16384       4  961614 2088762  4265479  4361864 4002856 1928663 5242715  5614973  5140744  2156066  1898033 4646469  3908377
           16384       8 1151936 2263292  4477827  3887153 4810398 2390108 5432536  6075127  5013600  2438450  2445740 4957538  5281802
           16384      16 1099448 2774682  4864540  3950845 4736787 2468229 4936527  4694398  5041185  2697355  2656275 4779617  5609015
           16384      32 1243935 2716226  4698892  3669420 5104089 2823359 4882166  6241771  4904116  2398115  2426140 4681287  4701142
           16384      64 1018072 2990324  5097652  4178590 5546540 2553240 4315029  7092077  4924499  3061326  2715689 4227951  5706833
           16384     128 1117360 3039123  3444134  4987764 4228211 2902910 5051932  6170591  4590598  2987594  2701915 4686395  5400092
           16384     256 1082748 2502109  4747586  3933883 5115107 3020555 4234725  6227065  4303409  2961713  2726031 3526497  4900968
           16384     512 1121408 2711296  4818831  4121698 4870401 2684500 4420790  5589852  4821535  2120407  2702765 5007025  5336767
           16384    1024  984736 2814110  4649298  4651816 3667657 2952043 3841521  4225871  8818542  2039600  2236480 4358544  3375450
           16384    2048 1034408 2477840  3401851  4199016 3892437 2245616 3719469  2618921  5202626  1795854  1854195 3846897  3215756
           16384    4096  962921 2028762  3250898  2981631 3038048 2150937 3243839  2384551  3470398  1815400  1869479 3324018  3746643
           16384    8192  932553 2057986  4281157  3344402 3137501 2532632 3478478  2157488  3571770  2311871  2412935 2843453  3609669
           16384   16384 1095417 2082874  3670400  3452786 3639299 1914905 2981631  2086606  2993059  2046708  2251797 2899848  2911150
           32768      64  820944 3021791  5013346  4706553 5202156 2702745 4491232  6567977  4433427  2444679  2803354 4860860  4841000
           32768     128 1104489 2976698  5437611  4461346 4622343 3154685 4292872  6435127  5104015  2763557  2552416 4303626  4770428
           32768     256 1076402 2894206  4501087  5255467 4376672 2852637 4934154  5309267  4698508  2319699  2704713 4922314  5442348
           32768     512 1131765 2793042  4533453  4809490 4466130 2932993 5057437  6534253  4602221  2509218  3122859 4201020  4583649
           32768    1024 1129542 2693634  4245663  4248419 4658535 2912730 4211189  5889413  4372634  2285559  2191987 4843047  4649237
           32768    2048 1007346 2298863  4017201  3454749 3925188 2249792 3894380  2983547  4904748  1844530  1875464 3914010  3595655
           32768    4096  883115 2072997  3323264  3653482 3709792 2226106 3310536  2532708  3686310  1711555  1785417 3156859  3240826
           32768    8192  992098 2427580  3599328  3176118 3175751 2165633 3248486  2391464  3164126  1923686  2265180 3263450  3295928
           32768   16384  922547 2009440  2952589  3087016 3183844 2079710 3552531  2170079  3399883  1965446  2614965 3064781  3212195
           65536      64 1120406 2704969  4909006  4662850 4814596 2767470 4693503  6285134  4800135  2536508  2661157 5304412  4872200
           65536     128 1254110 2733754  4706361  5429192 4672838 2977556 4768740  6113477  4601344  2414734  2921261 4751019  4389575
           65536     256 1140867 2666216  4816368  4815609 4996271 3164622 4350462  5318987  4586143  2499080  2604129 4269973  4940150
           65536     512 1105362 2989505  4781182  4505485 4814175 3166153 4513845  6380103  4984041  2556109  2603735 5054890  4997451
           65536    1024 1184289 2638550  4614243  4439772 4313595 3063880 4614243  5488818  4412901  2293236  2294672 4568612  5220395
           65536    2048  977449 2169062  3816232  3456687 3732947 2370442 3696105  2918408  3927802  1636600  1825514 2773893  3614360
           65536    4096  984052 2053064  3157751  3296387 3323811 2141000 3544588  2399179  3221554  1616295  1894160 3220271  3355663
           65536    8192  987761 2203331  3224691  3340615 3265878 2259160 3476535  2505024  3108648  1779564  1786747 3397051  3152464
           65536   16384 1015450 2180245  3349816  3221554 3424049 2236186 3262583  2360650  3060435  2016984  1858594 3079981  3269918
          131072      64  992999 2336278  4856516  4819899 4932907 2453471 5285371  7116892  5220723  2115530  2245572 4654387  5030035
          131072     128  972532 2013944  5155268  5116977 4802761 2197312 4628602  5926544  4675803  2247923  2589271 4629381  4663982
          131072     256 1097718 2607311  4304227  4516167 4321109 2855983 4953218  5457900  4641067  2178436  2344718 4478494  4494163
          131072     512 1033071 2409945  4925305  3965130 4568901 2417416 4496001  4896571  3907690  2069150  2445504 4467503  4506837
          131072    1024 1007610 2380146  4732884  4482035 4407085 2394181 4324236  5728973  4412745  1942698  2008617 4180124  4635940
          131072    2048  946437 1959455  3621565  3957138 3822563 1876885 3662338  2927478  3673644  1452706  1501139 3573680  3854267
          131072    4096  846428 1896621  3167606  3163231 3310314 2191688 3105007  2412472  3169213  1599240  1639219 3321293  3464390
          131072    8192  921834 1840719  3147439  3328734 3237216 1867043 3150921  2446647  3231792  1521543  1508430 3216496  3202256
          131072   16384  914656 1716208  3139602  3389754 3282955 1887751 3177272  2439871  3175510  1710590  1901495 3346932  3281230
          262144      64  138649  142856  5094043  5043848 4607511  107324 5021527  6118268  4986297   157601   144984 4994179  5012507
          262144     128  145605  138139  4771365  4898526 4544645  115076 4907052  6489029  5098980   154598   136623 4869132  5078444
          262144     256  143993  134970  4662096  5064502 4497704  129744 4702975  5873189  4769026   134631   144414 4647042  4817335
          262144     512  156007  148065  4396839  4569121 4668291  137317 4118520  5543468  4796509   150139   144764 4680652  4654616
          262144    1024  144947  139509  4655857  4606854 4657593  141026 4011753  5197785  4512860   164499   150840 4730901  4521992
          262144    2048  143392  118954  3847087  3862168 4028288  149429 3976697  2945370  3978453   169708   119595 3732020  3778811
          262144    4096  129220  136151  3362887  3324633 3303844  142112 3227302  2323313  3307720   156458   131054 3406501  3237946
          262144    8192  151383  130529  3393097  3515123 3302266  143520 3462149  2315943  3237270   156956   156559 3428285  3391475
          262144   16384  153906  139789  3306765  3307929 3312244  150678 3273684  2391586  3157977   170845   164707 3359188  3353645
          524288      64   53049   74977  5276592  5114452 4808125   35626 4628581  6546161  4828543    76398    73168 4899428  5110862
          524288     128   77642   72351  4768505  4824857 4601192   45257 5054056  6441898  4945041    75232    76328 5234391  5125909
          524288     256   79198   69184  4475275  4575211 4664277   54568 4706565  5652019  4659217    77645    75086 4688013  4847287
          524288     512   73676   66097  4660462  4730042 4540700   56731 4785482  5567167  4660215    72239    71591 4593014  4657767
          524288    1024   78112   68028  4622082  4618791 4579136   58711 4604584  6144967  4856729    81684    76721 4427590  4510043
          524288    2048   78604   68992  3650166  3717275 3571103   62231 3825635  2789149  3775849    80417    78138 3701002  3832034
          524288    4096   72983   69074  3398617  3408494 3468755   77341 3337969  2296285  3301521    79223    80512 3275404  3304955
          524288    8192   75850   73709  3447271  3454305 3453713   77738 3356797  2412816  3276639    81543    78458 3354948  3514840
          524288   16384   75599   73223  3412710  3323365 3451307   74921 3313290  2412949  3274097    80403    83703 3683816  3756396

iozone test complete.
