	Iozone: Performance Test of File I/O
	        Version $Revision: 3.420 $
		Compiled for 64 bit mode.
		Build: linux-AMD64 

	Contributors:William Norcott, Don Capps, Isom Crawford, Kirby Collins
	             Al Slater, Scott Rhine, Mike Wisner, Ken Goss
	             Steve Landherr, Brad Smith, Mark Kelly, Dr. Alain CYR,
	             Randy Dunlap, Mark Montague, Dan Million, Gavin Brebner,
	             Jean-Marc Zucconi, Jeff Blomberg, Benny Halevy, Dave Boone,
	             Erik Habbinga, Kris Strecker, Walter Wong, Joshua Root,
	             Fabrice Bacchella, Zhenghua Xue, Qin Li, Darren Sawyer,
	             Vangel Bojaxhi, Ben England, Vikentsi Lapa.

	Run began: Mon Oct 28 15:33:52 2013

	Auto Mode
	Command line used: iozone -a
	Output is in Kbytes/sec
	Time Resolution = 0.000002 seconds.
	Processor cache size set to 1024 Kbytes.
	Processor cache line size set to 32 bytes.
	File stride size set to 17 * record size.
                                                            random  random    bkwd   record   stride                                   
              KB  reclen   write rewrite    read    reread    read   write    read  rewrite     read   fwrite frewrite   fread  freread
              64       4  821880 2448974 10481095 1615972012421016 4287326 9065276  4915374 13023645  3748502  3210512 9065276 16159720
              64       8  528820 2898514 16159720 21285156 9382118 530385410906959  6451008 21285156  1454056  380158815242148 31172132
              64      16  392672 2778507 15242148 3117213221285156 575900913023645  6451008 21285156  4579919  402987312421016 35267590
              64      32  914254 2898514 13023645 3526759021285156 588527210481095  6451008 16159720  4915374  355019813023645 21285156
              64      64  875490 2778507 16159720 2128515621285156 645100813023645  5885272 13023645  5759009  4287326 7986442 31172132
             128       4  522445 3472389  4897948 1427415610821524 3203069 1196739  5557014  8574652  3988302  100048310607708 13904469
             128       8 1049372 4414643 11770544 1876423614274156 533608411770544  7100397 18764236  4725502  376457212902017 18764236
             128      16 1083249 4274062 11518019 15972885 9830749 4725502 8059746  6421025 15972885  2467108  4767465 9830749  9159838
             128      32  991247 4018152 12902017 1151801914274156 152255611770544  7100397 15972885  3873209  612786614274156 15972885
             128      64 1133568 4767465 14274156 1813055214274156 6127866 1207505  6421025 16462680  4414643  794053912902017 18130552
             128     128 1092063 4767465 13904469 1597288512902017 168503311770544  6421025 12902017  6127866  579702812599234 15972885
             256       4 1048974 3501963  5545860  7529144 6727225 3088914 7082197  5098213  8829286  3161677  377265910166912 11230270
             256       8 1098331 4407601 12255732  803630412255732 524771211594057  6220573 11594057  4738251  465606512842051 14200794
             256      16 1168874 4823391 12842051 1499400812842051 5816227 9886088  7323727 15881078  5122535  522219012842051 14200794
             256      32 1173986 5122535  7802710 1284205114200794 625682112117424  6727225 14994008  5325799  546123912690274 14200794
             256      64 1168874 5122535  7746418 1225573214200794 611430612255732  6406138 15206354  5574653  512253512842051 15206354
             256     128 1032829 5026613 13487288 1499400813487288 625682110672169  6944778 13487288  4823391  848060913487288 14200794
             256     256 1354688 5098213 12117424 1111402912842051 6114306 7323727  3595783  4656065  1438153  3938726 8220889 12690274
             512       4  993924 3368013 10867205 11890078 9476503 2360880 9312131  5387411  9153364  2305128  394314810867205 11149307
             512       8 1245198 3935921  3416234 1380029812228612 533388611890078  6913731 11890078  3178578  403198913125514 13800298
             512      16 1182788 4264168 13125514 1425844112812277 562740912159372  7120034 12513642  4062499  396498911890078 11695808
             512      32 1115801 4830023 13454450 1425844113125514 2927276 3823789  7415052 15492836  5333886  2623324 8240175  4031989
             512      64 1336654 4062499  7625698 1000638211956277 5497749 8115612  5497749 14647454  4652146  3368013 9153364 13800298
             512     128  912420 4031989 12513642  4124926 3823789 616010712513642  7440744 15058289  5687020  639872012736290 13125514
             512     256 1251730 5069466 11385757  911451512159372 609022711632454  6554972 170281254  4786957  827191612159372 12812277
             512     512 1100928 2723120 11385757 1281227712736290 2996719 9690312  5955118 12513642  5873678  284581310245071 12812277
            1024       4 1166599 3369628  5474005 11747356 9489304 3322705 9145790  6210087  7474559  3415178  261950310667773 10884042
            1024       8 1299689 4411377 12951808 1405368811779575 288521711910237  6442985 12043830  4475736  330226712646711  6027082
            1024      16 1119177 4415913 13438092 1405368812797441 5121522 8124999  5043341  8683518  3470368  3631765 7474559 11747356
            1024      32 1064266 4266758 13313129 1424006912646711 602708212043830  7814552 13109944  4763656  522749213150084 13872122
            1024      64 1418130 3448079 12646711 1315008411023721 606110312043830  7758090 15251397  4849720  474261613480269 14053688
            1024     128  890404 4283780 12355657  599343913313129 635715612043830  7272069 16049269  5391546  572195812499490 13651658
            1024     256 1410678 5067142 12043830 1264671111910237 5474005 9324492  6821616 13271990  5278892  373601610884042 12320214
            1024     512 1424244 4899511 12180455  609551212355657 609551210911694  6319739 12463219  4300939  716291811138071 12646711
            1024    1024  824431 2877485 11138071 12990983 8063979 5595236 9489304  4950335  9145790  8202585  5752614 9573914 12990983
            2048       4 1207704 2734244  5417427  7394843 9220512 2531207 8223091  4481834  6244448  3292914  4560353 5720477 10341700
            2048       8 1301976 4041159  8576115 1296375911838202 4430972 8905072  6421846 11709107  4614246  3778101 9889272 11118053
            2048      16 1317957 4285087  4912432 1198687912054164 4901220 5612093  5612093  5264693  3335105  3618930 6203859  7584185
            2048      32 1222660 3174858  7008693 1312218912963759 3932019 6985893  5626798  7638135  4677056  3599217 8038408 23240448
            2048      64 1215394 3060607 15053913 12963759 8294553 5579287 9391895  5612093 12809109  4684708  3857850 9843940  2383701
            2048     128 1437017 4840459  9754512 1094801112714312 5675125 9270266  5564829 13122189  3611323  1756413 9270266 10769573
            2048     256 1348157 3593195  4807947  4031675 6244448 4328270 5853003  6564160 12866668  3605260  3663692 7755368  7239046
            2048     512 1394331 3915887  7617814 11132462 9946527 5157226 8680108  6076588  9935023  3799828  2589192 5316832  6896159
            2048    1024  984563 3043257  5320125  6963241 4983684 3946471 6244448  5690162  6038145  4347987  4738983 6226343  8533516
            2048    2048 1305339 2375790  4728548  5837094 482957312402242 5068970  3390391  4550690  3791442  3531157 5251818  5853003
            4096       4 1043822 2209455  5224049  5997277 4428244 2185563 4019048  4288950  4606342  2090870  2409312 3761237  4410057
            4096       8 1292145 2756447  4952952  4452345 4612526 2679075 4729344  5953632  6030962  2968386  2483856 5587655  5133511
            4096      16 1116401 2569678  5000527  6616265 6491270 3592903 4011540  5834341  5826427  3162941  292791510210241  4718951
            4096      32 1417292 2864451  4133142  3828288 5075876 2955111 6105985  7062315  6862035  2994254  2403581 4964402  5674397
            4096      64 1273279 3592903  4222538  4007797 5219288 2489976 4718951  5626082  3714075  2073958  2903176 4785996  5573154
            4096     128 1221235 3699678  5339323  5818533 6481474 3934370 7024774  5997277  4702161  2442538  3416424 3468150  4586666
            4096     256 1220541 2641183  4952952  5050509 4628682 3009465 5101499  5793027  8345367  2931912  2935921 4315887  4270824
            4096     512 1158405 2698008  3785269  3935272 5190902 3436240 4284671  4370788  8536108  2990085  2807805 4209089  4452345
            4096    1024 1177702 2026737  5918763  5403134 4325667 2791835 3546181  3480093  8325147  1850160  2587481 2985409  4253904
            4096    2048 1202599 1714453  2085540  3882797 4575671 2358378 2903176  3300259  4452345  2221167  2647695 3222265  6005663
            4096    4096  984598 1690497  1471306  2489976 3885431 2425298 3300259  1990343  3266376  2102641  1818050 3396834  3470953
            8192       4 1068745 2185093  2005867  4343499 4413802 2060849 4231176  4652253  4053475  2332539  2274182 5062871  5174962
            8192       8  787153 2463132  5565581  5619284 5292129 2716268 3163119  5818150  4914423  2569603  2282491 4944123  5676845
            8192      16 1013991 3098371  4998789  4617864 4468913 2678994 4785071  6958777  5764465  3223962  3024195 5379121  4087714
            8192      32 1213798 2620558  5777065  5867831 6219394 3008572 4705130  6032669  5126321  2749964  2566340 5626645  5797535
            8192      64 1293342 2184537  5085350  5708914 6310778 3350335 5587302  7627680  5957360  3261295  3152092 5347310  4179705
            8192     128  955881 2947660  4675677  4360034 5181986 3914028 6163611  7104093  5198450  2377900  2790160 4949821  4699981
            8192     256 1327727 2277498  5519981  4409271 2490808 2014334 3572585  5894001  4300013  2221255  2188015 4992253  4503471
            8192     512 1311159 3172758  4327634  4413802 4884383 3072604 4777088  6272759  9277360  2263545  3119468 4126992  4654144
            8192    1024 1163805 2756362  4824714  5022904 4559043 3122019 3750812  6099060 10316345  1786721  1978266 2947660  4141418
            8192    2048  967999 2440216  3390670  5834947 4535572 1822545 3357537  2940345  6100143  2037266  2278102 4694843  4397420
            8192    4096  954102 1930256  3183635  2749084 3465565 1858025 3214010  2334600  3237937  1786349  2341122 2740751  3754091
            8192    8192  952542 1894913  3427538  2724236 3995963 2016225 3768088  2600722  3334080  2754373  2470393 3193696  4926401
           16384       4 1042489 2112975  4129872  4789277 4093951 1833320 4441362  3103074  2420073  2486177  1336262 5117011  4616503
           16384       8  954720 2656275  5752696  5857633 4736787 2418285 2894230  2897280  3089541  1549774  2717945 5696898  3910156
           16384      16 1145408 2664928  5750770  5893299 5538940 2394606 5368033  5655639  5352146  2137490  2468229 5781250  4226911
           16384      32 1251638 2920552  4736461  5073940 5419683 2939416 5004472  6756006  4887722  2221299  2788757 5287085  4904116
           16384      64 1188720 2855386  3816558  5123115 5632000 3145256 5916640  9449078  4110603  2585420  2958015 5955610  4300178
           16384     128 1170198 2456670  4935109  4464445 3794431 2927271 5526023  6512082  4530971  2180144  3317920 5352563  3060781
           16384     256 1281013 2465660  4248864  5409018 4092001 3637565 3960408  5468852  5280178  2355777  3303882 5044515  4865918
           16384     512 1138406 3196758  5369711  4710810 3665310 3440513 3941328  7281448  4004022  2524909  2417945 4732547  3915726
           16384    1024 1096728 2338302  3872259  5448473 4276894 2536559 4072600  6367860  7713825  2657508  2064788 3877065  4395061
           16384    2048  991714 2705426  2852778  4078643 3336121 2577662 3624136  2894230  6332651  1549145  1075411 3689911  3830600
           16384    4096 1120804 2043421  2964268  3405560 3162917 1470073 3204360  2429742  3074475  1982124  1908470 3447763  3036840
           16384    8192 1135247 2067148  4146819  2981113 4210852 1837192 3022282  2693338  3035230  2053926  2706704 3212599  3759556
           16384   16384  946945 2090605  3315839  3190080 3463227 1987340 3297224  2392188  3014460  2453775  2248702 2846869  3177689
           32768      64 1051233 2678881  4637315  5156291 4246187 2833873 4563256  5637917  4753105  2670812  2126135 4395991  5928536
           32768     128 1188151 2835101  4686492  5086636 4215063 2766617 4469761  6065906  4409672  1669435  2610792 5086636  5740589
           32768     256 1161404 3086947  5659275  4779552 4512911 3298222 4729715  4948366  5308242  2480551  2690575 4292336  5231064
           32768     512 1240170 3103257  4794056  4590692 4400072 2865603 4748999  5918069  4253415  2221572  2599829 4464389  4775898
           32768    1024 1110926 2568634  3718223  4044509 4439441 3187536 4216745  5871298  3622380  2406919  1299651 3230618  3068476
           32768    2048  770723 1754914  2679507  3788638 3954666 2186442 3737230  2278889  3624386  1633734  1606034 3595655  3535260
           32768    4096  952422 1893447  3262133  3027115 3656398 2445898 3418997  2245455  2935938  1884387  1716321 3700503  3080857
           32768    8192 1021861 1936534  3178910  2911187 3214073 1860133 3889420  2802839  3148614  1964154  1839666 3957057  3447816
           32768   16384 1035098 2000956  3154395  3218212 3094523 1361987 2982123  2173820  3136614  1856439  2133594 2844666  3190348
           65536      64  232432 2486084  4714109  5751833 3653075 2470821 5156254  6983045  4175850  2620515  2838398 3962740  4686781
           65536     128 1181809 2519744  3736398  4033270 3751799 2948618 5064576  6805321  5166818  2578940  2991978 4884581  4847284
           65536     256 1240274 2957946  4702979  5208328 3935619 3044773 4477669  6792037  4688140  2580150  2878043 4780850  4440704
           65536     512 1322433 3175040  4429041  4643316 4296000 2964103 5025042  6090179  4797957  2671321  2887809 4323229  4547900
           65536    1024 1140011 2891910  4707731  4747327 2846776 2834476 4907604  5380625  4494655  2167266  2435746 4799381  4599342
           65536    2048  994537 2302167  4120699  4072831 4220215 2444280 4117366  3048318  3917782  1087825  1934593 3696304  4100598
           65536    4096 1146654 2249085  3694217  3777320 3376230 2309149 3365648  2643524  3792590  1695232  1759313 3253546  3457078
           65536    8192 1080275 2141217  3259372  3223141 3214133 2158993 3505353  2551814  3222347  1628147  1582389 3173501  3220913
           65536   16384  989742 2217425  3571623  3559413 3179484 2256897 3440764  2641618  3716243  2067970  2182859 3251468  3817557
          131072      64 1079038 2264787  4727918  5322984 5354454 2654086 4832482  6308184  4674491  2433650  2855479 4620743  4847182
          131072     128 1110028 2397386  4868947  4768683 5071285 2444417 4868041  6252581  4930872  2201377  2378498 4566017  4968079
          131072     256 1151329 2646204  4957327  5212605 4764178 3131055 4810367  6637910  4875294  2432530  2436325 4622725  5009227
          131072     512 1036126 2607521  5097902  4649427 4835160 2722323 5004257  6346415  4981675  2285909  1868236 4304665  4491373
          131072    1024 1114785 2223287  4808726  4774730 4623191 2485192 3915037  4817069  4570002  1837286  2318670 4538649  4722963
          131072    2048 1025402 1798141  3982883  4000126 4017402 2136395 4186012  3590040  4300254  1633782  1613333 4006481  4175996
          131072    4096 1055934 1954141  3167277  3220528 3366423 2286556 3427349  2486810  3143139  1541155  1634195 3732127  3627778
          131072    8192 1024431 1899734  3126052  3531509 3704264 2157676 3483819  2512151  3293931  1487307  1669556 3399690  3654596
          131072   16384 1009979 1951927  3271409  3399522 3368857 2007971 3685737  2201748  3420546  1822268  1681443 3686652  3426537
          262144      64  147426  145882  5025566  4867774 5143418  127647 4697992  6871406  5020747   149211   141301 5573027  5732546
          262144     128  148216  136304  3906824  4298920 5272005  122086 4728785  7340471  4914488   166289   145993 5242144  4855500
          262144     256  126491  150108  4498164  4826364 4709220  140929 4368122  6434234  4849482   158409   148642 4564815  4460663
          262144     512  153424  143513  4908695  4954817 5009447  140008 4714409  5851030  4644078   152897   149078 4683643  4928719
          262144    1024  156755  126067  4663421  4752515 4835981  149393 4456414  5919480  4621629   162191   163322 4756915  5000561
          262144    2048  156033  142043  3938705  3882064 3766913  146267 3948365  3306765  4099907   146274   155115 3782750  3872261
          262144    4096  153918  135009  3598212  3516641 3522352  140996 3423141  2593147  3367161   164601   149674 3447635  3314291
          262144    8192  158010  116891  3278516  3582969 3655964  138182 3715776  2680574  3705220   180943   138526 3167712  3311576
          262144   16384  155400  126863  3299274  3365522 3409342  156706 3645249  2629670  3362589   174954   189295 3402126  3511508
          524288      64   53869   73111  4770109  4909064 4496854   27369 5263029  6552949  5350699    82385    79787 5183996  5362194
          524288     128   79309   71218  4928770  5403475 5147555   45222 4854113  6699404  5030448    79523    77115 4771765  4752213
          524288     256   76844   63594  4454181  4573222 4568994   42795 4820636  5727732  4259001    71879    71893 4352195  4443381
          524288     512   75591   65004  4475657  4650664 4692494   56863 3981043  6199817  5056741    71940    70137 4607420  4873877
          524288    1024   71664   68802  4321957  5014377 4276128   56081 4519804  6307674  4588395    72813    68656 4754278  5063634
          524288    2048   72059   67198  3551987  3234587 3538657   58449 3624005  2291468  3740690    75836    72285 3953573  4187366
          524288    4096   71834   73936  3613934  3445364 3470907   78270 3461766  2543309  3510654    80626    80328 3325687  3388625
          524288    8192   80573   72061  3456656  3401530 3764409   67577 3335296  2413049  3224541    82778    73431 3629999  3681614
          524288   16384   79653   75099  3239385  3267364 3490038   78299 2933342  2596296  3351001    84180    76008 3496770  2590702

iozone test complete.
