	Iozone: Performance Test of File I/O
	        Version $Revision: 3.420 $
		Compiled for 64 bit mode.
		Build: linux-AMD64 

	Contributors:William Norcott, Don Capps, Isom Crawford, Kirby Collins
	             Al Slater, Scott Rhine, Mike Wisner, Ken Goss
	             Steve Landherr, Brad Smith, Mark Kelly, Dr. Alain CYR,
	             Randy Dunlap, Mark Montague, Dan Million, Gavin Brebner,
	             Jean-Marc Zucconi, Jeff Blomberg, Benny Halevy, Dave Boone,
	             Erik Habbinga, Kris Strecker, Walter Wong, Joshua Root,
	             Fabrice Bacchella, Zhenghua Xue, Qin Li, Darren Sawyer,
	             Vangel Bojaxhi, Ben England, Vikentsi Lapa.

	Run began: Fri Oct  4 07:06:24 2013

	Auto Mode
	Command line used: iozone -a
	Output is in Kbytes/sec
	Time Resolution = 0.000001 seconds.
	Processor cache size set to 1024 Kbytes.
	Processor cache line size set to 32 bytes.
	File stride size set to 17 * record size.
                                                            random  random    bkwd   record   stride                                   
              KB  reclen   write rewrite    read    reread    read   write    read  rewrite     read   fwrite frewrite   fread  freread
              64       4  489126 1188789  3165299 1597288510402178 4274062 3057153  4897948  4897948  3541098  1226821 3541098 12902017
              64       8  627470 1357066  6421025 1597288510402178 4564786 4897948  5860307  5283570  4018152  3791156 5389653 15972885
              64      16  561808 2772930  5860307 1290201712902017 4897948 5283570  5860307  9318832  3203069  3363612 4897948 10821524
              64      32  186051  532815  9006179 12902017 1279447 1780008  296349   243190  2203800  1083249  1188789 6421025 15972885
              64      64  679917 1638743 10821524 2096219120962191 5860307 3057153  5860307  4018152  5283570  3541098 5860307 12902017
             128       4  711270 1755594  3867787  4012317 9795896 3053774 4135958  5325799  3560017  3982553  2035099 3560017 11720614
             128       8  895074 2098744  4557257 1588107814200794 5603747 5379161  5122535  6045455  3380677  3199360 1939522 14200794
             128      16  864797 2248149  4407601 1588107814200794 5847904 3124872  6727225  4934216  5122535  3359523 6406138 15881078
             128      32  852438 2608629  5122535 1863766415881078 6406138 3445772  7176872  4596273  5325799  3759450 5325799 14200794
             128      64  983630 2286447  7082197 1863766415881078 6045455 3380677  4407601  6727225  3445772  5603747 3759450 16365173
             128     128  800337 2453642 14200794 1863766414200794 6114306 4135958  6114306  4135958  3867787  3124872 5545860 15881078
             256       4  817898 1729594  5841722 1345445010245071 3756894 3770085  5810112  8534922  3994490  3511189 5242734 11091721
             256       8 1011241 3545976  6249745 1516462412228612 5117791 5217259  6891544 10758322  4840911  1243036 6249745 14353744
             256      16 1195962 2812272  5971678 1495343513454450 5320671 4496299  6398720  9778562  4332998  3465855 6107548 15164624
             256      32  828628 3009318  5810112 1607260814164395 6554972 4009406  7518900  5569035  5455847  4070199 4819184 14953435
             256      64 1163562 3654598  7571923 1495343514164395 5938650 4404088  7314033  8534922  1306564  3705040 5971678 14953435
             256     128 1208072 1190657  7120034 1495343512812277 6107548 5242734  6213578  7518900  2754556  6554972 5428265 14164395
             256     256  731030 3756894 12228612 1345445011207494 5810112 5428265  5320671  5971678  5810112  4819184 5687020 13454450
             512       4 1007827 2782414  5886650 1279744110044089 1910902 3182373  5509113  7410080  4030519  3122224 5331314  2815243
             512       8 1236455 3177664  3678421 1424006912499490 2327124 5227492  6551087  8844453  4305250  3795443 6086873 13872122
             512      16 1026126 3742527  6551087  291063513522711 2471765 2958758  7211022 10911694  4916336  4163357 5886650 14240069
             512      32 1276891 3527371  6395018 1503780114240069 6086873 5684095  7900804 10044089  5331314  4447925 6018636 14628067
             512      64 1115688 3970896  6338392 1547114914628067 3684733 6246213  7647578  9304292  5398323  4701087 5822804 14628067
             512     128 1350783 3905895  6843354 14628067 4420457 5886650 4961773  3437042 11138071  5067142  4340054 5331314 13109944
             512     256 1411141 2207515  7647578 1162022411877300 4571003 5566231  6395018  6843354  4204110  5951911 5566231 11877300
             512     512 1258188 2638816  2725905 1319046913190469 6018636 5886650  6156675  4195896  4271001  4571003 6018636 13438092
            1024       4  814550 3251778  6059442 1279003710039528 3794792 5151040  5853003  7369466  4339202  1802483 5444898 11018226
            1024       8 1036478 3722435  4507705 1330511611132462 4014717 5720477  7020149  9142007  4507705  3411938 3680961 14044758
            1024      16 1372717 3849207  6364746 1368670912790037 5277632 4304412  6963241  8199542  4826859  4339202 6327241 12790037
            1024      32 1328146 4199201  6402699 1482016113863422 6172653 3684119  7420395  8822754  4574926  2861774 5853003 12492426
            1024      64 1335165 3606774  6025439 1386342213305116 3271594 6093831  7811791 15080341  3722435  4249053 5660167 13472053
            1024     128 1379773 2694787  6441107 1330511612944224 6280976 5782087  7826025  8840915  5444898  3618930 5813392 13305116
            1024     256 1380217 3390391  6519323 1161411812313351 5200941 4339202  6025439  8408221  4654248  2746483 3057339 11368190
            1024     512 1416169 4033569  7113161 1136819010990032 2409105 3040026  5096034  7699755  3403826  4972145 5089995 11614118
            1024    1024 1223705 3189002 12492426 13142265 5536137 5417427 5303701  4762630  3101494  4995276  4130547 5593820 12790037
            2048       4 1086397 3043048  5549749 10959265 9653719 3638560 5071381  5611381  7903836  3955204  2394870 4096676  9752360
            2048       8  965616 3038742  6225466 1263586712345306 3835124 5659442  6359119  8431376  4550221  3657149 4412322 11502234
            2048      16 1360715 3093459  5735012  673294812416686 3969827 5659442  7582884  4889518  3710866  4136128 6280083 11202231
            2048      32 1368084 3962502  5868220 1198363012959958 4086930 5769681  7933034  4611288  3751381  3611028 5933071 11900619
            2048      64 1381061  692356  6340344 1124623011835033 4741090 4112366  7969835  4717655  3677503  3483621 4948672  7616502
            2048     128 1455475 3436240  5735012  649863612561952 4006862 5433896  7318020 10889797  3302797  3650932 4347560  6220958
            2048     256 1392253 3127245  5884299 1072661512345306 5670651 5319484  5212953  6851089  3024831  2429413 4886737  6097316
            2048     512 1203273 3030166  6340344 11305435 7940367 4112366 5293261  4330028 10240672  4738475  4014352 5738844 10607402
            2048    1024 1216738 2727131  7911115 1107227510037248 4120256 3506373  5507054  7782107  4611288  4441984 5420181  9308497
            2048    2048  719617 2367804  3717289  5156624 5461535 3991965 4265523  4048407  5264067  4016229  2741930 4818211  3857514
            4096       4  904165 2276744  5304384  6459069 5627567 2536221 4669958  5681538  3945943  2306082  2233528 5291314  6439700
            4096       8 1374960 2647616  5190597  6769576 8292220 3643812 4428023  7073381  4576653  3549702  3045101 5936773  6408472
            4096      16 1317797 3155856  5382492  6500617 8865630 3650781 4510565  7173805  5204750  3543113  3354915 6140479  7392988
            4096      32 1250736 3012001  6321227  6669706 9023961 4257917 4869845  7225093  7473388  4376138  3351642 4442909  7085049
            4096      64 1285648 2813233  5114874  6263611 6178018 3831537 6077484  8142867  7326777  4145915  2965725 5875858  7314299
            4096     128 1203256 3886139  5367357  4894820 6321227 3859945 5640500  6987078  5759634  2932315  3430618 5657217  7012747
            4096     256 1171902 4003879  5454263  5744227 5565581 3747131 5299475  7249484 12718238  2909472  3290024 4813898  5411313
            4096     512 1195886 2771480  5920406  6094733 5859825 4298399 5482110  5396016  9503161  3335375  3343814 3980686  4302706
            4096    1024 1123175 3703511  4654774  4751325 5125556 3458937 4540367  3021005  4882301  2110340  3150647 3696339  5894001
            4096    2048 1070609 1982489  5000244  4791076 4719996 2798112 2834585  3276221  3882626  2864359  2987904 4067390  2870101
            4096    4096  958815 1900679  4188367  3814522 3834958 2110340 3621537  2209400  4540367  2765680  2329851 4395170  3202328
            8192       4 1013597 2920552  5059743  5126937 4464155 2305124 4882166  5417973  5113965  2885722  2337269 4491583  4009863
            8192       8 1189667 3278036  5155399  6334986 5672914 2589122 4905866  6580049  4958969  3054523  3152036 4039563  4979812
            8192      16 1232821 3647605  6229323  5424817 6444296 3563251 6158977  7706040  5701152  3119697  3515851  994297  1076068
            8192      32  845158 3169189  5165475  6456406 6596471 3964979 5221205  7613830  5421393  3172701  2800577 5225175  4633311
            8192      64 1228546 3805147  4551075  5120061 5558204 3034024 4543252  7386322  4760413  3267748  2740709 4844308  4827293
            8192     128 1335717 3506880  5830794  6072979 5817959 3756063 5435974  7543623  5210911  3300391  3118564 4628318  4135340
            8192     256 1342711 3721887  2033745  2335204 5665431 3711835 5599873  6725591  4937591  3174166  3349292 4776959  4702429
            8192     512 1331834 2649414  4759753  4614643 4067778 2888633 4531269  6085887 10651521  3027341  3005100 4253598  4120956
            8192    1024 1064434 2545768  5237121  3778367 5034537 2633171 4652131  4579585 10894690  3460611  2414971 3789200  3356162
            8192    2048 1035905 2141753  4949683  5479317 4955393 2693021 4832725  3611945  6431028  2678744  2243709 4689593  4891201
            8192    4096  996113 1825334  3129072  2730689 3247978 2571296 4156350  2526859  3431922  2060825  3303247 3061326  3149436
            8192    8192  976383 2101024  2647780  4231596 3523423 2768534 3688327  2548033  3837016  2269946  2168928 2981113  3380930
           16384       4 1077465 1858247  4808986  5533055 3059528 2093012 3318530  2891649  2544053  1916016  1959114 5274831  5414049
           16384       8 1108221 2989778  5862033  6227520 5375089 2708604 3221305  3742319  5521940  2661502  1764580 5263115  3659611
           16384      16  981078 3164054  6010201  3332207 4888002 2723417 5076866  6676457  6019150  2971935  1429041 3491168  6189936
           16384      32  663560 3349097  6287346  2941531 4847317 3215727 3206275  4357385  3786446  1934571  2763835 6248471  6236563
           16384      64 1350491 1843392  6154457  5655548 5618556 3257185 3447729  5642083  5149144  3223269  2106744 5643473  5555420
           16384     128  985680 3564139  4571604  4955681 4150026 1940033 1408537  7702417  4059561  3323344  2769404 4265427  4808986
           16384     256 1316091 3592084  4772581  4496228 4350488 2905464 5330063  5775325  4915624  2570412  2733818 5806066  4521968
           16384     512 1397452 3623144  5779211  2280326 2007298 1681259 4325296  5416182  4689211  2647761  2654613 4523456  4918791
           16384    1024 1178543 2738394  6109046  2802039 1668604 1665894 3779573  2297864 11602520  2728825  1650926 4023669  4208481
           16384    2048 1003368 1859302  4882098  5221128 4701401 1987616 3040845  2431187  4041417  1736181  1993902 4939296  5107050
           16384    4096 1024764 2341235  3660391  3230238 3378238 1540871 2692051  2956845  2768958  2156053  2345550 3496319  2376208
           16384    8192  998600 2560070  3418912  2838497 3038559 2610148 3976636  2996949  3653774  2152069  3263683 3744766  3650474
           16384   16384 1063196 2662740  3587584  2677993 3534806 1853385 4197940  2618502  4328838  2730234  2170627 3144076  3237848
           32768      64 1138127 3606488  6082767  4891447 5114425 2970766 5227046  7560811  4461317  2789007  3339235 4069033  5919039
           32768     128 1366928 1897730  5035720  5336646 5398271 3342321 6021473  7086744  5216927  3348102  3068121 5372737  5615757
           32768     256  518309 2748734  4410210  5954686 5758823 3782986 4462476  6430251  4517183  2527436  2676679 4915590  5533457
           32768     512 1385420 2813212  4375391  4615327 4692542 3156192 2455064  4518520  3888409  1113201  2249159 4394839  4346472
           32768    1024 1471197 2862070  6069336  6136268 5768007 2458006 5236207  4350599  5093764  2444845  2840011 3285670  5814124
           32768    2048  917533 2664950  4399622  5204482 5305538 2931980 5211982  2828264  6571999  2095016  2249012 3168708  3665742
           32768    4096  821090 2013763  4398355  3539066 4298620 2459722 2725675  2688092  4417298  2134317  1865860 4163201  3342646
           32768    8192  793129 2192435  3014818  2847424 2744398 2101037 2769673  2829195  3411258  2153243  2228048 4374277  4236346
           32768   16384  996896 2352689  2951816  3665742 3891602 2366747 3760319  2436307  3621980  2149572  3073060 4036409  4143620
           65536      64 1251499 1859484  5806363  5134084 5127668 2998271 3445975  7903376  5009638  2622810  3332467 5013842  5878131
           65536     128 1318442 2768050  4504880  4475540 3759332 2661693 4496479  7810183  4420054  3002364  3457287 5033489  5804769
           65536     256 1037651 3691132  5472188  5801706 5140421 2953142 4322128  6865973  4472846  2629937  3328875 5547731  5537895
           65536     512 1424852 3407275  4415297  3711616 3844671 2924674 4836265  6750803  4693167  2426539  2339888 5894644  5437333
           65536    1024 1208834 2798656  3908134  3736845 3846931 2382002 3736185  4816014  3833679  1444317  1614262 3764738  3717288
           65536    2048 1183065 2219302  5066985  2968642 2872863 1504500 2826281  2538799  2419640  1797682  1538830 4892562  3747493
           65536    4096  881061 2183220  2870733  2759518 2839154 2078993 2805597  2190440  2706988  1427864  1562136 2789822  3815798
           65536    8192 1092576 2154590  2736279  2736252 2870883 1643251 4342750  1896353  2742996  1553168  1581013 4152309  4115258
           65536   16384 1132962 2174240  2892787  2689770 2963010 2060943 2600429  2164191  2763375  1744228  1961328 4284269  2759435
          131072      64  954306 3043229  5911301  6111466 5817964 2589184 5711700  7654334  5832408  2731572  2777066 5885544  5926851
          131072     128 1274312 2999494  5582535  5688650 5695546 2876844 5813289  7777346  5675554  2872440  3125231 5347257  6002827
          131072     256 1314570 3145401  5169511  5748250 5565467 3079195 5599251  7455346  5530252  2765527  3101115 4560290  4405313
          131072     512 1322196 3036120  5421344  5276838 5467280 2766403 5497513  6932100  5628833  2828794  2927350 1297022  5611424
          131072    1024 1297950 1752652  5405459  4157201 4496178 2149349 5308070  6648652  3088328  1334038  2365580 5479104  5589630
          131072    2048 1129932 2364553  4555680  4870405 4900797 2509134 4739527  3627798  5086855  1808485  1832709 3748127  2427265
          131072    4096  887108 2208459  3929358  4113466 3936448 2191879 4249359  2725546  2777122  1194843  1774168 3390711  4071064
          131072    8192  881369 2298581  3856181  4119323 4157987 2382000 4055717  2909410  4219678  1900199  1998720 2275443  4194182
          131072   16384 1193212 2334530  4048668  3936787 3815342 2129830 2691137  2243692  2679150  1563841  1402245 3825937  4063632
          262144      64  127274  118389  5549422  5238169 3819554   64111 5318206  8109640  5780337   115981    92328 5516623  6373728
          262144     128  118110  118076  5256022  5765818 5442512   89243 5112323  7647403  5628309   118031   110336 3674214  5879495
          262144     256  130836  116229  5073050  5535593 5474679   97002 4337190  7035892  5506980   112860   112954 5105250  5566617
          262144     512  141215   87682  5363110  5774478 5628799  106899 5078838  6631041  5502488   114564    69154  410029  4461655
          262144    1024  120631   97070  5120585  5554132 5386388   99724 2247539  6773903  5223362   119408   118648 5118583  5547211
          262144    2048  124300  113025  3707566  4908253 4836785  120629 4270564  3467147  4648118   124103   114543 4417060  4849756
          262144    4096  121718  111531  3645597  4134702 4017525  126750 3779522  2672974  3973202   118330   126176 2374274  3949369
          262144    8192  123065  112128  3795073  3799742 3272504  125485 3793632  2725531  3939887   129496   120108 3747958  4081974
          262144   16384  116940  114718  3725594  3965021 3990130  124119 2656853  2802033  3900667   137836   137560 3506097  2354047
          524288      64   34278   54494  5454294  6191191 5678535   10290 4724420  8006848  5460823    74349    50184 5859736  6177763
          524288     128   77923   57507  5525617  5767494 5577938   22130  276386  7826574  5529938    77755    36495 2385697  5714868
          524288     256   70949   71143  5187687  5592706 5382167   24291 4913065  6719400  5432238    80173    50686 5260030  5625469
          524288     512   79540   43475  5279732  5452644 5429381   34534 5031309  6354386  5441661    80080    80904 5303390  5383497
          524288    1024   77074   36859  3917447  5572482 5383827   36389 5327377  6731742  5557428    77973    42316  598366  5483140
          524288    2048   79188   72441  4561921  3138019 4518288   40575 4366556  3327357  4501059    71604    41541 4648362  4599381
          524288    4096   81722   84648  3422157  4037921 3494718   33423 3854434  2464303  2564193    40106    82353 3792205  3822176
          524288    8192   79881   73522  3783312  3954083 3942401   79663 1549686  2593686  3866545    51977    38592 2612296  2547053
          524288   16384   46111   38636  3947744  2664294 2675826   43431 2696428  2220919  3986100    49631    74000 3899469  3906042

iozone test complete.
