	Iozone: Performance Test of File I/O
	        Version $Revision: 3.420 $
		Compiled for 64 bit mode.
		Build: linux-AMD64 

	Contributors:William Norcott, Don Capps, Isom Crawford, Kirby Collins
	             Al Slater, Scott Rhine, Mike Wisner, Ken Goss
	             Steve Landherr, Brad Smith, Mark Kelly, Dr. Alain CYR,
	             Randy Dunlap, Mark Montague, Dan Million, Gavin Brebner,
	             Jean-Marc Zucconi, Jeff Blomberg, Benny Halevy, Dave Boone,
	             Erik Habbinga, Kris Strecker, Walter Wong, Joshua Root,
	             Fabrice Bacchella, Zhenghua Xue, Qin Li, Darren Sawyer,
	             Vangel Bojaxhi, Ben England, Vikentsi Lapa.

	Run began: Fri Oct  4 07:06:23 2013

	Auto Mode
	Command line used: iozone -a
	Output is in Kbytes/sec
	Time Resolution = 0.000001 seconds.
	Processor cache size set to 1024 Kbytes.
	Processor cache line size set to 32 bytes.
	File stride size set to 17 * record size.
                                                            random  random    bkwd   record   stride                                   
              KB  reclen   write rewrite    read    reread    read   write    read  rewrite     read   fwrite frewrite   fread  freread
              64       4  435202 1460430  4564786 1597288510821524 4274062 4564786  3541098  4274062  3541098  2689580 2662899 12902017
              64       8  712397 1421755  6421025 1597288512902017 4988978 3203069  4564786  5283570  2561267  3057153 3791156 12902017
              64      16  651849 1460430  3022727 2096219115972885 4897948 2662899  5860307  4274062  3541098  2006158 3541098  4988978
              64      32  659861 1690338  9006179 2096219115972885 5860307 4564786  5283570  4018152  3588436  2298136 3057153 20962191
              64      64  752329 3203069 10402178 1597288520962191 5283570 3363612  5283570  3791156  5283570  1879725 3363612 15972885
             128       4  776042 1827299  3895854 1420079410779307 4267461 5122535  3982553  3199360  3657016  2132084 5325799  9795896
             128       8  895074 2211113  4759253 1420079412842051 5325799 3560017  6114306  6114306  4557257  2202044 4012317 15881078
             128      16  819893 1939522  3982553 1284205114200794 5784891 3199360  6727225  4759253  5122535  2464907 3867787 14200794
             128      32  940549 1878447  4104338 1588107815881078 6114306 3359523  6727225  4557257  5379161  2175277 3759450 16365173
             128      64  962469 2004703  7082197 1588107814200794 6114306 5122535  5847904  4407601  4557257  5545860 5545860 11470204
             128     128 1206978 2175277 11470204 1588107812842051 5545860 4267461  5603747  4012317  5325799  3867787 5545860 14586625
             256       4  947860 2170027  5810112 12228612 9778562 4422226 5117791  5569035  3705040  4332998  2911402 5569035 11569783
             256       8 1201314 2533571  6107548 1345445012228612 5428265 5569035  6936061  4572895  4840911  3465855 6398720 13625180
             256      16  924200 2975955  6107548 1416439512228612 5022044 4652146  6107548  8271916  4404088  3511189 5117791 12812277
             256      32 1163562 2935279  5022044 1516462412812277 5569035 4929815  6398720  5810112  4652146  3770085 5022044 13454450
             256      64 1158540 2135500  5938650 1416439513454450 5971678 3667079  6761355  9868433  3087188  4264168 5428265 14164395
             256     128 1190657 3421677  7735574 1416439512812277 5810112 5117791  6554972  6936061  4264168  5687020 4422226 12812277
             256     256 1347557 4332998 12228612  624974512228612 5971678 3557725  6107548  5938650  5810112  4755158 6073004 13454450
             512       4 1073309 2995907  5886650 12215097 9859630 4340054 5331314  5566231  5566231  4305250  3628697 5760329 11374040
             512       8 1174254 3163620  6395018 1424006912215097 5227492 4732165  7410080  6395018  5019764  4131319 5331314 13872122
             512      16 1365383 4131319  6472112 1343809212499490 4163357 5699180  6736026 11683444  4973263  4375425 5624545 13109944
             512      32 1426135 4375425  6491676 1462806713522711 6174377 4784885  7758090  7211022  5398323  3815675 6174377 14240069
             512      64 1365383 3580298  4494470 1514384613783088 6319739 5115422  7871843  7758090  5744919  4961773 6652558 14628067
             512     128 1422357 4163357  7115451 1378308813522711 6395018 5278892  7647578  9510316  5760329  5344582 6018636 13783088
             512     256 1296159 3822466  8140399 1310994412797441 6018636 5886650  6571132  8109658  4411377  6821616 6035551 12797441
             512     512 1391032 3533174 12797441 1352271113109944 5760329 5760329  5807059  6086873  6018636  4411377 6018636 12797441
            1024       4 1081363 3092561  5853003 12173747 9946527 4232305 5507740  5536137  7369466  4451639  3778101 5821271 11520658
            1024       8 1333507 3631168  6402699 1101822612639479 5194651 5958564  5330028  4130547  2916180  4265934 6529233 13643232
            1024      16 1408737 3984917  6692005 1399898113142265 5845038 6441107  7685976  7590887  4876180  4550690 6650556 13643232
            1024      32 1438461 3923040  6874084 1461839313818817 6244448 6559147  8076196  6692005  5507740  4674510 6733974 14230902
            1024      64 1406891 4114719  6874084 1482016114422045 3984917 6441107  8391792 11132462  4898425  4451639 5991815 14668318
            1024     128 1434138 4014717  6059442 1381881713472053 6280976 6128613  7590887  9946527  5444898  4634161 6280976 13686709
            1024     256 1442326 4095102  6093831 1298335312828238 6128613 5885083  6963241  9300377  5417427  5120336 5690162 12639479
            1024     512 1528563 4079544  8199542 1234875412790037 5219904 6025439  6489770  8326715  4614246  6609617 6059442 12639479
            1024    1024 1367037 4178773 12983353 1347205313142265 5018624 6025439  5991815  6172653  5983467  4876180 6025439 12639479
            2048       4  933403 3276342  5920802 10192069 9621281 3922692 4937295  5735012  7419150  3977179  3580921 5754221  9944290
            2048       8 1241354 3554251  6303124 1043980912416686 4762117 6075753  7286980  8830061  4886737  4196751 6359119 11706006
            2048      16 1416357 3111386  5884299 1170600613198923 5293261 6024617  7088541  7470770  5032754  4451191 6498636 11966935
            2048      32 1441069 3969827  6563185 1256195213748169 5582208 6220958  7477273  8464610  5080379  4365235 6568203 12257227
            2048      64 1469167 4204968  6696208 1265448214226322 6185123 6167360  6802261  8830061  5306340  4414590 6563185 12416686
            2048     128 1404776 4154130  6420913 1004899013219235 5836323 6185123  7903836 10959265  4796687  4128177 6132138 11579763
            2048     256 1494732 4223576  6321679  819020511706006 5107566 5836323  7135648 12187663  4385291  4321315 5900467 10726615
            2048     512 1442279 3812993  6780783 1112965911835033 5293261 5937172  5306340 10179991  4829046  4643695 5884299 10401883
            2048    1024 1511565 3230749  7911115 1107227510037248 5068389 5769681  5332694  8253158  2976615  5209791 5670651  7733066
            2048    2048 1252577 3324528  7207495  7670915 7582884 4188565 5319484  4221501  5345969  3677503  3806235 5345969  7189398
            4096       4  987246 3266255  5642353  6836927 7434579 2754594 5291314  5928578  5953231  3689988  3362795 5542240  5596402
            4096       8 1364910 3485604  6234064  6872481 9000323 3679713 5828019  7237268  6693092  4133944  3820460 6086096  5980170
            4096      16 1464883 3950479  6261328  7697744 9846293 3856480 6105563  7447471  7185807  4408705  3954116 5944991  7499487
            4096      32 1481431 3984379  6103394  742173210184853 4696769 6311938  7447471  7473388  3950479  3965067 6370451  7802627
            4096      64 1490556 3402085  6420447  6737716 9966244 4853336 6302675  8028705  7558881  4597474  4120064 6140479  7572208
            4096     128 1505842 4063542  6131713  7326777 9663524 4179197 5988509  7249484  7770863  4043458  3995498 5961494  6094733
            4096     256 1491074 4079948  5988509  6908408 7367624 4691638 5360658  7209932 13423810  4011358  3785107 5625724  6542703
            4096     512 1441771 3864287  5961494  6780263 8514134 3831537 5784846  6058196 11601703  3768502  4034911 5786794  6471234
            4096    1024 1532438 3754501  6302675  7138037 7027089 3938705 5696610  6693092  9614850  4091608  3889659 5447345  6122971
            4096    2048 1374410 3033808  5926533  6169144 5642353 3107900 5190597  4059701  5292944  2915397  4063542 5139356  5512011
            4096    4096 1162938 2736168  4266376  4581535 3976080 2929815 4113159  2579247  4386193  2782252  2994153 4399673  4659824
            8192       4  978859 2944580  5465373  5769116 5056765 2639238 4922735  5839713  5282208  3072825  2972345 5584401  5378116
            8192       8 1253556 3283361  5337181  6122759 5760412 2939542 5576245  6725591  5479317  3155510  3295327 6131500  5974769
            8192      16 1388002 3577348  5984134  6481984 6211306 3362731 6112956  7515572  6032463  3608531  3575859 6122759  6485654
            8192      32 1477914 3745826  5805180  6141364 6596471 3561773 6001904  7379976  6552443  3639106  3578839 5817959  5761377
            8192      64 1491320 3705031  6414221  6330318 5838720 4014079 6282859  8455064  6470997  3701837  3671773 6277120  6158977
            8192     128 1468628 3735239  6122759  6024002 6248582 3904601 5748846  6730861  6229323  3644124  3645670 5855636  6195626
            8192     256 1463872 3775046  5723946  5984134 5716328 3959496 5577150  6511465  5948908  3621463  3737270 5772993  5721087
            8192     512 1493524 3644124  5838720  5936574 6215800 3541581 5793435  7055669 11788003  3813593  3491912 5516264  5940679
            8192    1024 1427681 3517651  6239504  6145757 5905961 4131362 5465373  6781341 11620560  3263713  3267437 5550123  5906977
            8192    2048 1352063 2833604  5431677  5472336 4836126 3041813 4881472  4293461  6507765  2747063  2691123 4838169  4852518
            8192    4096 1295967 2579210  4331893  4309616 4262568 2787173 4378260  2894717  4478702  2445392  3303247 4488649  4508083
            8192    8192 1163167 2506033  4224832  4392252 4316113 2598324 4139325  2790116  4469381  2837582  2818033 4073566  4392814
           16384       4  972526 2819514  5613049  5544663 4606231 2474611 5110468  5505571  4957111  2777913  2977859 5512638  5343741
           16384       8 1184087 3103607  6264991  6180472 5435890 2745725 5760801  7022362  5659741  3048129  2677576 6032360  5962227
           16384      16 1344598 3188719  6115570  6215691 5793828 3160561 5953446  7454271  6012304  3409751  3433260 6063230  5221128
           16384      32 1409375 3557128  4789546  6138514 2067074 3696820 6072338  7795030  6198870  3609632  3260431 6248471  6258145
           16384      64 1438313 3598480  6173809  6299450 5809993 3868510 6010201  8079126  6234299  3393586  3650668 6159422  6375425
           16384     128 1453771 3578057  5849558  6061091 5785536 3555472 5746830  7772988  5921639  3174578  3460229 5964297  5951384
           16384     256 1456204 3762192  5820327  5744908 5647647 4044509 5720518  7631422  5872553  3472643  3500950 5669079  5622694
           16384     512 1441481 3554736  5914504  5876570 5951384 4011924 5710535  6886543  5853544  3413308  3424705 5570732  5626377
           16384    1024 1442268 3404177  5895729  5944691 5608926 3862422 5243037  6414703 11669509  2936126  3129187 5661139  5813926
           16384    2048 1256347 2876398  5058181  5267957 5145674 2895669 4984437  4190261  7074413  2312789  2029469 4969299  5199401
           16384    4096 1252318 2553222  4360980  4280039 4380718 2852400 4272322  2945692  4348286  2530749  2458586 4219334  4208481
           16384    8192 1263021 2584623  4242517  4231545 4118686 2747152 3809324  2772309  4191283  2310923  3295138 2519060  3646600
           16384   16384 1108972 2443202  4397256  3860686 4154291 2608959 4278973  2868833  4188218  2915325  2803525 4310375  4336761
           32768      64 1042864 3455774  5808963  6162682 6095176 3535970 4453367  4057501  2473444  2908280  3472275 6164064  6265507
           32768     128 1395506 3430844  6001489  6016991 5557623 3637702 5695816  7420386  5828424  3284963  3293622 5876521  5955718
           32768     256 1412777 3468245  5688979  5668098 5688979 3510949 5581548  7165815  5768007  2951309  3566063 5941557  5821265
           32768     512 1451449 2775994  6028075  5898969 5349941 3844252 5879790  7027319  5102463  3362848  3510590 5949015  5992854
           32768    1024 1503464 2295477  6132709  5875517 6138461 3606772 4144745  5174112  3859581  2187166  3189741 5719757  5845280
           32768    2048 1321238 2798035  3200660  4248918 4340706 1775265 4718803  3854602  6165170  2204815  2171924 4944593  4668473
           32768    4096 1189620 2524325  4187683  3973854 4222160 2540940 4169010  2923871  3719813  1997432  2031623 4066024  4153638
           32768    8192 1218875 2526831  4204722  4292846 4154643 2645355 4202665  2803343  3645711  2134980  2525671 3128532  2895963
           32768   16384 1205680 2218266  4005354  4236868 4284549 2572038 4237390  2677774  3459515  1528070  2079327 1087300  3911204
           65536      64  783510 3329560  5934093  6171649 5737284 3341826 5642363  7728278  5812502  3028763  3322999 5402813  6186651
           65536     128 1391865 3494515  5907439  6075481 5769073 2526061 4223510  7891124  5755785  3150470  3604020 5952468  6054071
           65536     256 1476403 3126568  5837808  5976931 5764959 3764481 5781814  7411943  5802195  3364816  3577471 5759885  5768467
           65536     512 1477633 3644348  5903125  5992698 5966422 3772747 5855092  7193157  5934605  3330246  3388793 5340773  5580392
           65536    1024 1452737 3488926  5928717  6033474 5641899 3769230 5845629  6853818  5805259  2999219  3163377 5917995  6054738
           65536    2048 1354867 2879062  5223253  5194235 5262653 2913978 4865284  3574354  5291934  1770426  2222675 4539774  5225735
           65536    4096 1260330 2508747  4143171  3916543 4137122 2621009 3985655  3031101  4288480  1988054  1777249 4330367  3178264
           65536    8192 1253680 2569749  4068238  4364124 4356861 2546372 4126998  2866482  4305340  2138548  2245994 4017402  4234962
           65536   16384 1255019 2373467  4183910  4250351 4248118 1763091 4263272  2901888  1884134  2076622  2601660 4018400  4221045
          131072      64 1193603 2907087  4700945  6153950 4356440 2242200 5648671  6508388  5314278  2041047  2884633 5845182  6176836
          131072     128 1276223 2837188  5883214  6041351 5561920 2937658 5794539  8026475  5622271  2832277  2864522 5952972  6091557
          131072     256 1383023 2981891  5688415  5569019 5633621 3059352 5575175  7381372  5607875  2708266  2943257 5281349  5560963
          131072     512 1329705 2986102  5619857  5526694 5626644 2932644 5584917  7178861  5601647  2705413  2152218 5646930  5669467
          131072    1024 1215158 2911613  5755833  5763920 5725143 3009280 5483038  6790226  5645074  1907756  2480457 5196091  5310377
          131072    2048 1113639 2514194  4733039  4870189 4680134 2458956 4803130  3743099  4678462  1495503  1889222 4250903  3996950
          131072    4096 1064915 2222844  4159434  4192678 4094960 2234018 3982733  2750376  4165390  1760205  1871975 4078797  4188143
          131072    8192 1200052 2254106  4186389  3938930 4111959 2366171 4257652  2949748  4196455  1843464  1898630 4093313  4311275
          131072   16384 1160194 2093934  4147166  3828921 4250345 2290069 4111959  2793221  4100763  1979698  1984285 3505451  3546221
          262144      64  131598  119220  5838410  6047991 5475579   95776 5496381  8154267  5807725   141088   125731 5957029  6217100
          262144     128  156185  131852  5803495  6018000 5823196  131847 5581566  8149975  5990491   160315   162803 5745120  5959192
          262144     256  152778  143832  5366198  5225125 5390032  136798 5202601  7527457  5668964   168043   154808 5533364  5629144
          262144     512  142162  151303  5586074  5690382 5751522  137537 5601956  7158893  5735321   162583   160095 5629750  5986805
          262144    1024  157356  133634  5533392  5861879 5811101  163350 5441031  6806823  5769660   147047   157345 5456232  5839557
          262144    2048  141965  158578  4804679  5126195 5124905  160538 4838850  3858290  4953027   157892   150982 4704159  4620247
          262144    4096  157598  151144  4091330  4082656 4085280  160644 4145161  2964092  4280257   158313   163340 4101128  4144567
          262144    8192  149626  162626  4058649  4168562 4164598  162316 3407470  2623382  4212836   166026   168167 4093249  4126044
          262144   16384  152522  147915  3806740  4209449 4269172  168474 3991173  2884344  4140369   174872   191278 3978579  4264717
          524288      64   64516   86358  6101046  6313520 5916875   27618 5272288  7980637  5835478    85979    82984 6146114  6329002
          524288     128   89577   84080  5733568  5972477 5762733   48030 5592336  8124345  5945446    85675    85592 5720354  6052183
          524288     256   89413   85161  5555308  5452860 5485054   57821 5567826  7125324  5793950    89417    85809 5560083  5761087
          524288     512   85603   80697  5606209  5789648 5762733   60636 5670365  6207164  5904610    90305    90139 5730983  5847971
          524288    1024   87692   85449  5385660  5695434 5777540   61113 5136395  5934888  4784793    88120    79275 5631030  5819988
          524288    2048   90288   83187  4189407  4999316 5108022   86489 4881361  3566919  4759679    90684    90486 3944649  4086387
          524288    4096   89850   81565  3744778  3496580 3599616   83253 4121209  2764283  3634353    88573    89017 4191715  4269170
          524288    8192   90190   83853  4061886  3796709 3647828   89044 4053500  2773760  4208682    88855    91374 4066490  3986490
          524288   16384   89609   83737  4138061  4251063 4163288   89981 4127049  2921262  4233867    93110    89298 3925720  3527519

iozone test complete.
