	Iozone: Performance Test of File I/O
	        Version $Revision: 3.420 $
		Compiled for 64 bit mode.
		Build: linux-AMD64 

	Contributors:William Norcott, Don Capps, Isom Crawford, Kirby Collins
	             Al Slater, Scott Rhine, Mike Wisner, Ken Goss
	             Steve Landherr, Brad Smith, Mark Kelly, Dr. Alain CYR,
	             Randy Dunlap, Mark Montague, Dan Million, Gavin Brebner,
	             Jean-Marc Zucconi, Jeff Blomberg, Benny Halevy, Dave Boone,
	             Erik Habbinga, Kris Strecker, Walter Wong, Joshua Root,
	             Fabrice Bacchella, Zhenghua Xue, Qin Li, Darren Sawyer,
	             Vangel Bojaxhi, Ben England, Vikentsi Lapa.

	Run began: Mon Oct 28 13:09:56 2013

	Auto Mode
	Command line used: iozone -a
	Output is in Kbytes/sec
	Time Resolution = 0.000001 seconds.
	Processor cache size set to 1024 Kbytes.
	Processor cache line size set to 32 bytes.
	File stride size set to 17 * record size.
                                                            random  random    bkwd   record   stride                                   
              KB  reclen   write rewrite    read    reread    read   write    read  rewrite     read   fwrite frewrite   fread  freread
              64       4  679917 2133730  9006179 1597288510821524 3958892 8182586  4564786  6421025  3541098  3057153 8182586 12902017
              64       8  710511 2689580 12902017 2096219112902017 5283570 9318832  5860307 15972885  4274062  358843612310336 20962191
              64      16  720041 2772930 12902017 2096219115972885 538965310821524  6421025 15972885  3791156  401815210402178 20962191
              64      32  929467 2772930 10821524 15972885 4018152 489794810821524  6421025 15972885  4897948  498897810821524 15972885
              64      64  855419 2772930 12902017 2096219115972885 586030710402178  4274062 12902017  5283570  4018152 7100397 15972885
             128       4  969421 3657016 10779307 1420079410779307 4135958 8548124  5325799  8548124  4135958  3657016 9795896 11720614
             128       8  948860 2969325 12842051 1801235912842051 532579910567140  6406138 15881078  4759253  475925311720614 16365173
             128      16 1085013 4596273 11720614 1636517314200794 554586010779307  6406138 15881078  5122535  327748612842051 15881078
             128      32 1206978 4759253 12842051 1588107814200794 584790411470204  6812590 12842051  4407601  6045455 9129573 14200794
             128      64 1040839 3053774 12542043 1863766414200794 584790411720614  6406138 14200794  4135958  560374712842051 15881078
             128     128 1048974  780556 14200794 1588107814200794 611430611720614  6114306 14200794  5122535  554586012542043 15881078
             256       4 1032636 3557725  9518507 11091721 8815202 3994490 8534922  5117791  9114515  4054829  400940610245071 11091721
             256       8 1202660 4477549 12090911 1109172111569783 521725911091721  5971678 10651598  4819184  473419212228612 12661199
             256      16 1235882 4929815 12812277 1416439512812277 568702011695808  6554972 15164624  5217259  521725913625180 13454450
             256      32 1312954 4840911 12812277 1416439513454450 581011211695808  7073132 14164395  5022044  556903512812277 14164395
             256      64 1163562 5117791 13625180 1516462411695808 449629912228612  7073132 14953435  5717301  581011212661199 13454450
             256     128 1231629 4496299 12812277 1416439512228612 610754811569783  6719046 13625180  4009406  820867712228612 13454450
             256     256 1224606 4819184 11569783 1281227712228612 568702010245071  5540300 11569783  5687020  399449011695808 12812277
             512       4 1055375 3437042 10235583 10911694 8992598 3527371 2975154  5278892  8844453  3822466  3684733 7513788 10485468
             512       8 1163439 1319250 11374040 12797441 3628697 474261610856530  6472112  3409755  4742616  441137711877300 12215097
             512      16 1230786 4447925 12215097 1279744110911694 516463210911694  6472112 11620224  5067142  419589610911694 12797441
             512      32 1110496 3963567 10235583 1249949010694336 5115422 9814569  6736026 14240069  4030519  416335711138071 11620224
             512      64 1240025 4571003 12797441 1378308812797441 617437712146009  7309196 15583417  5453155  545315512874162 13522711
             512     128 1227269 4973263 12215097 1319046912499490 582280410694336  5566231 14240069  5566231  624621312215097 12499490
             512     256 1306409 4784885 11374040 1221509711620224 574491911138071  4871723 12146009  3963567  690940811374040 12215097
             512     512 1365383 4827914 11943357 1249949011374040 5115422 9145790  5331314 11620224  5760329  576032911620224 12499490
            1024       4 1108148 3684119  9569770 10878686 8822754 3618930 8750850  4972145  8750850  3495237  290042510230845 10906310
            1024       8 1232130 4512441 11645609 1364323211773301 463416111773301  6280976 10769573  4451639  480525812208350 12790037
            1024      16 1064479 4736370 11520658 1310217412037272 512033611368190  6025439 11936907  5042191  512033612639479 13264026
            1024      32 1338494 4898425 12828238 1386342213142265 547963212492426  6441107 12208350  5071963  530370111773301 12639479
            1024      64 1354107 5226256 13142265 1423090213472053 566016712790037  6819511 16280798  4876180  535661811773301 14044758
            1024     128 1367037 5144870 12456195 1347205312983353 506598011368190  7590887 14618393  5071963  494353011773301 10557785
            1024     256 1230718 4634161 11520658 1234875411614118 566016710354166  6569179 12790037  4609294  4972145102308451024000000
            1024     512 1412443 4195100  7020149 1152065812037272 512033610769573  6208343 12037272  4470172  655914710769573 12313351
            1024    1024 1359680 4674510 12037272 1279003711018226 5479632 9485232  5623115  9485232  5277632  3999762 9855234 11132462
            2048       4  883119 1430271  3953383  6498636 9228493 2653011 8198022  6523312  6024617  2622235  1716680 8398403  8866519
            2048       8 1276022 2896324  8830061 1170600611966935 4432815 8498106  6690992 11642543  4367454  4257067 9359208 11320334
            2048      16 1388428 4196751  6823876 1295995811564174 4633675 9472740  6483920 10389302  4717655  4441984 7286980 13138359
            2048      32 1402711 4162181  7503399 1357436311564174 496871010834854  6873016 10673302  5184636  4686767 9653719 13118295
            2048      64 1441311 4403275  6990474 1383675213552946 432131510240672  7343043 10889797  4934459  522563810503637 13748169
            2048     128 1444219 4079167  9796850 1248889713301113 576580810143926  7262337 15048789  4699588  4521480 8128206 12654482
            2048     256 1066700 3329682  7940367 1211888411900619 5068389 8120522  8678404 12959958  4412322  4130162 7817519 10401883
            2048     512 1436010 4008732  8229438  9441504 6075753 4948672 8758039  6041567 11305435  4310472  3878414 7503399  7393606
            2048    1024 1127760 2947000 19139540  9441504 3702868 3180508 7013303  5475461 10607402  4122233  4937295 6717153  9218589
            2048    2048 1311279 2848305  5521212  5593112 5884299 3251539 4960102  3517861  4923146  3513544  3632406 5131978  6020395
            4096       4 1153181 2840208  5056165  5642353 6077484 2343197 3889659  4121052  4125010  2352824  1891888 3757786  2196407
            4096       8 1215430 2888923  4875373  4149921 5030994 2357991 4730393  5587302  3795980  3747131  3305851 5490871  6013663
            4096      16 1270061 2545616  4575434  4462528 4560858 3631489 3509816  5936773  5902100  3187474  2830848 4560858  4462528
            4096      32 1264266 1734848  5025108  5081590 5910222 3540193 5271829  8717180  5666546  3289394  2821086 5728903  4481152
            4096      64 1439235 3390670  4476482  3904688 7670249 3271230 5119446  4740836  4740836  3468014  3438858 5001700  5107271
            4096     128 1179708 3461725  5625724  4491697 7377115 3305851 3980686  2728780  6186918  2623759  2280673 5170290  5044289
            4096     256 1452989 2102591  5238075  5032468 5520868 3456153 3751222  2340643 12379160  3482778  3212508 4231697  4121052
            4096     512 1454096 2807716  3273724  5075585 6804432 4011358 3846119  7431363  8962759  3199942  2623759 4015108  5211065
            4096    1024 1330761 1796530  5944991  5728903 3828122 3419011 4467170  5572803 12264277  2641104  3346419 4344048  4423462
            4096    2048 1139716 2050151  3761077  5542240 4627193 3131694 3720353  2732686  3162828  3016231  2603876 4284464  3084464
            4096    4096 1168952 2079181  2493158  4922872 3518442 1949642 3410188  2381526  3543113  2502236  2159412 2391139  3143154
            8192       4  920955 2964907  4248864  6616796 4641448 2020708 3283361  4192867  4464155  2187987  2044881 4352746  4035293
            8192       8 1124969 2899848  3167728  5104089 5069448 3132781 5227560  6758664  3323375  2749041  2243124 5535816  5591672
            8192      16 1198004 3164228  4913584  3701837 4338457 2990714 4540851  5357988  4325349  2522221  3057785 3341150  4530672
            8192      32 1359231 4031505  4964702  3540122 4466476 2623119 5802240  5992483  3584813  2948876  2897891 5603526  4699856
            8192      64 1156706 3059963  4461836  5572627 5834754 3154351 4513413  5970616  4961834  2884511  3125372 4079854  5847664
            8192     128 1490027 3403367  5347980  4735482 5097274 3404716 4844991  6670750  4928384  3311205  2544825 5278151  7407022
            8192     256 1230790 2621518  3938166  4164914 4164410 4053382 5016894  6877717  5595314  3045588  2789210 4597355  5483690
            8192     512 1469193 2222952  4735482  4732873 4558321 3158120 5010310  3906377  8198838  2881366  2675407 4902367  5701152
            8192    1024 1110176 2818033  5382328  5446314 5407741 3319202 3017239  5838720  9153307  3068160  2239469 4203126  4478702
            8192    2048 1245017 2485548  3842595  4313945 2818958 1950395 3963606  4100302  4207758  2683347  1943555 4793620  3671773
            8192    4096 1185562 2179383  3379600  2672909 3586684 2492218 2820115  2633171  3400336  2161424  2475698 2981113  3820802
            8192    8192 1019522 2119557  3740525  2531513 4011735 2591661 2912136  2332667  3541581  2562284  1994087 3068160  3912159
           16384       4 1070850 2192092  4335666  3845994 3796067 2181930 3989333  3165365  3547030  2079710  2742547 4702688  4746211
           16384       8 1221141 2937256  3766522  6237129 4389953 2731971 5368371  6065906  5514850  2612629  3215125 4251178  6399769
           16384      16 1155438 2692051  5204520  4641387 5354150 2690365 3358755  3012320  3148398  2416483  2959519 5434171  5531719
           16384      32 1290075 2681546  5405531  4251178 5641619 3223269 5393229  7031703  5535284  3083138  2862261 5249445  5702953
           16384      64 1171711 3322059  4998214  5542427 5269572 3480735 4665018  7850240  4142521  3344370  2759175 5196256  4231545
           16384     128 1300918 2945692  5475740  4926195 5681264 3267562 5045925  7301412  3744766  3228417  2950498 5643473  5142593
           16384     256 1398789 2853821  5561265  6192167 5221128 3075136 2765726  4503594  4743590  2475324  3117263 5429019  5259490
           16384     512 1117975 3009022  4138280  4299318 5601611 3180013 4320673  4372634  4713332  2904481  2637092 4080776  4417325
           16384    1024 1255108 3191829  4096100  4790881 4998214 3261204 4141522  5421738  8303660  2217057  2349961 4654590  4664068
           16384    2048 1025039 2183039  3921492  4589312 3838689 2229139 3740689  2704447  4269933  2315127  2007122 3757050  3905668
           16384    4096 1072454 2251192  3353837  3313889 3387898 2118173 3613618  2607672  3328656  1852136  2026716 2835101  3484441
           16384    8192  943666 1885628  3434118  3038022 3464590 2471140 2894694  2312556  2961560  1954211  3229024 3909223  3247642
           16384   16384 1099515 1923201  3750898  3880525 3604898 2739376 4145769  2190694  3952846  2521001  2257330 3625438  3706790
           32768      64 1273092 2736148  4544667  4875484 4641983 2661286 5805773  7402003  4934297  3017002  2669505 5050524  5862984
           32768     128 1253366 2951816  5709540  4517777 3722836 3071892 3976728  6336861  4691741  2401611  3098625 4591275  4710070
           32768     256 1308159 3582796  4367327  5320326 4560653 2892915 4265004  6032308  5058331  2865591  2430835 4742085  4787178
           32768     512 1076974 3057269  4632752  4764277 4761306 3129387 5381573  5756893  4120267  2673659  2789686 4506667  5492328
           32768    1024 1225112 3075604  4617809  4969444 4386143 3485573 3941828  6422439  5398483  2392872  2389544 4257210  5200346
           32768    2048 1105056 2411387  4041513  3915438 3524183 2135279 3988268  3347123  5185630  1700202  2148866 3913988  3922926
           32768    4096 1104301 1991124  3182945  3057813 3393235 2269699 2926985  2638550  3494879  1886684  2069090 3335912  3696304
           32768    8192 1048137 2404636  3402644  3619976 3666622 2407669 4004887  2475315  3638087  2073773  2090078 3392481  3996618
           32768   16384 1143972 2403921  3995224  3373910 3480453 2180885 4114593  2489393  3661250  2102644  2341745 3685994  3207532
           65536      64 1017403 3277123  5596070  5321645 4472846 2866452 4665447  6430072  5372612  2871363  3039985 4990991  4791417
           65536     128 1134013 2948074  4678151  4324100 4841632 2924550 4630551  6543184  5398887  2591994  2838275 4582917  5373137
           65536     256 1189835 2838158  4790582  4411117 4883089 3040825 4738718  5262250  5249588  2559413  2857572 4786411  5437763
           65536     512 1214415 2916080  4471318  5523429 5248385 3473057 4556480  5563788  5119645  2629736  2721137 4429313  5063811
           65536    1024 1188991 2966912  4475322  4731214 4701998 2851377 4960727  5769073  4842997  2191330  2261665 4876937  4868214
           65536    2048  826962 2078459  4043701  3659973 4313853 2456662 3664901  2954443  4067275  1826069  1785480 4013940  4079650
           65536    4096  988595 2174756  3386163  3244974 3255311 2314141 3128525  2185042  3462034  1722456  1678481 3463473  3521330
           65536    8192 1014377 2296125  3352913  3340079 3163231 2182873 3626366  2481299  3566193  1959567  1749591 3086095  3577099
           65536   16384 1051368 2158058  3587088  3253077 2948359 2213975 3416508  2223521  3523858  2132294  1988715 3544808  3665145
          131072      64 1155736 2631911  5310018  5629986 5317363 2835520 5129428  6691787  5247273  2261617  1829842 4752433  5110831
          131072     128 1038876 2512505  4285899  4520170 4401645 2058649 4706498  2579998  4923268  2262473  2424161 4823273  5213881
          131072     256 1161150 2652854  4433807  4676472 4632846 2859085 4527205  6265680  5140844  2464357  2393449 4509751  4528026
          131072     512 1062156 2441494  4973734  4811748 5092368 2648611 5233038  5911873  4588532  2288467  2347239 5099453  4929360
          131072    1024 1148142 2481857  5017494  5007895 4808760 2627056 4814066  5844126  5172526  2355203  2496894 5125364  4630895
          131072    2048 1061372 1980746  4253535  3906990 4217671 2139112 4106890  3137270  3879940  1646794  1677763 3558363  3776422
          131072    4096  933295 1775342  3288548  3599696 3362733 1972757 3357722  2538680  3564269  1637885  1674890 3327964  3337703
          131072    8192 1016692 1837420  3349559  3475687 3462291 1994732 3207054  2549346  3072844  1629317  1602325 3363144  3489941
          131072   16384  991836 1972722  3722368  3167529 3493400 2054226 3283931  2461731  3056205  1772966  1779762 3072981  3442023
          262144      64  151975  146302  5197658  5573615 5300337  117532 4822529  7640229  5314633   141654   133418 5073939  5206124
          262144     128  155132  157831  4888743  5288584 5228032  119452 5023748  6922577  5197854   145649   144621 4778162  5129520
          262144     256  139680  127708  4663654  5042386 4592803  128769 4676886  6827364  5148037   151239   145124 4304858  4376134
          262144     512  128676  132274  4734319  4523067 4989800  141316 4874374  6236459  5082383   154432   145543 4798536  4309734
          262144    1024  145518  122250  4001034  4384720 4697165  125514 4651737  6087032  4836891   150684   144240 4650832  4639469
          262144    2048  154463  136212  3551556  3505907 3617328  143488 3849172  3068700  4119042   117904   138275 3837163  4186465
          262144    4096  147615  139551  3150428  3316098 3299896  152354 3314709  2457707  3515829   158330   149494 3041965  3238021
          262144    8192  146883  141035  3401556  3305312 3385250  144299 3208296  2289448  3257254   162300   154555 3416002  3582920
          262144   16384  140097  108616  3445267  2760110 2990258  140449 3526858  2480311  3376061   147177   152443 3459642  3399652
          524288      64   54066   70942  5244350  5722051 5392025   24791 5353967  7653493  5495623    74117    73156 5406475  5758809
          524288     128   75311   69085  4567047  4991135 4358896   43561 5039588  7414308  5221834    74842    73867 5131420  4831565
          524288     256   75299   72574  4792040  5091512 4971624   53384 4802925  5953220  4863838    72763    76666 4697464  4559859
          524288     512   77716   70887  4849626  5256120 5176720   57270 4719746  6490224  5120797    78022    75651 4416092  4565094
          524288    1024   76106   71433  4423358  4799329 4546998   57556 4365100  5621055  4461191    78854    67474 4527377  4538543
          524288    2048   71458   68859  3513053  3469531 3865974   61836 3857327  3266553  3946405    74828    78904 3989586  3952058
          524288    4096   76544   66310  3403345  3526784 3470544   73497 3269607  2533317  3423676    79043    73013 3137119  3635814
          524288    8192   68472   62164  3007874  3272259 3522987   59483 3415556  2221824  3288968    72424    66285 3284336  3398023
          524288   16384   66299   64173  3204948  3735281 3375707   60178 3313639  2389425  3248879    75791    76708 3451896  3678749

iozone test complete.
Timer resolution is poor. Some small transfers may have 
reported inaccurate results. Sizes 256 Kbytes and below.
