	Iozone: Performance Test of File I/O
	        Version $Revision: 3.420 $
		Compiled for 64 bit mode.
		Build: linux-AMD64 

	Contributors:William Norcott, Don Capps, Isom Crawford, Kirby Collins
	             Al Slater, Scott Rhine, Mike Wisner, Ken Goss
	             Steve Landherr, Brad Smith, Mark Kelly, Dr. Alain CYR,
	             Randy Dunlap, Mark Montague, Dan Million, Gavin Brebner,
	             Jean-Marc Zucconi, Jeff Blomberg, Benny Halevy, Dave Boone,
	             Erik Habbinga, Kris Strecker, Walter Wong, Joshua Root,
	             Fabrice Bacchella, Zhenghua Xue, Qin Li, Darren Sawyer,
	             Vangel Bojaxhi, Ben England, Vikentsi Lapa.

	Run began: Mon Oct 28 13:09:56 2013

	Auto Mode
	Command line used: iozone -a
	Output is in Kbytes/sec
	Time Resolution = 0.000001 seconds.
	Processor cache size set to 1024 Kbytes.
	Processor cache line size set to 32 bytes.
	File stride size set to 17 * record size.
                                                            random  random    bkwd   record   stride                                   
              KB  reclen   write rewrite    read    reread    read   write    read  rewrite     read   fwrite frewrite   fread  freread
              64       4  718114 2379626  7940539 1597288510402178 4018152 7940539  4643754 12310336  3588436  2923952 7940539 12902017
              64       8  688639 2689580 12902017 2273779115972885 4897948 9318832  5735102 15972885  4564786  358843612902017 15972885
              64      16  811459 1679761 12902017 2096219116983463 5283570 9006179  5860307  9318832  3057153  3958892 8182586 20962191
              64      32  780776 2892445 12902017 2096219115972885 586030710402178  6421025  7940539  4988978  498897812902017 15972885
              64      64  929467 2801873 15972885 2273779115972885 586030710821524  5860307 12902017  5735102  401815212902017 22737791
             128       4 1017175 2464907  5603747 1147020410567140 3380677 7476717  4759253  7582312  3560017  3895854 9795896 12842051
             128       8  819893 4444086 14200794 1801235912842051 532579910567140  6812590 18637664  4759253  471743412542043 15881078
             128      16 1082825 4759253  1306873 1588107814200794 554586011470204  7082197   847059  4444086   94054912842051 15881078
             128      32 1206978 4934216  1266785 1588107814200794 578489111470204  7082197  6727225  5545860  611430612842051 15881078
             128      64 1040839 3199360 14200794 1801235914200794 633059910567140  6727225 16365173  4267461  532579912842051 15881078
             128     128 1240443 4934216 14200794 1801235914200794 290505610567140  6114306 12842051  6406138  578489112842051 15881078
             256       4 1028679 3879045  5810112 11695808 9778562 4422226 9192546  3756894  9192546  4070199  241395711091721 11695808
             256       8  815414 4404088 13454450 1416439512228612 532067111695808  6719046 12228612  4929815  490728413454450 13454450
             256      16 1254656 4929815 12812277 1495343513454450 581011212090911  7073132 17096249  5347168  502204413454450 14353744
             256      32 1312954 4998665  6891544 1345445012812277 610754811091721  7120034 15164624  5455847  511779112090911 13625180
             256      64 1267990 2903529 13454450 1516462412812277 568702012228612  7314033  4998665  5810112  571730112812277 14164395
             256     128 1226004 5117791 12812277 1416439512228612 607300411091721  6761355 13454450  4672389  219217912090911 12812277
             256     256 1163562 5022044 11695808 1222861212090911 581011210651598  5971678 11569783  5810112  581011210651598 12228612
             512       4  929322 2107844  9814569 11138071 9344779 4163357 8992598  2651850  8955098  3970896  186121710485468 10641343
             512       8 1168504 4228947 12499490 1352271111620224 512763711374040  6999490  7871843  4701087  343704217630404 12797441
             512      16 1042566 4457157 12499490 13109944 3822466 550911311620224  7115451 12146009  4961773  482791412499490 12874162
             512      32 1339827 4742616 11943357 1310994412797441 610417512146009  7540170  4030519  5398323  517708311138071 13190469
             512      64 1264113 3533174  8955098 1387212213109944 624621312499490  7309196  9468384  5384786  5384786 6491676 13438092
             512     128 1242896 5177083 11138071 1310994412499490 631973911943357  7309196 14240069  5684095  631973911080601 11683444
             512     256 1329871 4485083 10694336 1168344411138071 5278892 9681823  5744919 11138071  3877684  7115451 9638369 11374040
             512     512 1108203 2357784 12215097 1249949012215097 527889211138071  6018636 11877300  2830083  588665011877300 12427157
            1024       4  986712 3251778  5120336 11368190 5169641 3314514 7356843  5363307  7883484  3880507  395191810429596 10689164
            1024       8 1204825 4570058 12492426 1347205311903823 453148511489839  7319232 11773301  4392454  478918310454984 10662628
            1024      16 1233545 4943530 10906310 1068916411249091 531025811249091  6025439 12639479  5048117  508999512639479 13305116
            1024      32 1102176 3447541 12790037 1404475813264026 3908759 5789881  7755368  5303701  5500686  545181012790037 13643232
            1024      64 1340164 4715569  8895850 1399898113686709 656917912790037  8183918 16531459  5536137  525181813142265 14183905
            1024     128 1333507 4609294 12639479 126394791024000000 930037711903823  7811791 15516181  5417427  539023110454984 13305116
            1024     256 1275301 4876180 11368190 12313351 5363307 631793310990032  6733974 12790037  5390231  3880507 5251818 12208350
            1024     512 1133893 3304314 11614118 12492426102400000025556616610662628  5782087 12037272  4826859  6918376 8137402  8822754
            1024    1024 1070048 4634161 10796646 12828238 6093831 585300310134284  6025439 10354166  5853003  5821271 5169641 12639479
            2048       4  892757 3060395  5359311  1838281 8365686 311251410555264  4875642  7726111  3751381  3682233 8722466  9752360
            2048       8 1293702 4088876  8574451 1366071310834854 3210223 6690992  5131978  5953632  3814687  2494314 6917293 12805399
            2048      16 1377297 4394265  9189005  9653719 9015410 4038890 6629029  5359311 12345306  2998435  4394265 9268323 11365268
            2048      32 1418228 4130162  6780783 13301113 8292998 437412610660056  5626082  8029434  4172290  392448410452512  8089930
            2048      64 1415191 4472047  8221561  711201613660713 458177310726615  7969835 13058467  3757946  3908414 6895083 13219235
            2048     128 1424106 4540600  8830061 1056825013038646 5083385 8643474  6845629 13574363  4741090  4213218 9610516 11072275
            2048     256 1229979 3118163  6284678  1782585 6420913 4301837 6543188  6802261 12959958  3225896  3696494 6261772 11579763
            2048     512 1397918 4104506  9140117 1066005611851361 5267294 7529708  5920802 11917129  4472047  4276140 6459541 11129659
            2048    1024 1214673 3799501  3506373  8758039 8159088 3169944 9653719  4603874 10143926  3806235  4112366 4603874  6670210
            2048    2048 1105837 2955111  4886737  6401772 4983122 3384788 2994254  2351599  1521471  2880782  3025897 4330028  4405533
            4096       4  962899 2303609  3737349  4371684 5542240 2316655 4116116  4293029  2813233  2607037  2404862 3129412  4047268
            4096       8  851381 2923832  5447345  5944991 6649056 2743596 4617244  5784846  4791076  3011473  2996764 4969868  6321227
            4096      16 1171902 3165159  4275933  5961494 7237268 2905044 4934183  9081201  6105563  3410188  2797657 5551194  4315676
            4096      32 1226012 2266830  3927001  4399673 6575257 2840208 5075585  4988629  6166930  2987384  3014114 4638436  5926533
            4096      64 1226362 2477696  2410937  4516494 6225028 2944377 4496399  7237268  3660895  2298677  3430618 5681538  6638778
            4096     128 1126193 1703877  2762123  6013663 6207035 3148338 3992713  5625724  6342230  2002127  2652521 4779081  5369035
            4096     256 1154731 2905044  4367238  2815077 5736555 2957047 3362795  4000150 12414943  2780901  2680666 4196552  4158963
            4096     512 1253016 2443861  4779081  5230102 6178018 3168077 4380601  2432442 11348794  3631489  3102848 3546770  4676314
            4096    1024 1177687 2661562  5744227  5081590 3245890 3162828 4462528  4746074  8793028  3148338  2605455 3479956  3923414
            4096    2048 1147021 2033889  4032070  4432592 3248345 2269226 3515562  2666519  2439350  2217671  3474326 2189130  3640724
            4096    4096  970131 2163764  3256349  3559262 2868184 2307321 3357537  2351214  3005151  1497051  2091839 3382659  3717133
            8192       4  918468 2357474  4045270  4311780 3865941 1695370 4734829  4923441  3325949  2345886  2564005 4821874  4196965
            8192       8 1202785 2904996  4505719  4458941 3283361 2264859 5432536  6901200  7468200  3204958  2474094 4974045  4938300
            8192      16 1103296 2975692  5769116  4989212 4751854 2181043 4821874  4716630  7013901  2817109  2480882 3919746  5785631
            8192      32 1244430 2455704  3768008  5097274 7494262 3556980 4940431  4581417  5565406  2523703  2764746 4884942  3697057
            8192      64 1191028 3129072  4383287  4934754 4923441 2693866 4953250  4964702  4790278  3376942  2881366 5274909  5245116
            8192     128 1155267 2276111  4790946  4390568 4418801 2874376 4371576  5901904  7692239  3343425  3091348 4670469  4620228
            8192     256 1474995 2744211  4643957  5056765 5050076 2849348 4357715  5126937  4607836  2861211  2382154 4404639  4807705
            8192     512 1084149 2782434  4528283  4958969 4516379 2732426 4673010  5797345 10792033  2463097  2697249 5584401  4657175
            8192    1024 1086480 2857404  4844308  4397311 4259926 2963884 3847758  6028229  9437399  2278677  2205119 5063472  4730266
            8192    2048 1134328 2203846  3430551  4625203 4083733 2997498 4929091  3036437  4571664  2128881  2411581 3416226  3688327
            8192    4096  997443 2343166  3550731  3284616 3893540 2686074 3554036  2130597  2885480  2105401  1978813 3268991  2581729
            8192    8192 1005411 2083316  3523423  3782110 3101953 2481778 2738961  2114080  2508961  2416499  2130069 3593060  3393619
           16384       4  914700 2280023  3842553  4127096 3850519 1935279 3737230  4746211  3609632  1963368  2163452 4231545  4762658
           16384       8 1046566 2581032  4773907  5975188 3969973 2478717 4012861  4747523  3727905  2335188  2607672 5693031  4772581
           16384      16 1123421 2793042  5908402  5688789 5280100 2195103 5518393  4903698  3981474  2539728  2431617 4391355  4393883
           16384      32 1042771 2799642  4873443  4522266 4620478 2435582 4808986  7111015  4253546  2394256  2263278 4133302  5734840
           16384      64 1253940 2555595  3474224  5318101 4476603 3172087 4741954  6609036  5746830  2813166  2968084 4864473  4586555
           16384     128 1158457 2855363  4423296  4777890 4588087 3170769 4783544  6392625  4421020  2725145  3345021 4229201  5064519
           16384     256 1263508 2869911  5321396  5317690 4416190 2621899 4541092  5929815  5291891  2444245  2764280 4999668  3899905
           16384     512 1224884 2994599  5809993  5196256 3927993 3260431 5075741  5756457  4539592  2590274  2793496 4661221  4165875
           16384    1024 1119286 2790774  4470488  3804895 4153035 3201942 5287006  6540472  9102151  2491930  1977322 4523456  3863291
           16384    2048 1046296 1664723  4047368  3508278 3920597 2460435 3475629  2834633  3847932  1702249  1775476 4219334  4413637
           16384    4096 1075846 1896033  3223874  3452926 3237238 2280629 3017346  2012766  3153744  2521833  1862629 3253330  3532443
           16384    8192 1012101 1973517  3195689  3320775 3360726 2362159 3353346  2497999  3213171  1911114  2611834 2743971  3285999
           16384   16384 1030960 2221572  3338197  2983806 2202772 1820441 3266475  2033974  3023453  2109201  2129990 2938260  3647374
           32768      64  548785 2602724  5336024  6272656 4810299 3157715 5112903  7570806  5483344  2609345  3027636 4468570  5347235
           32768     128 1205554 2785954  5456783  4477596 5552235 2846658 4989107  6282404  4406675  2611378  2974302 4902440  5040522
           32768     256 1170113 3014553  4340158  4550988 4197787 3120222 4525364  4853789  5174112  2618293  2662111 4748967  4800387
           32768     512 1035487 2699178  4130545  4317932 4639319 2992499 4520303  5467637  4132780  2418303  2854343 4675779  4826008
           32768    1024 1155426 2653066  4145245  4588670 4321190 3004274 4914184  5659462  3887089  2111884  2352004 3953165  3727379
           32768    2048  979260 2250559  4197787  3635681 3691340 2359434 3371179  2890603  4140500  1735782  1927647 4101087  3985839
           32768    4096 1096583 2304367  3044200  3460560 3240506 2155776 3140542  2292261  3066751  1587058  1749014 3386463  2835850
           32768    8192  795208 1838333  3180735  3147446 3339560 2197131 2388879  2143404  3180735  1929568  2067099 3741484  3696403
           32768   16384 1145574 2201248  3722029  3616357 3628003 2049162 3707971  2514212  3669755  2111333  2890117 3433758  3525720
           65536      64 1200383 3089563  5384082  4785745 4408428 2823233 4175901  7349518  5642363  2554418  2930286 4916012  4828026
           65536     128 1079121 3025796  4673458  4702963 5138499 2777195 4757582  6954215  4545705  2732580  2914132 4767649  4757582
           65536     256 1197856 3445802  4758652  4668140 4363778 3190807 4298002  4089665  4699586  2187529  2764319 5034227  5216611
           65536     512 1186794 2840621  5365166  4928617 4359763 3065001 4805070  5576996  4157899  2307187  2892148 4619113  4730481
           65536    1024 1108844 2925577  5022270  4881268 5180236 3158688 4461810  6317317  5003893  2258061  2022963 3638270  3907912
           65536    2048  922675 1793050  4147109  4007328 3826687 2305910 3359429  2538073  3307048  1775756  1893831 3218379  3544625
           65536    4096  980712 2294362  3193439  3351523 3350829 2159210 3097013  2380105  3306213  1597237  1759738 3090293  2972141
           65536    8192  973440 2128002  3400910  3216985 3181353 2241233 3316104  2633969  2757304  1846543  1818615 3335135  3330407
           65536   16384 1023487 2269883  3283229  3231090 3306730 1656082 2897636  2315681  2827007  1352234  1343970 3355819  3593184
          131072      64 1140728 2701571  5581571  5202729 5040449 2945433 5000652  6153881  5042761  2028852  2306430 4752926  5356426
          131072     128 1098020 2512838  4773188  5463368 4980718 2469793 4448553  5880319  4313846  2053482  2176881 5119779  5269453
          131072     256 1098879 2465064  4410260  4497097 4310295 2451139 4472257  5782471  4644980  2342408  2754773 4186134  4675796
          131072     512 1097692 2399446  4542430  4051175 3996834 2507348 4813307  6346401  4468549  2254300  2248657 4513379  4971440
          131072    1024 1192788 2400713  4271978  4648279 4418413 2428155 4520951  5362592  4357580  1992491  1800537 4613097  4385878
          131072    2048 1008558 2109708  4095356  3981060 4115530 2586528 4093191  3002869  4355267  1569216  1678860 3934223  3954884
          131072    4096  968471 1812863  3341801  3294756 3432652 1882926 3499182  2511874  3461027  1555950  1663754 3542861  3539417
          131072    8192 1065158 1948709  3310489  3241392 3183837 1841834 3471276  2353428  3274601  1474774  1668177 3241297  3387410
          131072   16384  942780 1774334  3326534  3284520 3525707 2121455 3130232  2232222  3194085  1770790  1878686 3088762  3253689
          262144      64  148118  113405  5154432  5233357 4822465  123593 4810944  7285016  5414184   160647   147110 5304198  5480054
          262144     128  153020  142960  4775796  4618286 4753723  134493 4771278  5912535  4637258   145335   148904 5062655  5436323
          262144     256  152779  139626  4615379  4338063 4474820  135672 4921699  6040183  4961184   138100   152269 4871307  4824243
          262144     512  158256  143583  4457549  4500941 4717966  148814 4798012  5992287  5027216   160994   154858 4550717  4990276
          262144    1024  154134  155865  4535362  4777020 4752162  156279 4617976  6166057  5089181   158640   144684 4724169  4620247
          262144    2048  150950   96215  3934685  4150403 3869397  146922 4008196  2809536  4229024   157505   150552 4159903  4116574
          262144    4096  124594  145575  3253620  3265040 3226864  162748 3406193  2382541  3344574   166538   147869 3238221  3328466
          262144    8192  137375  104233  3022149  3309182 3129473  129629 3233070  2483179  3376361   162957   168790 3187001  3198785
          262144   16384  149373  128929  3488931  3478654 3378229  152346 3264352  2458196  3345256   188490   177471 3320134  3458727
          524288      64   50044   69746  5347366  5352612 5116794   23176 4949145  7253270  5336207    79739    77799 5270444  5292795
          524288     128   80942   70419  4283014  4898193 4384010   43771 5008299  6995176  5102310    79367    77152 5288684  5036287
          524288     256   82887   76150  4532192  5046909 4749932   53161 4839146  6645727  4891622    77043    77425 4763700  4659877
          524288     512   75510   69948  4841959  4995080 4878643   59926 4882272  6459208  5095169    81398    80327 5076080  5240313
          524288    1024   81859   70648  4467581  4444547 4803544   57428 4288301  6008821  4659798    80623    80359 4430765  4705939
          524288    2048   80653   71420  3535794  3363085 3358580   63265 3816696  2760165  3412953    84018    80013 3775414  3809898
          524288    4096   83000   72427  3262061  3340905 3414909   78493 3566734  2508110  3604319    83948    80176 3573342  3618023
          524288    8192   85389   76807  3354456  3291735 3430887   79731 3345164  2528406  3398485    84928    78997 2760602  2759874
          524288   16384   83483   60977  3417360  3473554 3689439   78231 3551177  2526359  3470840    82070    84268 3242589  3378622

iozone test complete.
Timer resolution is poor. Some small transfers may have 
reported inaccurate results. Sizes 512 Kbytes and below.
