	Iozone: Performance Test of File I/O
	        Version $Revision: 3.420 $
		Compiled for 64 bit mode.
		Build: linux-AMD64 

	Contributors:William Norcott, Don Capps, Isom Crawford, Kirby Collins
	             Al Slater, Scott Rhine, Mike Wisner, Ken Goss
	             Steve Landherr, Brad Smith, Mark Kelly, Dr. Alain CYR,
	             Randy Dunlap, Mark Montague, Dan Million, Gavin Brebner,
	             Jean-Marc Zucconi, Jeff Blomberg, Benny Halevy, Dave Boone,
	             Erik Habbinga, Kris Strecker, Walter Wong, Joshua Root,
	             Fabrice Bacchella, Zhenghua Xue, Qin Li, Darren Sawyer,
	             Vangel Bojaxhi, Ben England, Vikentsi Lapa.

	Run began: Mon Oct 28 05:44:40 2013

	Auto Mode
	Command line used: iozone -a
	Output is in Kbytes/sec
	Time Resolution = 0.000003 seconds.
	Processor cache size set to 1024 Kbytes.
	Processor cache line size set to 32 bytes.
	File stride size set to 17 * record size.
                                                            random  random    bkwd   record   stride                                   
              KB  reclen   write rewrite    read    reread    read   write    read  rewrite     read   fwrite frewrite   fread  freread
              64       4  809962 2546413 13147587 3189172515412189 459515210993753  5324295 21618229  3758700  338007110993753 31891725
              64       8  940502 2453322 21618229 6077204121618229 5783117 8032879  7174140 31891725  5324295  398171221618229 60772041
              64      16  864757 2453322 21618229 2133333320006983 648127316350978  5324295 31891725  5324295  459515221618229 60772041
              64      32  985384 3070743 21618229 6077204131891725 632847416350978  7174140 21618229  6481273  338007121618229 31891725
              64      64  927503 2673204 31891725 2133333331891725 632847416350978  6481273 20006983  7174140  307074321618229 60772041
             128       4  920218 2613565 14348281 1825030712962546 4733598 6676079  5809216 10648590  4246822  411656812962546 16065759
             128       8 1094723 4733598 16065759 2629517518250307 580921614348281  7517401 21122439  5141600  509282613974794 21122439
             128      16  615383 3569214 12656948 2198750716065759 614148712656948  7025534 21987507  5346409  457234014348281 21122439
             128      32 1153526 5092826 16065759 2112243918250307 607202612962546  6141487 18250307  5809216  643598216065759 21122439
             128      64 1112877 5141600 16065759 2198750718250307 6359742 8601345  7118690 16065759  4572340  711869016065759 21987507
             128     128 1143696 3994067 18250307 2112243918250307 643598214348281  6760143 16065759  6435982  635974216065759 21987507
             256       4 1004044 3710015 12144053 1352028710587385 4339804 8843416  5951441  9903806  4000273  361022211136426 12144053
             256       8 1174236 4659992 13352159 1592684913352159 533093712282974  7091285 12144053  4916015  474231713520287 15034802
             256      16  652961 4827604 13520287 1592684914237381 582235512719484  6953516 19731703  1788326  512728813520287 15248313
             256      32  855968 5227130 14237381 1592684914237381 622758312719484  7539417 17202690  5551432  582235514237381 15034802
             256      64 1273085 5330937 14237381 1592684914237381 657056012871964  7757292 15926849  4938626  653059714237381 15034802
             256     128 1293015 5330937 14237381 1592684914237381 626391312144053  6908775 15034802  4484816  214999013352159 15034802
             256     256 1273085 1705930  1620945 1214405313520287 595144112282974  5984612  2307052  5822355  595144112871964 13352159
             512       4  964113 3606687 11644710  3937323 9655209 415842810254576  5270970  9484635  3908658  379134611102864 11644710
             512       8 1190785 4232186  7031314 1418257112527827 545854112750984  7318877  2928052  4932015  473622113470849 13907033
             512      16 1302755 4614105 13555883 1418257113141120 276945611902883  7220444 12750984  2666300  258603013817551 14182571
             512      32 1336815 4778375 14276859 1466689213470849 286172011902883  7768997 15976269  2877055  269304913907033 14182571
             512      64 1110719 4876022 14276859 1551458414182571 568994813470849  7854240 16466275  5169463  568994814182571 15078834
             512     128 1379761 5336462 13470849 1418257113470849 539003912827147  6479701 15514584  5630276  647970111397499 14276859
             512     256 1219179 5630276 12527827 1314112012827147 487602210661874  6326975 11644710  4736221  827811112455167 12750984
             512     512 1117656 2653123 11644710 1314112012827147 2908225 9877253  5876801 12527827  5941843  286172011102864 13141120
            1024       4 1096377 3075705  5068303 11785855 9664271 3270071 8189983  5567633  8066922  3971610  3982658 9308210 11379896
            1024       8 1163500 4743634 13660095 1424924912327085 360492312362567  7311614 12327085  4807348  482896813446266 13660095
            1024      16 1235457 4951444 13321152 1420213112959402 383336412470250  4412257 12804855  5092340  356897612050396 13117724
            1024      32 1259367 5020904 13660095 1444088913488494 395333112653951  7324082 12804855  5197094  524789513446266 14249249
            1024      64 1272048 5172060 13660095 1463775414016735 4061753 5953514  7889111 16815504  5475361  562597713660095 14392497
            1024     128 1139122 3493498  3749697 1383611713446266 421729612506562  7374384 16001094  3530834  3657105 5880157 13488494
            1024     256 1269041 4923066 12050396 12653951 6097193 575411111501796  4077176  6097193  5228728  584813011143686 12470250
            1024     512 1256419 4850784 12187170  606276611626336 387836411000971  6396869 12327085  3323205  737438410143585 12470250
            1024    1024 1140332 3075705  5655610 12959402 5920686 568555710025200  5856104 10780078  3554209  3346509 7262163 12362567
            2048       4 1194138 2880192  4348415  7499394 9435164 2569208 8154352  4491663  9435164  2840195  2337767 8062508 37118843
            2048       8 1078403 3611618 10457457  849296912125532 764625510344120  7415234 11776437  3879095  3611618 9983454  8256241
            2048      16 1179058 3684426 10294533  860355312550730 4064476 7137952  5547558  7820284  3961384  373732610394188 12812821
            2048      32 1210290 3786752 10444742  870821713392119 4404152 5721218  5536831  8131196  4079920  3477119 5547558 12643094
            2048      64 1377382 4632148 10508631 1347615913935263 561280611006850  8032352 12889727  4865668  4752602 9657937 13288532
            2048     128 1221129 4276967  9262212 1356126113309121 5706016 6761507  5519044 15895009  3863393  3778424 6804355 12967561
            2048     256 1201319 3131107  6631018 12125532 8032352 4520025 6565134  4995841 12967561  3709886  3676541 6240793 11311221
            2048     512 1217494 3537256  9182999 1049579011135266 5265320 7447379  5833900 11841373  4452087  4079920 7108418 11311221
            2048    1024 1370788 2917363  9222436 10895165 8569222 2126528 7108418  5374025 10136607  4366097  4876718 4808470  8646856
            2048    2048 1041656 2420779  6258982  5057611 5145469 3385306 4283365  2058249  4461337  3340545  3230006 4328694  4887817
            4096       4 1002418 2717724  4348874  4166415 5682268 2371790 2325873  4258327  5785603  2360709  2946593 4757099  5008099
            4096       8 1113954 1633157  3969088  6112925 4870382 2618715 5430794  5927328  5793407  2970539  2758304 4929071  6749333
            4096      16 1156705 3343416  5648639  4740036 7786319 3647207 5411976  3730361  5935519  1967366  2534495 3919286  5368009
            4096      32 1183478 2458334  8395096  5126150 6757297 3938153 5489798  5697344  6736101  3167720  3474599 5432512  5076167
            4096      64 1171614 3145679  4929071  5617242 7062879 3744182 4881453  5411976  5970587  4271031  2656372 4201055  6003972
            4096     128 1197669 2594199  8079256  3893527 6805479 3558811 4099799  5602587  6112925  4302047  3311196 4736116  4481607
            4096     256 1314006 2625519  5425649  4875911 5850622 3398981 5138416  6380834  9991682  3608899  2796012 5100279  3733603
            4096     512 1191770 2796012  4697268  4447958 6380834 3098588 4746584  4906547  9568734  3043153  2410730 3820790  4767660
            4096    1024 1374013 2693015  5396675  6244007 4893968 3136490 4596722  3764694  7985373  2936018  2656372 4019230  3860282
            4096    2048 1196251 2635993  4297742  2874610 3817394 2286863 3961765  3382252  1995242  2280488  3002729 4141307  4059115
            4096    4096  849461 2366237  3558074  3644113 3131345 1915810 3497233  2285646  3676869  2116681  1917734 3384917  3398981
            8192       4 1018264 2175160  5251841  4876199 4721419 2285101 5410627  3615133  4752110  2759061  2727955 3927088  3288511
            8192       8 1067655 3170180  4185915  3171643 4152024 2164336 4689201  6187134  5493675  2241278  2914208 4881742  4952814
            8192      16 1090528 2757289  5010594  5898245 6450816 3069363 5389410  5661126  6010712  2846371  2811206 5786009  5217549
            8192      32 1093443 2440250  3849650  5126469 4835710 3566353 5729089  6466599  5019378  3108798  3159394 3395091  5158796
            8192      64 1244403 2928865  5379285  5923666 6201651 3662141 4897049  5764653  5168108  2684896  2741450 5516608  5368359
            8192     128  853861 3747210  5175113  4856213 5302087 3460746 4824845  6032874  4694327  2571948  3274096 5274414  4765952
            8192     256 1298239 3474043  3266315  5696793 3984469 2219418 4816054  4215703  4644201  2772194  2812126 4646713  3184873
            8192     512 1159688 3047584  4989494  6100354 5527257 2740794 4636055  5546888  8437185  2180543  3429315 5247831  5664859
            8192    1024 1155088 2384037  3518872  4722068 6206132 2779820 4313614  5132595  8410337  2433682  3443405 4314156  4385742
            8192    2048  969589 2250674  3663703  4397530 4017547 3497737 3432055  2261786  6054134  2639317  2684267 4105882  3353014
            8192    4096  979316 2116214  2847315  4085864 3171643 2482385 3417717  1721393  3452054  1083479  1583878 3424871  3434800
            8192    8192  987336 1511419  3599228  3515991 2122226 1144126 2569640  2192230  3404847  2493012  1819957 3281915  3846203
           16384       4  924078 2343261  4804745  4954391 4344544 2279675 4716046  5058698  4880500  2664535  2314455 3959312  5450285
           16384       8 1124108 2657220  4775363  4930574 3574221 2303671 4038422  5243193  4861510  2211946  2410497 4454662  4831432
           16384      16 1119129 3502447  4200093  4968002 5201522 2438813 5085277  7126050  4659763  2978942  2937807 4720257  5674879
           16384      32 1076392 2873318  4565041  6100038 5036453 2922564 5176835  6333348  5121662  2613959  2867323 5032028  4617804
           16384      64 1117291 2960717  4636185  4444865 4957250 3142407 4921746  5582675  4493696  2949407  3093045 4881886  5474165
           16384     128 1132351 2616846  4615323  4824648 3698290 2755456 4566255  6936864  4139623  2949407  3228931 4423122  5091305
           16384     256 1223410 2712066  4972315  4109422 5523888 3497100 4603574  6095168  6201325  2634503  3019519 4629314  4209612
           16384     512 1231522 3083192  5566846  4190360 5448557 3781110 4186021  4612535  3877764  2725728  2899260 4967642  4803402
           16384    1024 1272266 3066407  4968002  3855788 4663874 3284647 3458729  5314148 10297494  2418982  2922688 4231386  4090830
           16384    2048  987527 2428643  4808780  3319393 3793634 2202164 3450740  3317951  4142618  1954455  2114093 3558673  3913094
           16384    4096  945306 2198571  3324050  3600816 3744029 2546446 3221967  2249305  3360132  1613534  2255803 3857736  3767429
           16384    8192 1114555 1979223  3686782  4011781 3515886 2332920 3831709  2253066  3408971  1939178  2894253 3045344  2895717
           16384   16384  933340 2437775  3022839  2995171 3444168 1934374 2891574  2133322  3480098  2033757  2055412 3328074  3078496
           32768      64 1036302 3154771  5580276  5049112 4764837 2913544 4720162  6466979  5429704  2928880  3027928 4828108  5250487
           32768     128  955974 2587699  4446219  4720325 4578487 2843912 5651640  6865282  5053568  2665797  2937268 4990626  5264767
           32768     256 1166700 3041127  5205347  4609351 3229342 2228676 4434742  6768918  4563134  1726068  2899102 4928880  5257919
           32768     512 1185826 2343918  4214055  3974358 4008320 2524900 4245688  5551201  4719028  2463001  2806685 4577877  4259372
           32768    1024 1274773 2553421  5191387  4974550 5400051 3255349 4220007  6590400  4503623  2323471  2786880 4119203  4176407
           32768    2048 1026725 2445950  4001900  4340759 3683859 2354720 3713520  3169029  3905135  1702675  1749780 3719752  4042034
           32768    4096 1053128 2197426  3318545  3636103 3381330 2100375 3379916  2758244  3342922  1681963  1815923 3479694  3619632
           32768    8192 1137340 2477564  3344060  3448524 3335782 2098611 3202852  2281886  3041127  1866276  2352302 3727419  3937129
           32768   16384  975412 2023320  3274896  3687219 3335539 2287468 3480399  2507853  3157163  1854440  2616817 3293259  3119258
           65536      64  755710 2846428  4998196  5014609 4773477 2716737 4537854  5929278  5019920  2780971  3056018 5205388  5301056
           65536     128 1118838 2693180  5089444  5654014 4641685 2897770 5239120  5898867  4424208  2558802  2793406 5664266  4412277
           65536     256 1112103 2696403  4725714  4460028 4290983 3179344 4965960  5808987  4881301  2884633  2826524 4565364  4800152
           65536     512  936106 3339933  4540028  4445243 4328962 2905734 4499599  5266120  4465463  2829958  2647603 5398822  4678500
           65536    1024 1091376 3287839  4657809  4724659 4394290 3267788 4563166  5192997  4477975  2339238  2414377 4676749  4244011
           65536    2048 1026581 2314519  4048429  3650416 3593766 2440010 3736611  2972668  3797421  1829294  1896789 3615748  3677423
           65536    4096  969079 2142054  3657751  3385470 3212075 2079786 3121221  1999324  2663638  1384395  1802319 3326031  3274327
           65536    8192 1031741 2075906  3307700  2532120 3050456 2055001 3070595  2350058  3283715  1861075  1664318 3218845  3252399
           65536   16384 1073672 2048508  3358952  3192341 3419031 2399707 3352029  2382176  3200146  1984070  2065952 3551145  3793438
          131072      64 1086941 2305051  4691172  5553907 5113607 2336359 4901513  6619463  4603841  2105872  2483083 4733218  4868912
          131072     128 1117961 2638332  4779636  5209157 5046853 2354743 4662843  7554972  5022691  2230025  2381912 4769394  4733218
          131072     256 1094912 2499612  4463701  4739175 4624171 2540890 4337001  5812514  4341145  2381262  2864334 4355418  4925314
          131072     512 1002615 2563210  4553317  4957336 4828034 3066645 4436218  5766482  4593531  2633177  2398256 4281973  4590195
          131072    1024 1036593 2518922  4762247  4502194 4139620 2004093 4107424  5208318  4147584  1983386  2481391 4985840  4988871
          131072    2048  996905 2344380  3655013  3881074 3977298 2508657 4081564  2995186  3798638  1773620  1693612 4072071  4102305
          131072    4096  897814 1969142  3224952  3439038 3450435 2329262 3350261  2203479  3177110  1643395  1676583 3317509  3559616
          131072    8192  918219 1729159  3592601  3211370 3352058 1960274 3232994  2420537  3521741  1625878  1672238 3236343  3357381
          131072   16384 1010492 2056873  3383457  3318110 3380150 1959072 3273205  2364933  3533329  1775562  1871066 3228058  3328476
          262144      64  147863  139703  4988270  5598145 5252768  121551 4748045  6549998  5018849   160298   146859 5024032  5385686
          262144     128  148850  147816  4753464  4848845 4786095  122617 4642415  6880444  4712291   158294   148816 5084648  4823002
          262144     256  147039  145820  4592638  4558724 4407276  131912 4872999  6729228  5182649   140459   148368 4944527  5014523
          262144     512  158950  155708  4678545  5305693 5202734  144155 4750445  5714318  4955826   150302   143676 4661902  5068335
          262144    1024  147230  148567  4687821  4861709 4954062  156986 4854968  6348387  4612366   164711   161873 4535519  4867498
          262144    2048  138268  134057  3231601  3378700 3510232  156984 3669988  2730210  3672930   159466   149559 3752901  4067980
          262144    4096  151764  141759  3531893  3285258 3304353  148883 3356166  2344422  3248779   155293   158677 3726546  3705734
          262144    8192  153019  152768  3430266  3219451 3380622  156975 3350040  2648746  3543115   174673   141092 2961979  3193215
          262144   16384  152667  152751  3283531  3436474 3198240  159095 3360258  2438734  3319115   170620   173934 3580661  3372751
          524288      64   60403   77553  5651353  5687471 5321104   30293 4744208  7173774  5032568    79073    82610 5148919  5064651
          524288     128   81463   77750  4985244  5147388 5110662   46325 4786537  7122909  4738340    81781    79953 5009433  5152900
          524288     256   82333   78462  5003085  5079133 4935166   53327 4842549  6640416  5146328    84227    81833 4438566  4982544
          524288     512   77015   73573  4874603  4700701 4546617   58054 4876462  5526039  4788413    83219    83147 4561480  4766823
          524288    1024   77452   78327  4782175  4593332 4355274   60207 4432259  6379205  4816035    85404    81782 4717917  5004565
          524288    2048   81364   80074  4016485  3908510 4093350   66383 3791436  2860821  3989190    86596    81442 3602685  3570083
          524288    4096   82441   73425  3405350  3354995 3301269   80156 3542866  2524683  3701632    86368    84972 3426110  3363972
          524288    8192   84297   75108  3217555  3213671 3284068   80638 3616431  2324496  3478391    86154    82067 3406880  3265594
          524288   16384   83835   76677  3549969  3796712 3565302   80535 3690766  2193004  3180102    83471    87289 3300417  3347666

iozone test complete.
Timer resolution is poor. Some small transfers may have 
reported inaccurate results. Sizes 64 Kbytes and below.
