	Iozone: Performance Test of File I/O
	        Version $Revision: 3.420 $
		Compiled for 64 bit mode.
		Build: linux-AMD64 

	Contributors:William Norcott, Don Capps, Isom Crawford, Kirby Collins
	             Al Slater, Scott Rhine, Mike Wisner, Ken Goss
	             Steve Landherr, Brad Smith, Mark Kelly, Dr. Alain CYR,
	             Randy Dunlap, Mark Montague, Dan Million, Gavin Brebner,
	             Jean-Marc Zucconi, Jeff Blomberg, Benny Halevy, Dave Boone,
	             Erik Habbinga, Kris Strecker, Walter Wong, Joshua Root,
	             Fabrice Bacchella, Zhenghua Xue, Qin Li, Darren Sawyer,
	             Vangel Bojaxhi, Ben England, Vikentsi Lapa.

	Run began: Thu Oct  3 13:56:52 2013

	Auto Mode
	Command line used: iozone -a
	Output is in Kbytes/sec
	Time Resolution = 0.000001 seconds.
	Processor cache size set to 1024 Kbytes.
	Processor cache line size set to 32 bytes.
	File stride size set to 17 * record size.
                                                            random  random    bkwd   record   stride                                   
              KB  reclen   write rewrite    read    reread    read   write    read  rewrite     read   fwrite frewrite   fread  freread
              64       4  576282 2298136  4897948 1597288510821524 4207076 4643754  4897948 10402178  3203069  3165299 4564786 15972885
              64       8  886494  901377  6421025 2096219112310336 4897948 4018152  5735102 12310336  4564786  3588436 5860307 15972885
              64      16   90754 2444640  7293312 20962191  428943 4564786 3958892  5283570 10821524  4274062  3791156 5389653 15972885
              64      32  282027 1947927  6421025 2273779116983463 5283570 2662899  5283570  3738358  3738358  3588436 6421025 15972885
              64      64  171108 3165299  9318832 1290201710821524 5389653 2801873  4274062  3738358  4274062  4274062 4897948 10821524
             128       4  739689 2132084  5603747 12842051 9795896 4267461 4135958  4934216  3380677  3982553  2035099 3359523 10779307
             128       8  659704 2843510  6114306 16365173 9795896 5122535  465304   739689 14200794  4407601  3759450 5603747 12842051
             128      16  475609 2453642  6406138 1636517314200794 5545860 4557257  2166499  9129573  4135958  2905056 6114306 15881078
             128      32 1142750 2905056  6406138 1636517314200794 5784891 1658003  6045455  8036304  4135958  3759450 4934216 10779307
             128      64  914904 2027414  9129573 1588107814200794 6045455 4934216  6406138  5325799  3759450  6727225 3982553 14200794
             128     128 1111981 3560017 11470204 1588107812842051 5784891 4934216  5847904  4135958  5784891  4104338 5545860 12842051
             256       4  844929 2266207  5687020  9434868 9434868 4496299 5217259  5455847  7314033  3935921  2726577 5320671 10245071
             256       8  735537 3368013  6398720 1281227712812277 5455847 5569035  6936061  4553502  4929815  1479379 5971678  2325094
             256      16 1053922 1855098  6554972 1065159811091721 5347168 5428265  7120034  5217259  5022044  2975955 4117018 10651598
             256      32 1292410 3326279  6554972 1222861212812277 5022044 5971678  7518900  4819184  5217259  3499745  750970 10245071
             256      64  861885 3159869  6891544 1416439513454450 6249745 4350555  7571923 12228612  5569035  3410808 4477549 12812277
             256     128 1319408 3197509  8271916 1345445012812277 6073004 5569035  6761355  6936061  4652146  6249745 6107548 12812277
             256     256  876662 3285566  9114515 10245071 9868433 5022044 5347168  5022044  5687020  4998665  3994490 5810112  9434868
             512       4  871966 2600470  1579257  7309196 6736026 2152206 4742616  5227492  5278892  3580298  2097550 5744919  7091952
             512       8 1005467 3366987  6174377  8528336 7871843 1917728 5951911  7091952  2826358  4228947  3905895 5079126  5453155
             512      16 1055375 3409755  6319739  2024389 2275345 4296637 6086873  7211022  3970896  4447925  3849877 5951911  8844453
             512      32 1224470 3122224  1334001  9468384 9145790 5019764  751707  7410080  8528336  4375425  4163357 6652558  8992598
             512      64 1434711 3393590  6736026  8992598 9304292 4690818 5509113  7758090  8394979  4522868  4375425 6395018  8701110
             512     128 1303238 2979282  6736026  2081286 8844453 4871723 5807059  2587935  6395018  3788747  3905895 5951911  2521095
             512     256 1326585 3415178  7211022  7871843 7758090 4411377 5624545  5509113  6652558  4163357  3012719 5509113  7211022
             512     512 1354190 3259661  4195896  4091959 3325278 3304808 2265742  3533174  4973263  3963567  3795443 4660280  5495016
            1024       4  635274 2924122  5885083  4470172 6650556 3447541 5336651  5390231  3606774  3618930  2820430 3057339  4531485
            1024       8 1149368 3458646  6402699  4654248 7941793 3029305 6137371  3680961  5251818  4130547  1834824 3140041  4048778
            1024      16 1201790 2782064  6479979  4741598 8474583 3074849 6317933  7269678  7883484  4339202  3506651 6244448  4826859
            1024      32 1229309 3198502  6519323  9064828 8914314 3335105 6280976  7644933  7699755  4392454  4142499 3955557  8822754
            1024      64 1220575 3659010  4287225  8822754 9064828 5048117 6317933  4396951 13818817  4674510  3618930 6128613  8183918
            1024     128 1234964 3908759  6317933  8061038 8122014 3877004 3835457  7319232  5444898  4060261  3390391 6093831  4178773
            1024     256 1274922 2321847  6599461  7472033 7631350 4762630 5885083  5917516  9142007  4228138  3040026 2751762  7319232
            1024     512 1235319 3458646  5120336  4339202 4762630 2869422 4570058  4146499  6025439  3984917  5071963 5336651  6441107
            1024    1024 1321200 3284101  5821271  7257394 7220790 3314514 2197132  3877004  4805258  3821805  3495237 5251818  7020149
            2048       4 1075111 2423929  4643695  9483197 8325147 3057127 5264067  3929871  7159438  3093459  2572756 4432815  8949659
            2048       8  941589 2809182  4864597  9179186 9268323 3334853 3784436  6922868  5461535  4421406  3341339 2060032  6738230
            2048      16 1170321 3887189  5769681  750339910179991 4267642 4267642  6990474  5068389  4321315  4048407 6459541  4096676
            2048      32  992734 3459769  5674397  8565901 9796850 4864597 6225466  6990474  8565901  3908414  3251539 6225466 11129659
            2048      64 1158953  869267  4376355  975236011502234 5235193 4762117  7999524  9708272  4794010  3567536 5056455 10726615
            2048     128 1384846 3690142  6284678  721354811072275 5800851 6024617  5006356 14132698  4274012  3330973 6207471 10401883
            2048     256 1159578 4040790  6340344  9853037 7159438 5238385 4730646  6939647 10452512  3586902  3194702 5293261  9610516
            2048     512 1285570 2375662  4957240  6939647 5937172 3131805 4674016  4911886  7444871  3367537  3084572 4983122  6459541
            2048    1024 1204623 3184044  6041567  5372719 7444871 3402216  997460  3454204  4581773  3618634  3644736 5044577  5578583
            2048    2048 1151959 2589040  6440169  5345969 5832361 3476572 5080379  3465352  4112366  3806235  3702868 5156624  5131978
            4096       4 1056195 3035953  5030994  6953144 6510471 2758575 4718699  5258919  5520868  3127134  2563468 5007531  6015769
            4096       8 1183854 3305851  5611025  7639552 6439700 3450600 5263753  5920406  7197849  3524939  3524939 5340661  7529067
            4096      16 1316182 3693161  6243125  4830139 7742845 3751222 5306022  5252488  7545601  3942321  3634562 5603704  7711565
            4096      32 1375511 3519162  5696610  8047509 5057654 4423462 4911613  6839648  6178018  3627654  3842678 5587302  6389405
            4096      64 1364044 3857345  5596402  5769304 9292414 3706707 5971855  6693092  7489679  3740604  3580030 5572803  6575257
            4096     128 1312762 3764373  6105563  5802430 7816828 4505833 4779081  7774379  7615846  3765198  3379332 5292944  6512939
            4096     256 1128116 3673419  4257917  2884558 6013663 3942321 5440445  6291135  9636422  3516281  3072878 5713661  5069594
            4096     512 1256039 3188066  3853020  4200656 5618365 3450600 3795980  4325455  8888565  2778652  2842558 4659824  5139356
            4096    1024 1192069 3052133  5504946  5497899 6281934 3274348 4487004  4342950  6195843  3005151  2747106 4467170  5001700
            4096    2048 1153800 2604270  5572803  5107271 5375755 3192212 4510565  3686820  5447345  2778652  3656998 4556020  4887857
            4096    4096 1054315 1770790  3608605  4370571 4358375 2478054 4266376  2595614  3879120  2739658  2607432 4149921  4536770
            8192       4 1039320 2677909  5417973  5022761 4804344 2412258 5084451  5217241  5088216  2899848  2685864 4218089  4835445
            8192       8 1170458 2787173  5940679  5984134 5553712 2711724 5357988  6895660  5654243  2808359  3061326 5905961  6010303
            8192      16 1180389 3436384  5810089  5728718 5685116 2221802 5508305  7080386  5472336  3260925  2859307 5333039  5817959
            8192      32  871857 3339526  5490700  5806161 2387617 3248286 4974045  6621897  6420214  3632950  3279600 5661696  5201445
            8192      64 1323625 2775018  2985517  5693594 6296676 3379267 3067065  7507362  6359610  3577348  3239404 5214865  5692651
            8192     128 1298465 3430551  2957506  5607184 6145757 3024942 5165475  6827153  5357988  2090287  1935235 5225175  5809106
            8192     256 1111397 3313760  5378957  5184962 5685116 3316639 4985593  5133064  4025837  2658022  2801490 5200658  5139206
            8192     512 1117724 2045855  4483963  3980596 3241850 2566303 4659702  2739834  6703285  1288241  2640861 4476368  4508675
            8192    1024 1152168 2526859  3721887  4515786 4790278 2808359 4528283  3882541  2922540  2257864  2404493 4122934  4500997
            8192    2048 1212548 2743335  4827293   857347 4646469 2930016 3538663  3207351  2325877  1937964  2328557 3897515  3547798
            8192    4096 1149239 2266652  4166935  4183678 4231596 2615731 4179607  2577662  4302601  2444696  3187417 3331431  4175543
            8192    8192 1052275 1598141  2718160  3039661 3785443 1977333 3091348  2259943  3745826  2492942  2427254 1310050  2635594
           16384       4 1010434 1318515  5263115  5355819 4380718 2090593 4370132  3574149  3554920  2365574  1964490 4981547  5139516
           16384       8 1228739 2680605  5728625  5425162 5018289 2559689 4899502  6462967  4488592  2770856  2908046 5479669  5544215
           16384      16 1303831 2953160  5477922  6014936 5510869 2788848 2421848  4575257  3101926  1538422  3183254 5439333  5857536
           16384      32 1338991 3250099  5751158  5259490 5783101 3086046 5376771  6956957  5565318  3336090  3172087 4712363  5239839
           16384      64 1291699 3572662  5592038  5538853 5769022 3262443 5131457  4679631  5696807  3197473  3214524 5728625  5830203
           16384     128 1231138 3125487  1534060  5268360 5799696 3510608 5063026  5472251  4832999  2836037  2802610 5507336  5586129
           16384     256 1363513 3131611  5053718  5116556 5093045 3721041 4876209  5919089  5124951  2842960  2594381 5326345  5326345
           16384     512 1234678 2889581  4558564  4732483 4607467 2754529 4776894  3805106  4935040  2680605  2528328 4810332  4847317
           16384    1024 1135337 2816048  4824516  4832999 4793555 3089514 4002810  4440158  8106765  2712560  2282826 4388831  4657114
           16384    2048 1220035 2475681  4580441  4844242 4618925 3047588 4404302  3743134  4470488  2073623  2290511 4615203  4481566
           16384    4096 1085327 2515187  4072794  4143770 4051424 2665321 3191236  2869911  4046414  2415378  1899177 3666249  4109572
           16384    8192 1067987 2515187  3932938  4017553 4024612 2731536 3926197  2680187  3988175  2243183  3122504 3871562  3980782
           16384   16384 1131169 2529631  3954666  4136287 4182610 2572433 4034536  2661914  4127839  2771303  2680187 3862205  3948758
           32768      64 1046964 3443048  5685920  6017781 5630250 3311877 5864986  6955481  5096030  2980752  3336560 5581321  5077205
           32768     128 1260701 3042245  5709777  5610942 5248805 3343378 5143325  5347235  5441229  1874820  2798320 5055912  4944593
           32768     256  742011 1236019  5239401  5198773 5393822 2434495 4407240  4084269  3425115  2025097  2760827 4934828  4678485
           32768     512 1003857 2886050  4857391  4559442 4864612 1945492 4706683  4850192  3864573  1894225  2066477 3250853  3748320
           32768    1024 1121540 2185532  4029545  4568232 4464216 2212090 4523427  2958742  4351013  1767889  2386225 4117058  4586832
           32768    2048 1085463 2745988  4487537  4586067 4724968 2457874 4527301  3611605  6083844  2040097  1963447 4300772  4565046
           32768    4096 1009142 2216299  3897672  4128435 4007924 2407290 4025532  2361988  3759599  1924381  1899933 4075549  4028010
           32768    8192 1119548 2318517  3635681  3171487 3641750 2213337 3071618  2680176  3248855  2231992  2345582 3936070  3602045
           32768   16384 1042176 2385521  3882038  3967544 4016709 2476029 3998479  2515961  3122845  2270224  3067299 3406946  3682636
           65536      64 1059644 3315224  5096484  5849859 4384590 3113324 5355132  6991892  5592199  2753603  3268472 5534661  5028057
           65536     128 1150642 2809928  5268605  4353687 4888560 2761154 4827008  5995966  4384310  2502238  2764069 5219583  5554345
           65536     256 1262397 3110541  5033489  5207026 4904959 3462731 4244313  6643284  5535219  2682813  2537604 3411546  4803222
           65536     512 1196917 2436735  2508357  3708662 4350173 2266271 4024813  4588425  3550348  1565035  2431218 4744197  3722372
           65536    1024 1010859 2700632  4645969  4655806 4599635 2793650 4560335  4133949  4444640  2249008  2122760 4642674  4520363
           65536    2048 1161200 2633338  4527511  4045427 4404261 2705176 4138680  3612213  4349897  1978737  2062040 3976717  4511016
           65536    4096 1133195 2344678  3974762  3959190 3972120 2381218 3760361  2711554  3936116  1903786  2105492 3602461  3157454
           65536    8192 1029128 2423843  3958677  3904692 3688457 2450224 3915650  2318533  3913532  2074396  2156348 3755890  3939670
           65536   16384 1028970 2301778  3352586  3527204 3418122 2314784 3250307  1866162  3075529  2127376  2014439 3449435  3115723
          131072      64 1025312 2823360  5773120  5598738 5627796 2347740 5664326  7651245  5490376  2643491  2783858 5670169  5721925
          131072     128 1208414 2843954  5438883  5458377 5424714 2776715 5318803  7668535  5421130  2446569  2603937 5189126  5491528
          131072     256 1162614 2876588  5245420  5318803 5173159 2817298 4625129  6499309  5083468  2331945  2131185 1980989  5420222
          131072     512 1168284 2556506  4823443  4776132 4708393 2560257 4685679  5258465  4697410  2257494  2114780 4793080  4359895
          131072    1024 1119030 2451270  4142228  4241818 4226621 2292188 4559987  4408598  4454897  2003360  1730899 4679457  4587766
          131072    2048 1108741 2295605  4461115  4594668 4526907 2356778 4517421  3705332  4377670  1782318  1791191 4550024  4629725
          131072    4096 1062922 2200380  3890511  3924786 3885589 2106862 3392992  2382083  3186162  1559361  1810659 3944611  3504513
          131072    8192 1056010 2077609  3283617  3483550 3301979 1821536 3713617  2639227  3686474  1772726  1765422 4004637  3927365
          131072   16384 1093863 2094405  3922294  4098287 3973923 2164906 3869181  2710455  3694774  1874439  1996166 3895501  3824686
          262144      64  131666  155851  5302919  5633875 5230419   86659 3075180  8023476  5749146   170448   163261 5537962  5778545
          262144     128  166133  156649  4603706  4826890 4195907  134946 5137357  7625340  5532918   171505   155028 5315609  5583124
          262144     256  140577  155395  4458688  4789068 5046274  130386 5109829  6745354  5199427   174773   159386 5081185  4529160
          262144     512  130270  113784  4224847  3976220 3825415  118032 4465079  5040052  4449684   127384   126884 4487842  3678381
          262144    1024  137147  120534  4370880  4290495 4543853  148862 3449710  4107041  3881252   128006   140469 4181069  4306122
          262144    2048  166381  156579  3619126  4170760 4322305  168093 3559755  3588849  4527127   161338   132635 2920234  4208096
          262144    4096  161197  128312  3877981  3961493 4021919  172369 3981764  2636011  3913649   176033   142329 2269801  3423277
          262144    8192  148560  161383  3791604  3815883 3715146  178454 3486884  2535903  3585362   179405   166415 3479568  3509992
          262144   16384  162538  123827  2890289  3288762 3174386  174291 1559870  1960291  3650924   187352   178049 3385427  3614486
          524288      64   60762   91954  5311178  5465885 5288251   39120 5251978  7482780  5435514    90980    82152 4738939  4888469
          524288     128   87896   87970  5272819  5382838 5187173   47707 5080056  8209819  5521718    92552    83427 5025870  5244462
          524288     256   88206   83500  4801352  4878773 4339885   56145 4817529  6256257  4932195    90282    88763 4888610  5063679
          524288     512   92716   85282  4541458  4152714 3844709   58898 3928484  4053590  3983861    91980    84621 4137182  3910092
          524288    1024   78948   76206  4360461  3130510 4088841   58096 4056641  4102572  4128777    87917    78841 3753631  4020984
          524288    2048   86889   82382  4005654  3938284 4169588   89171 3139242  2466296  3565780    88591    84158 3354456  3655973
          524288    4096   87752   79471  2993689  3349974 3342565   83817 3455178  2466658  3528515    94026    86929 3494530  3492321
          524288    8192   89946   87780  3514187  3603752 3509806   92780 3600954  2532521  3595073    93064    89368 3036059  3279589
          524288   16384   91115   83374  3689724  3866232 3549658   93235 3472797  2441181  3658546    97296    89403 3613511  3563896

iozone test complete.
