	Iozone: Performance Test of File I/O
	        Version $Revision: 3.420 $
		Compiled for 64 bit mode.
		Build: linux-AMD64 

	Contributors:William Norcott, Don Capps, Isom Crawford, Kirby Collins
	             Al Slater, Scott Rhine, Mike Wisner, Ken Goss
	             Steve Landherr, Brad Smith, Mark Kelly, Dr. Alain CYR,
	             Randy Dunlap, Mark Montague, Dan Million, Gavin Brebner,
	             Jean-Marc Zucconi, Jeff Blomberg, Benny Halevy, Dave Boone,
	             Erik Habbinga, Kris Strecker, Walter Wong, Joshua Root,
	             Fabrice Bacchella, Zhenghua Xue, Qin Li, Darren Sawyer,
	             Vangel Bojaxhi, Ben England, Vikentsi Lapa.

	Run began: Sat Oct  5 09:11:46 2013

	Auto Mode
	Command line used: iozone -a
	Output is in Kbytes/sec
	Time Resolution = 0.000001 seconds.
	Processor cache size set to 1024 Kbytes.
	Processor cache line size set to 32 bytes.
	File stride size set to 17 * record size.
                                                            random  random    bkwd   record   stride                                   
              KB  reclen   write rewrite    read    reread    read   write    read  rewrite     read   fwrite frewrite   fread  freread
              64       4  492717 1363961  4897948 1290201710821524 4274062 4564786  5389653  4564786  3057153  2662899 3588436 12310336
              64       8  679917 1518251  6421025 2096219112902017 4988978 4897948  4897948  5283570  3791156  3738358 3791156 12902017
              64      16  703068 1518251  6421025 2096219116983463 5735102 2662899  6271021  4564786  3541098  3541098 5283570 10821524
              64      32  681644 3588436  9006179 2096219115972885 5283570 2467108  6271021  7940539  4897948  2467108 3203069  5735102
              64      64  901377 2923952 15972885 2096219115972885 5860307 4897948  4564786  4018152  5860307  1892980 4274062 20962191
             128       4  739689 3053774  5545860 1284205110567140 4407601 4934216  3895854  8548124  4104338  3445772 5325799 12842051
             128       8  831319 2843510  5847904 1284205112842051 4934216 5122535  6406138 10779307  2969325  2714132 5545860 11470204
             128      16  985435 2843510  6045455 1588107816365173 5784891 4934216  6727225  5122535  3759450  3445772 5603747 10567140
             128      32  962469 3277486  6114306 1284205114200794 5122535 5784891  6406138  7476717  4135958  3657016 5325799 11720614
             128      64 1022989 3982553  3297617 1863766416365173 6114306 4889281  6330599  7582312  3277486  5379161 5325799 14200794
             128     128 1303699 2286447 11720614 1801235914200794 6045455 3468030  5122535  5325799  4407601  2464907 5545860  9795896
             256       4  911645 2509882  5938650 1281227710245071 4264168 5117791  5022044  7965107  3705040  3378611 5217259 11695808
             256       8 1058076 2435861  5810112 1607260813454450 5428265 4264168  7120034 10245071  4572895  3950402 4572895 14353744
             256      16 1173737 3052087  5428265 1516462414164395 5810112 4070199  5569035  9778562  4477549  4332998 6398720 14164395
             256      32 1312954 3557725  5971678 1607260814164395 6107548 5569035  5971678  9114515   817898  4572895 6107548 15164624
             256      64 1274008 3123106  4840911 1607260813454450 5687020 5540300  2639446  6595234  5810112  5022044 5217259 14353744
             256     128 1094754 2975955  8271916  881520213454450 4572895 5971678  6891544  5687020  4819184  6761355 5687020 14164395
             256     256 1292410 3879045 12812277 1345445013454450 6107548 5569035  6107548  5971678  5971678  4264168 5687020 14164395
             512       4 1089647 2926501  6018636 1279744110284602 4411377 5278892  5807059  5684095  4195896  3527371 5067142 11620224
             512       8 1270846 2768068  6395018 1462806713109944 4701087 6035551  7513788  6472112  5019764  4195896 6018636 14628067
             512      16 1303238 1747618  6319739 13872122 8234036 4494470 5951911  6821616  6395018  5067142  2073249 6174377 14240069
             512      32 1309596 2196227  7022379 1514384614240069 6319739 4061007  6736026 15037801  4411377  3437042 5331314 13109944
             512      64 1326585 3849877  6652558 1547114914628067 6652558 4340054  6736026 13438092  5127637  4660280 4784885 10485468
             512     128 1354190 3905895  5278892 1310994412215097 5019764 5822804  7022379  9145790  5699180  5177083 5951911 13872122
             512     256  964378 4195896  8109658 1352271112797441 6246213 5624545  6652558  8109658  1835760  5019764 5760329 13109944
             512     512 1475116 4457157 13109944 1352271113109944 6035551 5624545  5495016  6035551  5453155  4195896 5886650 13438092
            1024       4 1155864 2944166  5917516 1263947910134284 3866533 5251818  6102490  6776473  4211554  2331932 3112733 10769573
            1024       8 1186518 3472628  4033569 1466831812944224 2448941 6137371  7524394 10039528  4995276  2573677 3160839 14230902
            1024      16 1261072 4451639  6559147 1423090213305116 5720477 6163794  7269678  9142007  5018624  3735385 6431462 13863422
            1024      32 1077836 3778101  6830356 1466831813863422 6093831 6290174  7755368  8457895  5390231  4162573 3220084  6317933
            1024      64 1404591 4162573  6963241 1502757714422045 4876180 6128613  8310603 15743686  5593820  2716948 3403826 14230902
            1024     128 1029275 3066069  3271594  818391813863422 6128613 5789881  7319232  9765601  2528227  4146499  957030  2950233
            1024     256 1204825 3422814  6280976  455069012790037 5821271 5479632  6519323  6393168  2421329  3966517 3880507  8183918
            1024     512 1324868 3556008  4356809 1330511612944224 5277632 5417427  5720477  8326715  4736370  6441107 5950309 12983353
            1024    1024 1454537 2472911  5200941 1347205312639479 5390231 4488860  4451639  3606774  4674510  4282950 5885083 13102174
            2048       4 1148723 3194702  5754221 11983630 9664580 3024831 4412322  5884299  5535444  2945990  2048243 3690142  6629029
            2048       8 1317918 3717289  5056455 1330111312729493 4104506 4453499  7286980  5868220  4112366  3336148 4957240 12561952
            2048      16 1289623 3682233  6397004 1265448212882215 5280246 5349298  6945257  6303124  3302797  3806235 3738320  6154104
            2048      32 1241175 3698085  6298503 1303864613926483 5816563 5937172  7940367  6266340  3038742  2933915 6092991 12710657
            2048      64 1372675 3953383  6603549 1473893314417342 5900467 6503556  7036283  9268323  5159722  3357009 4104506 10889797
            2048     128 1517172 3155969  6401772  652331213639023 6003564 5507054  7999524 11015480  4794010  4130162 3108009  4172290
            2048     256 1457451 3786104  4646207  952526011835033 4741090 3002627  4511980 11900619  4301837  4319142 4762117  8365686
            2048     512 1537539 4094723  4453499  5159722 8749118 5290001 5009275  6670210 10289741  4897882  4623699 5953632 11440955
            2048    1024 1520394 2790021  7444871 1083485410607402 5172149 5362657  5521212  7698414  4405533  3862718 4094723  5018054
            2048    2048 1300361 3396834  7013303  7393606 6007763 2311728 3683812  3413030  5107566  3304067  2209455 4807425  4321315
            4096       4 1231107 2238184  3709909  4467170 4248440 2431065 3923414  5679660  4380601  2642729  2538094 3482778  5618365
            4096       8 1377717 2613780  4586428  5998964 4686519 2480917 5527974  6628532  4312426  2485223  3202328 5402804  7529067
            4096      16 1230049 2815077  6272759  7877762 9222577 3720353 5978090  6254490  5489116  3965067  2568066 4928521  5271829
            4096      32 1240889 2901120  5133213  4703198 6204794 4280194 4214051  6112079  7473388  4003879  3853020 5657217  5728903
            4096      64 1276003 3162828  5519094  7921350 9503161 4083827 6024207  8288219  4293029  2717987  3459633 6086096  4817948
            4096     128 1294171 2944377  4526013  5433562 5721272 4079948 4231697  6941906  5036894  2633815  3501232 5347310  5411313
            4096     256 1269310 2771480  5113352  7076294 8340529 4342950 4028288  6442115  8752710  3608605  2665278 4235870  5818150
            4096     512 1074762 2137648  6105563  7149920 8209013 4222337 5706070  6919538 11641010  4140919  3937802 5618365  4817948
            4096    1024 1047820 2319157  5751920  3433360 3589754 2408233 5475122  6471234  8158335  3771811  3084464 5506711  5223741
            4096    2048 1340731 2163764  4526013  4703198 4530788 2756804 3075079  2854365  3972402  2150223  3049966 3202328  3488435
            4096    4096 1091977 2642729  4307020  4108241 4648477 2560030 3713116  3007255  3795980  2164855  2131020 3468014  3800178
            8192       4 1041052 2949889  4716630  4185717 4148321 2050494 4464155  5664497  3771731  2446089  2681462 4404639  4339005
            8192       8 1276184 2564005  5688881  4876623 5797345 2946853 4331893  6708520  4646469  2600684  2634180 5614514  5893805
            8192      16 1196794 2774122  4810398  5411147 5149219 2779957 4318282  7862989  5685116  3405054  3345053 4362141  5435974
            8192      32 1314460 2731558  5378957  4905166 4381051 3806833 4253071  7620585  4899570  3229054  3312482 4373801  5126172
            8192      64 1438440 3124235  4673646  5661696 5539386 3689911 5591672  8039611  5081444  3145975  3019626 4607218  5217241
            8192     128 1278606 2907947  5439416  4609690 4409161 3268991 4670469  8000301  5442863  3400672  2957506 5296049  5361332
            8192     256 1434656 2758089  4445097  4387765 4882166 2820115 4135340  5936574  4971166  2889362  2471958 4000060  4787608
            8192     512 1457600 3451919  4528283  4469381 5063472 3417585 4041463  4740709  7191531  2429485  1863952 3749096  5110922
            8192    1024 1288241 3283361  3980596  4574098 6186701 3512976 4591825  4001923  4392814  1647016  2663379 4420506  3261235
            8192    2048 1076338 2884511  5538493  5553712 4792951 3025209 3683187  2662347  4404075  2419392  1286842 3605502  3878597
            8192    4096  729927 1991198  3805147  4471708 4409161 2829637 3433293  2179245  4203126  2551249  2395941 3658870  4287033
            8192    8192 1139974 2069140  4194915  4242568 4442223 2700217 3313760  2336474  3552199  2234662  2287019 3703433  3710232
           16384       4 1111609 2430499  4003976  5637917 4588087 2292727 4923019  5599328  4458306  2451657  2803983 4658377  4769931
           16384       8 1211112 2745286  5997088  6115570 4721428 2487690 5546005  7703281  5736755  2725686  2825775 4860345  5742507
           16384      16 1239421 2934622  5150301  6187150 5505571 2822409 5312756  7390140  5321396  2872310  3361548 5407233  5110468
           16384      32 1367148 2216413  6176029  4760019 6014936 3336090 5387732  7870019  6102536  3420444  2828799 4960332  4720131
           16384      64 1373460 3631952  6041375  6508878 6308703 3823525 5657877  7949221  5693031  3022389  2990819 5832677  6320888
           16384     128 1298779 2923137  6159422  6229213 5813926 3437554 5602981  7631422  5546453  3112463  3565618 4430425  4707843
           16384     256  819857 3045832  4571300  5902312 5902312 3404177 5320984  6883783  5352482  2944051  3438414 4841511  4951396
           16384     512 1246684 3147100  4281105  4606231 4942494 3630417 5605266  7223891  5990815  2853940  3327367 4514541  5163847
           16384    1024 1176485 2523778  4837081  5398313 4976857 3047588 5403406  7204956 12271760  1932993  1708640 5014993  2678411
           16384    2048 1231602 2547259  3220097  2860355 3145372 1847953 4801929  3681767  3959451  1733947  1642835 3030252  3164782
           16384    4096 1290075 2738831  3118961  3545566 3401987 2912730 2785457  2034034  2035300  1809750  1854035 2955828  2780273
           16384    8192 1310519 2232180  4437864  3777703 4412787 2832180 3098988  2620200  4265692  2425096  2496003 2804440  2837091
           16384   16384 1091689 2705405  4451087  4435287 4442742 2685004 3535715  2486250  4149775  2390757  2770856 3530266  3754381
           32768      64 1315774 3521564  6288441  6038935 5100001 2977266 6026753  8659859  6356497  2923063  2977782 5330850  5394034
           32768     128 1479973 3664960  5212772  4778190 5151422 3157425 4522237  7388473  5128739  2764770  2821181 6050366  5353275
           32768     256 1350979 3771153  4386703  4561864 3797515 2428687 4508589  6656346  4781515  2776723  2665777 5869244  5245400
           32768     512 1345319 3688467  5777220  5450508 5513700 3548569 5784271  7238274  4882065  2705608  2216585 4425832  4486951
           32768    1024 1090916 3705472  5855491  5826448 5468725 3079463 5782081  4961192  4641356  2804029  3119301 3471574  2958742
           32768    2048 1033105 2443020  5017337  5237005 5165362 2240981 2848664  2179570  2771795  1550410  2211983 2781387  5154707
           32768    4096 1234853 2193169  3941375  2730169 2762880 1838210 2712603  2130975  4283347  1616172  1663933 2764547  2611428
           32768    8192 1185873 2545080  2727244  2749889 2630068 1663692 4153011  1969948  2708113  1887539  1935519 2500217  2504043
           32768   16384 1238905 2370871  3887969  4113977 4003954 2697165 4018118  2880184  4111392  1915717  3176104 4087792  4317932
           65536      64 1053261  846990  4888560  4853858 5286031 3401625 5965386  8187760  5865587  3174446  2724995 6203685  5640394
           65536     128 1347065 3027329  6219547  5753857 5094878 3096699 4522222  8350685  4516575  2353350  2788520 5106046  5213742
           65536     256 1402983 3052001  4282534  4917156 5349400 3637644 5504956  5761817  5117644  2526455  3527249 4316156  5424778
           65536     512 1176462 3700524  3864563  5917995 4186012 2115148 3978386  5351691  4592872  2188852  3439335 4025815  5750246
           65536    1024 1451647 3659388  3554571  3714977 3354795 1922669 5861835  3654474  3499721  1640907  1735956 3472092  6017888
           65536    2048 1233223 2359268  2756972  2929381 2813898 1974274 5108893  1911664  4510054  2058427  1652895 4846242  4908025
           65536    4096 1122556 2336983  2853982  2769556 2894188 2101725 2750269  2208904  2699624  1415708  1906943 2712919  3082876
           65536    8192 1208345 2606322  3886584  3845747 4221888 2598364 4008789  3032104  3894237  2150982  2205395 3914256  4305879
           65536   16384 1172193 2495174  3577518  3868043 4211280 2463112 4032726  2863705  4074872  2320196  2467179 4100586  4046677
          131072      64 1217961  562029  5858762  5913972 4760705 2413985 5410406  8451435  5848602  2868468  2822273  616374  5848291
          131072     128 1293184 3082665  5781985  5396174 5703464 3043381 5626586  7220062  5578456  2561748  2983380 4386158  5090199
          131072     256 1316907 2462734  5118016  4707224 5297125 3029177 5446588  7263178  5507923  2900461  2652534 5299269  5577098
          131072     512 1328413 3084689  5473648  4459740 4430805 2885087 5588266  7083860  5439313  2718201  1700005 3885095  4216959
          131072    1024 1089227 2723237  5162132  5538665 5544531 3098126 5646466  6860301  5824375  2592505  2615271  925211  5618191
          131072    2048 1168063 2415449  4873125  4998743 4776672 2547467 4501700  3881557  4698735  1897831  1867308 3930201  4768137
          131072    4096  718812 1495707  3920531  3657144 3918436 2228404 3865644  2897388  4104866  1810135  1809110 3952723  4026783
          131072    8192 1141553 2309356  4061980  3965639 4038704 2314129 3927505  2740027  3906768  1851118  1932420 3894453  4032483
          131072   16384 1128823 1953903  3803701  3903744 4069046 2239898 3943564  2901043  3462574  1994609  2023878 3970192  4051951
          262144      64  112536  122311  5499708  5908150 5890772   75736 3905947  7791445  5831504   102769   114001 3965264  5336481
          262144     128  127304  107013  5365334  5895921 5413305   82918 4029569  8164924  5388684   117970   106818 5015772  3155165
          262144     256   77515   76573  4997784  5317975 5124905   69439 5183592  7026674  5406464   115257    81458 3963535  4555619
          262144     512   83570   84131  5125502  5658578 5586557   78889 4955750  7031168  5644055   114823    84614 4275779  4302870
          262144    1024   80095   79974  3753652  5375880 5174664   91970 5046483  4993698  5583947    83612    97876 3394247  5628914
          262144    2048  126375   81845  2736677  4097658 3751449   74418 4415872  3572466  4577640   104037    80459 4287116  4309380
          262144    4096  122409   47506  2634243  3679316 3372147  119375 3177119  2722757  3740957    92933   107468 1799599  4052560
          262144    8192  132622   76896  3978752  2808488 3881664  126260 1397824  2872116  3812720   121481    80481 2572915  2754882
          262144   16384  117725   53677  3847246  3853246 3885751  111981 3610889  2721227  3777886   153278   143139 3454848  3849631
          524288      64   16297   38450  5960934  6233292 5829507   11068 2517082  8241696  5921415    73006    80553 5629444  6053999
          524288     128   60271   31233  5494648  5647951 5552600   15452 4861269  7233657  4621633    35203    48041 5631693  5880766
          524288     256   80028   72981  5168556  5666814 5348953   26188 3984497  7253676  5335948    44770    80214 5270343  5553428
          524288     512   79565   77759  5256535  5476749 5490094   30110 5246765  6904597  5567403    40799    50964 4821565  5574093
          524288    1024   84828   52085  5013757  5470400 5572666   58353 5182955  6435277  5297819    80643    78667 3067911  4041283
          524288    2048   46784   45187  4511401  5022690 4821078   44494 2549915  3285366  4525886    31981    80509 2499691  3923171
          524288    4096   39086   56830  3900514  3963626 3998203   81851 1988734  1593667  3839668    41975    45149 1548279  3904731
          524288    8192   26999   68096  3754029  3869171 3986338   61955 3720305  1978991  3819255    73666    92031 4118685  3878643
          524288   16384   90099   86397  4057988  4206854 4210769   92343 4034070  2813414  4097695    94081    87196 3831532  4197764

iozone test complete.
