	Iozone: Performance Test of File I/O
	        Version $Revision: 3.420 $
		Compiled for 64 bit mode.
		Build: linux-AMD64 

	Contributors:William Norcott, Don Capps, Isom Crawford, Kirby Collins
	             Al Slater, Scott Rhine, Mike Wisner, Ken Goss
	             Steve Landherr, Brad Smith, Mark Kelly, Dr. Alain CYR,
	             Randy Dunlap, Mark Montague, Dan Million, Gavin Brebner,
	             Jean-Marc Zucconi, Jeff Blomberg, Benny Halevy, Dave Boone,
	             Erik Habbinga, Kris Strecker, Walter Wong, Joshua Root,
	             Fabrice Bacchella, Zhenghua Xue, Qin Li, Darren Sawyer,
	             Vangel Bojaxhi, Ben England, Vikentsi Lapa.

	Run began: Sat Oct  5 16:08:22 2013

	Auto Mode
	Command line used: iozone -a
	Output is in Kbytes/sec
	Time Resolution = 0.000001 seconds.
	Processor cache size set to 1024 Kbytes.
	Processor cache line size set to 32 bytes.
	File stride size set to 17 * record size.
                                                            random  random    bkwd   record   stride                                   
              KB  reclen   write rewrite    read    reread    read   write    read  rewrite     read   fwrite frewrite   fread  freread
              64       4  270108 1828508  4897948 15972885 9006179 3958892 4274062  4988978  9318832  2561267  2467108 4274062 10821524
              64       8  771797 1452528  5860307 1597288512310336 5389653 4564786  4564786  4564786  3541098  3541098 3738358 15972885
              64      16  582535 1599680  3588436 1290201712902017 5283570 5860307  6421025  4564786  2203800  3738358 3738358 10821524
              64      32  627470 3165299  9006179 2096219116983463 4207076  413101  3958892  3363612  1722886  4988978 5283570 10821524
              64      64  703068 1828508 12902017 2096219115972885 5860307 5860307  5735102  5860307  5283570  1599680 5860307 12902017
             128       4  715059 1911894  4267461 11720614 9795896 4557257 3106789  5847904  7917784  2969325  2098744 3895854 10779307
             128       8  800337 2027414  4267461 1588107814200794 5847904 5603747  5325799 15881078  5325799  2784517 4104338 15881078
             128      16  881842 3053774  6114306 1284205116365173 6114306 3359523  1133103  9129573  3560017  4135958 3867787  4407601
             128      32  889145 2571150  6812590 1588107814200794 6045455 4759253  6727225  8036304  5325799  4934216 5847904 15881078
             128      64  895074 2511022  7476717 1801235915881078 6727225 5545860  6727225  6406138  2673584  4012317 5784891 11720614
             128     128 1007629 2985839 12542043 1863766414200794 6114306 5545860  6045455  5545860  2367096  3867787 5545860  9977956
             256       4  951219 2539563  5569035 12228612 9868433 3823789 4929815  5569035  8024634  3879045  1019886 5455847 11695808
             256       8 1147398 3009318  6249745   54234712228612 5217259 5569035  6554972 10245071  3285566  3316006 5142301 13454450
             256      16 1089202 3368013  6554972 1583556913454450 5971678 5242734  7120034 13454450  4840911  3159869 6398720 15164624
             256      32 1016025 3654598  5320671 1169580814353744 6213578 5117791  1375171  9192546  5217259  4734192 5455847 16072608
             256      64 1168627 3994490  5938650 1495343514953435 6073004 6107548  6719046 11695808  5117791  4132864 6073004 15164624
             256     128 1306564 3499745  1752173 1281227713454450 6249745 5687020  5971678  6554972  1235882  5717301 5320671 14164395
             256     256 1256123 3326279 12228612 1416439512812277 6073004 4929815  6107548  5810112  1332507  4197489 5428265 12812277
             512       4  960496 2875558  5822804  365961610044089 4305250 4701087  5624545  6571132  3849877  2638816 5744919 11683444
             512       8 1221684 3351224  2796910 1558341712499490 5495016 4061007  7620440  9145790  4650188  3481620 6319739 14728393
             512      16 1199171 3684733  6821616 1503780113438092 6104175 6035551  7435738 10434519  4827914  4195896 6472112 14628067
             512      32 1261144 3684733  5566231 1503780114146265 6319739 6246213  2768068  9638369  5079126  3710197 6319739 13872122
             512      64 1438555 3849877  7115451 1547114912499490 6472112 6319739  2651850  9468384  5019764  4030519 6018636 14628067
             512     128 1306409 3822466  6931711 1414626512797441 6395018 5495016  7022379  7871843  5164632  2544997 5624545 12797441
             512     256 1455126 3970896  7540170 1310994413109944 5566231 5699180  6104175  8109658  1471074  5760329 5951911 13109944
             512     512 1230786 3710197 13190469 1249949013190469 5566231 2524058  5760329  2535981  5822804  2198475 2597325 13190469
            1024       4 1175799 2392998  5845038 12071103 5042191 4162573 1976691  2061116  1556257  1575668  3121783 3556008  6280976
            1024       8  229348 1402756   210787  1037480  891292  430279 1338494  1439908  1340582   385967  1185209  360715  6519323
            1024      16 1254808 1066859  5018624 1442204513305116 4995276 3908759  4589593  7644933  3594699  2069060 6244448 14230902
            1024      32 1357961 2592318  5479632 1381881710134284 5472650 5885083  5363307  8262639  4720752  4064103 5991815 14422045
            1024      64  475169 3894582  2437821  5536137 4048778 1790460 1422266  1939207  4531485  1178380  1783768 6093831 14183905
            1024     128  651759 2559871  4762630  8914314 5330028 3179559 4300102  3603747 12071103  3160839  3791442 5277632 11645609
            1024     256  511987  869989  6569179 1190382312313351 5751117 2918161  3401130  9765601  4531485  4265934 5018624 12313351
            1024     512 1232484 1965834  7755368 1203727211903823 5417427 4995276  5120336  7524394  3121783  4783849 5169641 11936907
            1024    1024 1151834 3301774  7472033 1090631010796646 4550690 5564829  3335105  4282950  4826859  3208058 5356618  9765601
            2048       4 1076728 2556676  4178378  5156624 7874853 3240499 4762117  5517666  6340344  3447273  2821176 5197183 10607402
            2048       8 1282499 3245396  5345969 1078046311440955 3396834 4601407  7368238  8059569  3489282  3165272 4839929 10096235
            2048      16  739122 3542524  6041567  910138012050878 4591569 5884299  7311791  9567698  4572018  3612546 5953632 10096235
            2048      32 1382840 3592903  5293261  970827212345306 4338776 5986827  6823876  5986827  4102546  3336148 5904523 11380325
            2048      64 1224194 3234398  5212953  778916411770166 5293261 5362657  7969835  6202989  4453499  3611028 6220958 10339282
            2048     128  544984 1912356  5704543 1191712913384011 4441984 3828288  7643611 10555264  4079167  3835124 5403134 11440955
            2048     256  813686 1955900  3160613  591672411706006 3871422 5521212  6895083 10192069  4396514  3512108 5447681  9140117
            2048     512 1404546 3663388  5868220  9349021 9621281 4785996 4396514  5640860  7311791  3709263  1100454 5611381 11015480
            2048    1024 1177702 3003677  6058611 1138032510555264 4983122 4138120  4968710  6990474  3946119  4338776 4088876  6132138
            2048    2048 1052326 2267786  2000075  4319142 5225638 3235617 4686767  3425279  2929912  1394061  2338157 2793651  2639154
            4096       4  672012 2523925  4565707  5291314 4570565 2455738 3949571  5284803  4447510  2727047  2544108 4316760  4447510
            4096       8 1330246 3110150  5334028  5918366 5706070 2888438 5159420  6075335  4546375  3433360  3261295 3127134  3630721
            4096      16  895493 1682188  3713116  3667146 4161985 1801994  735099  2213956  3723578  1779226  1376834 3036489  1240441
            4096      32 1321344 3853020  5609193  4613524 5746149 3419011 5001700  6815229  5164073  3615440  2898672 5120972  6628532
            4096      64 1335001 3602551  5912256  4338563 6398924 3349029 5265366  4773769  4297324  3335375  2957047 4746074  4505833
            4096     128 1330246 3237937  3937802  5769304 7555557 3945943 5596402  7969117  5535098  3841819  2950952 3764373  6160296
            4096     256 1421726 4083827  4686519  5369035 5918366 3338615 4399673  6151473 11409087  3210107  2737912 4723889  5744227
            4096     512 1473932 3984379  4128976  5431844 5859825 3612399 4796426  6451792  9081201  3546770  2393804 5139356  4245291
            4096    1024 1136174 3775126  4103335  5786794 5223741 2913419 4869845  4945546  6379914  2335234  3172758 4893426  4007615
            4096    2048 1109108 2968287  3276846  4058742 4253700 2620957 3321831  2884558  5127086  2998857  2520592 4789740  3758608
            4096    4096 1133400 2463132  4654774  4639689 4546375 2654571 3243439  2427973  4063542  2639075  2156972 3736536  3407483
            8192       4 1022465 2924779  4953250  4678737 5155399 2265456 4784941  5181053  4949683  2867180  2910163 5066458  5227560
            8192       8 1228546 2749041  5435974  5323125 4980534 2834773 5457560  7742506  5685116  3196312  2827541 4397311  5347148
            8192      16 1274622 2955217  6253130  6272536 6359610 3417925 6099933  8127085  6220301  3333047  2971317 5461029  5218033
            8192      32 1273629 3080815  5697371  5880691 6616796 3967268 6263389  8384911  6470997  3869860  3230268 5974769  5201445
            8192      64 1336808 3036169  6374949  6543707 6809564 4211884 5442863  8642207  6485654  3925120  3237878 5449769  5550123
            8192     128 1260130 2922540  4790946  5588034 5247519 4205698 5250727  8622688  6336155  3619936  3267437 5884720  5958192
            8192     256 1309500 2824752  4873164  5993529 6095604 4205698 4796296  7205103  5728718  3126794  3201076 4985593  4657175
            8192     512 1219606 2875338  5884720  6040947 6206817 3665505 5756551  7122952 12373836  3558822  2823823 5101058  4873164
            8192    1024 1180065 2339178  6201216  6301295 6220301 3407417 5672914  7061469  9133841  3561773  2946853 4439927  4538452
            8192    2048 1179215 2744430  5591672  5107124 5403489 3478478 4444522  2748162  5439416  2247525  2073510 4819168  5221205
            8192    4096 1130261 2204553  4516379  4505719 4513413 2988633 3185053  2561520  3017239  2154782  2222952 4019714  3471099
            8192    8192 1161162 2362174  3420306  3778782 3768008 2941555 2824752  2481061  4457206  2616528  1983955 3919299  3095805
           16384       4 1139120 2602241  4372634  4632313 4091953 2147630 4091953  5740589  4325024  2433425  2496003 4807640  5710535
           16384       8 1337037 2626509  4743263  5172008 5033359 2322011 5158807  7386962  4717539  2602241  3210619 5510869  5776782
           16384      16 1415851 2909646  4855880  5485356 5966368 3201942 4342516  6910087  5121513  2775108  3570249 6325543  6333122
           16384      32 1356060 2810749  5347483  5391113 5587946 3036814 4543494  7420464  5080244  2805471  3304487 4589312  5512638
           16384      64 1492026 3230846  4634813  5538853 4558867 3252714 4972535  8547405  5636067  2703170  2108101 6270136  6494116
           16384     128 1452112 2908661  4888002  4717539 5056693 3013905 6001278  8668158  5809993  3139336  2876880 5503807  6120472
           16384     256  778701 2956845  5866036  5584313 5921129 3870689 5582498  7201936  4768276  3331400  2984843 4785210  5136059
           16384     512 1119979 3413986  4623276  4720455 4854508 3105992 4571300  7098528  5655548  2888003  3473346 4702366  5181367
           16384    1024 1429665 2333285  4685055  3765490 3707790 2467857 3878773  3489572  5036310  1816207  2883035 4595758  5041113
           16384    2048 1012787 1883251   734317  4471651 4975415 2955319 2757403  2626810  6728097  2194472  1967584 3540269  2774548
           16384    4096  947713 1857594  2993555  2724713 2676220 2544524 4416190  3024517  3429148  2112962  2369326 3010604  3423340
           16384    8192 1197207 1842157  2976698  3624099 3888870 2631538 2778811  2899824  3528634  2126365  3311813 2961177  3340306
           16384   16384 1092783 2047001  4442455  4443891 4445041 2487690 3685124  2303023  3955577  2644704  2680187 3832481  4335666
           32768      64 1076510 3304233  1002663  1927052 2867086 2072741 2184524  3623603  2601837  1886555  3108015 5134487  4520303
           32768     128 1284562 2976427  4180168  5283308 5179182 2083266 4914184  3888409  1686744  1600941  3048521 6023320  5213563
           32768     256 1239944 3206260  5509059  5542607 4755869 3056725 4443720  5749668  4731800  2754574  2683473 4277349  4992006
           32768     512 1379939 3425457  5851502  6054631 5273982 3186856 5509059  5979556  4372607  2059849  3348755 4358602  5024307
           32768    1024 1163348 3301534  5368330  5283308 5179182 2977588 4456399  2696054  3676823  1787572  1962521 3510949  4359155
           32768    2048 1097090 2665156  5427048  4750280 5382416 3093047 3816815  2652401  6366508  1648387  1476238 2767386  4932703
           32768    4096 1075945 2003050  3542076  3527620 4199968 2666656 3125260  2688565   778612  1114636  1691685 2661647  3454385
           32768    8192 1226763 2226063  4172174  2968905 3072716 2308586 2668623  1978483  2751045  1799556  1870635 3241193  2749669
           32768   16384 1133799 2272101  4230868  4164210 3700982 2404258 3602423  2580974  3357098  2231847  3058698 3434788  3846834
           65536      64 1238351 1331541  5394755  6249241 6026331 3439808 4690524  7997191  5145328  3111139  3463997 4444640  5328557
           65536     128 1331922 3309716  4565713  4681816 4576888 2934885 5928717  3378671  5243279  2638013  2498712 3992950  5813977
           65536     256 1179253 2884863  5339321  4370786 4396020 2921659 4409984  5801216  5297951  2582084  2669059 4271155  4347008
           65536     512 1315855 3260988  4344192  4364124 4316427 2874636 4608349  5694849  4272283  2685015  3225213 4310741  5267797
           65536    1024 1208972 2948517  5617686  5749765 3577099 1241001 3010387  3447617  5397085  2783551  2806342 5279229  5194333
           65536    2048 1203046 2150780  2748756  5144077 4702239 1820542 2687666  2730218  2744174  1501500  1482854 4618802  2726481
           65536    4096 1143253 2141964  3771867  2640345 2600847 1821555 2715626  2167417  2943181  1640163  2058165 2690191  2490246
           65536    8192 1136968 1854966  3577704  2688429 2633540 1843904 2459321  1779078  1475436  1354520  1992636 3480004  2912588
           65536   16384 1130632 2498303  4135815  4235550 3958449 2611845 3766441  2439914  3975969  2404548  2444188 4199699  3698631
          131072      64 1033208 3038150  5869771  6255769 5717938 3024478 5499163  8460540  5660652  2862703  2754718 5759632  6115137
          131072     128 1324668  972812  5621753  5716155 5789901 3153719 5440497  8229531  5109833  2852809  2858030 4692879  4382626
          131072     256 1113441 2385421  5384599  5898553 5719425 3218469 4248013  7641355  5523973  2778596  2427887 5438452  4991526
          131072     512 1221557 3033925  5545649  5568963 5501915 3126938 5129620  6698963  5491802  2737571  2538434 3371373  5619167
          131072    1024 1112760 2506011  4981440  5435925 5348609 2549937 2395754  3361787  3602079  1463086  2246029 5062636  4519278
          131072    2048  958178 2284919  4745541  4633002 4856851 2379186 3303725  2217912  2710228  1364480  1798193 4082613  4874897
          131072    4096  971846 2289630  3978381  3853343 3745139 2165938 4029144  2844808  4161040   351309  1466833 3879913  3999015
          131072    8192  871026 2222386  4032217  3889603 3823888 1707131 3998898  2760915  2600636  1310628  1805077 3870652  4039832
          131072   16384 1127501 2286116  3536844  3129715 3042657 1423810 3995846  2721875  2637695  1625093  1938997 3810027  4262505
          262144      64  128651   85119  4281790  4156004 4439801   57817 4169557  7656296  5180491    79598   101362 5469205  6026015
          262144     128  114679  102946  5516623  5852612 5523718   90021 5302152  8054569  5597649   110239    86753 5706596  5760260
          262144     256   81395   81974  4972200  4444324 4144692   67165 1897627  7199393  4220031   108601   103396 4996648  4489217
          262144     512  108357   71786  4664723  4432374 4402752   81071 3599341  6150845  5575169    80401    98431 5104159  4568168
          262144    1024   97416   99709  5213999  5548022 5629375  112757 4988940  7002063  5602669   119081   108681 4831174  5485905
          262144    2048   99379   88073  4290612  4763485 4833659  114834 3086514  3500951  4966450    84695    80297 2460077  4702811
          262144    4096   78155   80301  2568455  2204429 2227238   89670 1099274  2038209  2706984    80448    79785 3597609  2703098
          262144    8192   79985   94024  3849240  3971093 3883898  121618 2429372  2172892  2712326    81911    68744 4053576  3991651
          262144   16384  112600   77375  3754729  3975673 3933798   92922 2659012  2003593  3973978   136449    85099 2086602  3969473
          524288      64   30924   67283  5780973  5597361 5539411   12883  781248  8160373  5738835    70150    67846 5446014  6201789
          524288     128   61135   61440  5370822  5296109 5521898   10950 5382997  8194675  5825291    68572    68631 5841260  6032045
          524288     256   67401   44083  5014135  5263027 5296594   18250 4419376  7272171  5494703    67834    43844 4684406  5611989
          524288     512   60398   40935  5130116  5646240 5560491   51603 5276172  6692468  5424880    67685    61147 3777431  5537583
          524288    1024   67777   35586  5223807  5643081 5729550   57495 5248393  6783658  5634781    48905    67005 3042793  5288404
          524288    2048   66130   65694  3565179  4962257 4799948   34293 4370444  3241810  5005666    67123    67259 3277434  4825829
          524288    4096   56706   36818  3968061  2669161 2705641   41903 3871684  2749326  3987770    41204    54450 3844965  4005041
          524288    8192   78213   32274  3861107  3462866 3695031   48170 3789356  2700285  3720198    62268    66396 3237443  4024744
          524288   16384   37821   67080  2676331  3626687 3543206   43083 2133652  2126419  3721073    42110    56227 2439240  2714884

iozone test complete.
