	Iozone: Performance Test of File I/O
	        Version $Revision: 3.420 $
		Compiled for 64 bit mode.
		Build: linux-AMD64 

	Contributors:William Norcott, Don Capps, Isom Crawford, Kirby Collins
	             Al Slater, Scott Rhine, Mike Wisner, Ken Goss
	             Steve Landherr, Brad Smith, Mark Kelly, Dr. Alain CYR,
	             Randy Dunlap, Mark Montague, Dan Million, Gavin Brebner,
	             Jean-Marc Zucconi, Jeff Blomberg, Benny Halevy, Dave Boone,
	             Erik Habbinga, Kris Strecker, Walter Wong, Joshua Root,
	             Fabrice Bacchella, Zhenghua Xue, Qin Li, Darren Sawyer,
	             Vangel Bojaxhi, Ben England, Vikentsi Lapa.

	Run began: Sat Oct  5 16:08:23 2013

	Auto Mode
	Command line used: iozone -a
	Output is in Kbytes/sec
	Time Resolution = 0.000001 seconds.
	Processor cache size set to 1024 Kbytes.
	Processor cache line size set to 32 bytes.
	File stride size set to 17 * record size.
                                                            random  random    bkwd   record   stride                                   
              KB  reclen   write rewrite    read    reread    read   write    read  rewrite     read   fwrite frewrite   fread  freread
              64       4  228688 1330167  3958892 1597288510821524 2561267 4018152  3738358  4564786  3203069  2467108 4274062 10821524
              64       8  704914 1392258  5283570 2273779115972885 5389653 3057153  5389653  5389653  3958892  2561267 6421025 10402178
              64      16  666414 2801873  6421025 12902017 9006179 5283570 3057153  5389653  4274062  3958892  3203069 4564786 22737791
              64      32  659861 1638743  9006179 2096219115972885 5860307 4564786  6421025  3958892  4274062  2358717 5389653 12902017
              64      64  309326 1553394  7940539 1040217810402178 4564786 2923952  3203069  5860307  5389653  2006158 5389653 12902017
             128       4  731625 2558895  5847904 1284205110567140 4135958 4934216  5545860  3053774  3895854  2004703 4012317 11470204
             128       8  455436 2066432  6727225 1284205111720614 5325799 4557257  4759253 12842051  3359523  3759450 3657016 15881078
             128      16  921183 3560017  4934216  4012317 9795896 4717434 5122535  6727225 12842051  5325799  3380677 5325799 15881078
             128      32  895074 3036502  6045455 1056714012542043 5603747 5122535  7082197  3785961  5545860  4135958 5545860 18637664
             128      64  847059 2166499  4596273 1863766416365173 6406138 6045455  7176872  5379161  3867787  3560017 5603747 18637664
             128     128 1162547 2621367 10567140 1284205116365173 6406138 5325799  6406138  5379161  5784891  2175277 5603747 14200794
             256       4  955451 2975955  5569035  532067110245071 4132864 5217259  5217259  8271916  4009406  3285566 5455847  5455847
             256       8 1112909 2613746  6398720  853492212812277 2975955 5540300  3935921  9434868  3705040  3605511 3197509 14353744
             256      16 1035624 2975955  4572895 1495343514164395 4332998 5687020  6554972 15835569  4009406  3823789 2975955 14164395
             256      32 1243036 3378611  2371308 1495343514164395 3378611 3465855  5938650  7791708  3994490  3935921 6554972 15164624
             256      64 1286217 4477549  7518900 1281227714164395 5971678 6249745  4264168 11695808  5971678  5217259 5569035 15164624
             256     128 1213534 3159869  8815202 1607260814164395 6595234 5687020  7120034  6936061  3935921  4652146 5569035 14164395
             256     256  752549 4054829 12228612 1281227712812277 3654598 5569035  5687020  5810112  5841722  4572895 5455847 12812277
             512       4 1028091 2132967  5684095 1214600910044089 4204110 5164632  5566231  8701110  2124526  1707325 2535981 11374040
             512       8 1216149 3122224  6319739 1424006911683444 5067142 6035551  7309196 10911694  4610256  3905895 4916336  5227492
             512      16 1199171 4068701  6246213 1387212212797441 5331314 5822804  6652558  6736026  4195896  3659616 5384786 13438092
             512      32  671969  611678  4375425  7758090 8528336 3046915 3762197  4099771  7513788  2587935  3325278 3941742  8992598
             512      64 1387437 2225819  4620174 1462806713783088 5951911 4916336  4447925  9859630  3459188  3684733 5886650 13872122
             512     128 1242896 1764853  7022379 1387212213522711 5453155 5744919  6571132  9510316  3877684  3325278 5566231 13438092
             512     256 1355045 3415178  8018812 1279744112499490 5624545 5807059  4927617  8528336  4228947  3849877 6086873 12797441
             512     512  894857 4271001 12797441 1343809213109944 6035551 6035551  6104175  5822804  6018636  2486072 6104175 13438092
            1024       4 1137798 3379719  3249318 1234875410039528 2827858 2835325  5500686  6918376  4029784  2286009 3447541  6559147
            1024       8 1002137 3469823  4451639 1347205311903823 4232305 5991815  7257394  8000971  5018624  4018473 4876180 12944224
            1024      16 1439908 3567824  6128613 1404475813142265 5720477 4178773  6559147  5821271  4451639  2820430 5885083 12944224
            1024      32 1427940 3722435  6819511 1442204514044758 3923040 4014717  6874084  6208343  4614246  4493556 3984917 12790037
            1024      64 1477555 3955557  6963241 1482016114422045 6402699 5917516  8391792 15027577  5652717  4114719 4433259 12790037
            1024     128 1313122 4110780  6519323 1404475813863422 6559147 5853003  7755368 10429596  5277632  3048658 6128613 13818817
            1024     256 1153071 3355952  6929538 1231335112173747 5720477 4211554  6918376  8183918  3379719  4415030 5089995 12639479
            1024     512 1495042 4215688  4064103 1190382311614118 5472650 4379019  4396951  8122014  4531485  6364746 5983467 12790037
            1024    1024 1057663 3121783  8750850 1148983910906310 5251818 5917516  3390391  5917516  5821271  4762630 4392454 13142265
            2048       4 1196235 2443928  5461535  8325147 8464610 2909075 5336007  4911886  7503399  3329682  2009902 4215286  7013303
            2048       8 1334295 3806235  4531020 1024067210959265 3991965 5461535  7582884  7556202  3235617  3682233 4923146 12118884
            2048      16 1437211 3862718  4741090 1004899010959265 4444282 4709895  5785224  7874853  3598924  4276140 3931669  9990553
            2048      32 1308482 3277593  6563185 13467949 9752360 5489457 6284678  7698414 10555264  5068389  3975338 4911886 12187663
            2048      64 1288849 4008732  6110328 10503637 6132138 5689430 3880166  8128206  6670210  5159722  3887189 4172290  9179186
            2048     128 1192747 4120256  6266340 12561952 9258333 5916724 5884299  7969835 11001372  4521480  1558461 5068389  8866519
            2048     256 1321161 3108009  6207471  739360611579763 5629769 3766184  7013303 12187663  4540600  3862718 5433896 10037248
            2048     512 1286533 2476337  6378005  7135648 6243566 4829046 4138120  6498636 10192069  4831762  4550221 5095447  7065219
            2048    1024 1475476 2760434  7643611  8120522 6895083 4994712 5306340  6132138  6802261  3302797  3857514 4707314  9578367
            2048    2048  817559 2070958  6563185  6440169 5306340 3569018 4365235  2839830  4762117  3459769  3709263 3465352  3367537
            4096       4 1193145 2399488  4079948  3949571 4740836 2491711 5165626  5231694  6225028  3263773  2374285 4708354  5689064
            4096       8 1169270 2822940  4982841  5093643 5120972 2723588 4763181  7502762  6793669  3558525  2979096 4928521  5535098
            4096      16 1263057 2818772  4928521  6886255 9081201 3894067 6077484  7683972  6989921  4352854  3771811 5910222  6897314
            4096      32 1279996 3054847  4757904  6815229 6575257 3927001 4321103  6953144  4796426  3640724  3112404 5490871  5877869
            4096      64 1310659 3022599  5139356  6605595 5961494 4179197 5113352  7969117  6379914  4535572  3871253 4623457  6243125
            4096     128 1219744 3737349  4841028  4669958 4209920 3757786 4612286  5211065  4535572  2693273  3720353 5996870  7326777
            4096     256 1444316 3524939  5025108  5826043 4501111 4209920 3410188  6585338 11874344  3326978  2896717 4452120  4819300
            4096     512 1194555 2950952  5596402  5859825 5936773 3761077 5601877  6651630 11633127  3677350  2882622 4438318  6252213
            4096    1024 1154809 3810292  5689064  5761565 5389246 3165159 4546375  6727163  5438722  2480917  3737349 4230655  5674032
            4096    2048 1126193 2981164  3886139  4545172 4515307 3192806 4654774  3789282  3349029  2057270  3831537 3498380  4773769
            4096    4096 1098400 2317906  3641495  3750403 4132949 2618960 3991785  2262949  2868184  2181070  2431065 3720353  3416292
            8192       4  900417 2835475  4355505  5210911 4498640 2347168 4751854  5364680  4498640  2133243  2059836 4190311   773784
            8192       8 1310749 3168897  4224832  5450634 4914286 2697249 4184187  2352632  1231143   542124  2583476 5218033  5333867
            8192      16 1305322 3304518  5740202  5915112 5432536 2972345 5056765  6548696  5814021  3289963  2971317 5580773  5421393
            8192      32  776126 2853370  5146134  6277120 4625826 3029476 5385702  7229358  5245116  3060236  2555044 4691514  4306915
            8192      64 1274054 3144824  5954062  5888754 6022946 3890014 5113204  8358395  5490700  3229054  3271481 5406890  5011041
            8192     128 1270286 3082197  5056765  5721087 6205696 3819104 5285458  7809376  5241116  3345053  3457825 4336814  4667931
            8192     256 1257640 3719872  4943985  5936574 5672914 4061528 4887722  6627005  5088216  3057785  3255672 4604748  4387765
            8192     512 1265934 2841572  5696426  6063334 5801260 3373958 5752696  5825851 10393756  2853370  2832670 4302062  4329710
            8192    1024 1224692 3185053  3575859  4086161 3910378 3288389 5720134  6287458  9579481  2915101  2697461 4770989  3670204
            8192    2048 1103756 2991756  3234221  3442236 4989212 3121964 4790946  4280090  6091282  2815032  2322733 3661989  3217563
            8192    4096  978943 1980182  2723546  3334341 3178865 2201586 3103074  2440182  2636606  1818379  1301564 4449702  4153837
            8192    8192 1183113 2759196  3660429  3555507 3678455 2475520 3131639  2476412  2805379  2598324  2011246 3990304  3953573
           16384       4 1053288 2470075  4837421  5022690 3986324 2150453 4392478  5876570  5161907  2441726  2598600 4886264  5667209
           16384       8 1198878 3078580  4746211  5487108 4554938 2806387 4300125  7891709  5889161  2695219  2911619 5686906  6374834
           16384      16 1283305 2832063  5481418  5704846 5333373 2494191 4647979  7728405  4720455  2772197  3458835 5760801  5601154
           16384      32 1267821 3232214  1396629  5663005 5401707 3132039 5685024  7304517  6291951  3288673  3503092 5885126  5593859
           16384      64 1477367 3050564  5343741  4672948 4354072 3015095 4589312  7443774  4975415  3483734  3105430 5734840  5619016
           16384     128 1269273 1937080  5740589  5851550 5839120 2642161 4485076  8328820  6154457  3164782  3004549 5355819  5354150
           16384     256 1351819 2844960  4639820  4857253 5002944 3382895 4743590  7337273  4547102  2646435  3058983 5118462  5175124
           16384     512 1122027 2728391  4544997  4374861 5441486 3715207 4332113  6910087  4726949  3292612  3502377 4987331  5214393
           16384    1024 1304871 2178472  3953756  3959223 3841479 2829731 4349387  6399769  5253057  1713454  2591251 4853136  4961764
           16384    2048 1190095 1806562  3010077  3301788 4020609 2796338 2877361  2573203  6820923  2337889  1571600 3722856  3788324
           16384    4096 1258372 2191812  3022921  2842019 3075136 2278436 4327475  2902886  2718462  1890400  1893004 2840609  2841431
           16384    8192 1313877 2694373  3201197  4236763 2725254 2626107 2714917  2813166  2698711  1831405  2909154 2858332  4411653
           16384   16384 1095343 2081033  2809370  4035484 2743423 1915802 3162889  2676741  2703170  2141740  2163520 2699241  4115725
           32768      64 1282058 2843713  3783403  5323829 5349941 3208131 5021920  7410384  6381288  2913520  3515529 4121255  4587444
           32768     128 1303111 3542897  5276614  6129427 6126148 3767741 5615986  8118644  5434989  3018990  3402307 5244599  5287576
           32768     256 1368289 3108577  5054425  5108152 5893657 3761657 5273982  7622029  4543615  3174270  2838544 5444246  5714525
           32768     512 1208798 3141403  4679759  5539702 5801607 3779034 5686861  5823238  4446739  3010130  3121994 5401029  4868231
           32768    1024 1419944 2486376  5727862  5971762 6098692 3800876 5887094  5733836  5259652  1776803  1857262 5874512  6009099
           32768    2048 1046932 1931059  2853099  3409397 4425832 2996022 4727731  4390206  6662800  2223074  1512898 5060753  5363930
           32768    4096  801076 2429975  3049062  2722975 3188187 2320984 4380132  3021246  4434686  2223074  2271950 4308187  4039968
           32768    8192 1109086 2038070  4377203  2511685 3048453 2498853 2799745  2546684  4404275  2519651  2241310 4166356  4112992
           32768   16384 1119776 2696054  3420512  2961165 3131740 2603759 4153136  1987639  3903760  2427615  3404161 4328130  3677709
           65536      64  982033 2861201  4638443  4685487 5488359 3546134 3993472  7775938  4883089  2518285  2686353 5875995  5680492
           65536     128 1420155 3254001  4541349  5179065 5445412 3583347 4595790  7358765  4842656  2731358  2842237 1801429  5313929
           65536     256 1370129 3329601  5910996  4478019 4201047 2534656 4375796  6847330  4965207  2721595  2720922 4516278  5589925
           65536     512 1344686 3483179  4561849  3766028 4483571 2970824 5706672  5682488  4410197  2543404  3440411 5017228  5686955
           65536    1024 1317835 3103447  3722826  4414659 4657541 3015506 3998293  2911015  4503920  1533935  2858226 3874422  3798502
           65536    2048 1153171 2376730  5132071  2812458 2817070 1959092 4838394  1980419  2793877  1402675  1417789 1379765  1965859
           65536    4096 1189747 2592312  2820105  2984889 3289476 1837851 2711233  2151622  4270823  1997429  1639918 2866721  4132706
           65536    8192 1061383 1617130  2614105  2479509 2732933 1895686 2694279  2062706  2919859  1707328  2213529 2866093  3056277
           65536   16384 1148162 2209792  3585497  2791125 2627850 1760245 2783776  2174395  4004409  2435375  1888263 2963809  3008871
          131072      64  999976 1288495  5827215  6202272 5810708 2951870 2278527  8339007  5768758  2947281  2744842 5872342  6251359
          131072     128 1354539 3006038  5852462  5833460 5588493 3107144  505020  7375233  5517431  2994837  2776238 4971260  3985533
          131072     256 1325045 3036875  5303103  5458594 5571333 3110696 2036609  7052237  5282364  2981761  3007897 5418031  5780222
          131072     512 1346814 3054219  4880003  5626126 5674851 3263656  333722  5622501  5427446  2790485  2874002 5372286  5483312
          131072    1024 1308587 2976885  5538665  5736194 5808621 3122994 5582308  6697575  5763678  2509901  2419286 4940701  3505518
          131072    2048  827338 2433971  4503286  4886900 4932146 2472781 4757780  3558340  4623806  1652989  1802567 4147478  4900054
          131072    4096 1052448 1749912  4120866  3724385 1575629 1492369 2595332  2018980  2554617  1565039  1783561 3924309  3948436
          131072    8192 1085491 1794225  3970909  4137365 3900033 2294235 4092673  2772542  3950677  1498119  1813162 3417417  3934336
          131072   16384  998104 2321458  3815581  4102263 3932675 1803786 4036332  2113008  2619558  1408240  2086432 3779044  3573862
          262144      64   79375   69647  5383381  6024364 5656249   55406 5211602  7354700  5486261   115262   119991 3697691  4890569
          262144     128  123697   84314  5123687  5754321 5626725   83676 1133796  6739978  4919739    74796    74167 5265209  4745885
          262144     256   78956  143098  5180003  5639683 5553907   89998 3961378  6759411  5571723    99821    57246 5401338  5505133
          262144     512   85652   80204  5182127  4610676 4249931   70366 4721106  3287405  4241389    87059   149454 1747451  5471818
          262144    1024  120757  100571  4293930  4911915 4835275  124995 5017398  6830036  5546847   132362    81894 3010110  2557802
          262144    2048   79338   51829  4469544  4821746 4742630  117244 2744211  3559997  4863077   120890    87789 4229495  4844991
          262144    4096  118453  101885  3244001  4013829 3851208   91070 3781212  1984839  3097531   106722   120503 3815896  4056567
          262144    8192   83677  122587  3770928  3193378 3378457  112497 2712018  2646716  3992985   129418   129465 2640982  3757308
          262144   16384  117965  109378  3941893  4297455 4281640  123516 3340347  2712527  3961978   140492    85343 3547660  3977543
          524288      64   26439   86409  5820250  5431969 5497863    9923 4776894  8148610  5945719    84717    80329 5896709  6098423
          524288     128   55743   38363  5315157  5796317 5410612   17705 4670764  7947382  5842222    79396    78788 4555665  3943532
          524288     256   70549   36694  5290452  4387159 5079129   20764 5128213  7203256  5410492    66420    65112 3940147  4640534
          524288     512   69558   68421  5284578  5598558 5547432   51923 4601595  7241256  5502086    76702    76755 5690011  5887962
          524288    1024   76188   36640  5448510  5769521 5691970   54297 5293330  6638304  5542328    72688    48837 5002989  5731178
          524288    2048   70864   64020  3358365  4245728 3685704   35315 4108298  2575783  4872438    77900    77322 3043922  2280693
          524288    4096   51801   35237  3043458  4054629 3253316   40779 3879909  2496501  3769473    75784    73320 3694615  4007099
          524288    8192   76508   35250  3805751  3434531 3887303   61870 3809733  2606528  3523653    74415    77166 3775252  3880511
          524288   16384   77018   55280  1587106  3482019 3702727   40447 1184259  2552285  3852988    43504    75099 3130693  3972354

iozone test complete.
