	Iozone: Performance Test of File I/O
	        Version $Revision: 3.420 $
		Compiled for 64 bit mode.
		Build: linux-AMD64 

	Contributors:William Norcott, Don Capps, Isom Crawford, Kirby Collins
	             Al Slater, Scott Rhine, Mike Wisner, Ken Goss
	             Steve Landherr, Brad Smith, Mark Kelly, Dr. Alain CYR,
	             Randy Dunlap, Mark Montague, Dan Million, Gavin Brebner,
	             Jean-Marc Zucconi, Jeff Blomberg, Benny Halevy, Dave Boone,
	             Erik Habbinga, Kris Strecker, Walter Wong, Joshua Root,
	             Fabrice Bacchella, Zhenghua Xue, Qin Li, Darren Sawyer,
	             Vangel Bojaxhi, Ben England, Vikentsi Lapa.

	Run began: Sun Oct  6 00:46:58 2013

	Auto Mode
	Command line used: iozone -a
	Output is in Kbytes/sec
	Time Resolution = 0.000001 seconds.
	Processor cache size set to 1024 Kbytes.
	Processor cache line size set to 32 bytes.
	File stride size set to 17 * record size.
                                                            random  random    bkwd   record   stride                                   
              KB  reclen   write rewrite    read    reread    read   write    read  rewrite     read   fwrite frewrite   fread  freread
              64       4  520419 1330167  4897948 15972885 9006179 4274062 2801873  4564786  4274062  3363612  2662899 4564786 10821524
              64       8  598110 1460430  6421025 12310336 9318832 3738358 3022727  5389653  5860307  3738358   561808 3541098  5860307
              64      16  703068 2923952  6421025 2096219115972885 5389653 5735102  6421025  3541098  4274062  3958892 4018152 12902017
              64      32  695778 2923952  9318832 2096219115972885 5389653 5860307  6421025  3958892  3406295  2892445 3541098 12902017
              64      64  763021 1828508 12902017 3048429715972885 5735102 3022727  4564786  4564786  5860307  1892980 5860307 20962191
             128       4  731625 2784517  4759253 1284205110779307 4407601 4267461  5325799  3359523  3867787  1852520 5603747 11720614
             128       8  887675 1939522  4407601 1420079412842051 4759253 3657016  6406138  5784891  4012317  2248149 5784891 14200794
             128      16  859260 2673584  6406138 1801235915881078 4267461 5784891  6727225  6114306  4012317  3560017 3657016 12842051
             128      32  948860 3199360  7082197 1863766414200794 6114306 5545860  6727225  4557257  5122535  2727923 4934216 11470204
             128      64  864797 2140585  7476717 1636517314200794 6406138 6045455  7082197  7082197  2905056  6727225 4717434 18012359
             128     128 1000121 3982553 11470204 1588107814200794 6114306 3895854  6406138  4012317  6406138  3053774 5784891 15881078
             256       4  638445 2639446  2943325 12228612 9868433 1514860 4929815  5428265  5347168  1619994  2911402 5347168 11569783
             256       8 1128110 3557725  5938650  154984512812277 4652146 5841722  7120034  9114515  4572895  3197509 6249745 11695808
             256      16  763791 3935921  5687020 1416439513454450 5347168 6249745  7314033 10651598  4496299  3368013 6554972 14953435
             256      32 1128110 4572895  6398720 1495343514164395 1347557 5022044  7073132  5687020  5569035  4840911 4819184 12090911
             256      64 1339154 3087188  6398720 1607260815164624 6554972 4332998  6719046  8534922  3935921  5347168 5540300 14953435
             256     128 1332507 3159869  7120034 1516462412228612 5569035 5455847  5938650  7735574  3879045  4652146 5217259 14353744
             256     256 1219045 3705040 12812277 1416439513454450 5971678 5687020  6213578  4281170  4264168  3879045 6107548 13454450
             512       4 1057454 2722449  5164632  6736026 6999490 1323315 3678421  4195896  5398323  3068685  1992458 5384786 11374040
             512       8  604447 2141475  3239989 1462806712499490 4927617 5822804  6736026  6931711  4163357  3684733 5822804  8265729
             512      16 1276891 3388236  6472112  9304292 3459188 2815243 2107844  7513788  7647578  4620174  4123387 6246213 14628067
             512      32 1108203 2860238  5684095 1424006912797441 5278892 6319739  6909408  9638369  4340054  4237291 5886650 14240069
             512      64  994294 2427068  7115451 1547114913109944 5439343 5951911  2535981 13438092  4784885  3437042 5699180 15037801
             512     128 1094088 3905895  7115451 1023558313783088 5951911 5760329  6909408  9107004  5886650  2722449 5566231 14240069
             512     256  975328 2022482  8018812 1310994411138071 5744919 5439343  5886650  7435738  1869318  6652558 6018636 13109944
             512     512 1258188 3346002 11877300 12427157 2347475 3008498 6035551  6246213  6246213  6174377  4000485 5951911 13109944
            1024       4  768769 2859868  5950309 12208350 9743447 3532609 5479632  5789881  6918376  4178773  3709575 5853003 11520658
            1024       8 1267398 3495237  6199382 1314226512639479 4674510 2048338  5303701  7811791  4356809  3425544 5821271 13643232
            1024      16 1406431 2867506  4064103 1423090213305116 5417427 4876180  6918376  7420395  3984917  3506651 4470172 13472053
            1024      32 1254808 3251778  4995276 1330511613102174 4512441 4972145  6364746  6650556  4215688  3495237 5336651 13643232
            1024      64 1374474 3941039  4249053 1404475814044758 5758828 4674510  6874084 12639479  4064103  3937426 5690162  9064828
            1024     128  785932 3220084  5958564 1298335311368190 4694950 5472650  6244448 12790037  4211554  3447541 5782087 13686709
            1024     256 1064479 2633647  5623115 10230845 9064828 4949226 4614246  5144870  9320560  4287225  3618930 4949226 10134284
            1024     512 1422266 3594699  7590887 1234875412037272 5226256 4741598  6059442  7644933  4805258  4741598 5277632 11773301
            1024    1024 1418039 2206161  4995276 1330511613142265 5682634 5885083  5991815  3668386  2617596  4392454 5226256 10158253
            2048       4 1101724 2924924  5376082  7789164 7419150 3127245 4796687  4040790  5267294  2324867  3224685 3806235  6420913
            2048       8  878603 3084572  5868220 1144095511966935 3600433 4412322  7213548  6922868  3379461  3117032 4453499 10834854
            2048      16 1433374 3292669  4796687 1183503312488897 4971585 3962502  7059413  7874853  3292669  3757946 4293237  9483197
            2048      32 1355348 3657149  5991003 1239876413489098 4591569 4188565  4223576  5107566  3567536  3828288 4223576 12033995
            2048      64  448354 3549844  4581773 12204980 8600205 5750369 4900677  8097557  4531020  3975338  2403581 4581773 12561952
            2048     128 1575612 3871422  4552633 1050363711260973 4284671 4511980  7609754 14202800  3209024  3454204 4775354  7609754
            2048     256 1248753 3430751  5868220 1112965911706006 4223576 5447681  6851089 11380325  3200654  4215286 4146110  4741090
            2048     512 1535066 2763097  6440169  796983512257227 4543002 4531020  6114678 10037248  3624742  3390131 5626082 10959265
            2048    1024 1190598 2202092  7562855 10339282 7082696 4983122 5303064  4829046  7911115  4697018  4643695 5222461  9268323
            2048    2048 1127168 2429413  6303124  3717289 5080379 4056054 4707314  3051697  3386122  3999400  3864455 5172149  6823876
            4096       4 1000702 2435200  4385074  6245395 6086096 2691164 4481152  4858827  4096486  2998333  2719708 4653513  5050220
            4096       8 1276762 2289792  4357270  6361016 5211065 3527834 4104315  7405736  4928521  2571141  3564431 4796426  4307020
            4096      16 1311559 3806071  5250883  5044289 6782940 3214912 4408705  6225028  4218190  3217321  3637640 5594580  7261741
            4096      32 1298180 3182750  6060333  3404782 2652931 1431678 5081590  7954358  6919538  4325455  3385325 4740836  7339297
            4096      64 1285263 3506950  5894001  6894546 7642951 4357270 3000952  4634682  5291314  2854365  3016231 5081590  4530788
            4096     128 1302412 3126565  4681411  7123239 8730470 3927001 5666546  8256354  7405736  4371684  3212508 4977067  5587302
            4096     256 1306075 3081698  5877869  6213770 8276241 4761860 4438318  7146945 13036724  4188367  3504089 5212646  5157871
            4096     512 1296221 2946902  4977067  6978564 8480511 3977000 4052041  6908408  7742845  2725317  3624593 5244471  5375755
            4096    1024 1254938 2691164  6272759  6659365 6836927 3255732 5594580  6461498 10160758  3456849  2644356 4643451  6015769
            4096    2048 1205452 2590526  3961410  6032669 5497899 3214912 3750403  2854365  5988509  2860543  3831537 3717133  3767675
            4096    4096 1067483 2602298  4649735  4686519 4576653 2341919 3454069  2480917  4015108  2836457  2181070 4043458  3713116
            8192       4 1033039 2727871  4713395  3948121 3787530 1862739 3973232  5016894  4390007  2577662  2814110 5227560  5364680
            8192       8 1162813 2517417  5361332  5457560 5094251 2602260 5288712  6543707  5471465  3078607  2417859 5060489  5251529
            8192      16 1275426 3147416  5406890  5210911 5598961 2815032 3641034  5354648  5588034  3208549  3231483 4427912  5248321
            8192      32 1453469 3055338  5557305  4724413 4607218 3959496 2356020  7891886  6262248  3420306  3773388 5343822  5184962
            8192      64 1345393 2898869  5257958  4841578 5580773 3639492 4776959  6838023  6395120  3589681  3763056 5978928  5905961
            8192     128 1341401 3129072  6032463  6118398 6215800 3901055 5588034  8409538  6281710  3790873  3079711 5168583  5126172
            8192     256 1282615 2912136  5101058  5407741 6114043 3771731 5741161  7275280  5291970  3754421  2853370 5088216  5274909
            8192     512 1247639 2988633  4586309  6014511 6177802 3925568 5669170  7019632 12356037  3369987  2854319 4513413  5897851
            8192    1024 1157524 2495295  4489235  4770989 4318282 3300391 5489823  6490555 10556617  1900658  2559231 4596740  5464503
            8192    2048 1152825 2127300  4652131  5523358 5312425 3148570 5148447  4194403  4325349  2263665  1335302 3296592  3752781
            8192    4096 1153638 2747942  4049561  4500997 4468800 2989673 3386595  2411411  2800805  1924828  3196312 3538663  3929159
            8192    8192 1224518 1883571  4476368  4474037 4481039 2740709 4446823  3009575  3465497  2519817  2900827 3063510  2587562
           16384       4  906245 2312167  5140669  4517212 4007946 2150992 5396617  5477922  5181758  2582195  2913718 5718614  5720994
           16384       8 1201897 2548015  6101994  6267848 5675165 2907062 5139516  6050418  5007319  2580159  2845432 4580441  4975415
           16384      16 1236255 3013376  5155324  5661139 5173566 2780160 6115570  5675165  4886264  2684584  2921025 5373408  5476176
           16384      32 1382969 3513659  6535496  6491662 6129206 3527910 5452279  8000120  4459464  2635373  3447037 6313919  6420097
           16384      64 1287730 3159834  3861337  4229201 4214934 2408015 6145651  1767576  4430425  2791567  3014037 4543494  5219542
           16384     128 1099005 3755202  5744908  5548244 5663472 3313889 6070729  8506143  5557667  2641755  2761947 4278973  4453395
           16384     256 1517595 3897251  5755011  5992904 5429019 4276576 4964632  6320888  5107429  2750450  3693442 4153286  3770863
           16384     512 1241773 3865029  5811959  5872553 6070729 3778534 5005860  6633278  4544696  2360455  3423340 4440158  5264728
           16384    1024 1268500 3705192  5194684  5483167 5412770 3089653 4689211  7239873 12402433  2925253  2756850 3649893  4202048
           16384    2048 1121587 3002974  3836975  3336090 3326079 2440685 5181758  3474224  4592993  1514785  2260746 3133325  3107818
           16384    4096 1291093 2707217  3526642  3560261 3562476 2032230 2238287  2155512  4144519  2547637  1856289 2917924  2842960
           16384    8192 1305391 2243768  3282076  3567284 4418461 2584623 4387710  2630732  1241862  2270156  2647353 3943999  4397256
           16384   16384 1178281 1767439  2769963  3542459 3436179 2513256 2961050  2543676  4419598  2748580  2413258 3101786  3332692
           32768      64 1245743 2740240  4582244  5161094 4923161 3058426 4268448  7679524  2730658  1678012  3252469 4901041  6089775
           32768     128 1381868 3649002  4707973  5461337 6127241 3663689 6091934  8335794  5319502  3184789  3303201 5442306  5641806
           32768     256 1286739 3346797  4911199  5807736 5197986 3801822 5706695  6165170  5444031  2107254  2847424 5475916  5810928
           32768     512 1303828 2800201  5919039  4398496 4499290 3192853 5966577  7347395  5808963  3294254  2935989 5543725  5976436
           32768    1024 1108532 2751541  4936423  4883453 4587444 2519651 5389592  4143620  5752796  2632586  2350154 5767039  5178401
           32768    2048 1097467 2722005  3288264  3863161 3819042 1373691 3348428  3921023  6523648  2088331  2374516 4276816  3361450
           32768    4096  928900 2209423  4205880  4337282 4207425 1922120 4237390  3010394  4151004  2230507  2318713 4132159  4199968
           32768    8192 1100111 2452698  2896756  3166591 4320104 2530553 3519671  2375173  4188576  2353333  2444106 2796384  4074099
           32768   16384 1052754 1993665  3719008  3760422 4419144 2725675 4306432  2462101  4211809  2593001  3440979 4382507  2775994
           65536      64  735764 1986904  6031886  6071589 5533213 3056854 6053538  8155209  6118622  3335500  3039716 6026860  5540797
           65536     128 1408649 3671706  5509480  5475458 5357324 3703016 4970505  8543531  5487372  3347279  3376762 5503523  5974073
           65536     256 1345430 2754983  5555355  5999237 4870025 2928975 4360040  5023096  5440885  2565528  2833740 5406426  5866714
           65536     512 1434421 2981490  4323488  5101687 4362116 2542110 5482338  5377131  5044667  2367110  1919447 4187862  5687308
           65536    1024 1270942 3235387  5552101  3926165 4255286 2344338 5503082  6905819  4840865  1858553  2343319 4612292  4810283
           65536    2048 1170306 2384937  3234283  2999776 3334812 2254505 5051249  3074634  3304384  1657160  2143033 4807507  3815533
           65536    4096 1179850 2569845  4143109  3374813 2743818 2010917 4209152  2995102  3008740  1771339  2097891 3022170  3729544
           65536    8192 1149252 2621559  4087050  4306149 4325529 2679518 4037227  2875387  2698934  1657250  1909951 2710565  4171592
           65536   16384 1269094 2540841  4092649  4158591 4237966 2606223 2053123  2421793  2727590  1816464  1813839 4141049  3309238
          131072      64 1113042 2793576  5788377  5787889 6051593 2881594 5493119  7779217  5779675  2845073  2996698 1679742  4564265
          131072     128 1192855 2967709  5661876  5721151 5329890 2515874 5516490  8330415  5503071  2809868  1950679 5517431  4941411
          131072     256 1302267 3016827  5337652  5516988 5349650 3042101 5287292  7034820  5444754  2766111  2955997 2598264  5668006
          131072     512 1326490 2352250  5461576  5601590 5543357 2907348 5577494  6800474  5740207  2815293  2786807 5547104  5706957
          131072    1024  953980 3031332  5555793  5379330 5475938 2969521 5486978  6515176  5383281  2429690  2376214 5241370  5526083
          131072    2048 1155634 2425552  4760705  5115016 5000834 2557148 4728236  4006242  4840174  1815653  1834403 4313440  5090199
          131072    4096 1145212 2064416  3905602  4068413 3994627 2230746 3935518  2734657  4017895  1839196  1727999 4122411  4095997
          131072    8192 1142288 2313224  3955481  4011621 4011387 2299109 3842060  2694289  3917151  1835512  1847982 3935857  3755321
          131072   16384 1135639  522532  3964552  4033105 3933519 2291634 3985187  2769023  4020598  2033949  1931619 3901888  4047536
          262144      64  118578   77540  5482896  5809812 5846077   81769 5307194  8104141  5524745   112878    91549 5723290  6000102
          262144     128  129205  124249  5216572  5875285 5805946   91077 5028458  7951468  5569239   115984    75240 4752593  5470457
          262144     256   87266  108255  5171816  5534088 5450201   82629 1669387  7059020  5524523   108857   112058 2183460  5601585
          262144     512  115261  105182  4831705  5261833 4812355  102159 5032693  6961542  5500176   117802    69802 1603317  5479481
          262144    1024   87382   87210  5134838  4251443 3980625  119421 4964387  6531229  5452038    90505   139432 4929267  4674221
          262144    2048   82236  110138  4245107  4739707 4746746  119403 3783463  3203949  4613829    84771   105699 4171076  4567997
          262144    4096   87915   52005  3638311  3465038 3472293  115221  627373  2786573  3985227   115722   109611 3595750  3779419
          262144    8192  115941  108346  3301184  3814943 3868199  121129 3886315  2682875  3963163   122380   112241 2782962  3365737
          262144   16384   78061   86005  3335554  3316138 3549825  128420 2129714  2089413  2677589    85769   116512 1227047  4010462
          524288      64   24235   50919  5516274  5575873 4834730   22628 5642285  7492698  5410945    81609    79717  442125  6146904
          524288     128   55093   65977  5559142  5992202 5680809   19685 3044343  7965489  5672573    56239    51614 5681176  5673876
          524288     256   79739   48309  5290554  5552600 5423877   45972 5161229  6877432  5488312    78348    72304 3187083  5581223
          524288     512   71732   55108  5223757  5631217 5477540   52103 4951954  5552600  5503518    78351    75180 1018163  5469529
          524288    1024   67407   44380  5333605  5517769 5481609   57044 5068522  6662196  5509599    77358    75841  746002  5680868
          524288    2048   57642   67520  4667433  4981355 5079809   66068 3323304  3667301  4731546    47007    43490 4563313  4286479
          524288    4096   78088   43942  3869565  4007398 3874488   43227 3842177  2673136  4001346    80447    76526 3626358  3989991
          524288    8192   78685   59580  3595420  3680787 3926954   68054 3532222  2692812  3853954    52020    40468 2602287  2550237
          524288   16384   42814   73106  3877583  3804427 3819056   74109 3184973  2847797  4060093    79351    66228 3094806  4190652

iozone test complete.
