	Iozone: Performance Test of File I/O
	        Version $Revision: 3.420 $
		Compiled for 64 bit mode.
		Build: linux-AMD64 

	Contributors:William Norcott, Don Capps, Isom Crawford, Kirby Collins
	             Al Slater, Scott Rhine, Mike Wisner, Ken Goss
	             Steve Landherr, Brad Smith, Mark Kelly, Dr. Alain CYR,
	             Randy Dunlap, Mark Montague, Dan Million, Gavin Brebner,
	             Jean-Marc Zucconi, Jeff Blomberg, Benny Halevy, Dave Boone,
	             Erik Habbinga, Kris Strecker, Walter Wong, Joshua Root,
	             Fabrice Bacchella, Zhenghua Xue, Qin Li, Darren Sawyer,
	             Vangel Bojaxhi, Ben England, Vikentsi Lapa.

	Run began: Sun Oct  6 00:46:58 2013

	Auto Mode
	Command line used: iozone -a
	Output is in Kbytes/sec
	Time Resolution = 0.000001 seconds.
	Processor cache size set to 1024 Kbytes.
	Processor cache line size set to 32 bytes.
	File stride size set to 17 * record size.
                                                            random  random    bkwd   record   stride                                   
              KB  reclen   write rewrite    read    reread    read   write    read  rewrite     read   fwrite frewrite   fread  freread
              64       4  500060 1336792  4897948 1290201710402178 4207076 4564786  3541098  4564786  3165299  2561267 3203069 12902017
              64       8  703068 1460430  5860307 1290201712902017 4897948 4897948  4564786  5735102  3541098  2203800 5860307 12902017
              64      16  666414 1518251  6421025 1290201710821524 5389653 3203069  4274062  4564786  4018152  1690338 5283570 20962191
              64      32  695778 1599680  7100397 1231033615972885 5283570 3203069  5283570  4207076  3541098  2298136 4274062 15972885
              64      64  735831 1599680 12902017 3048429715972885 5860307 4564786  5860307  5735102  5283570  3588436 5283570 20962191
             128       4  731625 1749872  5122535 1420079410567140 4444086 3468030  5325799  3445772  4012317  1858934 5784891 12842051
             128       8  955616 2035099  6406138 1588107814200794 4596273 3785961  6727225  6406138  3785961  2166499 2326073 15881078
             128      16  864797 1997245  4889281 1588107814200794 5784891 5122535  6406138  5074121  4267461  2326073 3759450 12842051
             128      32  887675 3895854  3657016 1863766414200794 5784891 1133103  7082197 11470204  5325799  2035099 5122535 12842051
             128      64 1059322 2453642  7476717 1420079414200794 6114306 3468030  7176872  7176872  3036502  5122535 3445772 14200794
             128     128 1123617 2511022 11720614 1801235914586625 6406138 5122535  6406138  3982553  6114306  3867787 6045455  4557257
             256       4  921029 2330140  5687020 1222861210245071 4281170 5217259  5455847  9114515  4132864  3159869 5687020 11569783
             256       8 1057034 3207059  6595234 1495343512812277 4819184 5455847  6398720  9192546  3879045  3197509 5938650 14353744
             256      16 1062263 3245838  5971678 1495343514164395 5971678 3994490  6761355 15164624  4929815  4132864 5938650 15164624
             256      32 1071806 3159869  6249745 1607260814353744 1479379 6107548  7314033 13454450  5455847  4009406 6107548 15835569
             256      64 1180188 2533571  5217259 1583556913454450 6107548 4734192  6249745  8271916  4350555  4652146 2672291 14164395
             256     128 1103757 1286217  7518900 1495343513625180 6249745 5810112  6891544  6936061  4070199  6107548 5810112 14164395
             256     256 1235882 3823789 12812277  171852112812277 5455847 5428265  1332507  5810112  5971678  3950402 5971678 13454450
             512       4 1108203 2678309  5886650 12215097 9304292 4091959 5227492  5639315  8665997  4099771  3325278 5684095 11138071
             512       8 1205228 1594501  6246213 1424006912797441 5331314 5886650  7309196  8394979  4228947  4030519 6319739 14240069
             512      16  804962 4061007  4732165 1310994412146009 4973263 6174377  7022379  7022379  4532414  3580298 4973263 13872122
             512      32  984720 3762197  6571132 1462806714240069 5822804 6018636  7620440 13872122  5019764  3788747 6571132 14628067
             512      64 1380303 3431550  7115451 1343809214240069 3320137 6174377  2926501  9304292  4784885  2141475 5453155 13872122
             512     128  786391 3346002  5019764 14628067 3346002 6035551 5624545  6551087 11374040  2381315  4973263 6018636 13522711
             512     256 1219602 3877684  5331314 1249949012215097 5439343 2609952  6571132  6931711  4000485  4927617 5968453  3366987
             512     512 1383861 4000485 13109944 1343809213109944 2796910 5453155  5624545  5566231  5744919  4660280 5566231  6652558
            1024       4 1049138 2813041  5251818 10769573 4130547 2606476 2892612  5444898  5853003  3671521  2472911 5363307 10662628
            1024       8  935966 3130886  5251818  457492612790037 3696803 5853003  4526709  6650556  4451639  3791442 5983467 13863422
            1024      16 1336827 3509517  6441107  610249013305116 5690162 6025439  4614246  7160597  2679655  4396951 6163794 13264026
            1024      32 1418508 2668003  6431462 1347205313305116 5623115 5356618  7319232  8391792  2798378  4048778 6059442 13818817
            1024      64 1163378 3955557  6290174 1364323213102174 5917516 5720477  8000971  4995276  4679604  3591693 5623115  7220790
            1024     128 1351126 3863055  5660167 1190382311903823 5564829 4594502  7537599 11368190  2852271  2653170 3709575 12639479
            1024     256 1182272 3390391  6479979  759088711132462 5226256 4488860  5782087  8593274  4415030  4555516 5277632 12208350
            1024     512 1378445 4014717  7537599 1263947912676785 5096034 3544270  6102490  7577494  3529706  4474829 4949226 11489839
            1024    1024 1233545 3379719 12639479 1220835012790037 3556008 3261656  4048778  5630486  5789881  4321737 4715569 11249091
            2048       4 1054651 2694623  4347560 10143926 6807652 3786104 5032754  4063729  3189957  2503765  2231264 5416763 10452512
            2048       8  969211 3015275  4265523  6382745 6340344 3384788 4751580  7112016  5349298  3506373  2812862 5626082  7112016
            2048      16 1237420 3204236  5020987  6243566 8198022 5184636 4601407  7293167  5006356  3598924  2781889 6110328  7698414
            2048      32 1310279 3048448  4945823  654318811770166 4728042 4623699  7286980  8498106  4957240  4088876 6243566  6823876
            2048      64 1244231 3946119  6321679 1330111313949098 5785224 3975338  7503399  5920802  4540600  2844532 4666399 11966935
            2048     128 1156456 4063729  6243566 11320334 9853037 5754221 5820505  5991003 14613561  4023754  2856830 5933071 10834854
            2048     256 1358993 4213218  6020395 1055526410945301 5640860 5816563  7262337 12187663  4016229  2848305 3814687  5868220
            2048     512 1103990 3569018  6583305 11380325 8159088 5447681 5765808  6873016  7159438  2753355  3334853 5430461  6298503
            2048    1024 1023000 2611870  5119743 10037248 9268323 5020987 5264067  4301837  4621211  2840769  4540600 4396514  8678404
            2048    2048 1020448 2338157  5345969  6939647 7135648 3751381 5184636  3864455  3799501  2233004  2338157 4945823  4340969
            4096       4  844725 3031667  4864330  6236327 7212959 2813233 3842678  5490871  4666153  2803592  3163410 5468151  6575257
            4096       8 1149631 2754152  4988629  5145513 4958393 2661562 3733288  6351609  6793669  3653887  3595765 5271829  5375755
            4096      16 1234912 2966237  6140479  7568872 8552280 3977000 5826043  7489679  7486415  4214051  3133979 5969780  7188814
            4096      32 1327675 2773270  4756587  5565581 7431363 3512686 6024207  4757904  7585581  4104315  3088901 5826043  5719367
            4096      64 1264173 3207709  5063617  5030994 4591331  896287 1393700  3150647  5620203   683917  3483484 4408705  6112079
            4096     128 1256039 3202328  6041154  6195843 8865630 3904688 4125010  8017464  7096756  3631489  3153539 5794602  4311344
            4096     256 1308961 3070133  5721272  6585338 6861502 3650781 4252647  5320812 10888456  2639075  3456153 4681411  4988629
            4096     512  448527 2708986  4718699  4184286 5649775 3398719 5587302  6041154 11416669  4059701  3038638 4813898  4510565
            4096    1024 1159720 3242827  5409609  3945943 5113352 3102848 4192455  4540367  9846293  3385325  2347359 3730046  4501111
            4096    2048 1172302 2014807  5802430  5461198 5340661 3439547 4846491  2763900  5657217  2436582  4043458 3863418  3864287
            4096    4096 1111260 2279462  3660115   648203 4015108 2515794 4485833  2882622  3250804  2285832  1972021 2762123  3088901
            8192       4  870466 2677909  5028642  4818493 4216536 2360714 4132853  5271672  4366576  2438797  2656378 3929159  4179607
            8192       8 1057586 3201076  6210183  5329730 4997921 2974661 5000831  6965556  4718573  2564005  3308654 5091232  4625826
            8192      16 1255113 3065697  5940679  5642173 5407741 2723331 5475825  6399884  4505719  2594792  2812037 4561346  5817959
            8192      32 1241014 2906963  5859631  5201445 6516405 3778782 5634770  7522154  4420506  2877505  2870294 5050818  5382328
            8192      64 1460264 2541813  5446314  4678737 4153837 3176514 4667931  7868391  6173362  3535386  3661989 5261984  5769116
            8192     128 1251091 2840632  4442223  5188093 4705005 3015121 4893290  6692839  4718573  3133638  3284616 5838720  5780764
            8192     256 1468377 2848403  4976927  4553488 4496285 3216359 5251529  4716630  4633311  3045318  2702553 5688881  5432536
            8192     512 1314711 2560756  4551075  4768340 5197511 3756063 4376030  6959913 12280959  3734021  2732644 5031588  4331893
            8192    1024 1477088 3567690  4792951  5354648 5281396 3040737 4545657  6809564  7049878  2081802  2873415 5583494  4870401
            8192    2048 1091831 3042083  3618412  3828039 3813593 2544825 3110096  2719020   765458   986872  2343326 4061528  4350542
            8192    4096  966605 2459395  3227840  3932757 4222755 2666686 3563251  2818958  4009863  2210367  2846515 3520174  2772107
            8192    8192 1074386 2312104  3930508  3806833 4141321 2607988 2808359  2318188  4104220  2735036  2203846 3756063  4282224
           16384       4  975812 2760172  5744908  4732483 3980552 2445027 4375975  4855880  4803271  2789754  2285103 4034299  4504775
           16384       8 1172211 3002842  6120472  5776782 5416182 2704979 4817414  6203907  4622965  2554740  3234800 4478938  4924430
           16384      16 1243368 3421125  6014409  5352482 5785536 3173845 5398313  7360062  5355819  2942538  3263683 5129541  5357489
           16384      32 1244696 3103607  6175474  6054683 6030242 3119528 5589764  7728405  5464853  3004024  3449287 5592038  4557355
           16384      64 1432168 3727905  5231064  4456861 5809993 2984325 5544663  8184002  5089650  3284586  3549412 5316044  5915013
           16384     128 1452879 3009022  4228160  5284972 5080244 3347139 4927255  7028827  4402045  2532241  3096614 5295153  5555870
           16384     256 1237100 2993555  4402045  4310375 4949613 3773554 5818356  7443774  5224303  3189903  2925751 4810332  5099470
           16384     512 1479785 3157947  4562499  4896710 4695940 2989778 4863096  6460536  5383933  3328656  3410598 4929022  5416182
           16384    1024 1121807 3276755  5426876  6129753 6143453 3232974 5158807  5891180 10715976  2491930  3179572 4423296  1611022
           16384    2048 1067440 2787378  4523456  3073348 3023985 2382056 5123422  4105399  4031459  1929303  2374812 3229783  2973478
           16384    4096 1053417 1941238  2927246  3058439 4353796 2696593 4042606  2972449  3506846  2127221  2014772 4363472  4114493
           16384    8192 1036699 2727417  3265699  2990298 3591521 2248982 2957863  2449385  2764280  2195383  2901906 3681767  4079564
           16384   16384 1035465 1928436  4443891  4442455 4437578 2650313 3295928  2208081  4380718  2616010  1915589 2813626  3113168
           32768      64 1076299 3310202  5938476  4963342 6117967 3741586 5631173  8680095  5648762  3427934  3274788 4898770  2127248
           32768     128 1265123 3715590  4441853  4739469 5491450 3837918 5707643  7128278  6092744  3048994  3327754 5797691  5884825
           32768     256 1276959 3655893  4760646  5356822 5491669 3543628 5158770  7246288  4484463  3126682  3421193 4956540  5317855
           32768     512 1281102 3098067  5620580  5491450 4914887 3091308 1582690  7193946  5342870  3355295  3020981 5798670  4994364
           32768    1024 1174312 1553494  4403146  4736039 4917173 3421534 4238567  7034873  5853496  2831935  2326445 5131994  5672309
           32768    2048 1150282 2052497  2942778  3952256 4451636 2943093 3071618  3213833  4929695  1949660  2295170 3780697  3909757
           32768    4096 1126430 1962017  4367882  3859581 3165351 1964148 2690513  2278580  2832636  1760394  2061672 2888780  4265004
           32768    8192  935876 2646221  3151054  2764047 2788045 1904356 4252205  2966470  2746921  1954790  1807888 2917602  3221668
           32768   16384 1313034 2725675  4409078  2912718 2814652 1607382 3243105  1555939  2342264  1417045  3193818 4382507  2850673
           65536      64  953028 3494515  6236763  4666793 4503920 2320941 4784328  7638933  4584828  2659093  3481326 4592565  6490040
           65536     128 1188281 3154881  4624319  5533324 5955048 3736185 4915309  7576400  4261091  1908174  2337242 5523429  4779088
           65536     256 1466196 3258708  5612868  5053292 5089313 3419398 5462727  4306149  4812388  3094363  2845326 4864940  5050135
           65536     512 1292066 3086233  4409631  4510350 4468556 2692642 4539774  6571969  5843020  2515013  3295747 4491263  4446149
           65536    1024  886877 3339592  5711771  3794779 3645750 2219140 5664338  2597849  3710764  1292747  2310290 5682018  3733800
           65536    2048 1189552 2276651  2622160  2953142 3245779 2467379 2749691  4209668  2783663  1541695  1508860 2831784  2863227
           65536    4096 1022946 2338136  2232913  3691776 3807341 2321745 3844187  2395934  3449478  1986904   917048 3325170  2334661
           65536    8192  781427 2153881  4204260  4191630 4242610 2667660 2529175  2603730  2657473  1838982  1677099 2892026  4012241
           65536   16384  928890 2075571  2700844  2706428 2740945 2025587 4238227  2412081  2936077  1988586  2044936 2678996  2628177
          131072      64 1168679 2907810  6008667  4398686 5663043 2792753 5815564  7948145  5830614  2791860  1746671 6080239  6100954
          131072     128 1314913 3114679  4206409  5732905 5543580 3078384 5444107  7623130  5655760  2565214  2839885 5825177  5723713
          131072     256 1339421 3136071  5650645  5574214 5337652 3120247 5433507  7268075  5402378  2909287  2672976 5101062  5095908
          131072     512 1349296 2497949  5593042  4550325 5378225 2346517 5604731  6917446  4572541  2260947  2906964 4356578  4960942
          131072    1024  986081 3091906  5226570  5706957 5562651 3013767 5328133  6504846  5705713  2459649  2696060 4684641  5477302
          131072    2048 1177255 2449490  4802081  4805565 4778249 2476937 5001016  3897130  5041420  1913793  1899811 1421263  4621085
          131072    4096 1152910 2241889  4102171  4060960 4212081 2408074 4126806  2884951  4115560  1665312  1719476 3873188  4246077
          131072    8192 1174702 2273975  4024307  4318116 4223925 2374705 1979576  2813189  3967556  1798810  1855992 1376616  4180118
          131072   16384 1212091 1229708  4076498  4000732 4094716 2313389 3973550  2782252  4027166  2037741  1988958 4016281  4113097
          262144      64  117951  118828  5374566  4084901 5747132   64718 4736460  7737873  5821162   118670   104821 3811557  5651714
          262144     128   80280   80628  4307691  4666465 3807742   68247 4018715  4458308  4246828    82739    79150 4286765  5408937
          262144     256   78207   68918  4774490  5601385 5432911   98529 4592093  7182979  5481529   122646   114280 4754669  5484209
          262144     512   84302  119263  4982768  5705974 5511037  103391 5080387  6981921  5545336   106139    95612 4966069  5558259
          262144    1024  148937  102228  5106340  5490480 5481666  102989 4979090  6177975  4654119   117511   106327 4952357  5765334
          262144    2048   90978   75995  4439963  4758208 4727988  112601 4371036  3423192  4818197   103904    88731 4184792  4847597
          262144    4096  104581   93878  3954810  3994392 3897584  113727 3798035  2737024  3953203   105540   110058 3693840  3973920
          262144    8192  107371   65671  3932152  4082413 3982672   97170 3696746  2768094  3977068   113376   144419 3739303  4044243
          262144   16384  101865  110718  3799466  4035707 4011384  103949 2183989  2747090  4013229   102052   115639 2648482  3998532
          524288      64   42021   46780  5859549  5948759 5681308   12223 5368121  7932818  5684936    41682    51381 5924558  5907068
          524288     128   38500   54148  4543025  4535239 4172507   15540 3696149  5687038  4662861    36150    71502 1947093  4262608
          524288     256   44967   47413  5377652  5485273 5279846   23983 4001921  7557097  5468794    69914    45847 5263090  5634839
          524288     512   71590   63016  5078882  5598373 5588229   49305 4681982  6953877  5715373    70756    43348 2142855  5120189
          524288    1024   39434   69235  5324449  5544383 5425443   54891 4351297  5071316  5417823    73025    73430 4452817  5617020
          524288    2048   74436   34475  4459970  4094688 4626495   34362 4122987  3459553  4726421    70696    63930 3689699  4798848
          524288    4096   75583   32809  2472624  2566392 3497887   38112 3830164  2669055  4190948    58688    74574 3577411  3774597
          524288    8192   46815   43022  2385014  2534482 2210749   38336 3977607  1759993  2910366    47068    38896 3900195  4124781
          524288   16384   72249   30508  3827837  3971637 3965928   41490 2489825  2689881  4031769    51591    38456 3562464  3821903

iozone test complete.
