	Iozone: Performance Test of File I/O
	        Version $Revision: 3.420 $
		Compiled for 64 bit mode.
		Build: linux-AMD64 

	Contributors:William Norcott, Don Capps, Isom Crawford, Kirby Collins
	             Al Slater, Scott Rhine, Mike Wisner, Ken Goss
	             Steve Landherr, Brad Smith, Mark Kelly, Dr. Alain CYR,
	             Randy Dunlap, Mark Montague, Dan Million, Gavin Brebner,
	             Jean-Marc Zucconi, Jeff Blomberg, Benny Halevy, Dave Boone,
	             Erik Habbinga, Kris Strecker, Walter Wong, Joshua Root,
	             Fabrice Bacchella, Zhenghua Xue, Qin Li, Darren Sawyer,
	             Vangel Bojaxhi, Ben England, Vikentsi Lapa.

	Run began: Sun Oct  6 00:46:58 2013

	Auto Mode
	Command line used: iozone -a
	Output is in Kbytes/sec
	Time Resolution = 0.000001 seconds.
	Processor cache size set to 1024 Kbytes.
	Processor cache line size set to 32 bytes.
	File stride size set to 17 * record size.
                                                            random  random    bkwd   record   stride                                   
              KB  reclen   write rewrite    read    reread    read   write    read  rewrite     read   fwrite frewrite   fread  freread
              64       4  474430 2561267  3541098 12902017 9006179 3541098 4207076  3588436  4274062  3363612  1879725 4897948 12902017
              64       8  591520 1460430  6421025 2096219115972885 4897948 3057153  5389653  5389653  3738358  1526887 3738358 12902017
              64      16  647135 1638743  7100397 2096219115972885 5283570 3022727  4564786  4564786  3791156  3363612 3406295 15972885
              64      32  681644 3738358  7940539 2096219115972885 5389653 3057153  4564786  4897948  2801873  1947927 4564786 15972885
              64      64  866463 1991276  4564786 1597288515972885 5860307 4564786  4564786  2892445  5735102  2662899 3588436 12902017
             128       4  819893 2098744  4759253 1420079410567140 4407601 4934216  5325799  3895854  4012317  1997245 5325799  9795896
             128       8  864797 2464907  6114306 1636517312542043 5379161 5325799  6406138  6045455  4135958  3359523 6114306 15881078
             128      16  830034 2175277  6114306 1284205114200794 5545860 3124872  6406138  4889281  4135958  3124872 6114306 16365173
             128      32 1076312 2035099  4934216 1172061414200794 5784891 3359523  6727225  4717434  5074121  2420455 6727225 15881078
             128      64 1281909 2175277  7582312 1801235916365173 6406138 6045455  6727225  4889281  3560017  3053774 5603747 12842051
             128     128 1000121 2420455 11470204 1420079415881078 6114306 4267461  6114306  3867787  4596273  2499332 5847904 16365173
             256       4  900936 3557725  5569035 1345445010651598 4477549 5455847  5810112  6554972  4070199  3756894 1881098 10245071
             256       8 1027695 2588541  6073004 1345445012812277 5320671 4054829  6719046  4070199  3654598  3326279 5347168 13454450
             256      16 1117543 2639446  5687020 1416439512812277 5810112 5022044  7120034  3499745  4572895  3326279 5569035 12812277
             256      32 1084800 3159869  6398720 1495343513454450 6249745 5687020  6936061  5938650  5242734  3823789 1871263 14164395
             256      64 1213534 3326279  7518900 1495343512228612 5428265 5217259  7314033  8271916  4477549  2812272 5810112 14164395
             256     128  809878 3654598  7735574 1435374413454450 5938650 5347168  6761355  6107548  4572895  5320671 4264168 12812277
             256     256  752549 1642294 12228612 1345445012228612 5938650 5687020  5938650  5810112  5841722  3465855 5841722 12812277
             512       4 1113374 2708713  5624545 11374040 9107004 3934520 5067142  5164632  6757222  3653390  3299730 5684095 11138071
             512       8 1193175 3051245  5886650 1004408911943357 3768799 5822804  7022379  6571132  4827914  4000485 5886650 12797441
             512      16  941546 3122224  6414119 1387212212797441 5870558 5278892  2449212  8265729  5067142  4457157 4163357 11620224
             512      32  939486 4099771  6736026 1424006913438092 6319739 5886650  6156675 13438092  1695195  4447925 2815243 13783088
             512      64 1218910 3145087  6491676 1514384613872122 6319739 5566231  6821616  9510316  5019764  4690818 6228097 13522711
             512     128 1339827 3634839  6736026 1378308813109944 6246213 4061007  6018636 10911694  4030519  5164632 2625909 12499490
             512     256 1323315 2906696  7871843 1279744112427157 5495016 5509113  6395018  7871843  4485083  5684095 5699180 12797441
             512     512  914287 4123387 12797441 1310994412797441 5886650 5439343  5566231  5951911  6018636  4827914 5886650 12797441
            1024       4  870694 2098375  3425544 11645609 9485232 3923040 5363307  5623115  7054742  4162573  2516377 5690162 11368190
            1024       8 1057924 3066069  6016997 1330511611903823 4832290 5720477  7319232  8199542  4614246  4232305 6208343  5444898
            1024      16  978172 3337696  5071963 1076957312037272 4898425 5390231  6650556  8474583  4215688  3863055 6441107 13472053
            1024      32 1281389 3804877  5660167  556482913142265 5564829 5363307  7472033  8122014  5417427  4488860 6093831 14230902
            1024      64 1286378 3606774  6402699 1442204513142265 3891053 3671521  7369466  9923546  2968586  4182843 3066069 14422045
            1024     128 1343518 3411938  5991815 1364323213472053 3937426 3322206  7160597 11645609  4265934  3579719 5682634 12639479
            1024     256 1301187 2918161  4033569 1298335312639479 4182843 3481072  6364746  9743447  2934110  3001782 3506651 12639479
            1024     512 1424152 3866533  7369466 1174111612348754 3835457 5536137  4048778  3764854  3937426  3029305 5444898 11903823
            1024    1024 1213334 4064103  8310603 10134284 9485232 4451639 5690162  5660167  5751117  4146499  2950233 3849207 12790037
            2048       4 1116038 3051697  5596757  5804771 8357547 2547576 4338776  4842658  5147354  2925920  2559723 4403275  7088541
            2048       8 1357275 3423913  3908414 11770166 9179186 4178378 3899542  6670210  5009275  3065856  3799501 5735012  8190205
            2048      16 1268859 2968386  3250308  883006110555264 4347560 4900677  7065219  8067138  3448657  3751381 5920802 11966935
            2048      32 1458688 3112514  6149699 1060740211129659 4864597 5970183  7761014  6829301  4581773  2563543 6127764 12710657
            2048      64 1452522 4276140  5184636 13467949 7311791 6149699 4730646  5461535  6670210  4146110  2763987 4387531  4886737
            2048     128 1462911 2892423  6225466 1357436313949098 5953632 6003564  7609754 13384011  3436240  4180412 3586902  8357547
            2048     256 1381950 3938881  6189580 1234530612635867 5852228 3984558  6990474 12118884  3835124  3538147 5119743  6401772
            2048     512 1250389 4120256  6629029 11246230 6823876 5433896 5719737  6518362 10192069  5009275  3894239 5006356 10401883
            2048    1024 1235285 3738320  7911115 11706006 8190205 4900677 5209791  6075753  8036946  3683812  4229816 3901313  6984790
            2048    2048 1017426 2240576  3736694  7159438 7159438 4112366 5264067  4170264  5290001  3423913  2569678 4221501  4405533
            4096       4 1024269 2780901  4491697  4929936 6254490 2712408 3904688  4244242  5319164  3065750  2832715 3942321  5075585
            4096       8 1141913 2777305  6077484  7555557 8788530 3313502 3664018  6628532  6748303  3839243  3256349 5603704  6103394
            4096      16 1209355 3356881  4882301  4708354 5196878 1068279 4338563  4946971  5319164  2942864  3091124 5835938  7274040
            4096      32  861025 2903080  5030994  7572208 9571993 3465216 5902100  6114255  4294102  3165159  2563468 4988629  6032669
            4096      64 1238563 3886139  4900405  5859825 7774379 3088901 4676314  4664886  4990078  3077282  3136268 5918366  7585581
            4096     128 1230402 2878275  4307020  6158088 6309619 3713919 4761860  5038371  5433562  2930315  2750624 5969780  7249484
            4096     256 1234824 3309035  4835578  5468151 6015769 3131124 4417775  6618318 11215436  3995498  3726809 5157871  4779081
            4096     512 1268935 2750624  6131713  7001316 8308260 4153935 5339001  6638778 11664722  3653887  3143154 4453274  5353976
            4096    1024 1093158 2542225  5038371  4686519 4240052 2815077 5171846  3778448  9779037  3329557  2725317 5633102  6178018
            4096    2048 1089070 1983634  4158963  6049663 5549401 3014114 3479956  2553562  6060333  2716268  2705573 4067390  4171080
            4096    4096  979199 1850121  4230655  2892815 3343814 2747106 3680502  2488463  4581535  2876829  2769693 3067940  3319264
            8192       4 1019673 2444696  4664763  4802330 5001558 2486987 4298295  5126172  4130865  2522962  2427940 4084218  4268923
            8192       8 1166761 3236658  5657967  6356080 5653313 2972602 4997921  6793408  4810398  2975692  2723331 5542961  4313404
            8192      16 1208794 3397646  5296049  5868638 5347148 2996452 4818493  6798785  4853203  3253206  2596557 5588034  5789530
            8192      32 1212376 3496531  6141364  4827293 5760412 3132781 5645881  7236972  4518161  3059963  2763857 4782278  5814021
            8192      64 1310050 3386595  6059057  6254268 6090202 3551098 1866078  1195378  4810398  3054251  2893742 5271672  5519808
            8192     128 1271226 3456433  5059743  5997714 5704938 3591558 4773640  7255309  5230743  3139938  3101953 4469381  5661696
            8192     256 1310299 3502234  4946832  5268439 4555903 3356162 5701152  6908138  5692651  3406066  2795109 1822816  4884942
            8192     512 1140617 3040737  4680649  5932474 5602613 3540122 4295608  6345516  8659632  2706171  2374417 4207243  4469381
            8192    1024 1420715 2773226  5237121  5218033 5539386 3304836 3916172  5442863  9383277  3156959  3192451 4037664  3671773
            8192    2048 1113955 2824055  3840876  3976911 3908599 2415819 3213952  2686074  5117011  2362174  2369668 5062726  4937591
            8192    4096 1062919 2643503  4188268  4153837 4257814 2773226 3440513  2928019  4039563  2213500  3010630 3886494  4051471
            8192    8192  762908 1908258  4205183  4233160 4102260 2138953 3458173  2305743  3080815  2428626  2506033 3626431  2810197
           16384       4 1000242 2457180  4987693  5266342 4557355 2406581 4709133  5550036  4130072  2505193  2815125 4557355  4760019
           16384       8 1231514 2681023  5354150  5373828 4647979 2032290 5345404  7170374  5696807  2924132  2853347 2545655  2930367
           16384      16 1194087 2742109  4544997  5384355 5803614 2990819 5908402  6936592  5435890  3022256  2950498 5964297  6048288
           16384      32 1241301 2937256  4619236  4565227 4627011 3190051 5977266  6676457  5655548  2843901  3171647 6424899  6330788
           16384      64 1293134 2922640  6447807  6455075 6374834 3172087 5765150  8167466  4824516  3349260  2765170 4758371  4631065
           16384     128 1304350 3544834  6189379  6217941 5828720 2975151 4921609  5938013  4830281  2722554  2834049 4564014  5178244
           16384     256 1363513 3601686  5902312  5665340 5962227 3763840 4785210  6501489  5291891  2454547  2893719 5333373  4570084
           16384     512 1387773 2695641  4455705  4924783 4943916 3138620 4446191  6529907  5979347  3245035  2842489 4952824  5196256
           16384    1024 1058675 2154363  4100254  4211576 5323045 2923635 3718625  4520778 11813954  2779823  2320678 4682501  4663751
           16384    2048 1085756 1849196  4566440  2922143 3150274 2090084 4286713  4156301  2871350  1673398  2472741 3655523  3730333
           16384    4096 1261861 1763041  2643890  3021193 3573406 2192162 3421125  2096716  4392759  2081852  2100818 3487447  4380997
           16384    8192 1009232 2092948  4146770  3887990 3049887 2139140 2717064  2831596  4349387  2411903  2957863 1170952  2132502
           16384   16384 1085036 1893473  3545566  4251178 3580481 1708980 3420444  2665735  4411370  2856312  2611040 3692648  3815670
           32768      64 1301298 3647355  5906321  5946956 5815108 2276315 6346517  6613108  5049040  2868342  3005719 6396137  6473257
           32768     128 1320654 3524274  5246200  4603578 4394839 2934923 4699923  7125322  4858937  2699867  3204093 5646674  5998346
           32768     256 1382785 2981334  4416162  3403824 5233814 3478603 4496787  3402728  4317254  1784833  2394999 1448955  5779163
           32768     512 1163023 2483366  4352253  4418008 5035167 3225448 5816092  5894416  5949015  3142912  2725675  988329  4820253
           32768    1024 1013047 2390417  5645746  5520123 6063713 3551687 5833867  6031250  5213761  2037798  2764269 5823238  5018803
           32768    2048  887110 2075746  4812489  5142556 5174112 2695155 3919569  3077395  4136387  1985457  2284906 2802085  3207158
           32768    4096  825038 2344222  4356391  4339610 3271202 1772769 4395963  2959571  4417298  2027577  1958383 3980068  3373993
           32768    8192  618835 2001359  2908034  3317313 3774260 2420432 2700292  2648363  3623985  1844105  2264091 4194584  4007339
           32768   16384 1188971 2386929  3865117  3862293 2376405 2551648 4019175  2575267  3877876  2308896  3299236 3805401  4267786
           65536      64 1079261 2861826  4628602  4626343 5524317 3152891 5739200  7162418  5637965  2780116  2848422 4417994  6201306
           65536     128 1371791 3257240  5409512  6134598 5941018 3646378 4177996  7525993  4203167  2578645  2990865 5089407  3684897
           65536     256 1367355 3609794  5941532  5662937 5789852 3678093 5185220  6439713  5292443  3163377  3326860 4353135  4447372
           65536     512 1203663 2294438  5656994  4494567 5871351 3724491 4273944  6362648  5799135  3251115  3461118 4607422  4982126
           65536    1024 1019952 1790854  4211538  5407703 5587539 3168884 3447055  5128433  5899325  2617465  2784509 5817668  5363387
           65536    2048 1041591 2521010  3057126  3165526 4005401 2598266 4603563  3896556  4766988  1819433  1826530 2785073  4742724
           65536    4096 1004550 1944677  4320702  4333234 4294913 2617440 2742558  2863973  3817546  1903180  2111135 3855727  2977001
           65536    8192 1011529 2188556  2932913  2599913 2765933 2369334 3547278  2526154  4179330  2092127  2105508 3852538  4003942
           65536   16384 1182169 2417320  4052166  4085532 4157018 2517224 4102177  2702410  4314124  2343998  2425468 4337542  4155196
          131072      64 1195670 2527324  5974385  6235900 6028235 2509076 2403180  8216739  5943190  2600943  2851566 6087038  6229400
          131072     128 1249351 2686062  5568060  5548504 5574892 2837906 4418697  7562830  5655004  2681947  2520569 4924194  5893305
          131072     256 1285107 2953472  5279219  5436194 4548292 3019113 5273295  6887978  5319060  2685839  2595638 4665637  5254897
          131072     512 1303808 2917702  5388610  5621063 5318854 3075371 3176442  6562774  5716452  2733229  2641992 4996835  5591563
          131072    1024 1277878 2926571  5371551  5359298 5556972 1967075 5422895  6575569  5737212  2492705  2316333 5391676  5332475
          131072    2048  979471 2467476  4380880  4784862 4675994 2539125 2895786  3441010  4681968  1841001  1772989 3341984  4207890
          131072    4096 1103670 1512691  4030384  3987962 3962380 2246075 4101008  2845544  4071064  1768352  1475138 3292999  3372408
          131072    8192 1133625 2190403  3972717  4019011 3931972 2231778 2824579  2511874  3928067  1863908  1860131 3876958  3404022
          131072   16384 1046994 1887749  2665032  3097742 3217979 2277809 3111646  2225292  3346500  1461666  1968610 3986718  4020481
          262144      64   99394   81267  5316586  4629545 4757940   67796 5215854  7710308  5712674   119212   119967 5422248  5777027
          262144     128  114416  114708  5107337  5738943 5492921   89479 5126291  7413163  5552617   120634    89628 5105747  4856225
          262144     256   83771   84110  5107147  5452255 5324232   63221 3746196  5611447  4478866    81594    79066 4084825  4794602
          262144     512   97497   86181  5289297  5416638 5459863  106222 4931146  6885684  5410508   118086   112453 4923374  5767875
          262144    1024  121660  113292  5009146  5514990 5460296  118608 4872473  6198838  5477433   120839   116108 3319542  3570332
          262144    2048   82070  103660  2513388  2710868 3133218   72382 2529399  2064156  2792092    82451   100268 1483563  4335463
          262144    4096  101771   91174  3865125  4019993 4113879  122324 3768008  2055258  2893453    85938   118022 3860281  3954440
          262144    8192  119197  104833  3890757  4047667 3941003  117834 3789474  2713223  4045001   135172   127732  928797  3980927
          262144   16384  116484  112489  3809616  3955934 3961978  121579 3009863  2792929  3932616   136266   133825 2818878  4032614
          524288      64   26296   79258  5551549  5453658 5698917   12525 5243462  8194034  5709275    79699    78902 5517312  5506136
          524288     128   79178   56106  5160877  5856787 5402198   17354 3017553  7210980  5572440    71876    81782 5635070  5647705
          524288     256   76641   69744  5220954  5454064 5324449   20456 5089191  6839038  4463510    66770    79976 2970353  5465383
          524288     512   57665   52863  5540346  5509364 5412902   41617 3643036  6475165  5382114    80567    51623 5279199  5450212
          524288    1024   79200   70459  5083062  5135447 5557259   48988 5011221  6445161  5371570    51035    54910 4442365  5805238
          524288    2048   67259   38933  4638528  5055228 4909204   63520 2774012  3324168  3043585    66487    77167 3103690  4755788
          524288    4096   53618   35796  3754458  3898259 4035958   38958 3655584  2695265  4083845    78238    80485 4037084  3969414
          524288    8192   81553   33429  3853637  3973050 3904468   46424 3576759  2650607  3874112    85702    80832 1608349  3953344
          524288   16384   65925   42995  3907375  3885572 3995457   80622 3128808  2695916  3960806    38370    55070  705595  3955008

iozone test complete.
