	Iozone: Performance Test of File I/O
	        Version $Revision: 3.420 $
		Compiled for 64 bit mode.
		Build: linux-AMD64 

	Contributors:William Norcott, Don Capps, Isom Crawford, Kirby Collins
	             Al Slater, Scott Rhine, Mike Wisner, Ken Goss
	             Steve Landherr, Brad Smith, Mark Kelly, Dr. Alain CYR,
	             Randy Dunlap, Mark Montague, Dan Million, Gavin Brebner,
	             Jean-Marc Zucconi, Jeff Blomberg, Benny Halevy, Dave Boone,
	             Erik Habbinga, Kris Strecker, Walter Wong, Joshua Root,
	             Fabrice Bacchella, Zhenghua Xue, Qin Li, Darren Sawyer,
	             Vangel Bojaxhi, Ben England, Vikentsi Lapa.

	Run began: Sun Oct 27 20:34:32 2013

	Auto Mode
	Command line used: iozone -a
	Output is in Kbytes/sec
	Time Resolution = 0.000002 seconds.
	Processor cache size set to 1024 Kbytes.
	Processor cache line size set to 32 bytes.
	File stride size set to 17 * record size.
                                                            random  random    bkwd   record   stride                                   
              KB  reclen   write rewrite    read    reread    read   write    read  rewrite     read   fwrite frewrite   fread  freread
              64       4  770013 2471522 10481095 21285156 4915374 3801588 9382118  5410762 16159720  3550198  3210512 9065276 16159720
              64       8  875490 3029356 15242148 2128515621285156 530385412421016  7137078 21285156  4915374  256602516159720 21285156
              64      16  875490  533021 16159720 3526759021285156 5759009 4579919  4503089 21285156  4915374  397026915242148 31172132
              64      32  890004 3029356 16159720 3117213221285156 575900913023645  6451008 21285156  4579919  530385416159720 31172132
              64      64  542719 2668042 21285156 3117213216159720 629961713023645  6451008 16159720  5759009  428732616159720 21285156
             128       4 1025323 3764572 12902017 1390446911770544 4414643 9830749  5336084  9830749  4274062  366186311770544 14274156
             128       8  985787 4018152 14274156 1813055215972885 5797028 9159838  6743644 18130552  5132050  489794814274156 18764236
             128      16 1094289 5132050 14274156 2096219115972885 612786612902017  7100397 18764236  5557014  528357013904469 18764236
             128      32  927860  799377 14274156 1813055216462680 642102511770544  7100397 15972885  5797028  634513714274156 18764236
             128      64 1007997 4943044 15972885 1876423616462680 642102512599234  3472389 15972885  4725502  857465214274156 18130552
             128     128 1243875 5132050 15972885 1813055215972885 612786612902017  6421025 14274156  6743644  612786615972885 15972885
             256       4 1108537 3772659 11720614 1284205110264100 4267461 9451004  5461239  9451004  4200680  420068011114029 12117424
             256       8 1108537 4656065 14200794 1284205112255732 440760112255732  7274112  6562757  5122535  500319113487288 14200794
             256      16 1224877 5003191 14391124 1611949214200794 597813812255732  7323727 17149304  5461239  543360211594057 14994008
             256      32 1254941 3707526 13487288 1520635413487288 625682111594057  7529144 15881078  5574653  5662855 6944778 13487288
             256      64 1163807 3010957 11594057 14994008 9451004 625682112842051  7529144 15206354  5816227  569287813487288 14200794
             256     128 1224877 5122535 13487288 1499400813487288 625682112117424  6944778 14200794  4656065  672722512842051 13487288
             256     256 1266785 4738251 12117424 1269027412255732 581622711594057  5692878 11720614  5026613  569287812255732 12842051
             512       4 1009814 3528497 10867205 11632454 9476503 4093475 9518507  3528497  9312131  4124926  400193410444380 10245071
             512       8  806230 4101292 12812277  387904511632454 511779111149307  6936061  7848663  4744652  441313812441146 13125514
             512      16 1222514 3823789  8962360 1345445012441146 562740911890078  7314033 11149307  4238917  412492612228612 10867205
             512      32 1240164 4652146 13125514 1388955613125514 616010712513642  7215730 15953208  5281415  516704713125514 13454450
             512      64 1242317 4093475  9153364 1388955612159372 581011212812277  7877453 16072608  5511860  549774913125514 13800298
             512     128 1293188 4197489  8707966 1312551412812277 623160912159372  7120034 14647454  5627409  632335512513642 13125514
             512     256 1071271 4918524 11385757 1138575712159372 588978711632454  6323355 12228612  4786957  799476011890078 12159372
             512     512 1303392 4830023 12513642 11890078 9476503 587367811632454  5955118 12228612  5955118  582587411956277 12812277
            1024       4  963297 3292143  3282080 10911694 8124999 3249795 7540170  5246649  5814921  4045705  3819067 8683518 11138071
            1024       8 1045866 3210923 12951808  599343911138071 339091112043830  7359293 12043830  4411377  445253612463219 11779575
            1024      16 1206244 4855202 12646711 1365165812463219 364409111877300  4357668 12463219  3423344  3412464 5814921 13651658
            1024      32 1219256 5146068 12951808 1419301213480269 386373012499490  7871843 13109944  5411927  541875512990983 13651658
            1024      64 1247227 5278892 12797441 1443146113827462 4742616 5566231  7944648 16543832  5480991  553752413150084 14053688
            1024     128 1260774 5170850 12320214 13651658 6061103 609551212043830  7758090 15989520  2775223  3568400 5566231 13109944
            1024     256 1284529 4877256 11374040 1249949010334094 5919101 8917910  6746607 12951808  5391546  585455310911694 12355657
            1024     512 1376322 4000485  9224360 1249949012355657 535791610334094  6061103 12043830  4742616  7010916 9928003 10884042
            1024    1024 1072237 4471076 10774823 1295180810801922 5691627 9859630  5854553  5043341  5783600  3723062 5019764 12355657
            2048       4 1079597 3002831  5144870  9474770 9181092 3174858 7557494  4412762  8391792  2968586  3230985 8061038 10354166
            2048       8 1066594 3525360  6874084 1585995911132462 4394701 6868588  5185244  7420395  5593820  366369210134284  1719496
            2048      16 1097669 3715994 10442275  812201412420175 423022010557785  7530991 12191024  3961029  3885773 5833130  5333337
            2048      32 1203980 3835457  6604535 13305116 8061038 4339202 7113161  5608429 12565522  3711177  386479310493299  8061038
            2048      64 1420384 4451639 10783092 1183820213472053 538685110948011  7762376 11190473  4240662  527763210442275 13388064
            2048     128 1397962 4470172  9699440 1136819012565522 575111710404331  5476139  8750850  3930220  3758265 6524274 12260626
            2048     256 1215394 3413294  6244448 1119047310948011 5864992 9103254  6499591 13305116  3224920  3136602 5817329  7214725
            2048     512 1347522 4102926  9142007 1003952811249091 5264693 8160594  5582913 11838202  4510072  4403713 7584185 10442275
            2048    1024 1111158 3885773  6280976  7083831 9900670 4062181 7912531  4553102 10243045  3297971  3930220 6968891  3842320
            2048    2048 1341210 3309407  4079544  5801613 5937969 3715994 5564829  3778101  5093013  3536973  4728548 5671378  4741598
            4096       4 1182485 2398213  5306340  6132138 6234503 2566606 6942451  5409940  6291583  2147856  2622235 4835842  5719737
            4096       8 1075044 3330328  5062414  6469270 6359119 2567757 5326081  8225498  8921773  3070239  3867936 5099985  6330998
            4096      16 1141321 3338093  4404404  5439057 6479029 3447964 4848124  5704543  8309041  4032254  3240499 4315887  6583305
            4096      32 1394513 2300892  5468489  6411328 8341315 4072399 5203480  7286980  6704047  3131805  2686196 4137124  4643695
            4096      64 1208946 3100717  5542588  4380818 7314904 3911973 4767403  5354300  7556202  3220453  3232572 5381133  6330998
            4096     128 1189691 3533780  5376082  4570802 5626082 4244446 5170592  5496482  6802261  3468150  3332266 5411644  7785634
            4096     256 1188950 3433493  2534423  4633675 6430526 4099609 4729344  6216456 13425848  2800025  3349156 4545406  5332694
            4096     512 1353213 2407961  4561094  5943334 4964402 3935272 5192471  5953632 11224187  3601943  3330328 4697018  5549749
            4096    1024 1155756 3324528  5826427  4975905 5133511 3268862 5101499  5178385  9120707  3210223  2687877 4881183  3893356
            4096    2048 1049177 1754908  3447273  4175332 6024617 2821176 3791953  2992168  5657579  2393869  3349156 4643695  2860636
            4096    4096 1224543 2256467  2664945  2901215 3311072 1613798 3492119  2019590  2933915  2603952  2279219 3592903  3200058
            8192       4 1140170 2784507  5254898  5075585 4796426 2628979 4779746  5215019  5524418  3202626  2205712 4620348  6113167
            8192       8 1106287 3557051  5892990  5708914 4291420 2481633 5974971  6748303  5368196  3056749  3379664 5618365  5801450
            8192      16 1314520 3387995  4858827  5364843 4156447 2248584 5244471  4799106  7275580  3057838  3030864 6532752  5773182
            8192      32 1117440 2762123  5238075  5535098 5966670 2791973 3511251  6480999  6046469  3141142  2891598 5207905  5634026
            8192      64 1293732 3423440  4821329  5660945 6045405 3718742 5629411  6350435  5221359  3214010  3150647 8342554  5564680
            8192     128 1229477 2882622  4958393  5221359 5244471 3406132 5004614  7413725  5736555  2540909  3130268 5072587  5494383
            8192     256 1293927 3239158  5953231  4727139 3813675 3402085 5271829  6849192  3738976  3129127  2193882 5449937  4686519
            8192     512 1392965 3408835  5438722  5343983 5524418 3382326 5171846  6474892 12155805  3994105  3461027 5215019  3478547
            8192    1024 1407804 3266566  4946971  5527974 4498165 2724236 5085350  6272759 11443285  3007255  2472704 5056165  3580403
            8192    2048 1175672 2515978  4515901  4218190 4135436 1920331 3754091  3538734  3927450  2075037  1947763 4435453  4444634
            8192    4096 1017505 2469682  3522048  3631105 4639063 2375106 3239464  1925280  3253574  1780886  1510343 3522048  3984841
            8192    8192 1204142 2490628  2909226  3481366 3279661 2095155 2899895  2887709  4137428  2738785  2934068 3701915  3703112
           16384       4  886147 2367301  5080317  5263193 4681287 1981381 3357966  4915692  3388599  2377210  2230673 4921677  4984508
           16384       8 1172374 3083718  4538452  6527546 4474037 2478645 6008201  6676583  6095063  2826727  2934646 5520252  5742601
           16384      16 1204809 3111927  5333453  5380221 4580501 2527230 6049989  7294587  5586217  3037511  3280696 6605983  4670469
           16384      32 1102552 3078469  5638007  5195939 6370221 2901930 5762827  8514779  4214209  2821389  3060781 5712526  5078815
           16384      64 1352596 2977884  5752696  5606727 4386645 2093535 4939720  6347861  4624269  3031882  3364377 5589852  5758481
           16384     128 1310100 3573999  4339005  5209331 4198760 3167290 5276530  6032463  5516707  2840515  3290593 5443294  4073566
           16384     256 1269113 3503126  4999739  5031956 3721887 2881004 5895827  6592674  5448905  3248900  2993580 4275563  3842380
           16384     512 1345156 3210648  5412852  5375171 5722516 2788304 4291048  6367270  4728313  2560852  3044239 3511360  4178336
           16384    1024 1253167 3255210  4758765  4461836 4573793 2496383 5089724  5135750 11669895  2974146  3164665 4047414  5116630
           16384    2048  998414 2395691  3920641  4760083 3926241 2760526 3545601  2713866  5336767  2216141  2123618 3518191  4132107
           16384    4096 1211116 2104820  3712637  3732196 3657896 2067894 3304518  2551628  3675307  1902711  2169749 2836060  3729562
           16384    8192 1175583 1953944  3779614  3399159 3349782 2288542 3185644  2343246  3380930  2311171  2932517 3438447  3251975
           16384   16384 1069170 1951392  3640841  2764302 3080263 2062433 3447071  2151005  3614415  2145632  2717945 3564914  3636795
           32768      64 1131803 2433038  4912813  4723700 5014993 2728391 4739991  7406867  4890611  2943294  3031589 5165205  5649736
           32768     128 1196613 3121653  4995126  5026548 5162683 3273555 5529493  6767520  4895140  2790660  2707643 4597141  5341041
           32768     256  931280 3290247  4615203  5410852 5142401 2951828 4851595  4956575  4504775  2761059  3181044 4427571  4685214
           32768     512 1127439 3135040  4586709  5203732 5350606 2812705 4257236  5382457  4612569  2248393  3048467 4782213  4677242
           32768    1024 1052006 3181633  5346443  5559465 5127245 2899579 4797068  5968700  4369159  2462992  2623150 4625610  4542894
           32768    2048 1020366 2007239  3959451  4142021 3919144 2653281 3863617  3263760  5870295  1743803  1661483 4172705  3869600
           32768    4096  981106 2284116  3095150  2931992 3708091 2259705 3788116  2642568  3545200  2052350  2046361 3689674  3693839
           32768    8192 1060382 2094064  3559431  3571456 3609158 2277945 3763016  2198438  3182296  2036687  2246519 2895181  3253716
           32768   16384  975909 2343230  3408398  3594151 3516986 2294833 2921770  1979686  3137187  2383626  2870091 3373926  3171867
           65536      64  908592 2988693  5941043  5505859 4652905 3016638 5245400  6629856  4652590  2541245  2689091 5340690  4839773
           65536     128 1120772 2698622  4990918  4651645 4414035 2934202 4945393  6398668  4476502  2435811  3013991 4863837  4694224
           65536     256 1186277 2876386  4395471  4892231 4584919 3034219 4971241  6704402  5033876  2971858  3169658 4554532  4200802
           65536     512 1178617 2862339  4207232  4634782 4392170 2804258 5278843  5715714  5031204  2910898  2790791 5391178  5168858
           65536    1024 1201638 3223443  5077955  5024950 4420352 3121356 4441924  5259752  4105988  1586096  2522935 4674427  4742413
           65536    2048  875308 2335220  4166545  3658375 3958688 1969298 3506113  2782739  3877657  1639421  1482208 3634623  4160176
           65536    4096 1015401 1969242  3362724  3126859 3244522 2145194 3210829  2499739  3015380  1487864  1737154 3330254  3292912
           65536    8192  975250 2196850  3171962  3264365 3268946 2247155 3220120  2291076  3358574  1765709  2017621 3217745  3202040
           65536   16384 1099706 1970117  3186598  3380923 3277287 2148715 3541346  2555491  3640496  2016170  2017043 3525720  3391770
          131072      64 1123336 2372299  5471371  5087806 4755030 2280741 4838010  6444317  4702802  2388294  2701454 4786953  5025208
          131072     128 1093916 2156145  4766574  4691725 4424358 2548710 4808768  7725020  5002163  2312535  2540442 5392585  5318607
          131072     256 1093359 2397292  4853601  4747434 5107611 2595432 4544953  6279506  4730644  2280741  2586214 4419130  4481086
          131072     512 1055635 2345468  4414553  5180529 4426781 2042831 4872399  6203125  5163984  2461590  2443873 4791877  5065958
          131072    1024  922691 2349628  4831080  4637269 5182581 2592251 4892388  5461099  4735738  2207343  2225294 4069292  3200616
          131072    2048  956610 1987414  3681492  3952728 3850515 2032815 3712118  2784975  3927595  1674764  1589502 4279333  3739362
          131072    4096  931061 1738217  3211535  3165453 3371191 1898579 3628401  2382168  3412351  1505052  1648020 3526752  3407930
          131072    8192 1009901 1912509  3468411  3253520 3327203 1844962 3726915  2456969  3203973  1736098  1662085 3003972  3330004
          131072   16384  954542 2012558  3810217  3239314 3369456 2225140 3277123  2404022  2986592  1779757  1744228 3511165  3522007
          262144      64  134459  126999  5236278  5554250 5147849  108882 4847152  6915967  4606777   157131   138162 5285894  5056304
          262144     128  154047  142835  4894950  5108528 4749251  122984 4862629  7581238  4942389   155286   127496 5135130  5143321
          262144     256  140634  145695  4698173  4755537 4662333  124593 4532692  6530422  4907403   156646   152650 4577014  4774494
          262144     512  149267  125716  4363771  4504891 5039871  139022 4478724  6418496  4914663   164661   152217 4737913  4427576
          262144    1024  144271  129713  4685739  4828569 4755002  146012 4914949  6038797  4541248   159302   153204 4439428  4486381
          262144    2048  124290  135141  4245175  3755321 4028273  150238 3704271  2964157  3743736   149183   148899 3852560  3726329
          262144    4096  147206  130571  3572120  3798746 3596623  144627 3137682  2400960  3176424   161235   153582 3412358  3023122
          262144    8192  146927  122781  3484797  3319785 3245440  138564 3408275  2400540  3236545   171030   157309 3149022  3326444
          262144   16384  142667  122911  3359609  3179271 3396042  145355 3307233  2357025  3386086   176937   147771 3542051  3355570
          524288      64   58042   71692  5502488  5803050 5395745   31735 5265575  7220906  5278986    77308    78776 5132429  4795334
          524288     128   76007   73083  4896319  5359776 4530195   46200 4841332  6672631  4734451    76455    76168 4968661  5001274
          524288     256   73619   71181  4738042  4821218 4939209   53473 4492995  6312237  4678637    78749    79838 4897235  3654467
          524288     512   78423   69854  5009248  5288890 4992508   53997 4534231  5792732  4652642    75524    76788 4554383  4553959
          524288    1024   77709   71806  4785837  4463810 4378042   59508 4341317  5288890  4421688    79902    78545 4465297  4381112
          524288    2048   79192   74166  3804179  4184426 3772565   64327 3792651  2842515  3787060    81939    79936 3715089  3653781
          524288    4096   78827   73920  3312033  3401440 3327061   75243 3258489  2383270  3543561    76251    78652 3539711  3344442
          524288    8192   79838   74310  3550186  3384906 3364444   74812 3002105  2150157  3273283    80915    78547 3571979  3387706
          524288   16384   79616   69316  3427054  3641143 3578174   77206 3741333  2310035  3384333    80912    78282 2928783  3077275

iozone test complete.
