	Iozone: Performance Test of File I/O
	        Version $Revision: 3.420 $
		Compiled for 64 bit mode.
		Build: linux-AMD64 

	Contributors:William Norcott, Don Capps, Isom Crawford, Kirby Collins
	             Al Slater, Scott Rhine, Mike Wisner, Ken Goss
	             Steve Landherr, Brad Smith, Mark Kelly, Dr. Alain CYR,
	             Randy Dunlap, Mark Montague, Dan Million, Gavin Brebner,
	             Jean-Marc Zucconi, Jeff Blomberg, Benny Halevy, Dave Boone,
	             Erik Habbinga, Kris Strecker, Walter Wong, Joshua Root,
	             Fabrice Bacchella, Zhenghua Xue, Qin Li, Darren Sawyer,
	             Vangel Bojaxhi, Ben England, Vikentsi Lapa.

	Run began: Sun Oct  6 07:09:39 2013

	Auto Mode
	Command line used: iozone -a
	Output is in Kbytes/sec
	Time Resolution = 0.000001 seconds.
	Processor cache size set to 1024 Kbytes.
	Processor cache line size set to 32 bytes.
	File stride size set to 17 * record size.
                                                            random  random    bkwd   record   stride                                   
              KB  reclen   write rewrite    read    reread    read   write    read  rewrite     read   fwrite frewrite   fread  freread
              64       4  520419 1279447  4897948 2273779112902017 4274062 4274062  3541098  4564786  3363612  1526887 4564786 10402178
              64       8  634890 1304314  6421025 2273779115972885 4897948 4564786  4274062  5389653  2662899  3057153 3541098 12902017
              64      16  673098 1421755  7100397 2273779115972885 4897948 3022727  5735102  4274062  3363612  3057153 6421025 20962191
              64      32  763021 1599680  9318832 2096219115972885 5860307 3022727  5389653  4018152  4018152  4988978 5860307 15972885
              64      64  760859 1518251  9006179 1290201712902017 5389653 3165299  5389653  5283570  4274062  2467108 3791156 10821524
             128       4 1007629 1852520  4557257 1284205110779307 4557257 2969325  5325799  3359523  4012317  2409592 5325799 11720614
             128       8  895074 3199360  6114306 1420079412842051 5122535 4444086  6727225  6114306  3297617  2098744 3560017 14200794
             128      16  786271 2985839  5545860 1801235914200794 5545860 4717434  6727225  9129573  4717434  3359523 5784891 16365173
             128      32 1015251 3199360  4889281  979589611720614 6114306 5122535  7176872  7582312  4934216  3759450  983630 14200794
             128      64  481150  477725   780556  1377278 4135958 2132084 1622919  1206978  2920861  1684006  2511022 2920861  1436229
             128     128   51802 3277486 14200794 15881078 1387960 4596273 5122535  5784891  4407601  4934216  2286447 4267461 16365173
             256       4  741633 2223962  5971678 13454450 9868433 4652146 5217259  5810112  4404088  4332998  2975955 4332998 11695808
             256       8 1180188 2639446  3368013 1416439512812277 4998665 4054829  7314033  5117791  5117791  3159869 5687020 13454450
             256      16 1058076 2613746  5242734 1435374413454450 6073004 5320671  7314033  5347168  1707589  3410808 5687020 14953435
             256      32 1098113 3236056  4907284 1416439513454450 4496299 4572895  6719046  5455847  5217259  3009318 4929815 13454450
             256      64 1178892 3159869  7735574 1709624914353744 6554972 6249745  7518900  8888172  5455847  4264168 5810112 14953435
             256     128 1108314 2975955  8271916 1516462413454450 6398720 5569035  7120034  6107548  4350555  3368013 5687020 14164395
             256     256 1208072 3499745 12812277 1345445012812277 5347168 5569035  5971678  5938650  6107548  4332998 5569035 12812277
             512       4 1084694 2906696  5744919 1242715710235583 3877684 5278892  5870558  6395018  4195896  3604335 5870558 11620224
             512       8 1224470 3086326  6491676 14628067 2800557 4973263 5886650  7115451  7988981  4522868  3822466 6246213 12797441
             512      16 1001715 3905895  2575520 1462806713522711 5822804 5886650  7115451  4384358  5115422  4131319 6491676 13438092
             512      32 1350783 2124526  6018636  787184313783088 2073249 5886650  7115451  8955098  4331300  3533174 5278892 13783088
             512      64 1293037 4271001  7211022 1514384613783088 5684095 6246213  3304808  9638369  4882800  1867692 6104175 15143846
             512     128 1073309 4091959  6632013 1310994413109944 5951911 2152206  3481620  2474613  2413429  4485083 5566231 14240069
             512     256 1380303 3158966  6821616 1279744112146009 5214798 5453155  6086873  7647578  4532414  5760329 6104175 13109944
             512     512 1240025 3086326  9859630 1279744111943357 5019764 5384786  5624545  2875558  5951911  4838792 6174377 13522711
            1024       4  874417 2827858  5536137 11368190 9855234 3696803 4995276  2640123  6441107  3294177  2364021 5652717 11398360
            1024       8 1052480 3112733  6244448 1364323212173747 3220084 3355952  6692005 10134284  4854136  4126579 6364746 13818817
            1024      16 1312720 3567824  3923040 1386342212492426 5226256 6059442  7208671  6393168  4392454  4014717 6199382 13643232
            1024      32 1220575 4079544  6733974 1399898113102174 4211554 5564829  7699755 10039528  4972145  4182843 6208343 13472053
            1024      64 1210598 3712781  5950309 1461839314230902 3518141 6172653  7537599 13472053  4232305  4211554 6059442 13998981
            1024     128 1374474 1747480  6402699 1381881713643232 6172653 3358576  7356843  9655828  4048778  4162573 5652717 12983353
            1024     256 1306332 2746483  3379719 1279003712208350 5885083 5630486  6402699  8840915  3646583  3567824 5593820 12208350
            1024     512 1408275 3314514  6059442  9142007 9402175 4876180 4876180  3200886  7755368  3179559  5120336 5660167  4178773
            1024    1024 1140214 3092561 12492426  930037712348754 5536137 3200886  5623115  3083680  3261656  4614246 3447541  4451639
            2048       4  983301 2817475  5644567 11072275 9853037 3272598 4481379  5507054  4231899  3696494  2748949 3812993  5904523
            2048       8  908237 3256469  6321679 1363902312488897 4356379 4038890  6649556  6649556  4421406  3744839 5719737  7643611
            2048      16 1149185 3871422  6608629 1280539913198923 5447681 4707314  7698414  5916724  3960675  4423683 3878414  9567698
            2048      32 1300361 3034448  5044577 1313835913926483 6075753 4063729  5349298  8830061  5080379  4321315 6225466  3991965
            2048      64  265631  615951  5083385  5655716 6132138 3663388 6207471  5738844  9483197  5197183  3969827 4552633 10834854
            2048     128 1347481 4180412  6041567 1019206910889797 5197183 4643695  7969835 13726200  4994712  3931669 4267642 10673302
            2048     256 1269610 3281349  6189580 1170600612729493 5884299 3984558  6202989 11246230  2632683  3887189 4231899 10660056
            2048     512 1486197 4001263  6225466  4960102 6895083 4104506 3938881  6483920 10084382  4204968  3436240 3487865  4864597
            2048    1024 1149800 3779440  7911115  9359208 9990553 4633675 5020987  3487865  3512108  4204968  3806235 4221501  8565901
            2048    2048 1298003 2378293  6759439  7059413 7189398 4321315 4653758  3256469  5119743  3319389  2883684 4365235  6759439
            4096       4 1031216 2815538  5603704  6782940 7038605 2856738 4691638  5601877  4481152  2901120  2809552 4959824  4698053
            4096       8 1176316 3663236  6281934  7742845 8906998 3368730 5611025  6941906  5089116  3155276  3026859 5075585  7185807
            4096      16 1197386 3730046  5810280  5038371 6493246 3170416 5902100  7683972  6471234  4051086  3233063 6122971  6978564
            4096      32 1290476 3901141  6418048  7950677 8986200 4675041 5019235  5679660  5657217  3477139  3093907 4145915  4540367
            4096      64 1292029 4063542  5736555  6041154 6068897 4352854 5859825  8272256  5769304  3454069  3650006 4671228  5297841
            4096     128 1213198 3047261  5347310  7301864 9202815 4922872 5674032  8002526  5153230  2874423  3410865 4376138  4071246
            4096     256 1327778 4055868  4718699  5178081 5565581 3332786 5178081  6905631 11311433  3225172  3894067 4671228  6480999
            4096     512 1200817 3045641  5389246  5244471 6051794 4456740 4271680  6693092 11570449  2903080  2759904 5611025  6420447
            4096    1024 1133999 2094134  6572741  7237268 5672159 4352854 5375755  4231697 10012712  3935097  2360908 5527974  5971855
            4096    2048 1033325 1978835  5843879  2840678 4128976 2297140 4438318  4192455  4192455  2069662  3038638 4541567  4708354
            4096    4096 1007392 2670249  2981164  3868637 3677350 2123381 2630589  2151031  4581535  2670249  3038638 4329816  3396704
            8192       4 1120640 2457812  5403489  5876668 4929091 2663172 4395061  5357988  4092001  2415819  2619719 5561803  5207752
            8192       8 1167316 2659050  5365518  5569014 5065711 2871493 5148447  7353127  6090202  2740709  3098596 5267631  5482815
            8192      16 1314711 2894717  5250727  5872650 5834754 3014063 4253071  5261179  6108608  3740525  3602478 5676663  5692651
            8192      32 1280798 2872214  6305921  6018726 6563708 3464100 4474037  7550253  4776959  3319202  3566209 5271672  5962328
            8192      64 1267334 2986555  4958969  4551075 5013234 3170359 5565406  7830733  6010303  3462355  3196312 5599873  4853203
            8192     128 1417843 3090236  4156350  5524246 5148447 3744193 3978753  7795202  5531360  3594563  3575859 5060489  5642173
            8192     256 1393632 2870294  4841578  5333039 5607184 3780445 4104220  7481208  4699856  3216359  2771213 4493932  5330557
            8192     512 1209474 2826843  5155399  5638469 5657036 4207758 4280090  5665431 12245943  3386595  2693021 4282224  5378957
            8192    1024 1082885 2204553  3658870  5004472 5633847 3627963 4483378  4110112 11457807  3174166  1984528 4802330  5097274
            8192    2048 1278987 1855497  2691123  3138791 3645670 2238156 4313404  3394960  5905961  2277469  1885017 4727012  4796296
            8192    4096 1110319 2666686  3141086  3599082 3897515 2502201 2775018  2318657  2717945  2071885  2344605 2911150  3930957
            8192    8192 1191771 1894475  2777935  3097200 3593060 2120604 3052081  2347328  4173008  2855267  2705532 3716653  3701837
           16384       4 1037748  994222  5538853  5444935 4202048 2117389 4556146  5355819  3683543  2330911  2305341 3942189  4226080
           16384       8 1209683 2465555  4235718  5647647 3977556 2246556 4077628  7160661  5586129  2803640  3154468 5165011  5206097
           16384      16 1261861 2850862  5214393  5252655 5293930 2741672 5881097  6253589  4415055  3148398  3016816 5574800  6491049
           16384      32 1181420 3155047  6303494  4645466 2274289 3202390 5580232  7805655  5586129  2712988  2812245 4748835  4951396
           16384      64 1332139 3180749  6139062  5731014 4951396 2996949 4896710  7797684  5030411  2112962  2963348 6136321  6094958
           16384     128 1378641 1526088  5204520  4972535 5473995 3281449 4365412  6470878  4071588  2002677  2834633 1632997  4359873
           16384     256 1318642 3476333  4715920  3082032 5502045 3539539 4259875  7410062  5708638  2962709  3079132 4080776  4381835
           16384     512 1365112 2376947  3934740  4105399 4594528 2653281 4477770  5300463  4009817  3196878  2294947 5910434  5946749
           16384    1024 1126349 1924817  3460229  3688288 4566440 3390071 5817863  4219334 12282728  2961177  2275870 5451847  5872553
           16384    2048 1022720 2176677  2961050  4481566 5357489 2699666 3634450  2712132  4423581  2116476  1762272 4463229  2784441
           16384    4096 1037027 2022481  4435287  4463229 3009022 1984001 3687496  2663565  3685124  2247732  2453407 3694236  3690071
           16384    8192  547304 2517491  3242432  3313889 4201020 2612331 3038022  2182207  3021193  2072122  2911742 4307133  4202048
           16384   16384 1151527 2747701  4426715  3213772 3207622 2123146 3299885  2262384  3238611  1843343  2134158 4382115  4174226
           32768      64 1276710 3075880  4813838  5991547 5763894 3470084 4741431  8056774  4982234  2828031  3075673 5294502  6095176
           32768     128 1398787 3512834  5846275  5843044 5786463 3203122 4337829  6717510  4364276  2240543  3313633 4519709  5261464
           32768     256 1000853 3392146  4018118  4002438 3856441 2017369 4256682  5743661  5567980  2805689  2317891 5586993  5664360
           32768     512 1281603 3081189  4078209  4142122 4326359 2389544 5660395  4900342  4146245  2083424  2088998 4496199  4458857
           32768    1024 1013234 2789743  3443048  3602045 4028482 2510217 5643891  6529847  4262227  1798755  1751912 3461257  5086600
           32768    2048 1315031 2301897  5129696  3982490 5197986 2735876 2791159  2094058  2874942  1514732  1557844 2774817  5237803
           32768    4096 1034084 2513615  4293517  3805401 3273228 2058399 3691736  2794224  3789140  2025217  2029373 3726167  3578412
           32768    8192 1198405 2521593  3087280  3086032 3072236 2034269 4148373  2453049  3970410  2040582  2394957 3017863  3041639
           32768   16384 1074255 2562208  2858083  3192482 4115578 2563594 3121923  1918177  4194456  1984368  2681274 3221668  3285356
           65536      64 1064676 1457296  4859521  4850945 5390311 2792203 6037980  4738718  5643753  3293931  3120463 2286270  5186394
           65536     128 1325563 2322647  5863460  4580091 5711653 3680309 3555767  8031305  5725691  2393743  2278727 4138929  4280066
           65536     256  909364 3482649  5372717  5353359 3613400 2025348 5621477  5944359  5481463  2193306  2457848 4479552  5633574
           65536     512 1081222 3086095  5914302  4626888 4788496 3141396 3935834  4246739  4188117  1851668  2804767 4452776  3851459
           65536    1024 1395002 3049326  3521736  3747237 3587463 1953273 3358608  2378293  4440690  2325044  1716958 4380188  4598019
           65536    2048 1200204 2836079  4665843  4565334 5085829 2694305 4640401  3687814  4820998  2015443  2115424 3535006  4742479
           65536    4096 1183065 1485330  3958221  3924315 4046439 2385724 3680555  2841003  3937018  1961440  1995921 3992718  4165270
           65536    8192 1146897 2049159  3470820  4265786 4202074 2618388 3821314  2891631  3845586  2101467  2124614 4049897  3055156
           65536   16384 1161303 2493567  4106283  3848493 4049658 2500895 3952188  2741656  3883893  2297487  2345518 4051210  4102912
          131072      64 1117674 3058501  5907109  5869771 5500979 3051879 1398906  8171550  5818950  2693524  2728793 5843318  6125699
          131072     128 1143933 2500040  5222201  4733691 5511844 2690808 5688886  7451506  5399884  2749111  2874392 5511126  5739968
          131072     256 1286129  430803  5602561  5641136 5651574 3017936 2560650  7243941  5474793  2768451  2846236 4185974  4400764
          131072     512 1143885 1885005  5322304  5564059 5355800 3060425 4550175  6277700  5023454  1767681  2754193 5026531  5561920
          131072    1024 1090067 1010532  5348765  5569245 5428089 1955947 3407377  3335678  3812776  1825383  1558508 4731980  5659428
          131072    2048  824668 1814274  2871300  3015155 4463542 2409637 4348033  4096638  4797472  1876102  1974989 4703317  5013101
          131072    4096 1164441 1716791  3902830  3933378 3833300 2203670 3928544  2772612  4001110  1806744  1783683 3658774  3996485
          131072    8192 1124463 2236108  4004870  3961552 4012118 2313477 4053833  2849512  4137770  1886143  1870237 2111847  4048668
          131072   16384 1122106 2271382  4000732  3881776 4083766 1816511 4120094  2667205  3488634  2019937  2041525 2538774  2509134
          262144      64   97382  127247  5502157  5947556 5642606   74713 5090076  7960622  5771023   113386   112446 5609386  6012176
          262144     128  121273   79689  5236073  5908658 5476970   75730 5116011  7683207  5356447   117737    91114 5226988  5578252
          262144     256  114488   74572  4628006  5306886 5155230   94883 5008963  7053721  5348890   120725   114934 4982881  5314094
          262144     512  115056  110036  5028274  4544642 4866047   74822 3816386  5305811  5603412    77311   114810 4716852  5563913
          262144    1024  109500   79176  4874741  5543687 5459266  115916 2829156  6517563  5459293   116257    80954 4762186  5315584
          262144    2048   87199  114249  4357300  3127052 3931266   72896 4351454  3449266  4721207   119429    76007 3211483  4700700
          262144    4096   52290   99993  3035833  3192479 3707529   82443 3775162  1822620  3915809    85636   107102 3221787  2905027
          262144    8192   81977   99835  3791931  3949213 3945812   74458 2411205  2418726  3861189    91272    88381 3678492  2970297
          262144   16384   79838   48861  3843360  4004400 3831841  131184 3966895  2725274  3655050   162875   146786 4053636  3723752
          524288      64   32314   73806  5303658  5995159 5602923    7647 3405084  8249735  3942189    79831    34560 5391020  5919614
          524288     128   78427   46848  5295778  5424265 5363997   17810 4543701  7889246  5444773    37556    37431 4879412  5724106
          524288     256   77232   36008  4852044  5792653 5560491   26664 5198479  7172198  5571833    76751    40635  123651  5651783
          524288     512   79743   50134  5296964  3892291 3499919   36867 3233330  6885852  5475412    76412    36577 3099032  5619259
          524288    1024   71340   38909  5313603  5512098 5289803   55930 4674965  2161646  4576256    78301    36439 4159854  5519168
          524288    2048   80765   38239  4493655  4740829 4617567   43389 3807820  1999832  3187009    42607    37798 4539367  4787095
          524288    4096   79919   41757  3861988  3979658 3809621   53518 2601022  2406060  3829717    43219    73295 2667886  3910203
          524288    8192   90678   85521  3856448  4125555 4060093   88968 3976003  2803379  4055788    91733    90820 2875333  4085438
          524288   16384   89580   85530  4138583  4242975 4053657   92265 4042004  2913247  3857754    94587    92828 3983464  4016452

iozone test complete.
