	Iozone: Performance Test of File I/O
	        Version $Revision: 3.420 $
		Compiled for 64 bit mode.
		Build: linux-AMD64 

	Contributors:William Norcott, Don Capps, Isom Crawford, Kirby Collins
	             Al Slater, Scott Rhine, Mike Wisner, Ken Goss
	             Steve Landherr, Brad Smith, Mark Kelly, Dr. Alain CYR,
	             Randy Dunlap, Mark Montague, Dan Million, Gavin Brebner,
	             Jean-Marc Zucconi, Jeff Blomberg, Benny Halevy, Dave Boone,
	             Erik Habbinga, Kris Strecker, Walter Wong, Joshua Root,
	             Fabrice Bacchella, Zhenghua Xue, Qin Li, Darren Sawyer,
	             Vangel Bojaxhi, Ben England, Vikentsi Lapa.

	Run began: Mon Oct 28 18:56:56 2013

	Auto Mode
	Command line used: iozone -a
	Output is in Kbytes/sec
	Time Resolution = 0.000001 seconds.
	Processor cache size set to 1024 Kbytes.
	Processor cache line size set to 32 bytes.
	File stride size set to 17 * record size.
                                                            random  random    bkwd   record   stride                                   
              KB  reclen   write rewrite    read    reread    read   write    read  rewrite     read   fwrite frewrite   fread  freread
              64       4  718114 2358717  8182586 1597288510821524 4018152 7940539  4564786  3203069  2892445  3203069 7100397 12902017
              64       8  852702 2662899 12902017 1597288512902017 538965310402178  5860307 15972885  3738358  379115612902017 15972885
              64      16  855419 2772930 10821524 2096219115972885 5389653 9006179  6421025 15972885  4564786  401815212902017 20962191
              64      32  727850 2772930 15972885 1597288515972885 573510210402178  6421025 12902017  4988978  498897812902017 20962191
              64      64  743988 2772930 15972885 2096219115972885 586030710821524  5735102 12902017  5389653  358843610821524 15972885
             128       4  841746 2905056 10567140 14586625 9977956 4267461 8548124  5325799  8548124  4012317  3468030 9795896 11720614
             128       8  934004 2905056 12542043 1588107812842051 5325799 5325799  6406138 15881078  4717434  455725711470204 15881078
             128      16 1121270 4407601 11720614 1588107814200794 560374710779307  6406138 15881078  5122535  493421612842051 15881078
             128      32 1085013 4717434 12842051 1588107814200794 584790410779307  6727225 14200794  5325799  584790411720614 15881078
             128      64 1093856 4135958 14586625 1863766414200794 5847904 8548124  6406138 12842051  4267461  7917784 1185654 10779307
             128     128  983630 4407601 12842051 1588107814200794 584790410567140  5847904 11720614  5847904  560374711720614 14200794
             256       4 1075025 3557725 10245071 11091721 9192546 4197489 8815202  5455847  8815202  4054829  3935921 6249745 10651598
             256       8  970126 4496299  4734192 1281227711695808 521725910651598  7120034 11207494  4929815  473419210651598 13454450
             256      16 1212164 4652146 11695808 1416439512812277 584172211091721  6936061 16072608  5117791  502204410245071  7791708
             256      32 1108314 5117791 10651598 1345445010245071 593865011569783  6595234 15164624  5320671  556903512812277 13454450
             256      64 1208072 4755158 12661199 1416439512812277 610754811091721  4572895 14164395  5428265  597167811695808 12812277
             256     128 1131677 4652146 11695808 1345445011695808 5687020 6719046  6213578 12812277  4197489  7735574 4264168 12228612
             256     256 1260547 4734192 12090911 1281227712090911 581011210758322  5717301 12228612  5687020  568702012228612 12228612
             512       4  862164 3437042  8394979 11620224 9304292 3970896 9304292  5227492  6632013  4030519  1834193 9859630 10485468
             512       8  990168 4271001 11374040 1279744111877300 4163357 8701110  6652558 10856530  4701087  465018812797441 13190469
             512      16 1216149 4099771 12499490 13438092 9145790 5331314 8701110  7115451 12146009  4927617  483879212797441 13438092
             512      32 1276132 4061007 11877300 1378308813109944 624621312427157  7540170 15583417  3905895  437542513109944 13190469
             512      64 1276891 4068701  9638369 1424006913109944 647211212499490  7309196 10235583  5398323  5278892 4650188 13522711
             512     128 1309596 4494470 10856530 1352271112499490 624621311943357  6736026 14628067  5624545  582280412215097 12797441
             512     256 1302447 4871723 11943357 1242715712215097 595191111374040  6319739 12215097  4701087  798898111877300 12215097
             512     512  929322 4927617 12215097  360433510434519 527889211374040  6086873 10485468  4961773  422894710856530 10235583
            1024       4 1153071 3567824 11249091 11614118 8262639 3984917 7941793  5200941  8970167  3970183  3891053 8525047 11132462
            1024       8 1236742 4570058 12790037 1404475812037272 521990411903823  6529233 11645609  5018624  489842512348754 11368190
            1024      16 1232130 4162573 12983353 1364323211903823 5330028 9569770  7160597 12492426  4848656  465424813142265  4694950
            1024      32 1345623 5194651 12348754 1326402612173747 605944212492426  7590887 13142265  4876180  541742712676785 13643232
            1024      64 1071116 5251818 13472053 1423090213643232 575111712944224  6733974 16280798  5390231  559382010906310 13818817
            1024     128 1254808 5219904 12639479 1326402612828238 578988112208350  6355328 14183905  5144870  494922612639479 13142265
            1024     256 1156798 3684119 11132462 1177330111132462 550068611132462  5363307 13142265  4789183  516964111489839 11773301
            1024     512 1208894 4356809 11773301 1177330112313351 6102490 8680108  6479979  5813392  4512441  3029305 9064828 10662628
            1024    1024 1361836 4720752 12492426 1148983912348754 5089995 9402175  5917516  9946527  4898425  5120336 8262639 12348754
            2048       4 1158953 3351769  7311791 10555264 9140117 3579429 8398403  5553337  9101380  8365686  3657149 8464610  9841749
            2048       8 1237420 4016229  9752360 1218766311851361 4490751 8608824  6623917 11187641  4284671  4274012 9525260 10726615
            2048      16 1350023 4248644 10289741 1256195211835033 505645510351742  7444871 10289741  4611288  4412322 7262337 11642543
            2048      32 1379066 3792790  944150411962748111642543 5251194 9898453  6895083 11626784  4611288  4432815 9015410 12882215
            2048      64 1381950 4385291  9944290 1145621412580349 552121210945301  8029434 12050878  4923146  4562305 9349021 12805399
            2048     128 1394287 4088876  9525260 1112965912561952 548945710192069  7503399 15623582  4490751  4231899 7419150 11917129
            2048     256 1398828 4180412  4923146  917918611642543 5156624 8784909  6261772 11260973  4259178  4204968 7286980 11187641
            2048     512 1350872 4120256  8357547  611032811015480 5071381 8261095  6401772 10401883  4293237  4472047 7882079  9664580
            2048    1024 1381061 2888532  3459769  3946119 8464610 1908532 6340344 21757372  8464610  4365235  2142232 6321679  7940367
            2048    2048 1184523 3265134  2098276  6317030 3592903 3454204 5068389  3465352  5461535  3690142  2805512 4081105  6359119
            4096       4 1210036 2944377  3468014  5565581 4540367 1903205 3592757  2344796  5050220  3235498  2349928 3737349  5244471
            4096       8 1242324 2370354  4012295  4995882 7460407 2332381 4865707  6638778  5278308  3653887  3086681 5131680  4869845
            4096      16 1292126 2378558  4643451  4496399 7301864 3027393 4248440  5746149  5217395  2834585  4858827 4784405  5696610
            4096      32 1410520 2687795  4941279  4423462 5736555 3335375 4571782  5483860  5382492  3734100  4312426 2661562  6468797
            4096      64 1396986 2838331  3182750  4334185 3068488 3615440 5367357  5944991  5728903  3867766  2445252 5404504  4162994
            4096     128 1383375 2701744  4713521  4864330 5075585 2851995 4205798  5447345  5761565  2860543  2834585 3577793  6272759
            4096     256 1407055 2944881  3813675  3953206 5001700 2894765 6401308  5944991  9966244  3479956  3276846 3821310  3859945
            4096     512  794562 1991221  5556581  5445618 6748303 3608605 5057654  6300364  7697744  3086681  2622157 4351751  4995882
            4096    1024 1296221 2285832  5818150  4785737 5292944 2874423 5139356  5506711  7447471  1948536  2610602 2987384  4371684
            4096    2048 1261481 2336505  4096486  3747131 3210107 2884558 5433562  3305851  4467170  2644356  2809552 3706707  2025735
            4096    4096 1248373 2155619  3552638  3574071 4779081 2135788 3897601  2283401  3696339  2427973  2351214 3845258  4116116
            8192       4 1133992 1845927  4350542  4967573 4004255 1793323 4654652  4569232  3093575  2643503  2890577 3906377  4490996
            8192       8  938693 2756540  3077228  4493345 4343942 2419392 5274909  6553692  3848189  2924530  2679789 4092001  4302601
            8192      16 1379365 3323054  5780764  5830794 5806161 3089125 5333039  5826839  5305863  2230311  3221183 4946832  4801658
            8192      32 1223602 3546333  5569014  5868638 4413692 3327237 4853203  5910025  5234728  2931016  3413510 5797345  6028229
            8192      64 1150393 3525230  4861443  4665396 5095007 2483931 3670204  6737460  5569014  2597342  3160444 5676663  5649594
            8192     128 1376327 2775915  4077917  5475825 6154564 3626431 5288712  8952964  5386547  3532842  3087737 4446823  4471708
            8192     256 1070003 3129072  5305863  4551075 4702429 2673741 4571664  6670750  6409435  3253514  2837582 4902367  4362141
            8192     512 1170976 2883543  4456628  3572513 5354648 3851208 4350542  5692651 11160086  2283220  2432409 4316113  3123099
            8192    1024 1138086 3511540  4697286  4971166 4578974 3210048 3957671  6068689  8856046  2645945  2524631 3002999  4997921
            8192    2048  978162 1982124  3994015  5031588 4511043 2250027 3130212  3683187  4399563  2438104  2202715 4151830  2982148
            8192    4096 1140466 2259794  3338228  3349292 2538620 2215927 3187417  2553714  2950142  1683904  2884511 3404716  4240474
            8192    8192 1104928 2443827  3558453  3820802 3838731 2015256 3561773  2188545  3740525  2102695  2962606 3479888  4334626
           16384       4 1076976 2435927  5555870  4500055 4729877 2126694 4718834  4220629  4972535  2396009  2400864 5430306  4529718
           16384       8 1165056 3024517  5708638  6491049 3954439 2470519 4437578  6781211  6086321  2507844  2452269 4616443  6553571
           16384      16 1251839 3319973  5795783  4867230 5396193 2890189 5340419  7430091  4349387  3160561  2769516 6164394  4978660
           16384      32 1245938 2793951  4843217  6430310 4970737 3222060 5785536  7627187  5813926  2803068  3095499 4593300  5455742
           16384      64 1225977 3447210  3144796  3583468 3413986 1757540 4410238  6968951  5155324  2877482  3462321 5357907  5781155
           16384     128 1203813 2871830  5147215  5356236 4331021 3119528 4860345  5966368  5370049  3049346  3110068 4547403  4417325
           16384     256 1137140 2644297  4030513  4975415 3972039 3840620 5394922  6784558  4625765  3502377  3452926 3665272  3546298
           16384     512 1364326 3194352  4253546  5060044 4567654 2848498 5456176  6571746  4807640  2554835  2907554 4330748  5085131
           16384    1024 1292112 2256070  4083686  4628258 3690071 3265078 4757053  6131394 14830029  2204256  2440945 4179557  4582885
           16384    2048 1147508 1972101  4778223  3925300 4709456 2536634 3604142  3207472  4787877  2002969  1791351 4175240  3623144
           16384    4096 1192346 2059084  2892622  3848794 3308464 2081600 3017876  2198896  3234800  1897394  2320678 3396438  2794973
           16384    8192  933462 2180476  3213171  3359411 2849798 2211349 2895181  2136413  3354492  1964771  2617206 2927371  2997864
           16384   16384 1101012 1943984  3695031  3813764 3842338 2413004 2849325  2413682  3250714  2553981  2502821 3334148  3489572
           32768      64 1227815 3070177  4662455  5396576 4753895 3265994 4454088  5772125  4790014  2547250  2748514 4513475  4868920
           32768     128 1314503 2551032  4693824  5337682 5351607 3015612 4595267  6986950  5120904  2817075  3300900 4892841  4671806
           32768     256 1275561 3121356  4393153  4552344 4158288 2909573 4806766  5330643  4679122  2680856  3219479 5337682  4943703
           32768     512  884114 2895475  4520303  5271554 4790014 3072510 4063499  5324654  5241999  2839776  2756618 4691901  5076454
           32768    1024 1138721 3173610  4393153  4312648 3171487 3059038 4387823  5756893  3837489  1727166  2351320 4835176  5362047
           32768    2048 1066320 2109713  3369443  3673973 3882038 2329402 3346716  1722447  5050524  1494473  1766390 3606866  3208431
           32768    4096 1023679 2159502  3296308  3070177 3145934 2159197 3170316  2416007  3264055  1815602  1899041 3246246  3681847
           32768    8192 1153477 2422779  3332111  3309564 3056385 2191246 3191889  2514258  3461955  2322631  2228517 3874597  3589439
           32768   16384 1068717 2399892  3296941  3035794 3069011 2112014 3018393  2636424  3703375  1976236  3181029 3112731  3172438
           65536      64 1052632 3286173  4816014  5264367 4856345 3080699 4827687  6576057  4651237  2554608  2783438 4857804  5825436
           65536     128 1194711 2636293  5151403  5468160 4616863 2731684 4554592  7179629  5161948  2512691  2824828 4454868  5137251
           65536     256 1193581 2900479  4912323  4633830 4444640 2814733 5125660  6692129  5379235  2801880  2775288 4510646  4601252
           65536     512 1305760 2879544  4810704  4715468 5248786 3145746 5367366  5516999  5207420  2999219  2658552 4823789  4513534
           65536    1024 1264982 3010816  4408782  4924114 4427815 3272909 4311552  5298462  4457035  2294189  2307691 4838394  5089407
           65536    2048 1171858 2208461  4015172  3879289 4021104 2248935 4134757  3260524  3689695  1713811  1936867 4266647  4242086
           65536    4096 1088367 2148796  3469156  3404490 3553423 2041807 3727622  2458485  3717741  1804954  1866010 3858704  3810244
           65536    8192  993483 2274673  3292274  3076940 3271701 1994950 3275951  2655214  3619776  1895372  1641554 3158688  3311590
           65536   16384 1062655 2268703  3323361  3391092 3168445 2108625 3235197  2283706  3341135  1990342  2038702 3190030  3389336
          131072      64  780320 2439458  5313046  5199580 5389931 3162536 4767104  6397508  5105847  2139670  2407115 5016898  4972204
          131072     128 1127993 2486662  5004248  5593497 5166596 2833255 4712954  7406432  4913807  2298139  2613084 4423177  5003702
          131072     256 1026606 2632176  4553642  4588264 4921593 2876287 3491625  3857318  4786278  2357243  2435103 5082293  4857581
          131072     512 1026405 2320596  4501405  4840729 4884208 2352331 4352370  5798634  4264588  2174814  2305048 5087796  4923268
          131072    1024 1113894 2018483  4589030  4700302 4560479 2267288 4436491  5100305  4722427  2278961  2084644 4456703  4776672
          131072    2048  963041 1886227  3745547  4176149 4249950 2097889 3583273  3142902  3675088  1459861  1642715 3794355  4084494
          131072    4096 1056306 1811459  3408644  3458283 3521258 1873340 3334990  2342917  3532662  1519343  1611271 3426533  3465477
          131072    8192  990501 1807344  3573281  3256542 3400927 1965633 3706357  2382909  3428948  1636495  1733617 3436063  3288469
          131072   16384  970451 1869734  3522386  3617461 3779590 2409848 3388287  2410207  3304480  1673779  1804360 3769922  3732223
          262144      64  140170  126379  4886635  5165304 5336352  116934 4703394  8002687  5402134   142394   119523 5052210  5189832
          262144     128  149043  132916  4519962  4612784 4908801  123225 4892027  6257898  4667237   155311   139947 4652386  4646370
          262144     256  149995   81659  5080410  5181540 5149869  129216 4646547  6056787  4705508   161511   147983 4341643  4608646
          262144     512  149400  120275  4676448  4496468 4854703  139785 4829201  5616464  4658517   149704   137635 4748119  5171500
          262144    1024  150008  127942  4601260  4859380 4778764  141447 4638980  6310806  4740994   148378   136887 4372636  5024322
          262144    2048  147760  120670  3753216  3920682 4247370  140967 4156852  3194817  4123831   152938   146940 4126369  3889545
          262144    4096  145892  128462  3483139  3504835 3473434  146535 3632974  2353916  3233716   157054   147461 3398202  3396439
          262144    8192  147093  134759  3516110  3319923 3231597  139167 3199875  2464820  3529371   167937   158410 3238746  3321267
          262144   16384  136719  122870  3237392  3315508 3348843  152332 3514177  2395957  3202382   175973   168899 3262725  3300609
          524288      64   60614   67733  5531524  5479137 5111905   25549 5089191  7491422  5217622    74264    76675 5554662  4954107
          524288     128   79460   71231  4926272  4832818 4787585   43424 4974222  6600466  4904332    73101    72474 4208408  4751780
          524288     256   78145   69271  4608026  5126014 5196059   52469 5140489  6618125  5032909    77244    77436 5268209  5079974
          524288     512   74929   65217  5028030  4973367 4767904   57142 4935870  4886970  4782691    76116    75072 4912878  5048415
          524288    1024   74392   70897  4695017  4839774 4845949   58928 4849091  6001114  4698890    78220    74810 4668553  4363065
          524288    2048   75972   66780  3825826  4093408 4047524   59906 4177659  3098338  4284308    78032    75529 4306087  4315984
          524288    4096   78347   64587  3071343  3244178 3336545   74591 3357529  2386033  3583964    76130    74134 3268548  3439285
          524288    8192   75792   68454  3474311  3576491 3376817   64754 3267751  2383700  3250815    78956    75350 3329236  3381521
          524288   16384   75887   68749  3519418  3642155 3584876   74781 3290951  2534801  3310486    80569    81523 3348561  3503918

iozone test complete.
