	Iozone: Performance Test of File I/O
	        Version $Revision: 3.420 $
		Compiled for 64 bit mode.
		Build: linux-AMD64 

	Contributors:William Norcott, Don Capps, Isom Crawford, Kirby Collins
	             Al Slater, Scott Rhine, Mike Wisner, Ken Goss
	             Steve Landherr, Brad Smith, Mark Kelly, Dr. Alain CYR,
	             Randy Dunlap, Mark Montague, Dan Million, Gavin Brebner,
	             Jean-Marc Zucconi, Jeff Blomberg, Benny Halevy, Dave Boone,
	             Erik Habbinga, Kris Strecker, Walter Wong, Joshua Root,
	             Fabrice Bacchella, Zhenghua Xue, Qin Li, Darren Sawyer,
	             Vangel Bojaxhi, Ben England, Vikentsi Lapa.

	Run began: Mon Oct 28 18:56:56 2013

	Auto Mode
	Command line used: iozone -a
	Output is in Kbytes/sec
	Time Resolution = 0.000001 seconds.
	Processor cache size set to 1024 Kbytes.
	Processor cache line size set to 32 bytes.
	File stride size set to 17 * record size.
                                                            random  random    bkwd   record   stride                                   
              KB  reclen   write rewrite    read    reread    read   write    read  rewrite     read   fwrite frewrite   fread  freread
              64       4  695778 2467108  8182586 1597288510821524  586352 8182586  4897948 10402178  3588436  3057153 7940539 12310336
              64       8  831569 2662899 10402178 2096219112902017 5389653 9006179  6421025 15972885  4988978  3588436 7940539 10402178
              64      16  939223  551422 12902017 2096219112902017 528357010821524  4564786 15972885  4897948  401815212902017 20962191
              64      32  720041 2772930 12902017 2273779115972885 528357010821524  6421025 12310336  4897948  489794812902017 20962191
              64      64  799377 2801873 15972885 2096219112310336 586030710821524  5283570  8182586  5860307  3057153 8182586 20962191
             128       4  564055 3657016 10779307 12842051 9977956 1040839 8548124  5122535  9129573   814915  3895854 9795896  9129573
             128       8 1102844 4267461 12842051 1588107814586625 512253511470204  6045455 16365173  4557257  475925312842051 11470204
             128      16 1133103 3199360  9129573 15881078 1727352 3277486 9129573  5122535 16365173  4934216  426746111470204 10567140
             128      32  976473 2985839 12842051 1588107814200794 6114306 1243315  6406138 12542043  4596273  584790412842051 15881078
             128      64 1130717 4889281 14200794 1588107814200794 584790411470204  6406138 14200794  4596273  758231212842051 15881078
             128     128  978253 4267461 12542043 1420079414200794 5545860 7917784  5847904 12842051  5847904  5545860128000000 21643049
             256       4 1040643 3879045 11091721 11695808 9868433 4197489 9114515  1368162  9192546  1662639  377008510651598 11569783
             256       8  980760 4572895 12090911 1495343512228612 502204410245071  6554972 11695808  4819184  4734192 2285501 13454450
             256      16  962301 4929815 12812277 1416439512812277 581011211569783  6936061 16072608  5117791  511779112812277 14164395
             256      32 1163562 5117791 12812277 1281227712812277 492981511695808  7314033 12090911  5455847  554030013454450 14164395
             256      64 1267990 5217259 13454450 1516462414353744 639872012812277  7314033 14953435  1479379  624974513454450 14353744
             256     128 1267990 5217259 13454450 1435374412812277 621357811569783  6891544 13454450  4553502  211447312812277 13454450
             256     256 1306564 1790149 12228612 1281227712228612 568702011695808  5841722 12090911  5569035  1855098 9518507 12661199
             512       4 1086890 3653390 11138071 11620224 9344779 4228947 9468384  4650188  8844453  4030519  373601610694336 11374040
             512       8 1248678 4099771  9468384 1279744111943357 527889211374040  2225819 11620224  4742616  461025612797441 13438092
             512      16 1309596 4610256 12874162 1387212212146009 279691011943357  7091952 11138071  5127637  474261613190469 13438092
             512      32 1053821 4827914 13438092 1424006913109944 292650111374040  7647578 15471149  5331314  266501413190469 13872122
             512      64 1368865 4916336  3736016 1462806713522711 639501812797441  7758090 16049269  5551840  550911313438092 14146265
             512     128 1336492 4305250  9145790 1343809211943357 610417512215097  7435738 13522711  5624545  624621312499490 13438092
             512     256 1140576 5067142 11943357 1221509712146009 501976411374040  6246213 12146009  4784885  826572911877300 12499490
             512     512 1105920 2651850 11138071 1249949012499490 289104311374040  2509312 10044089  5822804  588665012146009 12499490
            1024       4  977950 2900425  3631168 10906310 9402175 2640123 8914314  3696803  9402175  3271594  289261210796646 11132462
            1024       8  926676 4679604 12492426 13818817 5853003 504219111773301  4282950 11936907  3348104  426593412639479 13472053
            1024      16 1110727 5018624  6025439 1279003712639479 383545712071103  3179559 12071103  4832290  506598012492426 13472053
            1024      32 1360111 5194651  3436508 1386342213142265 602543911645609  4396951 12828238  4805258  533665112983353 13818817
            1024      64 1247157 3094790 12313351 1423090213686709 403356912173747  4512441 16280798  3591693  547265013264026 14230902
            1024     128 1273788 5071963 12208350 1364323213305116 406026111368190  7537599 15516181  3671521  3751699 4949226 12944224
            1024     256 1383774 5065980 11645609 1245619512208350 547265010429596  6733974 12313351  5417427  5885083 8988941 12173747
            1024     512 1267024 2598591 10662628 1177330112313351 3808251 5200941  6317933  5564829  4854136  4379019 9946527 12313351
            1024    1024 1130312 4594502 12492426 1217374712639479 3722435 9142007  5751117 10354166  5593820  566016710134284 11520658
            2048       4 1178995 2892423  4971585  9053418 8097557 3292669 7477273  4511980  6321679  3029098  2759547 7789164 10339282
            2048       8  974710 2980747  8857376  832514711900619 1666393 9525260  5172149  4842658  3580921  3669648 8531869  7911115
            2048      16 1122162 3494960  8977721  618512312345306 2211161 9359208  5416763 11706006  3999400  3080148 6629029  6895083
            2048      32 1381061 3894239  8565901 1170600610289741 4807425 9567698  7477273  9887060  4707314  3915540 9621281 12345306
            2048      64 1087635 3240499  8987113 13301113 8498106 5800851 5447681  5719737 12635867 10302081  3828288 6075753 12882215
            2048     128  913453 3487865  4178378 1067330211983630 3302797 6962145  4751580 15510737  4284671  3751381 3908414  7556202
            2048     256 1422220 4114336  4686767  7393606 6167360 5209791 6340344  5044577 13138359  3764533  2812862 7036283 10555264
            2048     512 1351722 3696494  6780783  728698010959265 4633675 6058611  4829046  7705319  3717289  3210223 5521212  6945257
            2048    1024 1263261 3538147  5655716  6670210 1933883 3663388 5503525  4601407  5611381  3764533  2981782 4980233  7911115
            2048    2048 1100454 2531808  4481379  4839929 4613765 1638423 5071381  2438378  3772800  2398213  2812862 8097557  4611288
            4096       4  925250 2818772  4404184  4773769 3693161 1770061 3740604  5057654  5404504  2311668  2152378 2884558  5075585
            4096       8 1106180 3530734  4846491  6060333 6905631 2938334 4638436  4249491  4643451  3000428  2689478 4414369  5402804
            4096      16 1196969 3170416  4120064  6430059 6401308 2687795 4461370  4158963  5859825  3673419  2675656 8829180  4417775
            4096      32 1124351 3287506  4906002  6351609 5139356 2603876 3720353  4047268 10665388  2959594  3232454 4959824  6510471
            4096      64 1423729 1787743  2900630  6131713 5527974 4188367 8032459  7408930  5271829  2892815  3376675 5558378  5520868
            4096     128 1192400 3271230  3886139  4209920 5800471 3442303 4262142  6339889  5549401  3404782  2605455 5271829  5409609
            4096     256 1253382 3035953  3114661  5769304 6451792 3155856 4352854  5777065 11940367  3465216  3180393 4882301  4289813
            4096     512 1121928 3308398  4713521  5299475 5587302 3086681 4052041  5674032  6672297  2756362  2927818 5198450  5462935
            4096    1024 1189675 3065750  5902100  5396016 4545172 2083467 4088687  2842558  8224733  2737912  335164210166771  5286429
            4096    2048  943596 2333965  2266830  3867766 4059701 2745350 3555579  2719708  4311344  2868663  3155276 3937802  3856480
            4096    4096 1024513 1873730  3419011  3354915 3433360 3018351 3319264  2461367  3379332  2378558  2355405 3141429  3482778
            8192       4  898556 2408707  5333867  4182150 3309929 2609771 5063472  2848403  4383287  2972345  1794916 4628318  4878700
            8192       8 1094300 3204958  4982701  5944791 4832725 2138288 5079190  5340499  5509188  2891550  2858355 5264403  5692651
            8192      16 1173295 2586004  5056765  4974045 4273171 2688596 5041185  5944791  5085204  2896914  2917577 6220301  5822889
            8192      32 1234105 2206251  5810089  5660764 5936574 3063783 4770989  5988306  5022761  2877505  2652072 4943985  5298499
            8192      64 1237305 3045318  5772993  5923270 5267631 2708945 4633936  4678737  4910774  3129072  2893498 5333867  5630154
            8192     128 1086343 3035096  5117011  5467982 4964702 3675307 4558925  6809564  6091282  3179159  3335312 5361332  4850463
            8192     256 1207944 3674914  4757117  4919916 3649155 3575859 4538452  6655245  5752696  3110096  3087737 4322629  5732541
            8192     512 1143997 2218789  4697286  4940431 4732221 3249514 3393619  6060126  6248582  3259997  2117859 3853368  4302601
            8192    1024 1157875 3521617  3563251  5523358 6001904 3032953 4574098  6031404 11203754  2695556  3047479 4438207  4394499
            8192    2048 1178365 2505302  4316113  4188268 3773388 2747283 4893290  2923534  4870401  2158030  2432925 3994015  3963606
            8192    4096 1013477 2216499  3592684  3540122 3403367 2257419 3624901  2100510  2690491  2006782  3124235 3730372  3343751
            8192    8192 1080161 2607988  2693866  3815711 3864202 2054172 2808359  2408031  3615366  2210367  2198065 3775046  3913942
           16384       4  936873 2008295  4192562  4615203 3687496 1882786 3282076  4145769  4546200  1938938  2887517 5631910  4280039
           16384       8 1006144 3035204  4640133  5060044 4954252 2607672 5764667  8457984  5416182  2745725  2734254 4318230  3686903
           16384      16  990982 2942034  6304073  4087815 5075366 2969110 3977787  5219542  5414475  2574071  2825310 5194684  4307133
           16384      32 1115470 2758178  3919703  5772899 4418745 3068134 4698830  4929022  4896361  2819977  3056126 4769931  3927095
           16384      64 1156157 3252714  5335029  4495051 3986324 3047047 4906849  7929958  5527714  2751331  3360068 4723051  4211834
           16384     128 1318086 2899824  4346086  5024159 4311457 3127336 5389422  6553571  4827227  2502547  3390740 4845950  4008648
           16384     256 1142377 2734362  6019150  3990259 3848578 2505650 5189585  7323979  5622234  2557593  2992512 4323936  4278973
           16384     512 1344598 2960029  5110468  4690491 3735402 3056806 4652070  5818356  3975715  3117263  2712988 4775234  5247842
           16384    1024 1244696 3088959  4157306  5516621 4633563 2710313 5102499  4527032  9811733  2213771  2209572 4211834  3775213
           16384    2048  965462 2183941  4221407  4003043 4512170 2455950 4786210  3641769  4961764  1873751  2166863 4130072  3682556
           16384    4096 1131579 2414021  3578802  4116465 3366323 2197068 4064363  2574071  3476333  2110237  2143410 4088788  3309261
           16384    8192 1032121 1952823  4074726  3845133 3477740 2162635 3714404  2318095  3801527  2120853  2617704 3845994  3344370
           16384   16384 1083735 2283433  3405527  3311813 3199408 2475591 3203734  2311856  2923137  2489583  2199811 4100254  3576567
           32768      64  609796 2853395  5527671  5145058 5894668 2963591 5551114  7056182  6284703  2494725  2407458 5037382  6077119
           32768     128 1122153 2872839  5028903  5074767 5128164 3094231 5144095  6782819  4750445  2770175  3307573 4353355  4662455
           32768     256 1079461 3215036  4880678  5033507 5829660 3219479 5071771  6836464  5035720  2694046  3006508 4234127  4574618
           32768     512 1103671 3310521  4924573  4314950 4428114 3007627 4549180  5281075  4325270  2736366  2952070 5368330  4448466
           32768    1024 1220369 2943850  4766260  4989107 4840966 2973980 4414318  6130520  3829363  2774369  2259401 4383066  4362752
           32768    2048 1019570 2298855  3940810  4596496 3944203 2376734 3208431  2881512  5011117  1847650  1814500 3765161  3456209
           32768    4096 1090518 1789900  3653852  3430844 3335184 2073648 3732137  2819040  3651813  1746325  1918954 3199096  3705971
           32768    8192 1034637 2075370  3190333  3761245 3349816 2101455 3241805  2576088  3066204  2032374  2227903 3658326  3530974
           32768   16384 1071274 2167642  3734672  3442014 3400960 2202307 3447799  2435012  3208805  2127215  2654552 3785591  3682636
           65536      64 1096858 3056718  5578920  5441854 4880488 3216194 4381655  6312965  5314751  2735571  3080423 5216116  5791438
           65536     128 1150238 2663628  5201311  5074374 5057197 3008180 5434216  6418211  5378499  2655317  2938431 5149377  5123940
           65536     256 1137717 3188809  5148991  5235290 5099699 2724211 4430812  5800237  4262544  2641639  2987192 4759641  4550747
           65536     512 1179724 3138240  4618104  5280040 4413454 2972944 5063438  5398781  4768724  2536129  2955523 4857460  4356585
           65536    1024 1119620 3072366  5200426  4997797 4751332 2876651 4574603  6226027  4966015  2368150  2491216 3901644  4887777
           65536    2048 1087355 2502329  3880822  3675191 3841501 2257301 3845102  2978098  4156515  1806045  1772538 3675191  4086564
           65536    4096 1002034 2073989  3855294  3780323 3752814 2367375 3692371  2428790  3607851  1741863  1867493 3271234  3234588
           65536    8192 1094016 2271609  3776843  3005943 2982298 1943660 3491896  2449394  3262769  1888704  1889470 3219811  3284681
           65536   16384 1031089 2060418  3439292  3491718 3389503 2146531 3168445  2489953  3153361  1977200  2044176 3551907  3291919
          131072      64 1094821 2451686  4726569  5424714 4734058 2329130 5195894  7680749  5043547  2206491  2288905 4859728  4961256
          131072     128 1038176 2537215  4967487  4945768 4769709 2524794 4770785  6375103  4516419  2390473  2473894 4740549  4680613
          131072     256 1066145 2669808  4736138  4929183 4690556 3195385 4874378  6219322  4659152  2580967  2529569 4734751  4953924
          131072     512 1035363 2514907  4803298  4556019 4464303 2488654 4921946  6224040  5225726  1801900  2510325 4870017  4513157
          131072    1024 1049314 2499414  4588379  4541492 4662827 2836134 4851836  6010572  5192851  2500756  2376522 4676114  4431841
          131072    2048 1044024 1970650  3722796  4282861 4018042 2230248 3999742  3117487  3929386  1699984  1800908 3822904  4097157
          131072    4096  972892 2045863  3651848  3707831 3490583 2090224 3468692  2554558  3518509  1696286  1627031 3299403  3570473
          131072    8192  973233 1878737  3130606  3352316 3658360 2164121 3498981  2402875  3223054  1544185  1609846 3633240  3566674
          131072   16384  898891 1962447  3660114  3089057 3731691 2055770 3590340  2595442  3213108  1613906  1673203 3663065  3761153
          262144      64  141552  136100  5581424  5671391 5401895  118020 5035989  7575117  5452579   150639   145250 5177734  5269246
          262144     128  147814  143844  5306451  5441488 5341822  123858 4545900  4651560  4689272   155222   145373 5072628  4681984
          262144     256  142983  144829  4822740  4886461 4989031  108537 4703475  6263745  4248338   136140   131211 4551037  2674034
          262144     512  150309  128962  4802770  4947433 4735257  143473 4532763  5749777  4939409   120295   147050 5132537  5108238
          262144    1024  148917  145039  4900902  4589371 4687673  152865 4910533  5721562  4818809   157102   149489 4453378  4927345
          262144    2048  151512  144563  3812390  3969659 4077901  144249 3832121  3179701  4268890   123182   132017 4066635  3943618
          262144    4096  146912  120206  3579095  3558027 3530834  156712 3491158  2452117  3359053   157963   157549 3490094  3310776
          262144    8192  136069  146539  3386657  3403493 3240789  145255 3425869  2359574  3435342   156968   155272 3461155  3553921
          262144   16384  146487  134592  3378146  3300649 3490548  162710 3190922  2482209  2911704   198284   171879 3624626  3588065
          524288      64   60647   72524  5317689  5615098 5354241   26252 5299747  7682638  5451901    80722    80212 5107536  5386702
          524288     128   78593   72912  4309488  5489230 5269282   45227 4822548  6441517  5015095    79237    77483 5334692  5398352
          524288     256   74475   73143  5031850  5268070 5202611   53264 4736764  6798338  5140477    79069    73835 4667592  4882185
          524288     512   77148   71316  4944160  5290656 5154333   56331 5036529  6505547  5106883    80780    80414 4595143  5166722
          524288    1024   79297   74314  4854883  5145926 5104690   59860 4526082  6364115  5005609    80277    73194 4572583  4429899
          524288    2048   69676   67716  3660330  3813089 3955755   59527 3728827  2907361  3961848    80715    69999 3979384  3533272
          524288    4096   71838   65673  3501574  3472956 3480960   69771 3228138  2274025  3302730    73309    71474 3524958  3404578
          524288    8192   74119   68861  3113794  3372886 3222641   69138 3515552  2354276  3446681    82534    80396 3367751  3224304
          524288   16384   80643   68710  3402987  3288353 3423697   73706 3267348  2333436  3230798    81564    80861 3347368  3266654

iozone test complete.
Timer resolution is poor. Some small transfers may have 
reported inaccurate results. Sizes 128 Kbytes and below.
