	Iozone: Performance Test of File I/O
	        Version $Revision: 3.420 $
		Compiled for 64 bit mode.
		Build: linux-AMD64 

	Contributors:William Norcott, Don Capps, Isom Crawford, Kirby Collins
	             Al Slater, Scott Rhine, Mike Wisner, Ken Goss
	             Steve Landherr, Brad Smith, Mark Kelly, Dr. Alain CYR,
	             Randy Dunlap, Mark Montague, Dan Million, Gavin Brebner,
	             Jean-Marc Zucconi, Jeff Blomberg, Benny Halevy, Dave Boone,
	             Erik Habbinga, Kris Strecker, Walter Wong, Joshua Root,
	             Fabrice Bacchella, Zhenghua Xue, Qin Li, Darren Sawyer,
	             Vangel Bojaxhi, Ben England, Vikentsi Lapa.

	Run began: Thu Oct  3 19:01:36 2013

	Auto Mode
	Command line used: iozone -a
	Output is in Kbytes/sec
	Time Resolution = 0.000001 seconds.
	Processor cache size set to 1024 Kbytes.
	Processor cache line size set to 32 bytes.
	File stride size set to 17 * record size.
                                                            random  random    bkwd   record   stride                                   
              KB  reclen   write rewrite    read    reread    read   write    read  rewrite     read   fwrite frewrite   fread  freread
              64       4  561808 1255511  4897948 1597288510821524 4274062 4564786  3738358  4564786  2892445  2923952 2379626 12310336
              64       8  710511 1460430  6421025 2096219112902017 4988978 4988978  5860307  5735102  2379626  2379626 5860307 15972885
              64      16  735831 1484662  6421025 1290201712310336 5389653 5389653  6421025  4643754  2772930  1780008 6421025 20962191
              64      32  712397 1648808  9006179 2096219115972885 5389653 3203069  5283570  3738358  3791156  2379626 5283570 12902017
              64      64  929467 1690338 10821524 1231033612902017 5860307 5860307  5735102  3791156  4897948  1828508 5283570 12310336
             128       4  947186 2202044  5545860 10567140 9795896 4407601 4557257  4135958  2464907  3380677  2367096 5325799 10567140
             128       8  940549 3199360  6045455 1420079410779307 4759253 5325799  4934216 14200794  3277486  2905056 5847904 12842051
             128      16  976473 2326073  6727225 1863766414200794 5545860 3982553  6812590  4135958  4889281  2035099 5325799 11470204
             128      32  942199 2248149  8036304 1801235915881078 6045455 6114306  7176872  4557257  5325799  4012317 3982553 14200794
             128      64  901083 2066432  9129573 2080435615881078 6406138 5325799  6727225  4934216  4267461  5784891 3759450 14200794
             128     128 1243315 2286447 12842051 1863766414200794 6406138 3657016  6045455  5784891  5122535  2727923 6114306 15881078
             256       4  944525 2135500  5320671 1281227710651598 4652146 3935921  5841722  4572895  3557725  2486631 5810112 12090911
             256       8 1138879 2557711  5810112 1516462413454450 5687020 4819184  7314033  4404088  4496299  3557725 5117791 14953435
             256      16 1080434 2975955  6595234 1583556914164395 6107548 6398720  7518900  4907284  5022044  3245838 6249745 14164395
             256      32 1137672 2665657  6554972 1495343513454450 5971678 6398720  7518900  5971678  5455847  3557725 5455847 11695808
             256      64 1094754 2943325  6595234 1709624914953435 6719046 4404088  8024634  7791708  6073004  4819184 5687020 15164624
             256     128 1098113 3078337  8888172 1495343515164624 6398720 5569035  7120034  5971678  4929815  4652146 6107548 14953435
             256     256 1126926 3421677 10245071 1435374413625180 5938650 5810112  1673001  5540300  5810112  4197489 5971678 13454450
             512       4 1066380 3158966  5886650 12146009 9814569 4163357 5164632  5639315  7988981  3431550  2879414 5807059 11683444
             512       8 1180062 3140488  6472112 1462806712797441 5453155 6156675  7211022  6652558  4485083  3877684 6395018 14628067
             512      16 1270094 3264616  6472112 1462806713783088 4701087 5384786  7410080  6736026  4973263  4030519 5684095 14240069
             512      32 1270846 3659616  6246213 1503780113783088 6395018 4973263  7647578  7540170  5344582  4532414 5019764 14628067
             512      64 1302447 3659616  6571132 15471149 8808176 6472112 4916336  8018812 10044089  5684095  4457157 5331314 15143846
             512     128 1207940 3653390  7309196 1462806713438092 6551087 5807059  7758090  8109658  5886650  5331314 6086873 14240069
             512     256 1383861 3905895  8140399 1310994412797441 6086873 5760329  6472112  5177083  4927617  6999490 5886650 13109944
             512     512 1395552 4228947 13109944 1343809213190469 6018636 5509113  6035551  6018636  6086873  4927617 6156675 13109944
            1024       4 1150600 3160839  5917516 11903823 9923546 4339202 4715569  5690162  7113161  3541348  3020783 5813392 11249091
            1024       8 1307525 3804877  5751117 1381881712790037 5417427 6208343  7699755  8061038  3926627  3908759 6519323 13686709
            1024      16 1201790 4064103  6364746 1381881713472053 5917516 5479632  7699755  9320560  4110780  3722435 6059442 13472053
            1024      32 1398645 4211554  6918376 1418390513818817 6244448 5789881  8262639 10662628  5277632  4470172 5991815 13818817
            1024      64 1379773 4374559  6479979 1466831814618393 6776473 6093831  8542002 10878686  5623115  4589593 5925680 14230902
            1024     128 1412443 4232305  5330028 1423090213998981 6650556 6244448  8310603 10429596  5593820  4654248 6199382 13472053
            1024     256 1446698 4249053  6963241 1249242612790037 6208343 5813392  7020149  9743447  5383475  5169641 6059442 12348754
            1024     512 1372717 4451639  8000971 1310217412639479 5958564 5303701  6599461  8262639  5042191  6559147 6025439 12037272
            1024    1024 1359680 4356809 10878686 12348754 8326715 5885083 5885083  6059442  6059442  5690162  4926518 5330028 10769573
            2048       4 1221930 3276342  5549749  9268323 8977721 3969827 5475461  5804771  7311791  3542524  3093459 5489457  8977721
            2048       8 1328106 3850597  6479029 1050363711015480 4785996 6132138  7477273  9389900  4405533  3857514 6397004 10401883
            2048      16 1364390 4162181  6397004 1050363711440955 5389574 6298503  7817519  8830061  4853603  4221501 6563185  7496851
            2048      32 1413328 4394265  6440169 1078046312398764 6003564 5549749  8059569  9621281  5044577  4338776 6623917 10945301
            2048      64 1435050 4550221  6303124 1030208113219235 6149699 5884299  8540351  9898453  5433896  4376355 6543188 11015480
            2048     128 1458688 4376355  6420913 1072661512488897 6225466 5836323  8398403 15399510  5056455  4170264 6243566 10439809
            2048     256 1443248 4358590  6359119 1008438211642543 5172149 5900467  7262337  9932791  4762117  4453499 5447681  9796850
            2048     512 1507057 4414590  6823876 1050363710713237 5640860 5916724  6851089 10339282  4983122  4839929 5430461  9483197
            2048    1024 1440103 4162181  7969835 11015480 9841749 5225638 4997618  6523312  8229438  4911886  5593112 5785224  8866519
            2048    2048 1286533 3586902  6967792  6359119 7135648 4221501 5251194  4338776  5332694  4240255  3549844 5293261  6690992
            4096       4 1168237 3268741  5794602  6041154 6321227 3195181 5211065  2728780  4556020  2620558  2826656 5625724  6724530
            4096       8 1335519 3806915  6339889  7625987 7405736 3785942 5642353  7728911  7545601  3864287  3611639 6263611  6300364
            4096      16 1364910  495413  4204769  5851841 7096756 3751222 5447345  7555557  7173805  4176149  3747131 6321227  6398924
            4096      32 1290089 3707507  6068897  6883496 8712759 4428023 5196878  8162211  3599532  2830848  2634219 4761860  6769576
            4096      64 1354045 3864287  5996870  4893426 7473388 4887857 5382492  8292220  4581535  2659914  3720353 6430059  7173805
            4096     128 1457550 4316760  6311938  7715028 9267351 4864330 5996870  7859742  7784948  4047268  3893185 6077484  6941906
            4096     256 1480792 4141917  5969780  7261741 7656576 4928521 5759634  7418527 13126371  4267436  4075109 5777065  7001316
            4096     512 1494446 4235870  6234064  7339297 7061751 4751325 5396016  7024216  9019223  4235870  3904688 5404504  6748303
            4096    1024 1463386 3650006  6625976  6727163 6883496 3775126 5719367  6532752 10215133  3927001  3650781 5642353  6418048
            4096    2048 1328189 3330202  5728903  5284803 5454263 3309035 5087609  3775126  5961494  2921843  4200656 5063617  5340661
            4096    4096 1246109 2721431  4675041  4441761 4659824 2915397 4462528  3009890  4633432  2968287  2876348 4586428  4691638
            8192       4 1167633 3023878  5772993  5446314 5291970 2589122 4836126  5633847  5059743  2624923  2576889 5439416  5471465
            8192       8 1308403 3368335  6311712  5940679 6131500 3028675 5708730  7405426  5863631  3187712  3111222 5928379  6379683
            8192      16 1354943 3672165  6415419  6108608 6445505 3467946 5565406  7111158  6059057  3462355  3506880 5821902  6496691
            8192      32 1389181 3887813  6345516  6032463 6585093 3794222 6104267  8047143  5911041  2510611  3637565 6220301  5752696
            8192      64 1469444 3919746  6307078  6150158 6774655 4102260 6154564  8648733  6475875  3682003  3759762 6272536  5859631
            8192     128 1456859 3953573  6154564  5765244 6267959 2961840 5619105  7742506  6272536  3474258  3693481 6104267  5871647
            8192     256 1452240 3925120  5893805  5728718 5642173 4268923 5728718  7509002  5851647  3636025  3718664 5517150  5425673
            8192     512 1457909 3847758  6032463  6109695 6150158 3925120 5610847  6715075 12373836  3838731  3060236 5634770  5688881
            8192    1024 1426437 3775046  6239504  6141364 5645881 4257814 5230743  6253130 11408351  3322090  3390605 5569014  5919188
            8192    2048 1322759 2982148  5194368  5432536 4920620 3271481 3817406  3946308  6527546  2824752  2805379 4879393  5247519
            8192    4096 1252049 2684185  4266803  4284360 4331893 2864312 4376030  2947611  4334626  2576889  3375284 4238381  4329710
            8192    8192 1228019 2676241  4418232  4376030 4313945 2787173 4220680  2713438  4268923  2787400  2921546 4483378  4293461
           16384       4  811770 2902886  5789435  5633757 4768607 2427323 5293930  5520166  5126480  2420824  2542923 5527714  5651363
           16384       8 1299197 3170184  6291951  6304073 5527270 2804898 5815894  7670606  5772899  2885456  2821366 6143453  6113394
           16384      16 1368646 3480735  6226956  6453256 5811959 3291981 5927769  3291981  5851052  3357442  3330108 6184922  6129206
           16384      32 1333328 3676056  6306387  6437538 6028127 3789160 6079322  7790612  6263278  3323987  3592272 5613049  6147850
           16384      64 1400700 3783944  6267848  6224699 6277582 3602441 6250745  7831452  6198870  3676842  3673501 6336041  6405137
           16384     128 1413986 3738044  5975188  5992382 6039252 4047368 5836640  8074379  6113394  3617422  3699208 5955510  5927769
           16384     256 1395551 3826292  5756940  5714809 5851052 4102947 5647647  7340408  5787485  3549412  3602441 5675165  5775325
           16384     512 1419037 3810169  5618556  5968960 5863533 4133302 5690674  6367745  5657411  3332854  3512043 5553625  6014936
           16384    1024 1442752 3843198  6099827  6032360 6178250 3926197 5841105  7300636 12411393  3388065  3379401 5908402  5948808
           16384    2048 1347260 3045967  5254664  5548244 5331304 3455183 5137979  4420735  7356911  2463080  2473364 5211229  5342079
           16384    4096 1274522  590050  3451365  3463891 3132753 1416814 4431854  2965394  4508617  2594871  2620999 3899020  3927095
           16384    8192 1243008 2699666  4206420  4288051 4312539 2858808 4277907  2982123  4255654  2526469  3328656 4268872  4235718
           16384   16384 1011431 2580159  4303626  4232588 4321760 2770409 4166633  2761947  4300395  2729800  2931492 4289121  4223742
           32768      64 1179259 3700085  6143400  6339491 6111166 3535970 6210861  8397420  6274947  3350142  3536698 5589947  6246144
           32768     128 1385657 3575340  6044778  6175420 5852499 3678102 5928742  8155256  6028075  3310281  3555914 6031250  5965282
           32768     256 1402555 3678890  5622649  5704800 5759064 3744440 5715714  7421989  5627484  3316592  3275490 5364768  5693693
           32768     512 1368521 3410835  5736708  5826448 5752796 3688863 5671139  6941078  5810928  3201853  3448577 5722854  5848265
           32768    1024 1367676 3533243  5912673  5893405 5952365 3695508 4371912  4412617  5833867  2795417  2593197 5930789  6013569
           32768    2048 1214116 3013760  4554909  3844144 3665742 1779402 5164391  4111392  7285082  2279676   593666 2997198  2924680
           32768    4096 1093468 1984597  3344680  3338586 3337857 1511650 3901433  2664485  2780712  1456680  2107804 3651425  3748320
           32768    8192  675615 2453968  3886100  3328077 3329125 1665022  968297  1938112  4428685  2523120  2621439 4347022  4021174
           32768   16384 1268205 2722706  4384884  4363722 4371495 2776948 4383765  2923063  4316576  2539766  3300583 4390206  4309808
           65536      64 1180083 3639282  6134598  6346049 6104761 3484680 5833100  8556562  6083818  3272870  3436626 6163485  6255213
           65536     128 1339523 3596334  6073736  6177336 5847743 3548652 5948089  8293492  5881904  3266685  3317265 6066497  6068104
           65536     256 1379356 3604445  5809922  5937938 5735129 3795198 5661421  7493371  5902999  3309238  3569481 5851976  5899325
           65536     512 1436723 3682626  5919015  6003692 5943716 3674160 5698273  7278679  5980572  3258090  3514936 5823338  5955177
           65536    1024 1434743 3742951  6068104  6127214 5954532 3778192 5857713  7241670  5880897  3045205  3187256 5857213  5979011
           65536    2048 1316384 3036459  5200032  5342434 5234094 2993732 5190115  4364956  5255107  2182058  2311436 5158267  5305723
           65536    4096 1246810 2636723  4359763  4422116 4408146 2714821 4367869  3054748  4376632  2099301  2217207 4346458  4394825
           65536    8192 1245319 2664170  4326074  4357759 4351068 2741163 4298271  3014811  4350517  2226853  2336983 4231702  4346183
           65536   16384 1270495 2704750  4310133  4390403 4365025 2649634 4337268  2987582  4352859  2512002  2609638 4305879  4392227
          131072      64 1247843 3116303  5952907  6184967 5184819 2239707 5137433  4748328  5055420  2272677  2703245 6235900  5791731
          131072     128 1294588 3006926  5912636  6056126 5682476 2970130 5673855  8313031  5830861  2746858  2900201 6171012  6207594
          131072     256 1324320 3130749  5636509  5942997 5801939 3127614 5774879  7547567  5832408  2859263  3009000 5825177  5903367
          131072     512 1312953 3038436  5858512  6018007 5899629 3004510 5855891  7417724  5809971  2767573  2760985 5855829  5881892
          131072    1024 1299103 2950349  5700566  5781498 5679013 3210425 5665027  6975640  5763194  2474418  2617463 5606160  5778642
          131072    2048 1147960 2581270  4972564  5137241 4990167 2429690 4930332  4037310  4949686  1832636  1940023 3688848  3700593
          131072    4096  615887 1891042  4238907  4191879 4254357 2250240 4195526  2830512  4202518  1763067  1883868 4333091  4389695
          131072    8192 1178247 2417148  4310599  4340001 4276298 2360127 4308032  3037311  4306345  1964242  1986328 4301392  4311005
          131072   16384 1167473 2316782  4323957  4082219 4205765 2463617 4321238  3055933  4345181  2102664  2183626 4187856  4308741
          262144      64  142581  164401  6067281  6295918 5888249  126810 5960258  8309124  6168374   165369   152307 4241389  5960129
          262144     128  136542  144890  5798750  5990230 5756370  131249 5826961  8294394  6082082   173680   163979 5880439  6062665
          262144     256  162015  171386  5575989  5773326 5658432  144221 5466214  7617996  5807479   172352   164153 5527189  5705737
          262144     512  164279  159205  5631451  5779061 5464638  158266 4966181  5248145  5463037   171035   135636 5591330  5768873
          262144    1024  162389  157945  5564729  5793770 5755466  162806 5720788  7177727  5823227   161271   164592 5590505  5845673
          262144    2048  165679  157616  4944718  5027883 5079330  177668 4971435  4090706  5081772   167148   161687 4812187  5102643
          262144    4096  167581  159627  3310647  3718878 3450532  172661 4075755  2906125  4205810   181928   174949 4015984  4236193
          262144    8192  170105  153094  4112586  4171266 4187262  180451 4030559  2868220  4179527   159356   142794 3933911  4015500
          262144   16384  132909  159569  4082929  4028462 4191892  180256 4096757  1552452  4126694   198219   193674 4048308  4147053
          524288      64   63515   89062  6200041  6353615 5918738   28405 5984407  7991078  6210705    91718    90259 5999330  6281455
          524288     128   90531   86501  5313976  4742761 4562281   47440 3326511  8535129  6031979    91278    87377 5822962  5914201
          524288     256   91393   86666  5783010  5924223 5718807   56708 4545466  5822577  4778067    88350    89099 5496365  5625944
          524288     512   91796   85170  5578236  5725224 5657221   70526 5612333  6986775  5651914    91686    90323 5630367  5700513
          524288    1024   86599   85606  4217925  5051082 5006862   63691 5578363  6762816  5743227    91253    90564 5568475  5773899
          524288    2048   90344   86527  4919242  5109019 5037209   87313 3692927  2791319  3759388    91612    80652 4732432  5111216
          524288    4096   90659   85334  4147294  4250857 4184464   93738 4074100  2854321  4192490    92280    80757 3290848  3702073
          524288    8192   90660   85892  4109357  2841222 4149650   91761 4040162  2819434  4182992    94819    93991 4029944  4217278
          524288   16384   91317   78878  3999759  3198691 3529206   91831 4074001  2783747  4085559    94856    94834 4116319  4243352

iozone test complete.
