	Iozone: Performance Test of File I/O
	        Version $Revision: 3.420 $
		Compiled for 64 bit mode.
		Build: linux-AMD64 

	Contributors:William Norcott, Don Capps, Isom Crawford, Kirby Collins
	             Al Slater, Scott Rhine, Mike Wisner, Ken Goss
	             Steve Landherr, Brad Smith, Mark Kelly, Dr. Alain CYR,
	             Randy Dunlap, Mark Montague, Dan Million, Gavin Brebner,
	             Jean-Marc Zucconi, Jeff Blomberg, Benny Halevy, Dave Boone,
	             Erik Habbinga, Kris Strecker, Walter Wong, Joshua Root,
	             Fabrice Bacchella, Zhenghua Xue, Qin Li, Darren Sawyer,
	             Vangel Bojaxhi, Ben England, Vikentsi Lapa.

	Run began: Sun Oct  6 17:31:03 2013

	Auto Mode
	Command line used: iozone -a
	Output is in Kbytes/sec
	Time Resolution = 0.000001 seconds.
	Processor cache size set to 1024 Kbytes.
	Processor cache line size set to 32 bytes.
	File stride size set to 17 * record size.
                                                            random  random    bkwd   record   stride                                   
              KB  reclen   write rewrite    read    reread    read   write    read  rewrite     read   fwrite frewrite   fread  freread
              64       4  560635 1304314  4897948 1597288512902017 4274062 3022727  4564786 10402178  3791156  2222043 2662899 12902017
              64       8  703068 1526887  4897948 1597288510821524 4897948 2772930   503814 12902017  3363612  1460430 5735102 12902017
              64      16  983980 3363612  6271021 2096219120962191 5389653 4988978  5735102 12902017  4564786  3541098 5389653 12902017
              64      32  780776 1599680  7940539 3048429715972885 5860307 3203069  4564786  4018152  3791156  5735102 5389653 12310336
              64      64  735831 2133730 15972885 3438968815972885 6421025 3541098  5860307  3588436  5389653  2801873 4274062 12902017
             128       4  814915 1827299  4267461 12542043 9977956 4557257 3053774  5325799  3468030  3468030  2326073 4934216 10567140
             128       8  914904 2098744  4135958 1588107814200794 5847904 3657016  6406138 14200794  4717434  2558895 3560017 14200794
             128      16  809997 2132084  3867787 1284205115881078 5847904 4012317  7176872  5122535  4557257  2035099 3759450 12842051
             128      32  498114 2066432  7582312 1863766415881078 6406138 3277486  7082197  4759253  4759253  2621367 3895854 14200794
             128      64 1093856 2660335  7582312 1801235915881078 6330599 3536566  6812590  4407601  3759450  4934216 4934216 11720614
             128     128 1206978 2558895 11720614 1801235914200794 6406138 3759450  6406138  4012317  6045455  3199360 4267461 14200794
             256       4  962301 2435861  5117791 13454450 9868433 4652146 3605511  5810112  4819184  4264168  3009318 4652146 11695808
             256       8 1089202 2911402  6595234 1495343513454450 5717301 4264168  7073132  5455847  4755158  3052087 6213578 14164395
             256      16 1112909 2613746  5810112 1516462414164395 5938650 4332998  7571923  6073004  5022044  3605511 5569035 14164395
             256      32 1219045 3511189  7120034 1516462414164395 6249745 4819184  7314033  5841722  5569035  3326279 4652146 14953435
             256      64  230624 3410808  6398720 1607260814953435 6719046 5242734  7735574  5687020  6073004  5242734 5569035 14953435
             256     128 1163562 3159869  7791708 1495343513454450 6891544 6107548  7314033  6107548  4404088  4907284 6249745 14164395
             256     256 1254656 3654598 12812277 1345445012228612 5687020 5540300  1506359  5971678  2413957  4734192 5347168 12812277
             512       4 1073309 3504346  6018636 1249949010284602 4411377 4871723  5384786  7647578  3556580  3580298 5127637 11620224
             512       8 1145443 3064306  4494470 1343809211138071 4195896 5624545  6736026  7211022  4827914  3822466 6319739 14240069
             512      16  935801 2860238  6104175  294254112797441 5624545 5951911  7647578  7115451  5331314  4305250 6228097 14240069
             512      32 1350783 2081286   773364  823403613872122 5278892 5760329  6909408  9859630  5127637  4650188 5509113 14628067
             512      64 1329871 3346002  6999490 15471149 2926501 5951911 5398323  8109658  8665997  5822804  3684733 6319739 14628067
             512     128 1047141 3742527  7115451 1343809211877300 6104175 6018636  7211022 11138071  4927617  4827914 6319739 14146265
             512     256 1001715 2285029  7871843  423729110911694 4340054 5760329  6104175  7758090  2638816  3556580 5822804 13190469
             512     512 1036527 3556580 11620224 1310994413109944 5624545 2189509  2486072  5624545  5278892  4784885 5951911 13190469
            1024       4  979958 2679655  3239514 12037272 4654248 3680961 5383475  5630486  7008693  4195100  3083680 5782087 11520658
            1024       8 1193442 3074849  6244448 1381881712639479 2011877 5690162  6692005  8061038  4470172  3937426 3618930 13305116
            1024      16 1314327 3483896  5885083 1423090213305116 3112733 5821271  7066349  6918376  4270175  3358576 3314514 13305116
            1024      32 1119120 3606774  2353657  6199382 5821271 2260740 6102490  7306780 11645609  3074849  4507705 6441107 14422045
            1024      64 1367037 3646583  6355328 1442204513643232 3271594 5821271  8326715 13264026  2837198  4470172 5690162 14668318
            1024     128 1454537 3643490  6163794  605944214044758 6393168 5950309  8000971 11773301  4249053  4211554 5251818 13305116
            1024     256 1296083 3532609  6702448 1207110312790037 5991815 5821271  6874084  9381637  5564829  3684119 5991815 12639479
            1024     512 1089317 2485792  3541348 1314226512944224 2968586 5690162  6364746  4232305  4433259  6479979 5917516 13305116
            1024    1024 1180972 2553783 12348754 1294422413305116 5417427 3684119  2306882  6059442  6172653  3335105 5925680 13102174
            2048       4 1130878 2335614  5789123 11564174 9752360 3304067 5444228  5832361  7503399  4138120  2245261 3878414  6563185
            2048       8 1178995 2967361  4983122 1220498012345306 4666399 4138120  6823876  8749118  4591569  3931669 6003564 11579763
            2048      16 1285570 4104506  4063729  664955611320334 3436240 4807425  7451329  8531869  5032754  3346546 5884299  9932791
            2048      32 1342008 3379461  6024617  278640113467949 5953632 6303124  7969835  8678404  5277002  4303993 3901313  8498106
            2048      64 1357275 4462754  6629029 1190061912654482 4213218 6303124  8325147  9228493  5389574  4414590 6378005 14017386
            2048     128 1367866 4310472  4772701  9752360 7065219 4154130 4079167  7761014 14840791  4923146  4154130 6041567 12274742
            2048     256 1265681 3080148  6149699  970827211900619 5277002 5689430  6851089 12033995  4686767  4031308 5800851 11917129
            2048     512 1213986 2998435  4730646  999055312033995 5785224 3598924  6690992 10192069  4923146  3650932 5816563 11129659
            2048    1024 1108263 2656292  5349298  993279110452512 5475461 5674397  2964289  8067138  3743207  3880166 3771144  9441504
            2048    2048 1206823 1877250  6807652  7419150 7213548 3117032 3999400  3922692  5319484  3807923  2817475 4697018  5197183
            4096       4 1173664 2531736  4882301  4846491 5101205 2391139 4708354  5587302  5355645  3324403  2614177 5461198  4990078
            4096       8 1181737 2876348  5490871  7572208 9000323 3427880 5402804  7639552  6826060  3856480  2600722 5238075  6189146
            4096      16 1303202 3042943  6140479  5139356 4853336 2464545 5026578  7351860  4703198  3506234  3723578 3935097  5238075
            4096      32 1322158 3792628  4019805  4990078 5257310 3274348 4540367  7486415  5292944  3129412  3284991 6272759  7906767
            4096      64 1313163 3197560  5769304  7447471 4900405 4051086 5843879  8514134  7185807  4201683  3086681 5910222  6793669
            4096     128 1275530 2983234  4676314  4713521 5036894 3058654 5953231  8480511  7532368  4395170  1306572 4617244  5810280
            4096     256 1270906 3110150  5218980  7024216 8276241 4348447 4990078  5038371  9801354  3061379  3059199 5657217  6953144
            4096     512 1086452 2878275  5910222  5133213 5969780 3441614 3813675  5786794  8752710  2715838  3456153 4773769  4361695
            4096    1024 1130268 2577699  5278308  5542240 6615769 4399673 5627567  5447345  8360824  2888438  2352824 4262142  5178081
            4096    2048 1073084 1909552  5244471  6207035 4789740 3650781 4192455  3727618  5936773  2886496  3070682 3879120  4824714
            4096    4096  971118  610518  3387995  4501111 4121052 2886496 3802702  2563086  2795836  2243152  2352502 3723578  3730046
            8192       4 1221601 2541625  4568624  5129999 4569232 2588342 5041185  5191229  4447398  2637415  2447483 5113204  5288712
            8192       8 1133692 2626327  5872650  4625826 4177066 2353438 4641448  7407022  4891201  3088847  3137644 6177802  5871647
            8192      16 1209858 3057785  5661696  5004472 5479317 2929017 4793620  7161552  4771651  2494571  2966955 6045199  6118398
            8192      32 1328333 2888633  4490996  6310553 6643663 3735239 5214074  7407022  6244039  3251975  3119413 6258825  6486879
            8192      64 1307209 3030813  5550123  5063472 5378957 3407417 5171695  8714540  6384425  3951754  3634103 4357162  5829805
            8192     128 1239716 2976723  4853203  4849778 5382328 3267437 4216019  8444674  6224809  3319202  3219976 5142283  5712526
            8192     256 1282998 3092461  5814021  5181834 6006101 3948121 1980638  6736139  4253071  2425198  3733615 4952536  5025700
            8192     512 1158539 3912159  4873164  5155399 3148282 3436384 5716328  6675934 12356037  3555507  2474985 4683839  4523514
            8192    1024 1124969 3569544  5139206  5897851 6168929 2830803 4347789  5343822  5928379  1940372  1661672 4919916  5149219
            8192    2048 1304231 2046951  5432536  4870401 4976927 3121964 5207752  3928710  3817406  2132184  2426568 3585187  3264953
            8192    4096 1163640 1960298  3990304  4481623 3491912 1958399 3808521  2747942  4347789  2425883  2745307 3688327  3835303
            8192    8192  999998 2312104  3594563  2989673 3644124 2557706 4397311  2897647  3671773  2563240  2698308 3330140  3776706
           16384       4 1153247 2405907  1661664  4801929 3699407 1109205 4807640  5622694  4359596  2388348  2782637 4102213  4198966
           16384       8 1155263 2675283  6163841  4491232 5266745 2675387 5194684  6913563  4740645  2309835  2697440 4471651  4447342
           16384      16 1234013 3366983  5354150  4713656 4729877 3106553 5872553  7491652  5843092  3375252  2907554 4608703  6355378
           16384      32 1259225 2944682  5724807  6470878 6318564 3285371 5091536  7019493  4653330  2775557  2957991 4867574  5293522
           16384      64 1305515 3678417  5801655  5712909 5855539 3298460 5988204  8599818  6514431  3777703  3661171 6260996  6047756
           16384     128 1287247 2994207  5925724  6282173 6217941 3757666 6152804  8600894  6239394  3345673  3120803 5382246  6023371
           16384     256  678002 3356622  4289925  5601154 5533055 2660678 5126480  6903839  5248243  2634463  3683346 5657411  4548607
           16384     512 1256738 1870793  5706741  5970515 5938526 3341605 4652070  5538853  4729877  2256441  2901293 4948544  3650668
           16384    1024 1149601 2885456  5305783  3581974 5505571 3061164 4137283  3603386  7717122  1710767  2514451 3936543  1315965
           16384    2048 1057909 2619001  2599386  4883486 4807640 2477555 3725479  2714810  3380898  1821454  1789811 5196256  5011701
           16384    4096 1200910 2583457  4478938  4296899 4458306 2728825 3485855  2465201  4280039  2477198  2395341 2694373  2990298
           16384    8192 1299491 1971818  4421020  4218298 4254600 2762058 4245663  3065807  3456400  2269856  3129614 3060618  2790660
           16384   16384 1078886 2075251  2800669  4440158 4446191 2357459 3644859  2704021  4081745  2371779  2191882 3841479  3506846
           32768      64 1398189 3490796  5876773  5585177 5825460 3192853 6239056  8190247  6396137  3368452  2956833 4610064  4808953
           32768     128 1359156 3412952  5331677  4462476 6139558 3196566 4525364  7564139  4644022  2687671  2861832 5277424  5474171
           32768     256 1348977 3787678  5587220  5221883 4923161 3189445 5850257  5947985  4897374  2906742  2781218 4417440  4961909
           32768     512 1439531 3198128  4753073  4752416 4979166 3291650 5570011  6070409  4250627  2136839  3346716 4402582  5469596
           32768    1024 1122309 3594227  5189742  5288594 5140055 3023373 5684038  6672180  5092065  2630470  1560603 3496746  3829363
           32768    2048 1151448 1773250  5143325  4851561 4228135 3065862 4621069  3985839  2967559  1521119  1745682 5006554  5002727
           32768    4096  870843 2003050  3488226  4321190 4238044 2131107 3894358  1396583  1825805  1105945  1858242 3160474  4220604
           32768    8192 1075171 2665363   637026  4216720 3965141 2571076 4363168  2244531  3619214  2040491   967860 2740950  3439860
           32768   16384 1205332 1761522  3775608  3205288 2922814  986662 3430501  2611180  3778618  1506563  2922069 3862293  3612365
           65536      64 1164195 2585047  5064278  4151493 5491538 3401667 6018546  8052952  5773071  2944506  3380956 6256352  5205744
           65536     128 1143633 2976486  5636578  5170881 4868214 3286016 4570724  8145301  5981223  3361318  3396371 5977321  6129947
           65536     256 1114220 2445102  5521543  4541949 5430136 3729342 4421547  6324003  5207026  2623636  2813178 5806363  5822351
           65536     512 1094164 2897269  4312161  4685168 4956165 3213638 5629766  5585155  5382395  2301836  3438948 4503551  5677558
           65536    1024 1261134 3643140  3784695  3722372 3795198 2346179 5323809  1532251  4331527  1288789  3004038 3683860  3700922
           65536    2048 1115830 2437643  2751976  2709790 2718097 2002989 2362675  1577049  2599618  1420375  1842755 2759408  2759518
           65536    4096 1035158 2387381  2689876  2712705 2730110 2003909 2965407  2308563  2801166  1814198  2019100 2683154  2706881
           65536    8192  920420 1957111  3864128  2713374 3977695 1850620 4042690  2130757  4139989  2159550  1754784 4038710  4034442
           65536   16384 1150016 2521889  4286474  3995620 4312161 2382085 2812228  1521092  4142859  2017855  2439265 4315275  4167670
          131072      64 1109387 1242529  6011360  5976853 5355800 2988699 3366955  8008818  5552034  2698058  2879059 5242669  5891410
          131072     128 1293464 1642936  5623018  5930815 5418672 3011489 5498448  7824724  5513945  2835140    32389 5571841  5932735
          131072     256 1303122 3058433  5253390  5560963 5600905 3016959 5472940  7521133  5405247  2877733  2910257 5302080  5644321
          131072     512 1182182  640945  5506765  5056397 4579435 2282169 5664268  7042300  5697553  2875580  3017870 1683992  5743686
          131072    1024 1307582  454460  5498173  5561413 5683945 2959466 4522215  6827669  5492680  2557945  2333817 5242869  5370502
          131072    2048 1185130 2447560  4704163  4857023 4746729 2491384 3279015  3682621  4950400  1897340  1896927 3788419  3283774
          131072    4096 1041139 1966568  3963838  3961552 4129161 2279755  323175  2771256  4106246  1761034  1770904 2592346  3038503
          131072    8192 1088393 2230103  3371870  4070823 4067932 2194372 3981521  2794840  3855965  1837107  1785676 2858892  2653494
          131072   16384 1138647 2257169  3458740  3182750 3514550 2140370 3561268  2672755  4078040  2040502  1318815 2591491  2930158
          262144      64  115824  119168  4347909  5437210 5823998   89857 5139374  7875773  5262135    92855   104911 5112823  4595644
          262144     128  117398  103817  5604611  5696307 5395798   70324 4933558  7809097  5451552   118396    89338 4382064  4452999
          262144     256   97862  118067  5046274  5490508 5320239   93214 4956398  7031572  5319030   110455   111994 5079424  5593491
          262144     512  115363  110818  4690693  5509546 5589567  104091 4364045  5893930  4947900   117307    99874 5115606  5800555
          262144    1024  111450  104220  3683248  4792742 4247928   85042 4879912  6627484  5362037   118115    84048 4129158  4864604
          262144    2048   95079  106969  4432302  4773018 4913012  103619 4299774  3612550  4770678   120470   118016 4405927  4878548
          262144    4096  104288   95118  3768705  4078022 4005247  120028 3765685  2662953  3847246   125407    98177 3753229  3555358
          262144    8192  112697  108308  3774618  4010213 3318691  124675 3776640  2784294  4018832   128079   109906 3110465  3998226
          262144   16384   85625  116959  3985531  4091650 3868934   90201 2698984  2674554  2950245   103118   117577 2419796  3389455
          524288      64   29175   45587  5831702  5674784 5637700   21825 5485273  6990039  5831053    81579    81523 5410612  5939793
          524288     128   48045   61891  5449631  6033998 5759835   20764 3968003  8156438  5619432    76248    41265 1144276  5509364
          524288     256   47085   39176  5168957  5449131 5091418   46148 2643324  7046303  5252705    70087    76942 5465940  5511974
          524288     512   42912   58184  5128261  5497285 5646907   53274 5294082  7008351  5535186    75491    64120 4895401  5459738
          524288    1024   52633   41385  5011255  5569645 5510524   33940 5229907  6722152  5535492    77475    39859 5323366  5217882
          524288    2048   79290   37876  4299444  4678794 4561448   44541 4361403  3434418  4650830    47675    79216 4589436  4907780
          524288    4096   76800   42880  3914553  3933853 3885228   43284 3041219  2737552  3429025    38897    67865 3160302  4011324
          524288    8192   44002   46111  3317058  3616530 4008933   39483 3725145  2255992  3482736    57295    75569 3950361  3911775
          524288   16384   78237   38962  3824096  4198028 4073752   46063 2643222  2705874  4011939    50939    47619 1407718  4049432

iozone test complete.
