	Iozone: Performance Test of File I/O
	        Version $Revision: 3.420 $
		Compiled for 64 bit mode.
		Build: linux-AMD64 

	Contributors:William Norcott, Don Capps, Isom Crawford, Kirby Collins
	             Al Slater, Scott Rhine, Mike Wisner, Ken Goss
	             Steve Landherr, Brad Smith, Mark Kelly, Dr. Alain CYR,
	             Randy Dunlap, Mark Montague, Dan Million, Gavin Brebner,
	             Jean-Marc Zucconi, Jeff Blomberg, Benny Halevy, Dave Boone,
	             Erik Habbinga, Kris Strecker, Walter Wong, Joshua Root,
	             Fabrice Bacchella, Zhenghua Xue, Qin Li, Darren Sawyer,
	             Vangel Bojaxhi, Ben England, Vikentsi Lapa.

	Run began: Sun Oct  6 17:31:02 2013

	Auto Mode
	Command line used: iozone -a
	Output is in Kbytes/sec
	Time Resolution = 0.000001 seconds.
	Processor cache size set to 1024 Kbytes.
	Processor cache line size set to 32 bytes.
	File stride size set to 17 * record size.
                                                            random  random    bkwd   record   stride                                   
              KB  reclen   write rewrite    read    reread    read   write    read  rewrite     read   fwrite frewrite   fread  freread
              64       4  537079 1363961  3165299 1290201710821524 4274062 2467108  4897948 10821524  3588436  2662899 2662899 12902017
              64       8  688639 1392258  3958892 1290201712902017 4897948 3057153  4274062  5389653  3541098  3791156 3363612 10402178
              64      16  769584 1452528  3791156 1290201710402178 5389653 3057153  5860307  4564786  3541098  1768283 4897948 12902017
              64      32  743988 1599680  6421025 1290201712902017 5735102 3057153  4274062  3958892  4018152  2067979 6421025 15972885
              64      64  763021 1599680 15972885 3048429715972885 5283570 3057153  4897948  3541098  4274062  1947927 5389653 15972885
             128       4  744820 1939522  4135958 1284205110779307 4557257 3657016  5325799  3124872  3982553  2673584 5325799 11720614
             128       8  847059 1911894  4934216 1588107812842051 5325799 3380677  6406138  6045455  3895854  2238774 3759450 11720614
             128      16  901083 2027414  4104338 1077930712842051 5847904 4889281  6727225  4717434  4759253  2248149 5325799 16365173
             128      32  901083 1487977  5784891 1588107815881078 6114306 3359523  6727225  4267461  5122535  2367096 4407601 12842051
             128      64  902598 2499332  6727225 1588107814200794 6406138 4934216  6727225  4557257  4135958  3468030 4407601 14200794
             128     128 1185654 2558895 10779307 1636517314200794 6114306 5325799  2409592  4012317  6045455  3657016 4267461 14200794
             256       4  970126 2330140  5455847 12812277 9778562 4652146 4819184  5455847  4496299  4197489  1985448 5687020 11569783
             256       8 1044693 2726577  6249745 1416439512812277 5569035 5971678  7314033  4929815  4929815  3770085 5717301 14164395
             256      16 1122215 2692393  5687020 1345445012812277 5971678 5687020  7120034  5455847  5242734  3368013 4652146 13454450
             256      32 1137672 2849590  5687020 12812277 5117791 5540300 3285566  7120034  5717301  5569035  4572895 6554972 15164624
             256      64  924200 2911402  6554972 1583556914164395 6554972 4553502  7518900  6398720  5687020  3326279 4652146 13454450
             256     128 1098113 4197489  7965107 1516462413454450 6554972 4840911  7314033  6398720  4572895  7120034 6249745 14353744
             256     256 1376935 3705040 13454450 1345445012812277 6213578 5347168  6398720  5320671  6249745  4840911 5687020 13454450
             512       4 1089094 2638816  5951911 12215097 9681823 4532414 4610256  5684095  5624545  4262523  3684733 5177083 11620224
             512       8 1276891 3239989  6472112 1414626512499490 5566231 5886650  7211022  7435738  5177083  4000485 5699180 14146265
             512      16 1190529 3145087  6319739 1043451912797441 5822804 5822804  6909408  6571132  5019764  4485083 5624545 12499490
             512      32 1320061 3464769  6843354 1514384612499490 6156675 4827914  7871843 10434519  5551840  3736016 6736026 14240069
             512      64 1286838 3963567  6491676 1514384614240069 6821616 4973263  8234036  8665997  5822804  4973263 5684095 14628067
             512     128 1286838 4411377  6821616 1462806713438092 6736026 6246213  7758090  9145790  5624545  5453155 6472112 14240069
             512     256 1227269 4030519  8140399 1310994412797441 6246213 6104175  6736026  7647578  4784885  5886650 6018636 12797441
             512     512 1402845 4532414 13109944 1352271112797441 6174377 5822804  6246213  5951911  6246213  5067142 6174377 13438092
            1024       4 1107005 3066069  5303701 11903823 9569770 4374559 5363307  5789881  6776473  4300102  3722435 5507740 11645609
            1024       8 1317957 3198502  6529233 1404475812348754 5356618 6093831  7356843  9765601  5151040  4249053 6364746 13818817
            1024      16 1452570 3894582  6519323 1404475812944224 4995276 6244448  8000971  7699755  5507740  4634161 6559147 14044758
            1024      32 1418039 4142499  6776473 1442204513818817 6402699 6479979  8262639 12037272  5417427  4700088 3923040 14422045
            1024      64 1408737 4410497  6830356 1161411814230902 6599461 5564829  8000971 10039528  4570058  4304412 6280976  7755368
            1024     128 1317957 4162573  6819511 1423090213686709 6599461 6244448  7883484  9946527  5623115  4741598 5472650 13305116
            1024     256 1432225 4321737  6692005 1279003712208350 5821271 5623115  7160597 10354166  5630486  4488860 5690162  5782087
            1024     512  327066 3251778  8262639 1203727212790037 5593820 4029784  6059442  8137402  4232305  5390231 5593820 11249091
            1024    1024 1309518 3314514 11249091 10158253 9743447 2993413 5536137  2540189  5500686  5983467  4972145 5623115 12790037
            2048       4 1210394 3165272  4948672 10834854 9441504 3736694 5044577  4023754  4633675  2917969  2296279 5420181  6459541
            2048       8 1075650 2938934  5970183  9796850 5640860 3224685 3650932  6243566  8464610  4656281  3690142 6041567 13748169
            2048      16 1426234 4170264  6340344 1372620012979541 5092426 6280083  7789164  8565901  5056455  2786401 5953632  9990553
            2048      32 1522550 3871422  6171791 1066005612327589 4170264 6097316  6629029  3586902  4257067  3246623 4543002 13574363
            2048      64 1050139 3946119  4367454  806713814321195 5719737 4490751  6629029  5403134  3517861  3538147 5689430 11001372
            2048     128 1037456 2649737  5920802 1076695013639023 3977179 6058611  8059569 10620516  5144271  3899542 6007763 12561952
            2048     256 1349174 3140967  5868220  891251611015480 3828288 5290001  4581773  8325147  3470953  3130664 5704543  9024882
            2048     512 1187963 4172290  6189580 1170600612488897 5789123 5461535  6280083  9708272  3319389  3519302 5389574  6359119
            2048    1024 1316907 3425279  6738230  5626082 5447681 4521480 4412322  4221501  7059413  2723672  3592903 5184636  9752360
            2048    2048  978039 3592903  3465352  5119743 5107566 3122697 3298992  3189957  4038890  2550602  3402216 2582813  4472047
            4096       4 1214399 2894277  4628439  5468151 4623457 2639075 3343163  3586757  4858827  2626969  3082251 5013377  4633432
            4096       8 1213627 2351536  6169144  6420447 5278308 2694540 4664886  4729091  5431844  2994153  2854365 4592558  6565206
            4096      16 1204353 3817065  3700320  4917236 5490871 2822940 4713521  5063617  6451792  3923414  3462422 5416431  7111444
            4096      32 1489523 3445064  5389246  5362331 5558378 3693161 5944991  6500617  5841891  3996428  3075079 4389555  5119446
            4096      64 1293391 3734100  5190597  6075335 6850558 3351642 5944991  7197849  6978564  4571782  3354260 5784846  5936773
            4096     128 1366756 3961410  4982841  6618318 5211065 3954116 5482110  6149271  5389246  3410865  3326978 5362331  5556581
            4096     256 1421726 3029528  5068098  5198450 6953144 3354915 4214051  7274040 13086376  3413576  2741407 5026578  5512011
            4096     512 1515941 4027344  5672159  6782940 8430572 4686519 5657217  7050159  6989921  3093350  3351642 4104315  4288742
            4096    1024 1503207 3740604  6532752  5426697 5558378 3396704 5587302  6615769 10184853  4003879  3416292 4965558  5007531
            4096    2048 1131460 1997936  4055868  4964124 5190597 2944377 3686820  4227532  4432592  2998857  3919833 4132949  3564431
            4096    4096 1126193 2632605  3133979  4153935 3754501 2352824 3227596  2675239  3740604  2133401  2710696 3346419  3949571
            8192       4 1032139 2880400  4970447  4973325 4188268 2552766 4643957  5231540  3353214  1923104  3027341 4271046  4787608
            8192       8 1301366 2840632  4796296  5088216 4727012 2963884 4905166  6686327  4738094  2712581  2831736 6136976  6018726
            8192      16 1398226 3509746  5333039  5406890 5313247 2760970 4838850  6585093  4295608  3071452  2905979 4578974  5654243
            8192      32 1401305 3248286  4576535  6118398 6042010 3804725 4665396  7128863  4304757  3422010  3720275 4961834  5505657
            8192      64 1281993 3720275  4992112  4793620 5268439 3259688 5244315  7620585  5278151  2954201  3065970 6229323  6049456
            8192     128 1205232 3195123  1925691  2710013 2565536 3735645 5997714  8605412  5846669  3744193  3195123 4699856  5224380
            8192     256 1232600 3423373  4732221  5645881 6091282 4293461 5732541  7025373  6085887  3699844  3022813 4435342  5082195
            8192     512 1337693 3121964  4796296  6040947 5688881 3804725 5123115  6753351 10612044  2918320  3611945 4934754  5050818
            8192    1024 1202574 2575343  4493932  5653313 4334626 3251975 5315713  6936028  7413415  2312727  2281855 4246763  4694719
            8192    2048 1380973 3185053  4318282  4404639 4364357 3035364 3645670  2506033  4279557  2265456  2848403 3923327  5044145
            8192    4096 1001834 2282007  3623372  3605502 3862465 2421438 4371019  2848403  4298295  2368362  3149725 3803462  3824204
            8192    8192 1110499 2384138  3181514  3464100 3422010 2350700 3634487  1919773  3804725  2076016  2555994 3479888  3884297
           16384       4 1009114 1797677  5389422  4791883 3939477 2195103 4323120  5000032  4283240  2391423  2227260 4927255  3827998
           16384       8  877555 2874954  5685024  5820327 4910005 2295944 2887032  6974609  5249445  2864886  2959010 5209649  4870334
           16384      16 1300844 3121937  5814418  5756940 5332959 2533455 5300463  6198870  3554736  1919173  2996949 5708638  5258282
           16384      32 1349907 3598480  4906849  4821808 5290669 3066491 5837136  8236974  6203907  3175164  2936126 5204520  5801655
           16384      64 1395920 3576381  5257880  5121513 5962227 3672716 5258282  8055449  4529718  3072661  3411275 6389653  6320888
           16384     128 1495566 2909031  4732809  4978660 5088143 3233430 6099827  8507196  4764309  3058983  3496319 5630064  5696807
           16384     256 1276891 2982253  5801655  4924783 4835719 3901898 5356236  6966125  5326345  3287257  3556392 4924430  4829942
           16384     512 1285706 3367643  5258282  5559915 5278477 2768066 5678917  5373828  4662486  2855838  2974121 4675810  4585331
           16384    1024 1241122 3225235  4943916  4485076 3854191 2773652 4466710  6023371  7610294  2258294  2073122 5899778  5929815
           16384    2048 1370475 2232108  3184434  3121937 4156301 2787830 3652220  3004024  6858364  2388016  1935225 4283507  4188218
           16384    4096 1090667 2761947  4460622  4337856 4446191 2895181 4046414  3014037  3198217  2131642  1922072 3323344  4449934
           16384    8192 1151450 2237049  4424435  4430425 3928217 2602733 3348444  2431961  3764665  2320286  3340306 2707643  3355311
           16384   16384 1167352 2542923  3819062  4445041 4240161 2810749 4266751  2752213  4431854  2819051  2416143 3120236  3353182
           32768      64 1349136 3089918  6504198  6061306 5716902 3562181 5589947  8062919  6248700  3435904  3253392 4733266  4712170
           32768     128 1328364 2944354  4620292  5036643 6130794 3233492 5055169  7222299  6131888  3101003  3104154 5923376  5334160
           32768     256 1294825 2746921  5686861  5269735 5307382 3276115 4236868  6105465  5650620  2698542  2752698 5904291  5504426
           32768     512 1313234 3157207  4531033  5481375 5804792 3855034 5056098  6687113  5862984  3247550  3261112 5131994  4414885
           32768    1024 1271902 3687972  4477742  4985849 4843014 3795732 4787845  3099464  5149878  2840011  2083424 3999992  5299606
           32768    2048 1325290 2916055  3160474  2894194 3350142 2350315 3086102  2608107  6726057  2047605  2159332 3351531  4717507
           32768    4096 1185484 2249748  4284416  3470434 3546371 2201143 2797807  3013430  4271632  1796780  1660737 2958488  3895904
           32768    8192 1294154 2345782  2751982  4400749 3494879 1541732 2897733  2271763  2842948  2093548  1931494 3965141  4400185
           32768   16384 1205860 2677096  4194072  4410776 3642426 2642965 3934267  2764047  4003837  2123665  3225826 3795732  4049372
           65536      64 1242342 3484327  5834338  4851973 5353776 2977550 4439184  7585181  5916976  3245165  3441100 4719922  5019610
           65536     128 1385977 3431735  5040135  5807835 4598404 2657036 4484229  6599265  3693165  2548450  2341063 5410364  3120924
           65536     256 1280647 2702623  5818161  4460362 4514127 3592386 4765583  6291291  5630804  3259364  3521195 4548638  5471425
           65536     512 1230562 2935293  4538200  4031484 4458843 3578263 5174580  6572597  5790950  2846652  2065232 5795589  5758317
           65536    1024 1156388 2932913  5249187  4552103 5008178 3538055 5663404  2132277  4385430  2146598  2901337 4209152  4943864
           65536    2048 1125138 2802965  4593179  4463404 5023096 2749114 4571104  3917492  4347902  2068480  2171423 4520958  4758982
           65536    4096 1182983 2514530  3779491  3087239 3127315 2309552 2892391  2251403  3903750  1671327  1900312 3467711  3703415
           65536    8192 1229269 2078192  3106884  3094224 3395281 2587383 4145483  2495174  3254040  2033950  1839967 4294644  3560004
           65536   16384 1245409 2297718  3275327  3717087 3376928 1806496 4188117  2583710  3997305  2469418  1906771 3373985  3232990
          131072      64 1232181 1431403  4852179  3786358 3780240 2458670 4999106  8254863  5502135  2657959  2576757 6056393  6091220
          131072     128 1265174 2998872  5831170  5866577 5639226 3010301 2307408  5829006  5648438  2758533  2852306 5867140  5684944
          131072     256 1338371 3069807  5443838  5523030 5433722 3115490 5282212  7204544  5467497  2682549  2778947 5441574  5390565
          131072     512 1287304 2938176  3504691  4307762 4419301 2333648  691972  6664207  5338585  2551866  2754718 5532089  5404768
          131072    1024 1271603 2028912  5395433  4589183 4039565 2663961 3539896  7061658  5915626  2369822  2565406 1854183  5293045
          131072    2048  909786 1755371  4551757  4742307 4716512 1600822 3556706  3056579  3639662  1537035  1154983 4504024  4301392
          131072    4096  888822 1479401  3883394  4082340 3970336 2296967 4035088  2855728  4153118  1472570  1529909 3755757  4028376
          131072    8192  873603 2184606  3971024  3989177 3974785 2205447 3989785  2810055  4023188  1897942  1951434 3455175  4015430
          131072   16384  977938 2337518  4058472  4159308 4326101 2392522 4096638  2955472  4143508  2094141  1834073 2190115  4041703
          262144      64  113283  113390  5592866  5842288 5214716   75724 4206277  6788835  5602327    96585   132101 5461219  5934618
          262144     128  113053   95323  5452255  5800555 5521610   58340 5170381  7727432  5694567   117653   114888 5317229  5678421
          262144     256   92844  122127  5074993  5405135 5377089   87252 3643520  6500800  5140984    79623    97657 4835360  5477106
          262144     512  119762   79773  4949192  5486918 5521831  115924 5038897  6961542  5144905   115379    85823 4228682  4665970
          262144    1024   76051  103831  4104082  3460600 4285428   88943 3868131  6485653  5082477    93158    98098 1828965  5456097
          262144    2048  109259  104588  4085978  4781466 4568472   93310 2642181  3349608  3628190    93893   102705 4382937  5172838
          262144    4096  115671  103386  3351027  3444317 3477356  128140 3660977  2688490  4057645   104169    91672 3765350  2839913
          262144    8192   83749  120681  3640034  4055071 4001398   83518 2896364  2228150  3186308    77143    99410 1475130  2855697
          262144   16384   78010  115979  3763030  3040585 3314709  123623 2383993  2574909  3796711    89139    97302 2519187  3903686
          524288      64   22653   83724  5988710  6150945 5707896   15819 5473531  8367292  5768886    58432    74807 4636806  6010743
          524288     128   84507   78563  5749398  5813864 5562671   15659 4773938  8187658  5533041    41568    76973 2474037  5567403
          524288     256   74231   51170  4667721  5080807 4882413   31980 4961193  7254466  5353485    82729    80623 5111561  5552839
          524288     512   40631   65996  4542987  5584185 5176111   49600 4151036  6207689  4922248    66071    75013 1671651  5373736
          524288    1024   74773   24676  5188972  5559549 5466524   27157 5286764  4906488  5567939    75466    73644 1833425  5449523
          524288    2048   62667   63870  4423029  3386588 4653389   38579 4355995  3511852  4698849    36802    50466 4712625  4871434
          524288    4096   76017   61540  3777509  2682973 2922535   37988 3850782  2717447  3967280    65723    44136 3811450  3875608
          524288    8192   76559   71413  4046556  4191587 3813803   37275 3916777  2821576  4171011    79306    64961 2964255  3801534
          524288   16384   39680   70993  3909271  4147059 3885894   69838 2583998  2849033  4127963    82248    40644 2018363  3704249

iozone test complete.
