	Iozone: Performance Test of File I/O
	        Version $Revision: 3.420 $
		Compiled for 64 bit mode.
		Build: linux-AMD64 

	Contributors:William Norcott, Don Capps, Isom Crawford, Kirby Collins
	             Al Slater, Scott Rhine, Mike Wisner, Ken Goss
	             Steve Landherr, Brad Smith, Mark Kelly, Dr. Alain CYR,
	             Randy Dunlap, Mark Montague, Dan Million, Gavin Brebner,
	             Jean-Marc Zucconi, Jeff Blomberg, Benny Halevy, Dave Boone,
	             Erik Habbinga, Kris Strecker, Walter Wong, Joshua Root,
	             Fabrice Bacchella, Zhenghua Xue, Qin Li, Darren Sawyer,
	             Vangel Bojaxhi, Ben England, Vikentsi Lapa.

	Run began: Sun Oct  6 04:22:31 2013

	Auto Mode
	Command line used: iozone -a
	Output is in Kbytes/sec
	Time Resolution = 0.000001 seconds.
	Processor cache size set to 1024 Kbytes.
	Processor cache line size set to 32 bytes.
	File stride size set to 17 * record size.
                                                            random  random    bkwd   record   stride                                   
              KB  reclen   write rewrite    read    reread    read   write    read  rewrite     read   fwrite frewrite   fread  freread
              64       4  727850 2203800  5283570 1597288510821524 4274062 2772930  4897948  4274062  3541098  1879725 4564786 10821524
              64       8  789967 1363961  6421025 1597288512310336 4988978 3057153  4564786  5283570  2772930  1933893 3791156  5860307
              64      16  695778 1421755  4564786 1290201710402178 3791156 4897948  4564786  4274062  3363612  2892445 3791156 10402178
              64      32  763021 1562436  7100397 1290201712902017 5735102 2772930  5389653  4274062  4018152  5860307 5389653 20962191
              64      64  771797 1780008 12902017 2096219115972885 5860307 2923952  4988978  4018152  4564786  3541098 5283570 15972885
             128       4  800337 1684006  4557257 1284205110779307 4407601 5122535  5325799  3380677  3560017  3124872 4267461  1229084
             128       8  877518 2027414  6114306 1420079412842051 5325799 3657016  6727225  6406138  3657016  2211113 3759450 14200794
             128      16  992724 3895854  6812590 1801235915881078 5603747 3053774  6330599  8036304  3560017  3867787 6114306 16365173
             128      32  889145 2248149  4557257 1172061414200794 6406138 5122535  6727225  4557257  5379161  4135958 3759450 10567140
             128      64  656477 4135958  6114306  106775014200794 6045455 3560017  6727225  5603747  4012317  5847904 4012317 14200794
             128     128 1306873 2727923 15881078 1801235915881078 6045455 4135958  6406138  5545860  6114306  2784517 5545860 15881078
             256       4  937106 2872459  5687020 1209091110245071 4572895 5022044  5428265  8888172  3879045  3043436 5117791 12228612
             256       8 1306564 2463808  6398720 1516462412812277 5347168 5810112  7314033  8815202  4840911  3557725 5938650 14953435
             256      16 1173737 2812272  6554972 1607260814353744 2607399 5117791  6936061  7314033  4929815  3275543 5347168 14164395
             256      32 1142514 3123106  6213578 1607260814164395 6398720 4840911  7120034  9868433  4929815  3557725 1306564 14164395
             256      64 1184092 2812272  5117791 1583556914353744 4929815 5569035  6761355  6073004  5687020  4572895 5569035 10651598
             256     128 1058076 3421677  8815202 1495343514164395 6554972 5687020  7120034  5569035  4572895  6398720 5455847 12090911
             256     256 1035624 1422540 12812277 1416439512812277 6073004 5455847  5938650  5687020  5971678  4264168 6249745 14164395
             512       4  992456 2906696  5968453 1187730010044089 4447925 5566231  5886650  6821616  3533174  3196584 4061007 11138071
             512       8 1082507 2722449  6491676 1462806713109944 5566231 5951911  7410080  6736026  4882800  4305250 5822804 14146265
             512      16 1402845 3239989  6571132 1462806713438092 5164632 6035551  7513788  5439343  5067142  4305250 5398323 13783088
             512      32 1336492 3604335  6156675 1503780114146265 6491676 6472112  7758090  7513788  5495016  3934520 6018636 14628067
             512      64 1340664 3409755  6491676 1547114914628067 6821616 6571132  8140399  8265729  4204110  4091959 5951911 14628067
             512     128 1286067 3768799  7410080 1462806713522711 3104171 5115422  3304808  8018812  6035551  5177083 4620174 13190469
             512     256  854615 3941742  7988981 1214600912797441 5566231 5968453  6821616  6086873  3459188  5760329 2655129 12146009
             512     512 1442420 4494470 12797441 1352271113109944 2405320 5278892  5509113  6174377  6246213  4650188 5566231 11877300
            1024       4 1091532 2216407  5417427  9765601 7319232 3506651 3261656  5564829  6172653  3425544  2467229 5144870 10878686
            1024       8 1351126 3324778  2958362 1136819010230845 4162573 5751117  7020149  8750850  3955557  3970183 2600164 12037272
            1024      16 1190795 3804877  2942149  536330712492426 3671521 3821805  7113161  6402699  4396951  2573677 5885083 11368190
            1024      32 1462960 3751699  6317933 1442204513818817 6025439 5144870  8000971  9220512  4694950  4211554 5845038 12944224
            1024      64 1279861 2968586  3390391 1404475813264026 6280976 6244448  7883484 10039528  4249053  3941039 5383475  6519323
            1024     128 1486247 3908759  6128613 1347205313643232 6290174 5303701  7420395 12790037  4044965  4474829 3591693 13686709
            1024     256 1419915 4114719  6569179 1279003712828238 6128613 5356618  6355328  2985091  4550690  4594502 5593820 12790037
            1024     512 1343938 3379719  8000971 13142265 5593820 5885083 5958564  6609617  8183918  4898425  5277632 5720477 11773301
            1024    1024 1338494 3808251 13305116 1330511613102174 5630486 5120336  5363307  5417427  5363307  4282950 5417427 12492426
            2048       4 1260296 3357009  4531020  9841749 5884299 3395491 4785996  5517666  5029807  2516234  2485653 5578583  9610516
            2048       8 1221930 2609490  5689430 1288221512416686 4274012 6132138  7477273  8903279  4785996  3245396 4432815  6303124
            2048      16 1223322 3185225  4511980  6420913 7761014 3715681 5674397  4385291  5785224  4096676  3038742 3500658 11642543
            2048      32 1301149 3618634  3209024  502098710351742 4267642 6298503  7817519  9990553  4968710  4441984 6062888 10339282
            2048      64 1345582 3282603  3931669  534596913038646 4730646 6284678  8261095  9567698  5280246  3047366 6359119 12327589
            2048     128 1212615 3340040  5884299 1248889713836752 6167360 4794010  8325147 14944066  2723672  3887189 5578583 12187663
            2048     256 1195569 3901313  6243566 1211888412786337 5937172 3953383  7019034 12345306  4796687  4144109 5517666  6097316
            2048     512 1330781 3683812  6670210 1205087812561952 5578583 5765808  5430461 10192069  4853603  4550221 5403134  6523312
            2048    1024 1194073 3751381  4061807  6608629 4751580 2575842 5564129  5640860  8128206  4038890  5020987 5674397  9525260
            2048    2048 1065113 2144371  5319484  7761014 7529708 4276140 3757946  2375662  5119743  4154130  3324528 4521480  5059433
            4096       4 1088794 2452583  5165626  6330545 7158858 2934319 4192455  5689064  5828019  3548968  2336505 4230655  6041154
            4096       8 1220524 2669834  6169144  6682678 8642630 3680502 4922872  5347310  6114255  4016047  3072878 3740604  6311938
            4096      16 1317898 3031667  5657217  7096756 8770583 4019805 5851841  6883496  6281934  4059701  3785942 5081590  6213770
            4096      32 1333757 3155856  5461198  4367238 5402804 2684016 5230102  7612471  5988509  4437172  3427880 4546375  7237268
            4096      64  946402 3047802  5504946  7555557 9476950 4437172 5877869  6782940  6964419  4157956  3608605 4560858  7197849
            4096     128 1302807 3084464  5920406  5587302 8292220 3627654 4964124  7185807  4562069  3110150  3303309 5490871  5447345
            4096     256 1300736 3061379  5711761  6522830 7877762 3660115 5375755  7061751 12967840  3817065  3321831 4557229  5171846
            4096     512 1171583 2721431  5988509  4858827 7756829 3343814 4422323  6178018 10112910  3242827  2905044 4958393  4906002
            4096    1024 1126267 2212815  5171846  5996870 6847827 4428023 5512011  5051705  4887857  2393804  2813233 5527974  2917377
            4096    2048 1248736 2071909  5184332  6140479 4807163 3540193 4928521  4214051  3810292  1934058  3859945 5093643  4969868
            4096    4096 1253748 2384170  4535572  4659824 4266376 2523925 4214051  2854365  4128976  2534724  2719708 4521249  3498380
            8192       4 1172975 2320693  4998648  5312425 4233681 2635797 4196965  5442863  3749096  2331243  2336474 4884942  4371576
            8192       8 1208794 3234221  5591672  5814021 5309142 2571296 4675554  7565215  5732541  3171529  2777036 5954062  5139206
            8192      16 1299300 2866463  5553712  3515851 5531360 2935022 3810210  3825908  3123099  1364195  3030813 2513733  3114889
            8192      32 1303193 2900827  5974769  5821902 6553692 3710232 5016162  8167655  6470997  3339851  3188600 4943985  5637544
            8192      64 1363979 2894717  6330318  6321001 5919188 3864202 4827293  7055669  4949683  3079711  3756063 5326425  5490700
            8192     128 1434955 3020687  4316113  4743981 4604748 3384927 4211884  5204597  4543853  3181514  3171529 5526912  5165475
            8192     256 1322606 3043160  5876668  5992483 6122759 4304757 4730266  7326473  6054786  2852423  3210048 4652131  4847041
            8192     512 1324901 2833604  5924291  5961293 5839713 3715045 5354648  7173514 12373836  3889573  2104756 4925558  5756551
            8192    1024 1204176 3637950  4009863  4471708 4392252 2984480 5776876  7002465 11457807  3517291  2199754 4213951  4773640
            8192    2048 1054730 1810331  5524246  5468852 5301769 3443271 3988451  3481298  4220161  2892768  2890577 4643957  5198297
            8192    4096 1106137 1922136  3627963  3711835 3871604 2748162 3641034  2175244  4053382  2453424  3038585 3443271  3506880
            8192    8192 1000027 2066153  3678455  2690280 3484475 2637618 3558453  2880642  3737270  2504389  2412935 3566579  3469697
           16384       4 1110029 2376865  5139516  4524648 4567654 2461492 4667870  5557667  4465259  2393922  1634123 4099032  4459464
           16384       8 1229289 3225235  5126480  4920199 4590538 2837560 5280100  4993492  4296899  2573685  2431531 5269977  4491232
           16384      16 1355499 2898356  5441486  5396617 5316044 2984325 2594381  5983512  4739337  2986530  3187536 4552524  5290262
           16384      32 1383554 3395766  5786997  6084166 5891180 2851808 5200975  7420464  5072369  3642541  3059528 5467027  4726949
           16384      64 1360571 3012848  5331717  6143453 6350680 3711796 5342079  7667183  5161907  2873992  3130898 6380161  6357730
           16384     128 1460227 3018406  5402132  4554938 4519886 3260431 4733787  7443774  4653015  2642568  3373263 5630064  5267957
           16384     256 1373460 2855838  4302549  5537068 4267811 2965394 5134524  6047756  5473995  3435491  2783088 4553429  5244638
           16384     512 1166698 2721584  4344987  4513355 4924430 2762835 4832999  7265132  5986118  3266320  2768066 5178244  5082122
           16384    1024 1194170 2043349  5366694  6050418 6117748 3809324 3458139  6954141  8427902  3162889  2236102 5088143  5732926
           16384    2048 1024321 2222147  4670408  3097731 3583468 2322246 5113891  3882498  3031321  1559934  2561120 5139132  5075741
           16384    4096 1284504 2606386  2692051  3090765 2638813 2566859 2697440  2169736  3555656  2432306  2286015 4150026  3712799
           16384    8192 1119650 1956994  2681442  2904481 3017346 2500180 4198966  2022719  3244422  2388016  2743861 2725145  2738394
           16384   16384 1126367 2375550  4118686  3975715 4341418 2622700 3786446  2704979  3781237  2732949  2513623 3695826  4254600
           32768      64 1216555 2925988  4784345  4706683 5248003 3047034 5597688  8031351  4831606  2854106  3711476 5776249  5728578
           32768     128 1074540 2951055  5225456  5404640 6051432 2515593 6147796  7087841  5077955  3265063  3536425 6050366  6279821
           32768     256 1433166 2964934  4453367  5808963 5912673 3832460 4515996  6014621  4857391  2523306  2712603 5662493  5746543
           32768     512 1409127 3681353  4390206  4507258 4318882 2861058 4137383  5986067  5827436  2163173  3440635 4333862  5408894
           32768    1024 1493044 2881996  5643891  6000441 6103025 3655504 4499143  6009099  3369774  1425806  2697854 5008743  3364247
           32768    2048  998932 2657118  4440131  5113473 5331677 2958488 3705572  2644287  6486088  2143538  2333753 3635681  3083747
           32768    4096  792933 1902037  4436547  4082207 4131538 2710303 3289287  2139034  4310349  2192120  1792071 4264343  2738656
           32768    8192 1031833 2098342  4294054  2999357 2990351 1878998 2916364  3008944  4232041  2180469  2427786 3092490  3188483
           32768   16384 1029792 2142836  2944922  3144782 3895904 2685676 4321190  2909881  2751265  1658052  3406946 3817769  3410158
           65536      64 1113065 3343695  6095826  4687485 5614817 2409670 6366480  5468595  5689781  3078250  3548239 4658173  4778008
           65536     128 1457358 3325492  6077765  4639696 4617483 3403394 5646767  7862684  4402497  2973362  3375020 6163485  5275379
           65536     256 1257160 2912835  4434100  4992442 4985198 3312069 4361562  4686526  5051342  3001807  3078525 5692844  5039303
           65536     512 1238630 3214915  5668192  4882742 3925436 2563901 5647231  5843641  5270726  2960744  3484106 5982264  4744197
           65536    1024 1202846 2092796  3907968  4243461 4257791 2624989 4128981  4631175  3657343  2478100  2117135 5576543  5942688
           65536    2048 1272448 1862243  3394065  2937897 3136879 2236110 2934885  2344658  2733531  1998606  2088867 5128816  3390005
           65536    4096 1177057 2101596  2738187  2979325 3001708 2339151 4188947  1736000  4041739  2030480  1821555 4104750  3099352
           65536    8192  864442 1708528  3765357  3034380 3154990 2535147 2746120  2848392  3217437  1632972  1964272 3445241  2144772
           65536   16384 1232084 1877712  2991418  2785073 2548852 2040473 2568644  2699173  2726914  1871868  2321176 4148110  4047929
          131072      64 1224261 2513654  5987203  5956971 5983619 3019129 2265139  8351168  5969519  2813981  2767336 6022424  6168658
          131072     128 1353895 3124042  5878181  4762602 4487077 2500938 5503071  8187980  5351837  2794599  2905796 5691360  5850905
          131072     256 1324027 3181276  5497953  5542630 5298401 3168588 5549680  7272113  5312995   356781  2823607 4647297  5441359
          131072     512 1332748 3089126  5401051  5666019 5269857 2429368  844917  5583952  4040575  1737068   826925 4467968  5361912
          131072    1024 1078382  721535  3432738  4576348 4617980 2751657 3488081  3042673  4189356  2308416  2534653 5198154  5035832
          131072    2048 1111626  705846  4729985  4647454 4914422 2477920 3129626  3611496  4945190  1919010  1896764 3803253  3545923
          131072    4096 1121298 2393095  4038082  4052698 4093953 2311230 2930627  2554060  4197512  1852577  1818704 3949258  4055807
          131072    8192 1152381  819886  4014345  4134378 3892495 1936013 4002188  2792342  4032099  1843328  1908444 3358480  3520311
          131072   16384 1188129  761696  4079039  4155598 4143789 2390462 3963580  2769316  4058831  1996470  2052002 3709633  4011855
          262144      64   94347   83902  5131435  4395588 4935219   54584 5294136  8487697  5937823    93610    93309 5266268  6200761
          262144     128  114471   93575  5369395  6132594 5639452   89142 5225845  6033389  4965239    76088    93245 5046575  5103757
          262144     256   77530   76657  4527761  4411726 4314774   64686  885178  1292603  4234610    75186    88914 3910614  4499468
          262144     512   77028   93483  5282283  5715673 5891025   98808 5056788  6980813  5420671   104229   115268 4944429  5381511
          262144    1024   97353  110072  5083158  5623473 5663825  123962 4888286  6826474  5636532   115946    92369 5234403  5382037
          262144    2048  117077   88339  4157386  4757426 4632354  112159 3084661  1864641  3169783    95481    81839 3051522  3981893
          262144    4096   70500   74186  3613334  3955151 4061797  116043 3712762  2744334  4095933   112907   102092 3658675  4018201
          262144    8192   93252   99073  3789200  4053128 3902342  113905 3827479  2767830  4027149   107034   123479 2702599  4000423
          262144   16384  114181   76158  3849401  4004153 4007948  127150 2457680  2775683  3921787   135520   112726 3706054  3957002
          524288      64   40417   66475  5744607  5925372 5637627   17215 3850020  8183696  5809471    73344    65460 1469874  6160042
          524288     128   66071   69115  4807818  4917218 4915272   16945 5177683  7966586  5569772    48541    60199 3209504  5763307
          524288     256   66576   56087  5187112  5479833 5383774   30023 3499802  7114788  5365489    76326    67540 4891568  5432479
          524288     512   71756   33834  5333282  5588712 5470454   52016 3915055  6961251  4625512    69276    50503 1573238  5689569
          524288    1024   74611   64105  5191839  5431687 5480284   58339 5079023  6748889  3583871    41866    77193 5328023  5313873
          524288    2048   40385   41059  4726939  4688221 4866906   53951 4340561  3343267  4626943    37685    50354 4414833  4611766
          524288    4096   37480   70204  3983010  4015470 3875635   36736 3761568  2715239  4078762    56158    75433 3895269  4010066
          524288    8192   45170   75867  3826139  4023574 3795890   59175  491978  2664579  3860679    35801    37380 1121011  3998109
          524288   16384   76252   53079  1290999  3636289 3691154   73125 1925377  2487619  3986953    48467    67008 4019352  4038945

iozone test complete.
