	Iozone: Performance Test of File I/O
	        Version $Revision: 3.420 $
		Compiled for 64 bit mode.
		Build: linux-AMD64 

	Contributors:William Norcott, Don Capps, Isom Crawford, Kirby Collins
	             Al Slater, Scott Rhine, Mike Wisner, Ken Goss
	             Steve Landherr, Brad Smith, Mark Kelly, Dr. Alain CYR,
	             Randy Dunlap, Mark Montague, Dan Million, Gavin Brebner,
	             Jean-Marc Zucconi, Jeff Blomberg, Benny Halevy, Dave Boone,
	             Erik Habbinga, Kris Strecker, Walter Wong, Joshua Root,
	             Fabrice Bacchella, Zhenghua Xue, Qin Li, Darren Sawyer,
	             Vangel Bojaxhi, Ben England, Vikentsi Lapa.

	Run began: Sun Oct  6 04:22:30 2013

	Auto Mode
	Command line used: iozone -a
	Output is in Kbytes/sec
	Time Resolution = 0.000001 seconds.
	Processor cache size set to 1024 Kbytes.
	Processor cache line size set to 32 bytes.
	File stride size set to 17 * record size.
                                                            random  random    bkwd   record   stride                                   
              KB  reclen   write rewrite    read    reread    read   write    read  rewrite     read   fwrite frewrite   fread  freread
              64       4  557144 1210227  3738358 1597288510402178 4207076 2561267  4897948  4564786  3541098  1304314 4564786 15972885
              64       8  496362 1460430  4274062  794053910821524 4564786 4897948  5860307 12902017  4564786  3057153 6421025 20962191
              64      16  704914 1526887  6421025 1290201710821524 3958892 4988978  4564786  4274062  3791156  3057153 6421025 20962191
              64      32  735831 1526887  7100397 1231033610821524 4564786 5389653  5860307  4274062  4564786  5735102 3791156 12310336
              64      64  566551 1599680 10821524 1290201715972885 5860307 4897948  5860307  5735102  5860307  4274062 3738358 12902017
             128       4  800337 1684006  2035099  4267461 9795896 3867787 3359523  5122535  3468030  3982553  2770150 5603747 10779307
             128       8  853794 1858934  4759253 1420079412842051 5325799 5603747  6727225 10779307  4934216  2098744 4012317 12842051
             128      16  870405 2004703  4267461 1056714014200794 6114306 4934216  6406138  9129573  3867787  2326073 4934216 10779307
             128      32 1022989 1997245  6114306 1284205114200794 6114306 6114306  7082197  6114306  4889281  2673584 3867787 11720614
             128      64  848397 2511022  9129573 2164304915881078 6406138 5122535  7176872  9287508  4717434  3199360 4407601 11720614
             128     128 1243315 2166499 12842051 1801235914200794 6114306 5325799  6114306  4407601  6114306  3199360 5847904 15881078
             256       4  977189 2285501  5320671 12812277 9868433 4652146 5320671  5810112  4496299  4264168  2726577 4819184 12228612
             256       8 1093639 2509882  2034350 1583556913454450 5687020 4734192  7314033 10245071  4404088  3410808 6554972 15164624
             256      16 1118707 1942349  5320671 14353744 5569035 5569035 6249745  7314033  3052087  4929815  3123106 5117791 14353744
             256      32 1093639 2911402  5971678 1516462414953435 1855098 4422226  7735574  8271916  5347168  4197489 6761355 15835569
             256      64 1158540 2872459  7120034 1709624914164395 6936061 6249745  7518900  9114515  5117791  5569035 5217259 14953435
             256     128 1248819 2975955  8271916 1607260814164395 6719046 6107548  7314033  6398720  4572895  6936061 5687020 14164395
             256     256 1376935 3368013 12661199 1416439513454450 6107548 6107548  6213578  5810112  6249745  4422226 6249745 14164395
             512       4 1101383 2845081  5019764 12215097 9681823 4485083 5495016  5886650  5624545  4340054  2124526 5453155 11620224
             512       8 1207940 3279573  6652558 1424006912797441 5566231 6174377  7513788 10044089  5019764  4131319 6571132 14146265
             512      16 1004057 3259661  6472112 1462806713109944 5951911 6319739  7647578  7988981  5398323  4457157 5384786 14240069
             512      32 1383861 3970896  2216629  6174377 3884698 2275345 6156675  7871843 15037801  5624545  4494470 5684095 14628067
             512      64 1391933 3510074  6571132 1503780114240069 6736026 6472112  8234036 13783088  5822804  4871723 6246213 14628067
             512     128  951558 3580298  6931711 1462806713783088 6757222 5807059  7900804  8265729  6035551  5495016 6174377 14240069
             512     256 1213400 3905895  8109658 1352271113190469 6246213 5951911  6736026  7758090  4690818  6472112 5951911 13438092
             512     512 1450212 4271001 12797441 1343809213190469 6319739 6174377  6319739  6018636  6319739  4961773 5886650  7211022
            1024       4 1256277 3074849  5958564 12173747 9765601 2737730 5479632  6025439  7537599  3083680  3725664 4972145 11645609
            1024       8 1247157 3229770  6569179 1423090212639479 5251818 6199382  7577494 10134284  5251818  4374559 6441107 14230902
            1024      16 1376236 3955557  6163794 1404475812944224 5885083 6402699  7699755  8593274  5444898  4715569 6479979 13863422
            1024      32 1381993 4033569  6744549 1442204513818817 6280976 5821271  8199542 10134284  5630486  4531485 3725664 14422045
            1024      64 1431748 4589593  6479979 1502757714422045 6776473 5853003  8391792 10878686  5572049  3198502 6280976 14668318
            1024     128 1442326 4195100  6441107 1442204513818817 6569179 5950309  6059442 13998981  5690162  4674510 6172653 14044758
            1024     256 1460969 4215688  6874084 1314226512790037 6317933 6016997  7113161 10662628  5630486  5144870 6025439 12639479
            1024     512 1525848 4033569  8391792 1330511612983353 6128613 6059442  5950309  8391792  5194651  6692005 6025439 12828238
            1024    1024 1200447 4321737 12173747 1330511613102174 6093831 5925680  6244448  6172653  6172653  4995276 6025439 12071103
            2048       4 1231566 3215029  5868220 10503637 9610516 3643190 5389574  5888333  7262337  4293237  3690142 5596757  8325147
            2048       8 1374652 3165272  6420913  645954112257227 4656281 6149699  7529708  9140117  4934459  4338776 6382745 11983630
            2048      16 1419400 3117032  6543188 1239876413138359 5403134 5953632  7670915  8097557  5212953  4581773 6440169 12050878
            2048      32 1455475 4414590  6670210 1256195213836752 6041567 5916724  8067138  9349021  5345969  4423683 6420913 12416686
            2048      64 1491617 4511980  6738230 1295995814539356 4521480 6420913  8431376  9567698  5430461  4188565 6498636  9796850
            2048     128 1472188 4358590  6378005 1241668613926483 6483920 6220958  8390200 10959265  5041616  4385291 6185123 10452512
            2048     256 1497076 4257067  6280083 1138032512805399 6024617 4601407  7262337 12274742  4878411  4481379 5884299 11072275
            2048     512 1526066 4385291  5147354 1144095512729493 5848244 5916724  6873016 10339282  5044577  4521480 5920802  9149853
            2048    1024 1364390 4086930  7754008 11770166 7999524 5131978 5754221  6080053  7911115  4762117  5280246 5704543 10037248
            2048    2048 1308482 3644736  6649556  7444871 7159438 4006862 5403134  4338776  5447681  4303993  4063729 5444228  6851089
            4096       4 1171263 3281854  5736555  6772244 7173805 2884558 5250883  4773769  6077484  3427880  3441614 5633102  6615769
            4096       8 1378601 3726809  6234064  7473388 8770583 3337967 5139356  7848969  5988509  4222337  3890540 6178018  7380284
            4096      16 1388518 3747131  6281934  7555557 7656576 4252647 6120790  6379914  7756829  4298399  4067390 6342230  7629374
            4096      32 1445288 4157956  6389405  7742845 8770583 4740836 6178018  8193352  7380284  4214051  3740604 6281934  7756829
            4096      64 1452375 3757786  6410863  7234220 9545402 5007531 5223741  8308260  7185807  3744681  4223375 6263611  7146945
            4096     128 1517012 4149921  6195843  5544029 9183139 5013377 6013663  6195843  6978564  4357270  4059701 5627567  7197849
            4096     256 1476085 4075109  5944991  7001316 6430059 4813898 5490871  7405736 13299112  4288742  4052041 5594580  6772244
            4096     512 1512072 4063542  6198078  6978564 8377131 4686519 4899008  6941906 11641010  3991785  3950479 5339001  6628532
            4096    1024 1458664 3660895  6595451  7264812 6158088 4447510 5681538  6769576 10160758  4167033  3867766 5689064  6263611
            4096    2048 1364368 2957047  5867831  6149271 5572803 3343814 4864330  4162994  6013663  2789933  4192455 4853336  5404504
            4096    4096 1265756 2628979  4456740  4244242 4643451 3036489 4271680  3075079  4608574  3063563  2972395 4380601  4664886
            8192       4 1163797 2970290  5531360  5821902 4926264 2729821 5094251  4853203  5098030  3147128  2979046 5158495  5085204
            8192       8 1326640 3420647  5776876  5756551 5944791 3021750 5126172  6692839  5432536  3423373  3320806 5665431  6263389
            8192      16 1243440 3430209  5915112  6192276 5872650 3060236 1847118  6781341  6032463  3245524  3590057 6192276  5996667
            8192      32 1277227 3783776  5954062  6511465 5669170 3826334 6220301  8094537  6435847  3831454  3632950 5776876  6440672
            8192      64 1391318 3959039  5839713  6281710 6182248 3717055 5748846  7899143  6173362  3675307  3676880 6331484  6000856
            8192     128 1401534 3824204  6109695  5622783 6253130 4011735 5535816  8444674  6305921  3728753  3852936 5494212  5975808
            8192     256 1293966 3902827  5846669  5645881 6094523 4023480 5288712  7494262  6081578  3636025  3768421 5368872  5863631
            8192     512 1437176 3785860  5953031  5591672 6173362 4061528 5385702  7155586 12228510  3284616  3106721 5461029  5923270
            8192    1024 1394367 3720275  6145757  5905961 5588034 4179607 4729615  6501608 10127234  3343751  3319202 5097274  5378957
            8192    2048 1279177 3013006  5076189  5145363 5351312 2955217 4779617  3785443  5780764  2778833  2777036 4795627  4858693
            8192    4096 1235792 2712581  4166935  4464155 4471708 2909178 4264684  2814110  4445097  2552007  3299124 4244140  4192356
            8192    8192 1218871 2685024  4282224  4092001 4280090 2586588 4246763  2867180  4282224  2872214  2941555 4454894  4262568
           16384       4 1117593 2861307  5426876  5414049 4398382 2443549 5116556  6023371  4599757  2778362  2907554 5361251  5514850
           16384       8 1290462 3102486  6291951  5719090 5631910 2929368 5906370  7918079  5919089  3209419  3002318 6180472  6182697
           16384      16 1354163 3506130  5495884  6340718 5533055 3167262 5088143  7642455  4564923  2966546  3175751 4800587  4939651
           16384      32 1365003 3566358  5688789  5553625 6270136 3561737 5597960  8304663  6306387  3323344  3726085 6337794  6399769
           16384      64 1462994 3860470  6109046  6522470 5595681 4150778 6243929  8784505  6462967  3718625  3703394 6070193  5634219
           16384     128 1405254 3866987  6212881  6306966 6182697 4077628 6106332  8453822  6168821  3530266  3608116 5182931  5906370
           16384     256 1426934 3803842  5637917  5736755 5647647 3376081 5582498  6350093  5738671  3336090  3366323 5123041  5672823
           16384     512 1398306 3645633  5797250  5667209 5769022 3720236 5637917  7163647  5683144  3528634  3483734 5653687  5261503
           16384    1024 1376349 3630417  5853544  5895223 5905863 4018493 5005860  6869333 11474654  3223874  3136185 5490615  5728625
           16384    2048 1280197 2970265  5053718  5320984 4713332 3239222 4817414  3847070  6483700  2295331  2443202 5090027  5124951
           16384    4096 1231955 2477198  3916798  3747420 3901898 2464494 4196915  2446420  3939477  2300787  2576097 4219334  4247762
           16384    8192 1243570 2574071  4284575  4302549 4251178 2872791 4166886  2953668  4185922  2526469  3142351 4125857  3757872
           16384   16384 1212736 2724281  4297974  4181846 4301471 2808911 4167897  2730668  4065325  2718032  2902886 4212867  4163604
           32768      64 1359559 3569490  6193229  6268936 6032308 3556650 6052498  8434525  6202453  3338262  3477107 6111166  6174310
           32768     128 1289516 3612460  5969946  6004898 5966577 3713883 5246200  7246288  5910639  3234709  3398101 5675120  5938476
           32768     256 1104301 3664080  5758823  5565049 5613922 3712679 5594726  7311047  5679810  3277443  3441669 5642038  5688744
           32768     512 1388892 3649002  5748706  5813140 5579282 3688764 5447699  6930578  5733836  3173317  3406270 5666229  5745822
           32768    1024 1353094 3627237  5679106  6139832 5817077 3808459 5911656  7013692  5813140  3045009  3146222 5927719  6019099
           32768    2048 1299391 2970316  5240400  5448563 4915063 3071343 5248605  4399481  7252789  2263159  2286502 5093575  5372527
           32768    4096 1263553 2658660  4437120  4326904 4380691 2710570 4388384  3017929  4457700  2223398  2297549 4420992  4313866
           32768    8192 1285475 2726324  4404839  4414885 4344136 2669505 4122244  2971665  4382507  2508476  2630319 4175977  4320104
           32768   16384 1275620 2672983  4314543  4428685 4165219 2526042 4291774  2866607  4270040  2543291  3415497 4317254  4333862
           65536      64 1127756 3487820  6219125  6237895 6014201 3546134 6061949  8543265  5963186  3318947  3602839 6166941  6232662
           65536     128 1405092 3514756  5924372  6049674 5910487 3605438 5684956  7841152  5863961  3224381  3334650 5909979  5928717
           65536     256 1403700 3576494  5586063  5782301 5557264 3614398 5828030  7492350  5780234  3357377  3643720 5746279  5861460
           65536     512 1449527 3833893  5942174  5970310 5889339 3875351 5861460  7137497  5871351  3376596  3569110 5951309  5860835
           65536    1024 1433015 3757790  6063018  6111140 5928717 3812675 5866088  7130461  5812993  2961414  3221056 5835825  5948604
           65536    2048 1321370 3011904  5214929  5325150 5354193 2980003 5181994  4317241  4694930  2137367  2323904 5190997  5262653
           65536    4096 1268631 2701507  4266647  4379909 4363224 2726238 4313853  2990344  3727218  2094805  2235273 4320702  4360040
           65536    8192 1268748 2650938  4311620  4358865 3734003 2588406 4276138  2989206  3809821  1874971  2326047 4317037  4337542
           65536   16384 1266416 2690982  4334396  4360939 4353687 2595077 4292096  2985829  4322672  2441366  2610282 4147797  3327062
          131072      64 1268147 3246599  6375103  6446948 6166651 2847224 6151265  8552277  6071241  2832758  3056647 6121197  6422545
          131072     128 1330735 3121363  6121402  6207524 5990204 3224642 5931903  8410578  6007288  3034360  3097969 6213418  6253705
          131072     256 1352609 3120832  5800408  5950265 5791975 3082510 5763194  7354021  5790145  2898932  3023713 5810462  5880571
          131072     512 1281127 2985356  5653027  5793013 5495480 3018002 5638243  7174551  5594920  2764998  2731857 5696549  5701275
          131072    1024 1310537 3045640  5736434  5591620 5799613 3217132 5570373  6895668  5802980  2457703  2617102 5540284  5774879
          131072    2048 1020525 2455902  4943100  5124217 4944433 2382434 4982614  3975015  4983924  1879784  1946625 4889682  5038324
          131072    4096 1118847 1726838  4186389  4242243 4255148 2241734 4090877  2844440  4011006  1820089  1688419 4264588  4377217
          131072    8192 1159455 2330868  4252153  4356578 4335825 2355253 4259038  2927677  4254325  1902869  1996804 4260985  4301796
          131072   16384 1179840 2328350  4212500  4357718 4142728 2011165 4267071  2997090  4208018  2033573  2083577 4317539  4358167
          262144      64  165695  170474  6083630  6231900 5961874  130718 5818451  8086380  5990752   161938   165476 6040183  6252240
          262144     128  163046  165770  5818081  5950356 5786330  132136 5832928  8064494  5753327   168157   160218 5810978  6089999
          262144     256  157944  153538  5546707  5677688 5602441  137231 4545656  7311661  5681238   161334   166469 5623732  5854949
          262144     512  157944  159917  5539106  5814174 5713565  153328 5577658  7262449  5678802   166165   161198 5647098  5664671
          262144    1024  153358  164921  5604840  5843871 5777027  164537 5641246  7078470  5919633   174762   161888 5564504  5794777
          262144    2048  165713  159370  4051366  4858822 4991522  170442 4932518  4014020  5161522   169581   167479 4880193  5030689
          262144    4096  163999  167621  4146334  4295826 4145286  172596 4088136  2856966  4011750   179636   166086 3651033  3842970
          262144    8192  163644  165424  4060342  4237287 4153962  182088 4095109  2575621  3702186   193014   181688 4155093  4317977
          262144   16384  162557  156741  4082353  4228129 4096070  177691 4070624  2852245  4137238   207965   208644 4123058  4141040
          524288      64   68133   88482  6097865  6273642 5805100   29503 5780836  8508018  6006704    87730    93434 6207970  6435202
          524288     128   92799   80144  5971115  6248364 5979021   42886 5807354  8505911  5989411    94539    86247 5815201  6195866
          524288     256   93264   87159  5534796  5745808 5326190   55905 5611803  7075505  5683643    94784    93357 5505654  5719357
          524288     512   93082   86336  5797020  5941205 5895571   60069 5603823  7100912  5701444    93744    90725 5669692  5968457
          524288    1024   93850   88634  5637396  5840019 5779772   62434 5750225  7137929  5935624    94112    94167 5574022  5792592
          524288    2048   93225   88766  4873702  5078589 5096763   89240 4759679  3680972  4990557    92929    92618 4957994  5013655
          524288    4096   93197   89123  4046809  4241911 4140609   94019 4144832  2850706  4260254    95294    92551 4159728  3984648
          524288    8192   92282   85878  4103851  4048120 4172903   96203 4118300  2805689  3690975    97040    84221 3952654  3989593
          524288   16384   92853   88639  4219690  4163328 4357885   92991 4099490  2202576  3619923    96787    96604 4055601  3958411

iozone test complete.
