	Iozone: Performance Test of File I/O
	        Version $Revision: 3.420 $
		Compiled for 64 bit mode.
		Build: linux-AMD64 

	Contributors:William Norcott, Don Capps, Isom Crawford, Kirby Collins
	             Al Slater, Scott Rhine, Mike Wisner, Ken Goss
	             Steve Landherr, Brad Smith, Mark Kelly, Dr. Alain CYR,
	             Randy Dunlap, Mark Montague, Dan Million, Gavin Brebner,
	             Jean-Marc Zucconi, Jeff Blomberg, Benny Halevy, Dave Boone,
	             Erik Habbinga, Kris Strecker, Walter Wong, Joshua Root,
	             Fabrice Bacchella, Zhenghua Xue, Qin Li, Darren Sawyer,
	             Vangel Bojaxhi, Ben England, Vikentsi Lapa.

	Run began: Sun Oct  6 07:09:22 2013

	Auto Mode
	Command line used: iozone -a
	Output is in Kbytes/sec
	Time Resolution = 0.000001 seconds.
	Processor cache size set to 1024 Kbytes.
	Processor cache line size set to 32 bytes.
	File stride size set to 17 * record size.
                                                            random  random    bkwd   record   stride                                   
              KB  reclen   write rewrite    read    reread    read   write    read  rewrite     read   fwrite frewrite   fread  freread
              64       4  504762 1526887  5389653 1597288510402178 4274062 2772930  4564786  4564786  3363612  1363961 2662899 12902017
              64       8  603489 1363961  6271021 1597288512310336 5389653 3203069  5735102  5860307  3541098  3203069 3738358  7100397
              64      16  587635 1879725  5860307 1290201712902017 5283570 2892445  5860307  4564786  3203069  1690338 2892445 10821524
              64      32  647135 1638743  7100397 2096219120962191 5860307 4564786  4564786  4018152  3363612  2278628 4018152 15972885
              64      64  720041 1722886 10821524 3048429715972885 5735102 3203069  5283570  3738358  4564786  1780008 3791156 12902017
             128       4  535368 1543594  2098744  2420455 1336145  551312 3982553  4759253  5847904   864797   627328 4759253 10567140
             128       8 1105114 2132084  5379161 1588107814200794 5545860 5545860  5122535  6406138  4267461  2098744 5784891 12842051
             128      16  843068 1975201  6114306 1801235914200794 5784891 3124872  6406138  4759253  4596273  2202044 5545860 10567140
             128      32  883293 2175277  4596273 1588107816365173 6045455 5122535  6727225  4557257  5325799  2326073 3759450 12542043
             128      64  913347 2420455  8548124 1801235915881078 4267461 4934216  6727225  4934216  2969325  3359523 5325799 16365173
             128     128 1093856 3560017 12842051 1863766414200794 6406138 4135958  6114306  5784891  6406138  2608629 3895854 14200794
             256       4  861885 2192179  3935921 1345445010245071 4477549 5320671  5938650  7735574  3557725  2187712 5242734 11569783
             256       8  658008 2533571  6554972 1607260812812277 5320671 5455847  6595234  9434868  4404088  3756894 6073004 14353744
             256      16 1080434 4054829  6719046 1416439513454450 5455847 5142301  7314033 13454450  4907284  4422226 6107548 13454450
             256      32  599251 2747508  6398720 1607260814953435 5938650 1375171  7120034 13454450  5455847  4264168 6398720 14953435
             256      64  969251 2872459  4755158 1416439513454450 5428265 5687020  6107548  6554972  5455847  4572895 6073004 14953435
             256     128 1044693 3245838  8534922 1495343514353744 5117791 5687020  6891544  6554972  3421677  6249745 5455847  3823789
             256     256 1158540 3770085 12812277 1281227711207494 5687020 5569035  5687020  5841722  1552085  3935921 6073004 13454450
             512       4  917412 2584820  5951911 1249949010044089 4485083 2360376  5384786  7988981  3822466  3366987 5331314 11620224
             512       8  762924 3533174  6319739 1064134310434519 4411377 2187279  6472112 11138071  4375425  4061007 4262523 13109944
             512      16  888930 3351224  6319739  336698711374040 5331314 6228097  7211022  6652558  5079126  4228947 4927617 13438092
             512      32 1354190 2668325  6736026 14240069 2768068 5019764 5886650  7540170  7309196  3913012  3684733 5951911 14146265
             512      64 1267097 2337255  6571132 1547114914240069 5807059 6086873  7022379 13872122  5699180  4163357 6246213 14628067
             512     128 1312798 3993047  6909408 1462806713872122 6551087 5760329  6999490 11374040  5744919  4375425 5509113 14146265
             512     256 1312798 3822466  8140399 1310994412797441 6018636 5684095  6571132  8394979  3736016  4827914 5951911 12797441
             512     512 1267097 3628697 11374040 12797441 5624545 5509113 5951911  6246213  5951911  6174377  3325278 5886650 13109944
            1024       4  840041 2934110  5950309 12639479 5417427 4195100 5169641  5444898  6918376  3450311  2541692 5593820 10796646
            1024       8 1272279 3401130  6290174 1326402612208350 4848656 5200941  7113161  7008693  4199201  2884840 3390391 12983353
            1024      16 1402756 2107643  5853003 1263947912639479 4995276 4926518  7208671  6830356  3923040  4014717 4433259  9677584
            1024      32 1395010 3567824  6208343  639316813472053 5885083 5885083  7826025  8610501  2509027  4374559 3999762 13305116
            1024      64 1140517 3495237  3905205 1263947913472053 6290174 5950309  7769397  9923546  2813041  4433259 2758833 13472053
            1024     128 1343938 2370545  5630486 1314226512313351 5991815 5390231  7485055 12173747  2226749  3160839 5682634 12983353
            1024     256 1361836 3447541  2842832 1220835012208350 3778101 5071963  5593820  9300377  4741598  4805258 5226256 12348754
            1024     512  202089  412390  4783849  720867110039528 3761557 5048117  5310258  7319232  3506651  5151040 3778101   736599
            1024    1024 1420384 3390391 11645609 12983353 7883484 5336651 3422814  3541348  4783849  3411938  4249053 3229770 12348754
            2048       4 1088186 2782790  5582208  8365686 9189005 2821176 3240499  3929871  6990474  3194702  2223755 4376355  9752360
            2048       8 1094007 2909075  3857514 1126097312257227 4130162 4493100  7262337  5800851  3567536  3080148 5785224  9887060
            2048      16 1442279 3580921  4215286  705941312786337 3650932 4038890  7213548  5920802  4257067  3255235 4923146  7529708
            2048      32 1265681 2760434  4957240  622546612959958 4221501 5769681  7846081  3513544  3806235  2602375 4046500 12187663
            2048      64 1513696 3586902  4775354  715943812345306 4096676 4591569  8325147  6690992  5209791  3396834 5376082  7112016
            2048     128 1419165 4086930  6284678  8229438 5655716 3108009 5852228  8261095 15181774  4920326  2720222 4130162 11187641
            2048     256 1295458 3779440  4796687 1101548012561952 5674397 3271351  6759439 11129659  3494960  2611870 4162181 10503637
            2048     512 1511299 2691246  4358590 10959265 6895083 4310472 3255235  5629769  9796850  3241722  4063729 3885431 10240672
            2048    1024 1102290 3764533  6459541  7106133 4842658 4001263 5430461  6062888  7496851  4432815  3430751 3899542  6149699
            2048    2048  798780 3494960  7159438  7846081 7523114 2150814 5169036  4284671  5131978  2415069  2897301 3519302  3580921
            4096       4 1043303 2784507  5050220  5375755 5490871 1942368 4461370  5075585  4271680  2892815  2747106 5535098  6532752
            4096       8 1156441 2858164  5736555  5565581 5454263 3126565 4763181  7185807  5603704  2730514  3162828 2316655  1696809
            4096      16 1254205 2957556  5164073  5794602 8586475 3084464 5402804  7408930  5238075  3175103  2256706 5050220  5657217
            4096      32 1439235 1551537  3768502  7138037 9038203 3279348 5875858  7529067  5068098  2876348  3058654 6263611  7656576
            4096      64 1378601 3376675  6254490  7742845 9508420 4321103 4432592  8013724  4671228  3954116  2985308 4222337  7061751
            4096     128 1244214 3438858  4725189  5928578 6585338 3617724 5196878  7728911  4075109  2803592  3522048 5101205  4730393
            4096     256 1265011  777974  1157454  1104331 3667146 3621537 5633102  7301864 13299112  3761077  2485583 2996241  3634562
            4096     512 1453481 3295072  6103394  6439700 7983931 3098371 4842392  6339889 10978915  2817385  2898672 5594580  4612286
            4096    1024 1079557 2807257  6512939  7197849 6908408 4338563 5007531  6339889 10142762  3574071  2698349 3954116  5139356
            4096    2048 1117840 1970212  4325455  6114255 4675041 3602551 4248440  3571100  5672159  2786765  2938334 4801789  3450600
            4096    4096  999247 1895436  4576653  3000428 4027344 2612190 3874745  2862450  3504089  2341919  2500779 3155856  3498380
            8192       4  957581 2540122  5361332  4633936 4578974 2145096 5013234  5442863  4678100  2630751  2363474 4500997  4253071
            8192       8 1210071 3355834  5184962  5863631 5997714 2339178 4553488  6233844  4964702  3000901  2811347 4943985  5313247
            8192      16 1253556 3027341  6360787  6486879 6404656 3407755 5830794  6440672  5855636  3487304  3341150 5830794  5992483
            8192      32 1424190 3046668  5591672  4551075 5168583 3081091 4493932  6538726  5013234  2951156  3154351 6340832  5162371
            8192      64 1524605 3272728  5945819  5207752 6770651 3925120 5007390  7515572  3313760  1917630  2646149 5442863  4710810
            8192     128 1266354 3583691  5088216  5512724 5645881 3120547 5669170  8192973  6163396  3813593  3031615 4779617  4790946
            8192     256 1252231 3929159  5142283  5910025 6117309 4309076 4982701  6983962  5117011  3249514  3447763 4762392  5296049
            8192     512 1287614 3893540  5250727  6005051 6158977 2905979 5257958  6511465 11600942  2892524  3261235 4437634  5022761
            8192    1024 1165495 3754421  5282208  6325656 6230453 4222755 5113204  5227560  8865185  2856217   591350 4508083  4926264
            8192    2048 1146363 2185621  5524246  5692651 5326425 3491912 4576535  4205183  4246763  1983039  1957841 3808521  4244664
            8192    4096 1075226 2752785  3581823  3653812 3647218 2427254 3201076  2581729  2851476  2223095  2544260 2762079  2913371
            8192    8192 1065127 2483213  3619936  3292485 3336931 2548789 3047479  2379185  2759196  2038814  2255492 4396748  4468800
           16384       4 1104942 2262309  5622234  5561715 4697224 2257108 4238069  5150687  4915624  2677159  2584235 5461379  5499843
           16384       8 1218153 3205677  4579220  4933268 4732483 2371370 4501234  7252863  4176255  2072060  2634968 4773907  4992041
           16384      16 1223336 3416872  5248243  5459643 5196256 2831713 5239439  7297535  3302581  2079144  3138763 5665340  4306053
           16384      32 1295059 3229024  5624074  4757383 5968441 3457269 5425162  7502285  5507336  2739376  2819514 5008779  5769022
           16384      64 1277508 2123934  6404540  6427904 5921129 3768175 5569378  8241913  5667209  2939895  3285999 5610758  5212811
           16384     128 1269296 3852246  6115570  6196634 4982630 3675073 5567122  8163585  5669079  3509891  2908538 4304705  4210802
           16384     256 1295596 3869600  5931862  5932374 5302508 3455878 5712909  7564220  5929815  3345836  2709886 4490058  5853544
           16384     512 1306011 2865364  6001278  6065906 5593859 3802158 2412919  6820923  5295153  3605654  3022256 5001488  5394922
           16384    1024 1064167 2719322  6088478  6194400 6124836 3704193 5841105  7010899  8780015  3048805  3191978 5139132  4956039
           16384    2048 1048179 2604312  2839553  3319973 3463193 2426466 4497405  2445723  4352969  1945360  2512153 4600988  3778534
           16384    4096 1046901 1946076  2816048  3942189 4275778 2252152 2939392  2858332  4364303  2454897  2240038 3732967  4396975
           16384    8192  501610 1931417  4411370  4110556 3790832 2747591 3561737  2436964  4365412  2557212  2699241 2709993  3164199
           16384   16384 1131486 1881240  2985881  3218137 4233631 2626910 2722123  2715347  4441306  2466705   651710 4334572  4329929
           32768      64 1182242 3760011  6145597  4568232 3911649 1869592 4853789  8487131  4957434  3282374  3044200 5570914  6302860
           32768     128 1348143 3482658  5910639  5591766 4319561 2906005 2738929  4730497  4408937  3411258  2997983 4840285  5255629
           32768     256 1419269 3731731  5150650  4509772 5670203 3324695 3606393  6311254  4906115  2737293  2663194 4512882  5052010
           32768     512 1456803 3460560  5995991  5595637 5543501 3288657 5575660  6319960  5044222  2300472  2513431 4451492  4423838
           32768    1024 1214266 2269100  5498920  5817077 3689754 1573035 5791339  7206394  4846600  2137503   735696 4272827  5695816
           32768    2048 1253606 2176843  3384378  5380519 5124149 3041707 3682636  2807638  4024589  2013763  1606743 3029304  3144710
           32768    4096 1070115 1335567  4326904  3796152 4245112 2761270 3517779  2944354  4144620  2215549  1790506 2661904  2821876
           32768    8192 1001502 2581992  4377203  3569860 3322284 1594552 4053910  2298894  2724325  1779218  1774211 2950739  2997198
           32768   16384 1265321 2657118  3371592  3589814 3739448 2509392 2746482  1747613  4344686  1662163  1311555 2921820  2835850
           65536      64  631952 1792805  6240303  5154301 6006447 3545356 5607143  7400967  5885556  3331417  3108746 6163485  5196297
           65536     128 1143833  805595  5047446  5674628 5784734 3196261 5241979  8082788  4364124  2566726  3209248 5661888  4403132
           65536     256 1361868 2739115  4344466  4459711 5513237 3553652 5296216  6825228  5289388  2851998  3372412 4664497  3659193
           65536     512 1197397 2953776  4751743  5369148 5268201 3453248 4246215  6533231  5724141  2873764  3383703 5329073  5422959
           65536    1024 1286057 2291703  5623892  5828524 6014069 2907659 4288146  4545780  5716166  2795923  3007489 5792048  4624630
           65536    2048 1186450 2484304  4941642  3980576 4244838 2422775 3412944  2367375  4936849  1654407  1652776 4618104  5194235
           65536    4096 1143191 2290595  3064864  3018553 2809325 2143033 4244510  2935136  3156983  1974742  2016005 3935101  4187351
           65536    8192 1110120 1872187  2828229  3263273 3861848 2527617 2929381  2669577  4087354  1626479  2234746 3691925  1700463
           65536   16384 1243831 2140663  4278667  3053289 4298271 2027724 2774924  1865845  2863078  1933502  1745391 4003184  4353687
          131072      64 1181755  948237  5905967  5735476 5645074 3046974 4318557  5903367  5144501  2796731  2604307 5713422  5776638
          131072     128 1333796 1184339  5726455  5757883 5389244 3034143 5485062  7991704  5715441  2825435  2788291 1918273  5811199
          131072     256 1223406  880866  4779454  4099204 4823824 2834774 5332009  7095655  5292586  2840501    48967 2033693  5571107
          131072     512 1309251  929595  5508586  5538163 5458811 3125978 1733940  6734083  5562370  2796034  2724195 5556242  5500043
          131072    1024 1314954  535713  5153615  5660186 5169073 3070956 4544645  7218356  5915881  2575188  2432711 5587755  5741466
          131072    2048 1174594 1092758  4703841  4690196 4533963 2497269 4364291  3583156  4783987  1814724  1805444 4541642  4501258
          131072    4096 1136425 2044197  4112574  4019511 3727466 2226355 4001227  2244544  3591700  1677226  1809289 3848380  4007819
          131072    8192 1143027 2064711  3957959  3853235 3879694 2300880 2968110  2428874  3799941  1860150  1857623 3812881  4051055
          131072   16384 1151664 1236293  3929246  3713090 4021481 2256160 3995469  2827208  4061980  1526578  1982246 3744501  4141417
          262144      64  110342   89466  5493498  5893646 4857298   54922 5038527  7794040  5595028   112522   104620 5565236  6168513
          262144     128  111756  103546  5154722  5867291 5571243   70789 1607504  7794703  4993222   116161    98726 4627928  5925918
          262144     256  110019  159015  5059021  5528606 5042988   97195 5063028  6723533  3395736   121972   111791 3658261  4745189
          262144     512  111521   98152  5256123  5683205 5466812   98674 4993199  6902889  5607956   112963   100730 5114416  5556153
          262144    1024  109866  105287  5009922  5671274 5555535   96257 4885463  6668645  5466921   113376   112364 4880540  5561661
          262144    2048  111078   56104  4422888  4924653 4719910  103252 4194307  3576568  2265587   117312   102485 4043053  4758640
          262144    4096  107577  101564  2744327  4147069 4100424   90431 3731955  2695490  3456770    96022    80734 1438605  3871290
          262144    8192  100856  131251  3302027  4130648 4091970  111856 3803054  2647493  3963706   115236    74184 2500709  3371795
          262144   16384  109331   78087  3724004  3689366 4106274  120096 1103104  2851838  4066274   116570    72526 1985954  2927481
          524288      64   15414   65611  5793614  6187324 5673013   11857 3062626  7947612  4942804    68085    65706 5689687  6079691
          524288     128   73326   68084  5000453  5125154 5176525   13781 5128811  8387142  4974548    65804    62369 5509433  5817601
          524288     256   72747   39158  5346599  5440422 5419332   26592 4829125  6858000  5427746    46435    54625 5026536  5556136
          524288     512   69484   59155  5450144  5608682 5617264   35146 5155747  5510413  4118585    61168    44569 4047710  4956966
          524288    1024   66354   38318  4916525  5339627 5649286   52787 4848460  6641171  5630612    72787    43936 2955383  2813821
          524288    2048   50628   34347  4529288  4706906 4729236   54563 4399315  3588555  4957524    72708    53840  172195  4834645
          524288    4096   71826   58848  3280651  3399015 3649020   55423 3733341  2571942  3872741    62565    34066 3712115  3974199
          524288    8192   73575   66883  3175866  3739836 3903158   57419 1796109  2827322  4068221    73565    49478 2454807  3915696
          524288   16384   70274   57953  3654466  4043996 3966586   75612 3794816  2751331  3403761    76319    38357 2667656  2238634

iozone test complete.
