	Iozone: Performance Test of File I/O
	        Version $Revision: 3.420 $
		Compiled for 64 bit mode.
		Build: linux-AMD64 

	Contributors:William Norcott, Don Capps, Isom Crawford, Kirby Collins
	             Al Slater, Scott Rhine, Mike Wisner, Ken Goss
	             Steve Landherr, Brad Smith, Mark Kelly, Dr. Alain CYR,
	             Randy Dunlap, Mark Montague, Dan Million, Gavin Brebner,
	             Jean-Marc Zucconi, Jeff Blomberg, Benny Halevy, Dave Boone,
	             Erik Habbinga, Kris Strecker, Walter Wong, Joshua Root,
	             Fabrice Bacchella, Zhenghua Xue, Qin Li, Darren Sawyer,
	             Vangel Bojaxhi, Ben England, Vikentsi Lapa.

	Run began: Mon Oct 28 09:36:46 2013

	Auto Mode
	Command line used: iozone -a
	Output is in Kbytes/sec
	Time Resolution = 0.000001 seconds.
	Processor cache size set to 1024 Kbytes.
	Processor cache line size set to 32 bytes.
	File stride size set to 17 * record size.
                                                            random  random    bkwd   record   stride                                   
              KB  reclen   write rewrite    read    reread    read   write    read  rewrite     read   fwrite frewrite   fread  freread
              64       4  752329 2358717  7940539 12310336 9006179 3363612 7940539  4564786  9318832  3022727  2772930 7100397 12902017
              64       8  901377 2772930 12902017 1597288512902017 152688710821524  5860307 10821524  4274062  280187312902017 20962191
              64      16  582535 2801873 10821524 1597288512902017 489794810821524  5860307  9318832  4564786  354109810821524 20962191
              64      32  855419 2662899 12902017 2096219115972885 5283570 9006179  5283570  9006179  4564786  4564786 7100397 15972885
              64      64  108292 2892445 12902017 2096219115972885 4564786 7940539  5283570 12310336  5389653  379115612902017 15972885
             128       4  561107 3445772  5379161 10567140 9795896 3359523 7917784  4596273  4104338  3536566  3560017 5122535 10567140
             128       8 1057236 4135958 12842051 1588107811720614 493421610567140  5847904 16365173  4407601  389585411720614 14200794
             128      16 1114289 4557257 12842051 1636517314586625 4557257 9129573  6114306 11720614  4267461  475925311720614 15881078
             128      32 1057236 4717434 12542043 1588107814200794 5784891 9977956  6406138 10779307  5122535  532579911720614 15881078
             128      64 1000121 4135958 12842051 1636517312842051 578489111470204  6406138 14200794  4135958  7582312 9129573 11470204
             128     128 1067750 3895854 12842051  611430612842051 5545860 9795896  5379161 11470204  5603747  537916111720614 14200794
             256       4  958864 3511189  9868433 10651598 8815202 3935921 5569035  4929815  8534922  3667079  3557725 9434868  9868433
             256       8  980760 4197489 11091721 1281227711091721 484091110245071  4819184 10245071  4496299  312310610758322 12090911
             256      16 1128110 4404088 11091721 1345445012228612 5217259 9868433  6554972 13454450  4734192  4734192 7314033 11569783
             256      32 1079348 3879045  9868433 1266119912228612 5022044 7965107  6398720 12812277  4755158  502204411569783 12812277
             256      64 1062263 4652146 12228612  986843312090911 581011210651598  6761355 13454450  5320671  581011211091721 13454450
             256     128 1143731 4755158 11091721 1281227711695808 568702010245071  6398720 12228612  2557711  779170810651598 12228612
             256     256 1180188 4477549 11091721 1222861211695808 5569035 9518507  5347168  9434868  5347168  532067111207494 11695808
             512       4 1017858 3201349  9814569 10694336 8140399 3736016 8394979  5115422  8140399  3628697  3279573 6652558 10284602
             512       8 1098566 4061007 11943357 1279744111138071 487172310911694  6736026  7758090  4532414  430525011620224 12215097
             512      16 1158418 1842059  6571132  8808176 8234036 2708713 7235318  3941742  7758090  2065273  266501410434519 10044089
             512      32 1174254 4237291 11374040 1091169412146009 517708310911694  6652558 12797441  4827914  453241410694336 12215097
             512      64 1036527 4305250 11620224 1279744112797441 5684095 8109658  2708713 12215097  4742616  3884698 8665997 12499490
             512     128 1239310 4228947 10694336  587055811620224 582280410856530  6821616 13438092  4973263  588665010856530 12146009
             512     256 1147892 4237291  9997331 1137404010044089 4916336 7211022  4916336 10694336  4163357  5870558 9814569 11374040
             512     512  772252 2975154  8528336  9468384 6736026 3366987 6319739  3487274  7758090  3550700  3459188 7871843  8992598
            1024       4 1109579 2708381  4876180 10906310 8474583 3029305 5885083  4741598  7755368  3450311  2926114 7369466 10039528
            1024       8 1171629 3659010  8391792 1298335311132462 5226256 7356843  6529233  9300377  4249053  4110780 8326715 11741116
            1024      16 1253344 3999762  8199542 1279003711773301 4904018 8914314  6393168 10134284  4356809  4195100 9142007  5917516
            1024      32 1257748 4570058  9946527 1263947910906310 5226256 9832672  7113161 11520658  4832290  4654248 8680108 12492426
            1024      64 1258117 4079544  6529233 1279003712492426 5120336 8750850  7113161 12790037  4783849  4614246 9485232 12492426
            1024     128 1317957 3984917  8914314 1263947912173747 5853003 7927135  7008693 14422045  4410497  4531485 8542002 12173747
            1024     256 1305935 4014717  8750850 1139836010230845 5226256 7769397  5593820  9655828  4531485  4634161 6519323 10354166
            1024     512 1296474 3941039 10662628  122615011249091 5507740 5065980  5720477  4488860  3029305  5251818 5018624  7472033
            1024    1024 1317553 4433259  9300377 1124909111645609 5200941 8895850  5251818  7485055  5226256  4339202 6776473 10557785
            2048       4 1074439 1896314  2805512  5852228 5290001 1440344 3709263  2025543  3683812  1448358  1350872 5475461  8977721
            2048       8 1226992 3292669  6873016 1218766310834854 8464610 8498106  5626082  9708272  4367454  3512108 6261772 11320334
            2048      16  788877 3850597  7368238 1191712911706006 4453499 8325147  6543188  8949659  5626082  4031308 7903836 21115571
            2048      32 1309480 4122233  7761014 1248889712257227 4945823 7419150  6649556  9149853  4293237  3500658 7817519 11983630
            2048      64 1263447 3663388  7165410 1107227511440955 4897882 8784909  7368238 11246230  4741090  4023754 9062970 12416686
            2048     128 1317109 3567536  6623917 1162678412118884 5092426 7451329  5900467 14321195  3744839  3525079 8159088 11579763
            2048     256  974821 3396834  9431138  9990553 8574451 3103517 6829301  4875642  8357547  3848872  3140967 5447681 16399085
            2048     512 1324624 3297725  6608629  5738844 6917293 2937929 5083385  3938881  9179186  4071433  2656292 6464402  8390200
            2048    1024 1103990 2546821  6649556  6873016 7503399 4170264 5119743  4751580  7503399  3624742  3946119 4983122  5937172
            2048    2048 1239027 2888532  5521212  6280083 5689430 3256469 4500161  2977647  3489282  2126323  2157838 4172290  4621211
            4096       4 1085629 1700336  4808509  5744227 5044289 2599148 4298399  4876757  4982841  3100608  1023780 5360658  4718699
            4096       8 1196969 1644194  3949571  3474326 4423462 1304885 2678576  3897601  5133213  2743596  2797657 4718699  5113352
            4096      16 1249190 2876348  5291314  6013663 6408472 3165159 4824714  5649775  5263753  2968287  2788122 5231694  5447345
            4096      32 1331173 3105653  5252488  5257310 8308260 3332786 4922872  8127459  5238075  3045101   330135 4607338  5475122
            4096      64 1231548 2961635  5409609  5851841 6169144 2235854 4982841  6836927  5133213  3281854  2595614 4591331  5299475
            4096     128 1199392 2664865  5325760  6905631 5777065 3465915 4367238  4746074  4153935  2297140  2568066 3853020  5151685
            4096     256 1315375 2970339  3425146  5230102 5849848 3489144 3660895  5340661 11704457  2921346  2486662 4801789  4649735
            4096     512 1291252 2797657  6430059  5204750 5736555 3054304 4501111  5544029 10319444  2217671  2844440 4639689  5019235
            4096    1024 1218360 2664865  5192166  5418140 5119446 4043458 4853336  6349261  7892238  3117487  3107900 4227532  4371684
            4096    2048  905356 3052133  3968731  3911800 3305851 1711516 3470816  2317906  5319164  1971116  3005151 3103408  3500519
            4096    4096  732061 2129963  2842558  3561476 2940345 1625372 2862450  1512072  3485604  1098470  2306392 3316701  3534366
            8192       4 1048518 2278073  4554091  6575012 4126896 1819630 2967211  2127827  4523514  2480166  2447483 4628318  4625826
            8192       8  931541 2526115  4196965  2645131 3919299 1864761 5065711  5364680  5038228  2694711  2182844 4395061  4390007
            8192      16 1233529 2085466  4662231  3627963 5004472 2860497 4770989  5842692  4776959  2877505  3332724 4345590  5760412
            8192      32 1364412 1940810  4841578  5113965 4430767 2180490 4171488  5591672  5368033  2389111  2796702 3323375  4985593
            8192      64 1107778 2825681  4676190  5047850 5126172 3285873 4971166  6177802  4740709  2569758  2381329 4976927  3274287
            8192     128 1337693 2762079  4071635  4581417 4763052 3217563 4275829  5079190  4284894  2814110  2726139 4734829  3506880
            8192     256 1066946 2998544  4415961  4177574 4727012 2452724 4476368  7365738  4320998  2217071  2619719 4266273  4716630
            8192     512 1245017 2266203  4708228  4478702 4568624 3112631 3797996  4430195 10612044  3101953  3105598 4331893  5241116
            8192    1024 1267896 2802404  4248864  4810398 4471126 3127933 3118281  5165475  9845745  1945866  2626528 4844308  4536055
            8192    2048 1022465 1916240  3919746  2947864 3641034 2523703 3584813  2985517  4738094  2271146  2297110 3357146  3245524
            8192    4096 1163640 2046464  3727135  3351906 3895306 1865673 3446379  2684185  3406066  2015256  2634786 3315359  3615366
            8192    8192  950666 1948183  3843884  4122934 2865268 2299109 3624519  2414461  2698308  1925799  2647780 3588182  3531027
           16384       4  973904 2218273  3956488  3980552 3499345 1834730 4175240  3661171  4737704  2110496  1917834 4679950  3556208
           16384       8 1019095 2439213  4705264  5239439 4015675 2225529 4594528  6019150  4475437  2335188  2627814 4136287  4765631
           16384      16 1089871 2692895  4993855  4354072 4729552 2483554 4129080  5834658  3638491  2571181  2596440 5025629  4867574
           16384      32 1101365 2995773  4485076  4895314 4265427 2936754 4697224  6883783  4594528  2539352  2666252 4851766  5158807
           16384      64 1096882 2630228  5938526  5677040 5716711 3452926 4436432  6423097  4260139  2999173  2709458 5320984  3949893
           16384     128 1132661 2737521  4532407  3757050 5188017 3167846 4609939  6027598  5380560  3139910  3157511 3358098  6301182
           16384     256  930908 2581807  4706553  3751717 4830281 2910139 4364580  4877594  5921129  2837560  2432995 3249484  4386590
           16384     512 1285730 3187536  3575823  4766953 4303626 3749874 4229201  7265900  4649237  3139910  2590372 4435287  3526642
           16384    1024 1284120 3101926  5880593  4551318 5899778 2632344 4757383  5108948  9092516  2402039  2368999 5010605  3727905
           16384    2048 1054921 2174129  3531173  3694236 3855921 2260746 3194946  2693423  4710748  1838608  1889724 3264458  2830197
           16384    4096 1125261 1907983  2984325  3491168 3697616 2610148 3594527  2236393  2865244  1795517  2028451 3170916  3320775
           16384    8192 1145175 2014241  2872310  3944225 2916438 2057789 2813742  2425780  3078442  2119022  2201009 3041922  3315328
           16384   16384  980141 2342192  3001400  2789301 3355966 2279040 3364181  2198896  3321898  2065334  2183663 2957991  4198966
           32768      64 1163762 2610188  5055354  4292444 5921334 2749009 4414885  5532344  5168275  2600852  2639361 5283511  4499290
           32768     128 1101999 3100093  4270570  4703945 4817381 2867804 4506814  7115730  6206094  2447893  2752202 4964059  5402940
           32768     256 1192862 2940134  5336646  4946194 5541489 2714800 4366079  5624490  4511697  2570643  2972693 4204336  4870473
           32768     512 1305190 2806663  4373720  4249969 4450338 2838310 4794860  5173333  5143325  2982175  3013694 4660400  5570914
           32768    1024 1131689 2456907  4356391  4397229 4595267 2767553 4159924  5400180  4334956  2317383  2332248 5146600  5487065
           32768    2048 1074465 2257212  3699686  3724551 3726167 2244861 3732542  3421193  3850498  1656194  1811701 3787782  4315492
           32768    4096  969896 1965693  3250161  3236004 3303915 2039704 3327351  2291955  3045076  1622812  1761342 3498616  2073648
           32768    8192 1139798 1983652  3121356  3180146 3677217 2423847 3786530  2457830  3233111  2052988  2130149 3115766  3170316
           32768   16384  979986 1949217  3285984  3287320 3292912 2153378 3280729  2208961  3274788  2082509  2866607 2906251  2944354
           65536      64  708008 2911663  5493404  5255509 4476853 2940946 5386825  4797271  5327214  2538682  2793764 4944220  4857718
           65536     128 1261204 2984597  5677089  5604285 5106046 3039279 4703285  6050207  4611596  2704085  2902133 4623308  5082725
           65536     256 1251596 2909228  4769386  4767318 4321245 2930817 4883089  5774041  4928617  2847271  3008048 5241579  5075593
           65536     512 1188194 2842237  5238782  5256313 5081504 3252423 4493025  6291868  5471425  2669940  2829685 4583222  5108038
           65536    1024 1173073 2700287  4275007  4915661 5118787 3073328 4916012  6362059  5002345  2529082  2354277 4682853  4499865
           65536    2048 1166844 2097619  3700922  4261685 4076867 2253341 4148110  2821291  3462775  1599719  1718891 3649428  3718596
           65536    4096 1126646 2367987  3416338  3493183 3278100 2039141 3691132  2480538  3416338  1774129  1849313 3416890  3724440
           65536    8192 1069714 2203786  3618394  3843274 3690934 2177633 3315784  2703527  3231242  1815600  1751463 3444205  3364651
           65536   16384  956157 2205555  3501013  3423315 3269600 2230630 3391217  2665901  3407149  2020851  1964216 3272870  3368403
          131072      64 1057731 2256169  5126224  4734221 4637066 2184676 5155839  4631207  5163344  2214990  2341450 5262442  5352254
          131072     128 1106932 2181407  5048642  5152360 4933075 2807156 4501221  6527475  4606295  2389465  2228313 4742471  4512268
          131072     256 1139260 2570949  4292827  4683005 5185455 2631546 4679139  6147000  4680294  2304033  2499039 4471165  4409907
          131072     512 1103216 2419819  4687157  4758480 4632143 2636404 4368660  5808375  4799398  2184354  2383209 4715986  5234084
          131072    1024 1113450 1938361  4553944  5060120 4984873 2539266 4450642  6118813  4859384  2013574  2091767 4695885  4781532
          131072    2048  961360 1964600  3676637  3762955 3831616 1917129 3644826  3244760  3762311  1500364  1611309 3627271  3664603
          131072    4096  918398 1855278  3522115  3706357 3734581 2032881 3387223  2621544  3367202  1695668  1562650 3634513  3284284
          131072    8192  936462 2004741  3653158  3646446 3081646 1977753 3322052  2745994  3553143  1728135  1684513 3284775  3423759
          131072   16384  932140 2036730  3194772  3568040 3403411 2276498 3614465  2402213  3412453  1711367  1613413 3422608  3611995
          262144      64  146521  128372  5618674  5679535 5072254  111641 5377300  7644054  5283019   156689   147068 5416985  5292097
          262144     128  152993  135588  5055718  5336144 5048220  127561 4841151  6817585  5051537   142674   145745 4967101  5298192
          262144     256  155161  144937  4730123  4856139 4989778  137459 4584606  6516945  4950306   157849   144058 4730978  5028274
          262144     512  152702  151661  4942851  4904750 4697165  132771 4127732  5601385  4612358   153888   140751 5034559  4700378
          262144    1024  154088  144107  4791342  5023541 4731935  158495 4570466  5725167  4705105   122749   142609 4600875  4928516
          262144    2048  146302  130608  4083990  3820948 4212029  148293 3855962  2697282  3794798   160215   157639 3916688  4220712
          262144    4096  147298  140929  3651894  3611103 3682163  153625 3610012  2353644  3547134   170661   158998 3335929  3370803
          262144    8192  159956  151596  3682323  3377357 3417659  153267 3797917  2507450  3408759   182217   164834 3591499  3673281
          262144   16384  164045  109093  3061352  3282047 3239786  158471 3381886  2396720  3147885   174822   179870 3643471  3599883
          524288      64   58312   71842  5768825  5735243 5460185   32500 4978332  6800461  5148046    80881    76843 5180098  5278933
          524288     128   82645   72770  4971770  5157827 4789159   45536 5140693  6928789  5241300    73329    83103 5015427  4754759
          524288     256   80765   77156  4423287  4540942 4748599   53971 4856405  5861111  4847562    81591    78834 4677003  4885461
          524288     512   83575   74363  4853083  4833795 4570037   56794 4830546  6357693  5198024    79817    81496 5085436  5039137
          524288    1024   81177   75828  4966213  4793753 4844423   60183 4778679  6303873  5061476    80054    78119 4830504  4266072
          524288    2048   80607   74920  3804980  4039576 4238110   70743 4128870  3001195  4156858    82601    79157 3339707  3234591
          524288    4096   74114   69128  3441632  3688430 3539254   73207 3380191  2352576  3516424    79661    78934 3474641  3392063
          524288    8192   79859   71442  3320629  3270118 3212570   79372 3267975  2538801  3367014    85900    82558 2980668  3294876
          524288   16384   81553   77110  3317398  3370192 3434890   78781 3492620  2555111  3192325    87839    87061 3320990  3475651

iozone test complete.
