	Iozone: Performance Test of File I/O
	        Version $Revision: 3.420 $
		Compiled for 64 bit mode.
		Build: linux-AMD64 

	Contributors:William Norcott, Don Capps, Isom Crawford, Kirby Collins
	             Al Slater, Scott Rhine, Mike Wisner, Ken Goss
	             Steve Landherr, Brad Smith, Mark Kelly, Dr. Alain CYR,
	             Randy Dunlap, Mark Montague, Dan Million, Gavin Brebner,
	             Jean-Marc Zucconi, Jeff Blomberg, Benny Halevy, Dave Boone,
	             Erik Habbinga, Kris Strecker, Walter Wong, Joshua Root,
	             Fabrice Bacchella, Zhenghua Xue, Qin Li, Darren Sawyer,
	             Vangel Bojaxhi, Ben England, Vikentsi Lapa.

	Run began: Sat Oct  5 02:26:20 2013

	Auto Mode
	Command line used: iozone -a
	Output is in Kbytes/sec
	Time Resolution = 0.000001 seconds.
	Processor cache size set to 1024 Kbytes.
	Processor cache line size set to 32 bytes.
	File stride size set to 17 * record size.
                                                            random  random    bkwd   record   stride                                   
              KB  reclen   write rewrite    read    reread    read   write    read  rewrite     read   fwrite frewrite   fread  freread
              64       4  528618 1357066  4988978 1597288510402178 4207076 2561267  4897948  4564786  3363612  1255511 2801873 12902017
              64       8  688639 2561267  6421025 15972885 9318832 3541098 4897948  4274062 10402178  3203069  2772930 5389653 12902017
              64      16  752329 1484662  7100397 3438968815972885 5860307 2561267  5735102  3738358  4274062  3541098 5860307 12902017
              64      32  695778 1828508  6421025 1290201715972885 5389653 4018152  4564786  6421025  3541098  4274062 4897948 12902017
              64      64  688639 1638743 10821524 1290201712902017 5860307 3203069  4897948  3588436  5860307  2133730 5283570 12902017
             128       4  731625 1911894  4557257 1284205110779307 4557257 2969325  5325799  3468030  3657016  2027414 5784891 10779307
             128       8  864797 2066432  4267461 1420079412842051 4934216 5325799  4934216  6114306  3445772  2166499 4557257 12842051
             128      16  889145 3759450  6727225 1588107814200794 5545860 5325799  6727225 10779307  5122535  3199360 5122535  9795896
             128      32  848397 2098744  5122535 1284205114200794 5784891 3359523  6727225  4407601  4717434  4557257 5122535  9795896
             128      64  852438 3199360  5545860 1588107812842051 6045455 3536566  6727225  4444086  3895854  3036502 4012317 11720614
             128     128 1206978 2608629 14200794 1588107814200794 6114306 3785961  6114306  5325799  5325799  4012317 5847904 14200794
             256       4  937924 2392442  5687020 12228612 9434868 4496299 3654598  5687020  8024634  3499745  1970871 5455847 11091721
             256       8 1036624 1306564  5810112 14353744 9192546 5455847 5569035  6554972  4929815  4840911  3123106 5971678 13454450
             256      16 1075025 2613746  5569035 1345445013454450 5810112 5938650  7314033  5717301  4652146  1907837 4332998 12812277
             256      32 1084800 3605511  6936061 1495343513454450 6107548 1729594  7518900  5687020  5455847  4054829 6398720 14164395
             256      64 1070737 3823789  6719046 1516462414353744 6595234 3410808  6891544  5569035  5569035  3207059 1938842 11207494
             256     128 1016025 3326279  7518900 1416439512812277 6398720 5455847  7120034  7735574  4572895  4264168 5320671 13454450
             256     256 1070737 4132864 12812277 1345445012812277 6107548 5242734  5810112  5841722  6107548  4264168 5569035 12228612
             512       4  885996 2360376  5624545 12215097 9859630 3822466 5067142  5278892  7435738  3556580  3366987 4973263 11374040
             512       8 1216149 3177664  6246213 1462806712797441 5453155 6035551  7211022  6821616  4784885  4068701 1917728 13872122
             512      16 1225169 3393590  5886650 1387212212797441 5886650 6086873  7334159  6174377  5127637  4131319 5115422 13783088
             512      32 1195832 2796910  6571132 1462806713872122 5744919 6395018  7871843  7871843  5384786  2600470 6086873 14240069
             512      64 1137555 1889050  7115451 1503780114146265 6571132 2860238  7871843 10434519  3487274  4061007 5951911 15037801
             512     128 1296159 2879414  7115451 14240069 4123387 6319739 5886650  7758090  9145790  5886650  5278892 6104175 13438092
             512     256  493242 3299730  7540170 1249949012215097 5331314 5331314  5384786  7091952  4163357  1354190 1049187  5067142
             512     512 1361920 4296637 12797441 1310994412797441 5822804 5807059  6319739  5744919  5699180  4784885 5886650 13109944
            1024       4 1126458 2290886  5652717  8610501 9320560 3735385 5251818  5330028  7054742  2467229  3301774 5071963 10454984
            1024       8 1180972 3411938  4410497  8988941 9320560 3738636 6093831  7319232  8076196  3281592  3778101 5991815 13998981
            1024      16 1422266 4126579  4044965 1442204513142265 5782087 6016997  7420395  7811791  4876180  4356809 6479979  5277632
            1024      32 1080275 4079544  5720477 1461839313863422 5507740 6402699  7941793  9402175  5303701  2455943 5821271  7472033
            1024      64 1432225 4300102  6830356 1508034114422045 6559147 5417427  7941793 15743686  3506651  3481072 6244448 14871477
            1024     128 1218843 4300102  4282950 1423090213686709 6609617 5885083  8061038 13643232  5251818  4614246 6172653  5417427
            1024     256 1466957 4211554  6963241 1294422412790037 6163794 5950309  6963241 10134284  5417427  4995276 5917516 12828238
            1024     512 1464956 4415030  8183918 1330511612983353 6059442 6059442  6599461  8326715  4854136  6569179 5983467 12639479
            1024    1024 1442326 3738636  9485232  8680108 8970167 4512441 5417427  4456258  3541348  3684119  4339202 3606774  6874084
            2048       4 1034831 2829540  5868220 10660056 9653719 3195891 5521212  5769681  7846081  3991965  3419824 4796687  5235193
            2048       8 1192085 3413030  5403134 1410948412416686 4229816 6167360  6503556  8977721  4676561  3618634 4601407  9189005
            2048      16 1054522 2893397  6397004 1305846713138359 4248644 4146110  6711905  5970183  4623699  3871422 6225466  8357547
            2048      32 1426234 3855782  5095447 1420280013836752 5738844 4540600  7782107  9853037  3880166  3314266 6225466 12327589
            2048      64 1420104 4284671  6440169 1330111314539356 6420913 4911886  8398403 11770166  5359311  4481379 6629029 12635867
            2048     128 1411470 4293237  6280083 12345306 7903836 6225466 5970183  8159088 11001372  4094723  4284671 6114678 12416686
            2048     256 1483118 4367454  5738844 1118764112729493 5986827 5953632  7112016 12257227  4875642  4001263 5816563 10945301
            2048     512 1491617 3530875  6483920 1019206910179991 3604966 5578583  5804771  9752360  4056054  4531020 5937172 10959265
            2048    1024 1300361 4154130  7962448 1170600611320334 5535444 5848244  5119743  8229438  4911886  5521212 5789123  9024882
            2048    2048  997460 2172024  6649556  7643611 5156624 2503765 3598924  3012103  5349298  4104506  2321725 4385291  4937295
            4096       4  983685 2944881  5721272  7061751 6410863 3160500 4836939  5843879  5542240  3686820  3095580 5634950  5910222
            4096       8 1366648 3621537  6225028  6555186 8548024 3410188 5113352  7380284  6815229  3817065  3245277 6103394  7728911
            4096      16 1373092 3439547  4271680  5689064 7185807 4179197 5306022  7405736  6342230  3005151  3250804 5483860  7421732
            4096      32 1388406 3832392  5081590  5544029 6430059 3498380 6204794  8193352  7599002  4581535  3160500 5910222  5851841
            4096      64 1278758 3319264  6368089  6263611 9124610 3860813 4581535  8463799  7314299  3686820  2850103 4817948  6758923
            4096     128 1252559 3571100  4858827  5706070 6861502 3938705 5101205  7380284  6204794  2894765  3857345 5107271  5461198
            4096     256 1485145 3874745  5953231  7274040 7715028 4842392 5601877  7342434 10665388  3574815  2024780 4696769  4649735
            4096     512 1428227 3726809  6178018  7237268 8426437 4226492 5657217  7050159 11570449  4128976  2894277 4510565  5601877
            4096    1024 1184507 2769246  5014840  5928578 5258919 3937802 4491697  5095153 10065509  3537277  2708986 5556581  5833956
            4096    2048 1376834 3128843  4628439  4267436 3824713 1898998 4813898  3737349  6015769  2801763  4128976 4546375  5347310
            4096    4096 1147711 2117884  4511750  4607338 4125010 2448388 3136268  2511380  4082857  2907010  2698349 4495223  4560858
            8192       4  973258 2520556  5516264  5435974 4953250 2462215 4464155  4866952  4801658  2805379  2080289 4813093  4899570
            8192       8 1204345 2884511  5207752  4553488 4765695 2828938 4404075  6983962  4566196  2599700  2892768 4556507  5120061
            8192      16 1335302 3211248  5446314  5312425 5550123 3193638 5490700  7155586  5876668  3436384  2902788 4770989  4346140
            8192      32 1193676 3782110  3113760  1791360 2131655  779436 5932474  6737460  5661696  2993059  3597574 5050818  4873164
            8192      64 1236326 3711835  5793435  6521352 5684175 4104220 5063472  8102172  5013234  2687544  3279287 4810398  5056765
            8192     128 1267708 3762644  6118398  5721087 5888754 4304757 5075439  7585256  4235769  2968237  2934020 4449702  5214074
            8192     256 1337693 4000060  5178710  5482815 5461897 3828039 5708730  7563550  5081444  3766356  2822895 4445097  5097274
            8192     512 1222296 3749096  4770989  6108608 5724900 4065372 4282224  6804170 10836280  3289963  2762968 4320454  4890505
            8192    1024 1234283 3752371  5669170  6345516 5825851 3936812 5396699  6983962 11569692  3349292  3283361 5284645  5810089
            8192    2048 1327306 2983184  1298661  1084594 1289692 2837348 4638941  3154351  4244140  2622319  2506581 2492218  2354728
            8192    4096  690498 2494390  4173008  4459520 4430767 2845337 3394960  2525373  3997733  1691530  2752565 2540122  2520741
            8192    8192  969688 2120080  3220277  3177689 3514413 2435167 3523423  2087747  4416529  2721605  2400964 2772331  2760970
           16384       4  829817 1553445  4044509  3793343 3963105 2253333 4889393  5380560  4698830  2435582  2320678 3250099  5307422
           16384       8  855243 1843194  5696807  5801655 4994944 2594871 4845608  6725463  4905448  2224233  2879894 5756940  5624535
           16384      16 1186049 3203136  5630064  4137532 1373680 1042565 4973975  6881026  1583916  1148717  2371779 5775325  5783588
           16384      32 1386009 3006784  5208070  5115033 4761668 3267096 5233056  6844020  6081474  3006784  3620853 6187150  6407526
           16384      64 1369110 3655329  6129753  6215691 4161586 3675073 6333122  8737593  6447807  3817365  3783944 5324694  6217941
           16384     128 1291287 3554001  4498582  5311114 5499843 3738857 5425162  8278651  5830203  3313889  3178395 4850396  4525840
           16384     256 1165610 3650668  3797955  5546005 5587946 3052190 4937877  6657054  5659741  3339657  2827751 4728250  4925842
           16384     512 1426905 3703394  5770960  5789435 5787485 3803210 5678917  6980986  5454010  3315968  2959647 5574800  5624535
           16384    1024 1106882 3325918  5572539  4893571 5635605 3822674 5188017  5845080 11048492  2990819  2215841 4654590  4263310
           16384    2048 1216148 2237049  5350814  5411065 5017922 2944682 3301153  1826343  4720131  1958388  2158084 5121895  5016457
           16384    4096 1284817 2739704  4453395  4462070 4452241 2662327 4152032  3085491  4448782  2649394  2190415 3611908  4050469
           16384    8192 1108757 2681023  4407975  4423296 4431568 2383460 3507562  2716098  4397256  2606485  2588713 2722554  3419082
           16384   16384 1110334 2455687  3614378  4445041 4219593 2663668 3250099  1727366  3204331  2090338  2600665 4037618  4448494
           32768      64 1171120 3224237  5358493  5012031 5659462 3700483 5515692  7405193  5591766  3384128  2730007 6196580  5019536
           32768     128  756419 3803506  5115186  6291895 5910385 3806350 6125875  7824232  5360374  2486016  3723239 5126443  5462205
           32768     256 1297636 3865987  4012721  5748706 5681923 3738939 4327040  7251258  4496199  2703213  3640882 5741741  5945927
           32768     512 1268017 2776723  4866679  5894668 5974098 3798355 5956750  7317274  5661560  3426140  3069011 5964247  5889364
           32768    1024 1164304 2587290  6008048  6096528 5942585 3890280 5939503  6172092  5577470  2999880  2280470 4312783  3451089
           32768    2048 1209277 2826519  4973040  5028903 5116900 2893463 4007339  1608567  3491150  1442008  1843288 3741484  5157995
           32768    4096 1169157 2681955  3303915  3580462 4305892 2671476 3349816  3064700  3731326  2015387  1941233 4025532  3228706
           32768    8192  948065 2454187  3849204  4318475 4408513 2712549 3501557  2737238  4387263  2001096  1765618 4094490  2770398
           32768   16384  802742 2414903  3585506  3652590 3498616 1278742 2505550  1668175  3828937  1584369  2873860 4297948  4146746
           65536      64  997550 3555169  5583226  5348047 6267765 3269250 5437333  7642544  5883541  3417230  3046487 6011965  5673106
           65536     128 1021889 2942677  4440690  5747721 5950278 3667150 6068104  8522340  6103676  3420291  2661461 6136927  6118622
           65536     256 1429825 3501192  5525760  5003893 5872354 3826954 4490015  6109510  5313004  3168299  3365475 5743757  5881401
           65536     512 1316245 3104218  5418362  4968169 4812473 3072469 4603872  3480180  4927115  3156076  3096420 5901478  5724261
           65536    1024 1457976 3628616  5271939  5408660 5379762 3693016 5813977  6240303  4630551  2369518  1852241 4535055  4479260
           65536    2048 1291860 2599200  3976947  2363528 3564066 2390953 2890627  2855969  3113042  1650900  2135358 4265852  4029770
           65536    4096 1190154 2255967  2342400  3427413 2478480 2103478 3318787  2901612  2799369  1379993  1905608 2586068  3284838
           65536    8192  960460 1781591  3233789  3647975 3970915 2219302 2969059  2664609  2948896  2155299  2144086 3257742  2666237
           65536   16384 1177732 2068107  3346912  3042811 3770108 2515082 2801508  2030105  2791267  2070771  1851767 3969023  2946368
          131072      64 1163997 2673522  4645137  4008082 3932225 2956267 4443735  7092634  4760705  1823409  2192062 1063102  5859011
          131072     128 1289683 1341054  5642873  5677019 4775800 2908240 5431467  7385934  5039710  1986845  2872320 5724130  5823634
          131072     256 1339914 3092202  5496359  5839160 5703700 3011703 2143591  7237170  4129565  1914019  1665735 2811549  5505331
          131072     512 1273223  965967  5273446  5166790 5375333 2586370 4926047  5751317  3786332  2174935  2073237 5262643  5295849
          131072    1024  991181  460156  4187058  5238673 5467225 2643491 5252938  5883214  4382486  1978266  1978650 5195059  5255047
          131072    2048 1125882 1623548  3438320  2420660 4003908 2458494 4685999  3426982  4815795  1801675  1758460 4157421  4857967
          131072    4096 1134263 1996644  2803677  4132669 4022834 2130350 4142853  2779129  3980801  1808991  1734968 3992944  4084008
          131072    8192 1133417 2294187  4066006  3913303 4095478 2313019 3722468  1969351  4023688  1638051  1895286 3911299  4178243
          131072   16384 1111089 2334937  3927029  4182280 3974527 2311347 4043309  2782956  4030000  1983505  1893497 3920419  4088838
          262144      64  109029  107409  5620684  6073213 5722039   76034 5301206  8148465  5723409   112790   104455 5348006  5923237
          262144     128  125083  131268  5375223  5632518 5426637   42821 5380194  8200977  5624077   118965    83907 1726653  5551300
          262144     256   80741  151283  4439066  5429987 5266470   81835 4982768  7161831  5433932   125700   104735 5360051  5494541
          262144     512  100429  105060  4439210  5466350 5441381  103099 4621897  7119446  5511866   118798   117696 5214519  4070368
          262144    1024  115244  112552  3501419  4530261 4931965  115150 4487842  6432984  5471028   119245    91125 4998852  3951995
          262144    2048   83132   82669  4254074  3588603 4130260   91203 4335240  3368686  4563940   115370   108875 3499770  2578943
          262144    4096   73879   86893  3361898  3082629 3611850   77424 2064384  1788051  3706729    87100   103583 3588463  3914931
          262144    8192  110073   94530  3533318  3577336 3044466  113913 3455727  2694486  2698096   119257   131571 2972626  4118533
          262144   16384  108439   91855  2861934  3957372 4041136   90604 1837220  1766636  2560005    93650   134527 3228248  2954169
          524288      64   25103   77485  5815924  6011499 3943617   15797 5399850  8428644  5251965    83257    85011 6047156  6213706
          524288     128   56445   65260  5470509  5931062 5408655   19482 5441661  8028275  5805882    79885    44824 5170135  5255115
          524288     256   43957   75017  4023632  5387811 5557259   31153 4650367  6924665  5433486    77518    73664 5250699  5494305
          524288     512   74649   57810  5188250  5483837 5520803   37291 5235074  6833513  5656974    90511    69530 5031067  5631088
          524288    1024   70448   50348  4533911  5495390 4471697   46902 4957893  6232691  5601368    75900    61433 4325696  5453496
          524288    2048   79591   51718  3918236  4139269 4533836   60750 3901095  3326280  4588029    79342    77751 3933733  4410751
          524288    4096   81414   69186  3682365  3994819 3154861   33914 2700982  2575331  3987712    82130    70805 3687360  3929782
          524288    8192   79744   48948  3906417  4029295 4002846   58159 2330385  2552709  2612663    51752    62172 2040999  3943645
          524288   16384   59645   33836  3818698  3426541 3628417   47048  383241  2730838  4015682    84073    83119 3785285  3998261

iozone test complete.
