	Iozone: Performance Test of File I/O
	        Version $Revision: 3.420 $
		Compiled for 64 bit mode.
		Build: linux-AMD64 

	Contributors:William Norcott, Don Capps, Isom Crawford, Kirby Collins
	             Al Slater, Scott Rhine, Mike Wisner, Ken Goss
	             Steve Landherr, Brad Smith, Mark Kelly, Dr. Alain CYR,
	             Randy Dunlap, Mark Montague, Dan Million, Gavin Brebner,
	             Jean-Marc Zucconi, Jeff Blomberg, Benny Halevy, Dave Boone,
	             Erik Habbinga, Kris Strecker, Walter Wong, Joshua Root,
	             Fabrice Bacchella, Zhenghua Xue, Qin Li, Darren Sawyer,
	             Vangel Bojaxhi, Ben England, Vikentsi Lapa.

	Run began: Sat Oct  5 02:26:19 2013

	Auto Mode
	Command line used: iozone -a
	Output is in Kbytes/sec
	Time Resolution = 0.000001 seconds.
	Processor cache size set to 1024 Kbytes.
	Processor cache line size set to 32 bytes.
	File stride size set to 17 * record size.
                                                            random  random    bkwd   record   stride                                   
              KB  reclen   write rewrite    read    reread    read   write    read  rewrite     read   fwrite frewrite   fread  freread
              64       4  496362 1330167  4897948 1597288510821524 4564786 2467108  4897948  4274062  3022727  1780008 4643754 12902017
              64       8  681644 1392258  3363612 1290201710402178 4897948 4897948  6421025  5283570  3738358  3022727 5283570 12902017
              64      16  969761 1562436  6421025 2096219115972885 5389653 4564786  4564786  7940539  3738358  3057153 3541098 10821524
              64      32  735831 1421755  6421025 1597288515972885 5860307 2662899  4564786  4207076  3057153  2379626 6421025 15972885
              64      64  298990 3406295 15972885 2096219115972885 5860307 5283570  5860307  4897948  5735102  2133730 4564786 20962191
             128       4  901083 2558895  5603747 12842051 9795896 4407601 4557257  5325799  7476717  3895854  2969325 5379161  9795896
             128       8  883293 1858934  6114306 1588107812842051 5545860 4889281  4889281 14200794  4267461  2058509 5847904 14200794
             128      16 1048974 3053774  4135958 1077930712542043 5379161 5603747  6406138 12542043  4759253  1905110 4557257  9795896
             128      32  864797 3359523   753179 1420079414200794 6114306 3359523  4934216  7917784  3867787  4012317 5545860 10567140
             128      64 1030846 3560017  5545860 1284205114200794 6114306 4934216  6727225  4934216  3277486  4934216 5545860 15881078
             128     128 1165070 3657016 11720614 1863766414200794 6406138 6114306  6330599  3867787  5784891  4135958 5784891 12842051
             256       4  952062 2665657  5569035 12228612 9114515 4264168 5117791  1185399  7735574  3810220  3511189 5217259  9778562
             256       8 1099237 3511189  6249745 1169580812090911 4496299 5687020  1117543  9868433  1642294  3465855 5938650 11091721
             256      16  812329 2699161  6213578 1435374413454450 5428265 4070199  7073132  4929815  5455847  3043436 6249745 14164395
             256      32 1076103 2719671  6936061 1516462413454450 5938650 4009406  7314033  8815202  4734192  4281170 4929815 14164395
             256      64 1219045 3207059  6398720 1607260815164624 6554972 4404088  7518900 10245071  5938650  3454704 6107548 15164624
             256     128 1132871 3410808  8024634 1607260813454450 1938842 3654598  5347168  7965107  4181144  7314033 5687020 14353744
             256     256 1356067 3823789 12228612 1281227712812277 6107548 4734192  6107548  5117791  6073004  3285566 5687020 12812277
             512       4 1051242 2736325  4916336 11620224 9510316 3762197 5019764  2665014  5398323  4340054  3415178 4973263 10911694
             512       8  833713 1889050  6035551 1343809212146009 2548017 3481620  6319739  4927617  3822466  3963567 5384786 13190469
             512      16 1261144 3299730  5278892 13522711 2753870 5278892 2368185  7115451  7309196  4784885  4195896 5624545 12797441
             512      32 1110496 3409755  6018636 13783088 3556580 5699180 4571003  7309196 12797441  5495016  3550700 2613128 12215097
             512      64 1160923 3762197  6999490 1424006913783088 6551087 5384786  7410080  8109658  5551840  4485083 5699180 13872122
             512     128 1242177 3366987  6909408  323998912215097 3795443 5684095  6931711  7540170  5684095  5278892 5495016 13438092
             512     256 1375881 2845081  7540170 1249949012146009 5453155 5624545  6472112  7435738  3678421  5699180 5822804 12499490
             512     512  917412 4195896 12499490 1310994412797441 6104175 5384786  5566231  5760329  6086873  4927617 5951911 13109944
            1024       4 1090423 2540189  5690162 11368190 9220512 3866533 5245404  5958564  6874084  4300102  3369115 5690162 11489839
            1024       8  995171 3281592  6199382 1381881711903823 5018624 4095102  6874084  5390231  4265934  4249053 6393168 14044758
            1024      16 1262555 3926627  6402699 1381881712790037 5690162 3863055  7306780  7811791  5444898  2553783 5200941 12492426
            1024      32 1264413 4014717  6559147 1461839313818817 5813392 6059442  7869040  8840915  5536137  4488860 5682634 14230902
            1024      64 1510288 3984917  4044965 1502757714230902 6441107 6093831  4126579  4228138  4507705  4195100 5593820 12173747
            1024     128 1450607 4178773  6402699  819954213863422 3751699 5789881  7356843 12790037  3984917  4392454 5853003 14044758
            1024     256 1132697 3556008  3579719 11773301 4379019 5660167 5845038  7054742 10134284  4356809  5018624 3863055 12639479
            1024     512 1096268 2916180  7160597 10354166 9300377 5120336 5472650  6128613  7883484  4550690  6128613 5885083 13102174
            1024    1024 1182598 2565989 12348754 1347205313472053 5652717 5472650  4215688  5853003  5917516  4531485 3085895 11645609
            2048       4 1219675 2340705  4096676  6967792 6917293 2829540 3984558  4453499  5430461  3357009  2639154 4196751 10780463
            2048       8 1063399 3130664  4071433 1280539912187663 4063729 4481379  4421406  4829046  2810101  3234398 6171791 13836752
            2048      16 1333259 3235617  3835124 1338401112959958 4231899 4164199  5068389  5723548  3512108  3038742 6284678  7368238
            2048      32 1264935 3894239  4423683  726233713748169 5535444 3710866  7969835  5596757  3751381  3799501 5970183 12729493
            2048      64 1310478 3487865  4886737 1346794914613561 5986827 4633675  6114678  4601407  3894239  3047366 6024617 13038646
            2048     128 1370703 3413030  5785224 1191712913836752 4511980 4414590  7036283 15181774  3441748  3038742 6003564 12345306
            2048     256 1304508 4120256  4293237  7393606 7183386 4500161 5489457  6939647 11502234  2824887  3984558 5626082  8574451
            2048     512 1280015 3200654  4948672 12416686 8059569 5376082 3525079  5704543  7237860  3663388  4136128 4257067  8949659
            2048    1024 1146730 2338157  7670915  8498106 7336772 3483621 5549749  6020395  8198022  4707314  4897882 4728042  6167360
            2048    2048  794422 1820362  6041567  7582884 7336772 4265523 4154130  4238163  4663865  3065856  2837016 4231899  3917325
            4096       4 1122514 3023131  4671228  5291314 4725189 2577699 3574071  4307020  4145915  2457143  2723157 3901141  6339889
            4096       8 1274394 3266255  4887857  5211065 4530788 2874423 4128976  6105563  4471821  2520592  3067940 5689064  6358661
            4096      16 1397100 3341213  5988509  5404504 7301864 3271230 5271829  7476641  6737716  3482778  3580030 4959824  5101205
            4096      32 1467135 3470816  6103394  4691638 9000323 3953206 4587653  7742845  5211065  3611639  2985308 5504946  4977067
            4096      64 1452498 3319264  5704175  4675041 5902100 3628421 4063542  8093001  6439700  4417775  3248345 5988509  7185807
            4096     128 1151866 3757786  6094733  7364466 8925508 3290024 5826043  7939654  7274040  3795980  3308398 4545172  4496399
            4096     256 1403147 2955520  3853020  5535098 7784948 4312426 4906002  7096756 13217259  3754501  3410188 5319164  4917236
            4096     512 1539165 2854365  6005255  5475122 4959824 4298399 5131680  6149271 11252164  3459633  2940849 4149921  5389246
            4096    1024 1498749 3000952  4982841  5332372 5286429 2959594 4570565  4841028  6930704  2305154  3562214 4952675  6252213
            4096    2048 1016151 2359610  5119446  5038371 4575434 2568066 3828122  2224851  4144915  1337599  3740604 4348447  5389246
            4096    4096 1080508 2644356  3634562  3771811 2750624 2464192 3670280  1992144  3795980  2536221  2122332 3509816  2671911
            8192       4 1130708 2364938  4284360  5028642 3884297 2125063 5184962  6014511  4341197  2815032  2519817 4110112  4596740
            8192       8 1197670 3430209  5557305  5505657 5113204 2657200 4373245  6591409  5113204  3324662  2454125 4287033  4061528
            8192      16 1412887 3471099  5834754  5944791 5728718 3090236 5066458  6006101  5181053  2975692  3275536 5110922  5557305
            8192      32 1346711 3810210  6384425  5970616 6210183 4000060 5649594  5789530  5889763  3780030  3645670 6321001  5927357
            8192      64 1465996 3239099  5649594  5993529 6201216 3901055 4171488  7649426  5050076  3891776  3255981 4964702  5075439
            8192     128 1422186 3723500  6005051  5842692 5801260 4179607 5520695  7301563  5194368  3259688  2800805 4719221  4257814
            8192     256 1329412 3068160  4989212  4454317 4290780 3563251 5025700  6775991  5028642  2967211  3554036 4809724  4776959
            8192     512 1283429 3250744  5688881  5740202 5717279 3966810 5392464  6590145 10488942  3644124  3518732 5146134  5174810
            8192    1024 1236904 2385628  4740709  4561346 4496285 2997498 4673646  6239504 11408351  3235439  3114889 5378957  5868638
            8192    2048 1351372 2204977  3932757  3808521 3262163 2301264 3276785  2474094  4852518  2294043  2557706 4844308  5013966
            8192    4096 1100011 2122175  4187757  3455043 3540122 2134436 3263713  2427940  4081792  2422804  2912136 4128880  4268923
            8192    8192  979920 2215784  4211884  3572513 3398990 2632364 4409161  2904996  3180042  2302961  2852186 3414868  3538663
           16384       4  978494 2807419  5552278  5620394 4576476 2450171 4903698  5655548  4823162  2748580  2663152 5273212  5298828
           16384       8 1282395 3065397  5779211  4381835 4344712 2532708 5197828  6852892  4039516  2546504  3294033 5085131  5520166
           16384      16 1163951 2716205  4705264  5309472 5359578 2751331 5599328  7934536  4603763  2518691  3175898 5779211  5981949
           16384      32 1221792 2994599  4285644  4268872 5163459 3308464 5593404  7627187  6099827  3294664  3469838 5834658  6306387
           16384      64 1353283 3098849  5001124  3593023 5949323 3861554 3718424  6134130  4603454  2749460  2105130 5917050  4920199
           16384     128 1184414 3154468  3500950  3904780 4074485 2682802 4404302  4323936  5756940  3140484  2779261 4126104  4340047
           16384     256 1281104 2291198  3564139  2049748 5221128 3272074 4374861  5906370  5578420  3052732  3413986 5028571   938485
           16384     512 1453771 2982641  4406844  5843092 5553625 3749261 4670408  6301760  4249864  2505650  2903868 4874480  5297194
           16384    1024 1192781 2264546  4667870  5229472 5090027 3455878 3969973  6695321 11687372  2979020  3032927 5494566  1856139
           16384    2048  878734 2888003  3999083  3650668 3403503 2926249 3841479  2138608  6032360  2224017  2325626 3470364  4873443
           16384    4096 1079039 2270156  3301946  3122504 3192571 2451307 3488155  2458938  3747625  2428266  2551989 3196283  3213321
           16384    8192 1181339 2584623  3929116  3206873 3584215 2621799 4291264  2725686  3089514  2034516  2645518 3369790  3479325
           16384   16384 1020806 2597716  4284575  3761368 3781237 2192721 2123671  2637497  3280039  2086340  2440685 3017876  3599234
           32768      64 1170123 3427592  4446020  5720710 4488270 3425457 5024123  6852484  4102189  2434107  3412190 4263946  4950470
           32768     128 1253984 3569026  5361210  5390438 5287780 3073678 5693693  7719205  3839312  2326130  3461693 4083783  5442306
           32768     256 1349480 2831177  4038069  4390767 5535017 3573387 5399332  6692649  5530563  2894194  3238902 5676057  4884841
           32768     512 1463707 3489644  5662260  4496787 5785489 3742706 5186609  5301445  4968725  2440807  3085824 4387823  4756528
           32768    1024 1380632 3545548  4931287  4525960 5713575 3738939 4759328  7117204  5131228  2624844  2367481 4446163  5410810
           32768    2048 1156078 2329599  5298788  4881371 5343908 2894194 5070835  2366788  5085847  1885597  1792772 3488226  4388384
           32768    4096 1302445 2634050  3567173  3744542 3804874 2560395 4319561  2385396  3263745  1754820  1777791 2350476  2965958
           32768    8192 1160999 2539203  2707846  3274476 3902763 2540564 3444170  1858644  3622361  1879126  1504221 2436826  2935174
           32768   16384  951313 2281076  4155648  4390767 4393013 2719150 4311566  2949409  3007363  2023726  3121072 2736584  2846186
           65536      64 1008664 3181501  6190831  5453082 4285071 2237803 4498908  7686784  4317512  2655009  3397211 4569508  5868092
           65536     128 1095791 3222151  4045189  4094234 5390417 3418845 4180410  6553480  4169440  3128205  3421142 4024578  4570420
           65536     256 1329275 3376388  5325459  5239981 5481463 3477846 5553447  7175693  5429278  3142582  3277279 4334123  4533185
           65536     512 1149776 3442350  5742198  5711771 5475894 2886529 4213992  5886061  4837627  2842707  3333800 4546682  5606686
           65536    1024 1389206 2998794  5388198  5318144 5509921 3631589 5780234  7112564  5375238  1933502  2871483 5119931  4308444
           65536    2048 1238563 1768081  4869335  3025796 2800795 1965690 1835017  2700048  2515588  1235412  1733394 2989239  2861945
           65536    4096 1033722 2236419  3436798  3304742 3454550 2621334 3213976  2679544  3962957  1699937  1946605 4172668  3734053
           65536    8192 1072059 2098564  4222407  3205954 3753275 2396185 4131091  2838275  3257240  2002376  1730045 4046201  3906024
           65536   16384  988432 2068356  4201817  2876651 3421015 2546372 3092066  2933413  3260834  2440261  2607979 3534688  3527249
          131072      64 1227610  706466  4976570  4688836 5339622 2517130 5621351  7094922  5306379  2767448  2774137 5669701  5955100
          131072     128 1324509 2507691  4966185  4893643 5060912 2405514 5878936  7760768  5857451  2816995  2989301  505565  5920404
          131072     256 1151147 3089577  5266677  5315152 5565918 3093071 4830733  7053685  5311762   372739  2169707 4362974  4770247
          131072     512 1126648  618707  5277091  5735177 5273497 3084325 4078524  5640441  5242669  2696456  2698720 4828229  5564510
          131072    1024 1287011 2816216  5426106  5834512 5755110 3199997 2155501  6733671  5636566  2151898  2453798 5396333  5640152
          131072    2048 1179756 2067615  3781540  3553832 3961552 2034739 4556624  3688007  4688156  1821277  1777345 3021901  3218714
          131072    4096 1133547 2188729  3991958  4054431 4063091 2277489 3983454  2782139  4016427  1766755  1909750 3503284  3913192
          131072    8192 1089387  755154  4016779  3392825 2991350 1721754 3990741  2803077  4023953  1854940  1217912 3337541  3494222
          131072   16384 1150581 2243692  4040189  3989293 4119569 2293030 4005745  2813117  4021716  1968674  1978088 3914474  4046433
          262144      64  117889  109183  5407022  5901079 5674992   64885 4678458  7281784  5340836   133012    94711 5550823  5886515
          262144     128  132941  111010  5017214  5771053 5419682   63021 5249598  7306754  5603754   121509   113299 5166421  5047826
          262144     256  119825  108820  5168461  5614800 5453823   71445 5062352  7139184  5393151   124478   113530 5076376  5221775
          262144     512  118536   91362  3039425  5691354 5690352   89644 5061070  6066043  5414504    77655    92758 5022784  5491989
          262144    1024   92615   96970  5203217  4122146 4457242  112645 4569364  5735949  4905187   123725   108424 4972852  5580602
          262144    2048  119334  111668  4170348  4667297 4572709  116918 4276411  3409921  4797133   126132   117412 4358094  4532707
          262144    4096  122803  115987  3776848  4060282 3945217  128224 3777120  2558802  3992985   121885    92400 3776913  3876490
          262144    8192   89370  102049  3693307  2647385 2895495  130014 1192344  2633946  3985950   110733   122341 3776355  3942430
          262144   16384  118158   74489  3853476  3971394 3902689  103551 1103815  2357661  3604934   135200   128834 2864805  3592484
          524288      64   25968   62839  4850428  5581563 4557761   21846 4826771  7819839  5611130    70727    76167 5107227  5845934
          524288     128   71347   57194  5452590  5602195 5511228   21704 5380836  7748283  5737203    79207    66198 5395240  5829445
          524288     256   68961   63042  5241462  5492795 5409560   31185 1640286  6794809  5670613    84180    81215 5354084  5473872
          524288     512   78386   35162  5420949  5728729 5638422   54003 5168872  6815933  5409108    76795    82485 5389263  5476108
          524288    1024   74225   49861  5333502  5551956 5666697   50724 4882868  6466216  4536418    56012    40934 5379902  5484877
          524288    2048   64806   40977  3881950  4042182 3926814   64207  923582  3205676  4515208    75254    45449 2672415  4640172
          524288    4096   71843   37672  2961325  3841136 3630951   42278 3983652  2719490  4022771    41373    56005 3742401  4022521
          524288    8192   76288   43094  3807102  3974228 4052215   42615 1063404  2586164  4137049    70479    70876 3991077  4035469
          524288   16384   76095   36481  4046243  4276617 4062546   76821 2723276  2728479  4072772    79023    42859 3944331  4213545

iozone test complete.
