	Iozone: Performance Test of File I/O
	        Version $Revision: 3.420 $
		Compiled for 64 bit mode.
		Build: linux-AMD64 

	Contributors:William Norcott, Don Capps, Isom Crawford, Kirby Collins
	             Al Slater, Scott Rhine, Mike Wisner, Ken Goss
	             Steve Landherr, Brad Smith, Mark Kelly, Dr. Alain CYR,
	             Randy Dunlap, Mark Montague, Dan Million, Gavin Brebner,
	             Jean-Marc Zucconi, Jeff Blomberg, Benny Halevy, Dave Boone,
	             Erik Habbinga, Kris Strecker, Walter Wong, Joshua Root,
	             Fabrice Bacchella, Zhenghua Xue, Qin Li, Darren Sawyer,
	             Vangel Bojaxhi, Ben England, Vikentsi Lapa.

	Run began: Sat Oct  5 02:26:20 2013

	Auto Mode
	Command line used: iozone -a
	Output is in Kbytes/sec
	Time Resolution = 0.000001 seconds.
	Processor cache size set to 1024 Kbytes.
	Processor cache line size set to 32 bytes.
	File stride size set to 17 * record size.
                                                            random  random    bkwd   record   stride                                   
              KB  reclen   write rewrite    read    reread    read   write    read  rewrite     read   fwrite frewrite   fread  freread
              64       4  582535 1204796  4897948 1597288510402178 4274062 2662899  4988978  4564786  3363612  1460430 4897948 12902017
              64       8  634890 1452528  4018152  818258610821524 4564786 2923952  5860307  5860307  2444640  1484662 3363612 12902017
              64      16  673098 1518251  7100397 2273779115972885 5283570 3057153  5860307  9006179  3363612  1991276 3541098 10402178
              64      32  725882 1562436  5735102 2096219115972885 5389653 3057153  5283570  3203069  4564786  2298136 3057153 15972885
              64      64  863676 1638743 15972885 2096219115972885 5860307 3203069  5283570  4018152  4274062  1484662 5860307 20962191
             128       4  790905 2004703  4717434 1284205110779307 4407601 4759253  5545860  3359523  3982553  1878447 5325799  9795896
             128       8  859260 1967960  6114306 1284205112542043 5603747 3380677  6727225  6727225  3759450  1967960 5784891 11720614
             128      16  902598 2066432  3982553 1636517314586625 5784891 3199360  6727225  5074121  4596273  2166499 5325799  9795896
             128      32 1007629 3277486  7082197 1801235914200794 6114306 3359523  6812590  8548124  4267461  2367096 5325799 10567140
             128      64  927549 2211113  7082197 1636517316365173 6114306 3657016  7082197  7176872  3759450  3106789 3867787 14200794
             128     128 1217930 2286447 11720614 1801235912842051 6114306 4012317  6045455  5545860  5545860  2511022 5545860 12842051
             256       4  944525 2305128  4422226 1281227710245071 4496299 4819184  5117791  8208677  3935921  3316006 5320671 11091721
             256       8 1031644 2435861  6107548 1416439513454450 5569035 5540300  7120034  4652146  5022044  3326279 5841722 13454450
             256      16 1108314 2692393  4350555 1416439512812277 4197489 2325094  7314033  5117791  5347168  4572895 5455847 14953435
             256      32 1267990 3499745  5455847 1495343514164395 6073004 5687020  6595234 12228612  1642294  3207059 6249745 14164395
             256      64 1011241 2943325  5455847 1516462413454450 4652146 4907284  4572895  7314033  4907284  3557725 3410808 13454450
             256     128 1148625 3756894  7965107 1495343512812277 4819184 5242734  6761355  7314033  4264168  5938650 5455847 13454450
             256     256 1332507 4117018 12812277  802463412812277 6213578 5428265  5938650  5971678  6073004  4332998 5938650 13625180
             512       4 1094088 3158966  5886650 12215097 9814569 4375425 4411377  5699180  8109658  4163357  3556580 5439343 11374040
             512       8 1242896 3284589  6472112 1462806712797441 2845081 5115422  7435738  6652558  4973263  4271001 6035551 14628067
             512      16 1326585 3556580  6551087 1462806713522711 6018636 6338392  7620440  6571132  5278892  4340054 5278892 14240069
             512      32 1402845 3504346  6632013 1503780114240069 5639315 3239989  7988981 10434519  5495016  4532414 4228947 12797441
             512      64 1347393 3710197  6571132 1503780114628067 6571132 5509113  7988981 10044089  5624545  4532414 6246213 14628067
             512     128 1334001 3762197  7309196 1462806713438092 6571132 5384786  7540170  5067142  5744919  4973263 3788747 13109944
             512     256 1260404 3284589  7871843 1310994413109944 5760329 5968453  6821616  8265729  4620174  7115451 6018636 13109944
             512     512 1488408 4494470 12797441 1387212213109944 6104175 5886650  6246213  6156675  6156675  2105777 6018636 13522711
            1024       4  779938 2926114  5821271  4966395 7883484 3966517 5390231  5813392  7699755  4095102  3518141 5853003 11489839
            1024       8 1350701 4249053  4110780 1423090212639479 5194651 5751117  7066349  9485232  2146618  3529706 6172653 14230902
            1024      16 1428415 3970183  5564829 13863422 1783768 1207534 5048117  7257394  3345496   879790  3849207 5623115 13686709
            1024      32 1512948 4199201  6479979 1364323213305116 4694950 6128613  8061038  9064828  5564829  4634161 4146499 14422045
            1024      64 1468964 4694950  6819511  9381637 6692005 6016997 5925680  8457895  9402175  5720477  4130547 5950309 14618393
            1024     128 1499217 4079544  6830356 1442204510906310 6327241 6059442  8061038  9569770  5690162  4694950 6059442 14183905
            1024     256 1432225 4339202  6830356 1314226512983353 6280976 2708381  6963241 10557785  3294177  4064103 5720477 12173747
            1024     512 1428415 3849207  3891053 1245619512348754 5720477 5536137  6402699  7699755  4715569  6208343 5925680 13102174
            1024    1024  779371 3509517 11645609   659363 8122014 4854136 5363307  3643490  2952261  2791104  4512441 5958564 12639479
            2048       4 1229979 2585923  5836323  7237860 9664580 3955204 5349298  5420181  7237860  4170264  3574960 5689430 10834854
            2048       8 1425051 3266376  6543188 1288221512635867 4875642 6189580  7529708 10096235  4934459  3423913 6401772 11966935
            2048      16 1415424 4240255  6401772 1263586713467949 5306340 3878414  7183386  7582884  3525079  3698085 6080053 12327589
            2048      32 1388428 3131805  2959183 12635867 6922868 3561619 6189580  4056054  7268482  4676561  3329682 3204236 11015480
            2048      64 1552545 3459769  6024617  886651911564174 3946119 5564129  8325147  6939647  3477979  2730599 6440169 14944066
            2048     128 1601164 4274012  6479029 1263586714040298 6303124 4738475  8097557 15399510  4207028  3624742 6149699 12882215
            2048     256 1502575 4330028  6321679  829299812654482 5900467 4509611  7013303 12187663  3215029  4096676 4405533 10959265
            2048     512 1288076 2632683  4327846  652331210726615 3690142 5800851  6303124  5785224  4509611  3512108 5578583 11072275
            2048    1024 1221235 3287628  6075753  8365686 4509611 3507805 4188565  5916724  6563185  3624742  4265523 5723548  7817519
            2048    2048 1324624 2722809  4751580  5303064 6340344 3454204 3644736  3346546  3723735  2389540  2631876 5056455  5200329
            4096       4 1205452 3172758  5704175  7197849 7639552 2919360 4812550  4730393  4288742  2824797  2670249 5325760  5426697
            4096       8 1426211 1023232  4581535  5291314 7015611 2866270 4235870  6872481  5402804  3374022  2659914 5153230  5475122
            4096      16 1444802 3799338  4756587  6140479 6370451 3680502 4835578  7529067  5926533  3175690  2961635 5918366  6512939
            4096      32 1537512 3937802  6351609  814286710344298 4167033 5447345  7954358  7683972  4476482  3996428 6293440  8062616
            4096      64 1333757 3750403  5312585  6430059 7802627 4352854 5996870  6572741  4456740  3980686  3519162 4910209  5971855
            4096     128 1531755 3450600  5792648  5284803 5431844 4121052 5649775  6872481  4452120  4015108  3180393 5304384  5312585
            4096     256 1266970 3300770  5007531  4712228 7802627 3634562  342707  4757904 13381985  3980686  3785942 4789740  6565206
            4096     512 1533532 3792628  6151473  7076294 7572208 4501111 5634950  6690486 11664722  3781775  3927001 4019805  6300364
            4096    1024 1234824 2773270  5299475  5689064 6908408 3225172 4648477  5542240  9801354  3737349  2550529 5664678  5461198
            4096    2048 1369917 3153539  5223741  5603704 5469892 2747106 4031124  2594046  5971855  2974969  3133979 3989004  4293029
            4096    4096 1276762 2364807  3938705  4347346 3155276 2832715 4117102  2607037  4180214  2594046  2769693 4557229  4389555
            8192       4 1077587 2904014  5417973  4589372 4289173 2331243 4905166  5442863  4958969  2866224  2598324 3459566  3594563
            8192       8 1310949 2967980  6135880  5911041 5769116 2662347 4919916  6267959  5104089  2929767  3152036 5435974  5538493
            8192      16 1275805 3287445  4187757  5855636 6163396 3197502 4186227  7262978  5007390  3196312  2713438 4390568  3187712
            8192      32 1365551 3730372  5793435  5065711 5204597 3107845 5254742  6978288  5184180  3092461  3613845 1887192  6340832
            8192      64 1228721 3288703  5053790  4861443 6480761 3868117 4425630  7543623  5962328  3382261  3546333 1050666   614556
            8192     128  982020 2051596  5152307  5136133 4456628 2435857 1855497  1478168  5531360  3193638  2925775 4934754  4931921
            8192     256 1418721 3443271  4952536  5527801 5309142 3254747 4844991  6380868  4776295  2641673  3065697 5123115  4976927
            8192     512  954442 3219976  5580773  5374750 6040947 3705430 3642192  4211884 11174604  2671039  2926772 4914286  4638941
            8192    1024 1201523 1801693  5351312  5546540 5897851 3405054 4937591  6286308 10707952  2908931  2448355 4807705  4911476
            8192    2048 1139180 2294043  4035293  4309076 4011735 2473381 3535386  2478734  3806833  2298493   955663 2238885  1496516
            8192    4096 1129481 2254900  4376587  4306915 3212449 2604824 4227431  2057246  3223903  2156405  2771213 3308336  3865941
            8192    8192 1221601 2572837  3489075  4061528 4461836 2658845 3731993  2615731  3490493  2442437  2349897 3600968  4467057
           16384       4 1127365 2335585  5349148  5352482 4607158 2399858 5227880  5257880  4980103  2768066  2840492 2135882  4820117
           16384       8 1279196 3155047  5312756  5655083 4811679 2672681 4890785  6706429  4543494  2862857  2809715 5588400  5075741
           16384      16 1406116 3468962  4784877  5314400 5147215 3072798 4867574  7179363  5345819  3178983  2969238 5058554  4917031
           16384      32 1410359 2963348  4926195  5542427 5704846 2758731 4967862  7477794  5770960  3058983  2954684 4643896  4219334
           16384      64 1156002 3104729  5186451  5342079 6113394 3803210 5946749  8237961  6182140  3335442  3605654 6045627  6239394
           16384     128  922423 3667815  5100606  6079322 5962227 3700204 5113891  7519524  5009144  3346976  2674033 4693374  4721428
           16384     256 1357292  819691  1720791  5681264 5512638 3381563 4975415  6439952  4150026  2635777  2472296 1026248  5529493
           16384     512 1333975 3652997  4853136  5683144 5872051 3803210 4890785  5708638  5512638  3262443  2625706 5126480  3953529
           16384    1024 1430797 2895669  5807538  5647647 5857536 3313250 4344712  5193114 10751183  2818473  2140073 5603438  4256708
           16384    2048 1265556 2330200  3546298  4105399 5072369 3013509 3623144  2562074  4056446  1815199  1360221 5206492  5359578
           16384    4096 1291797 2698711  4472816  4349387 4487712 2676741 4437864  2995773  2339879  2030189  1997322 3269583  3521221
           16384    8192 1082233 2682802  3573406  3491168 3780197 2743861 4208481  3039231  3296561  2097292  2827286 4385470  4274448
           16384   16384 1266162 2022719  4453395  3708391 3354001 2691102 3378903  2733818  3742522  2211065  2477109 4416190  4442742
           32768      64 1332420 2905452  4425832  6124783 6100858 3045886 5244599  7503434  6246144  2892367  2664536 1713279  4827364
           32768     128 1500215 3714786  6190998  6224926 6097339 3719914 6076044  6868236  5463942  2863800  1660395 4174835  4124347
           32768     256 1259142 3443825  5950303  5841057 5433270 3222650 4961909  7212823  5181525  2887809  2945742 4939262  5786463
           32768     512 1248686 3764748  5624490  5506190 5554703 3459863 5099244  6351503  5136789  3227417  3458035 5329816  5491669
           32768    1024  933613 3679382  4482707  5631173 4739469 3034588 5575660  6355321  5782081  2735876  3082917 5245400  5678871
           32768    2048 1289020 2665828  3590283  3297257 3995108 2681274 3563659  2885020  6558827  2108353  2304986 4179024  3606014
           32768    4096 1159853 2143504  3103033  3637317 3242723 1906893 4178008  2263904  3935619  2161200  2008084 1484064  3317633
           32768    8192  562152 2425472  3606488  2022832 3103593 2102130 3395247  1634236  2542350  1764847  1538901 1183687  2853336
           32768   16384 1300522 2703638  3675152  3803611 4369132 2276655 3764645  2953402  4322277  1870762  2784487 4282280  3543628
           65536      64 1147175 3573750  5663871  6354117 6055272 3483532 6110596  7532799  5269817  3083775  3483002 4908375  4974282
           65536     128 1353486 3466050  4123531  5912649 5890854 3494337 5255007  7285817  4646912  2672199  3328230 5429171  6083953
           65536     256 1292267 2323491  5094595  5870849 5752291 3621207 5467616  7078132  5550083  3037432  2900449 5943202  5863460
           65536     512 1507751 3705362  5528094  5486934 5758317 3651852 4826246  7048367  4689484  3184597  3229344 5000070  4898404
           65536    1024 1282780 2643010  4685487  4615855 3677207 2628076 5114406  5172049  5028517  2079780  2254653 5016861  4434744
           65536    2048  970775 2662982  4726333  4552028 5181115 3070033 3951052  3903473  4947601  1789770  1763283 2843707  2491013
           65536    4096 1289339 2682054  3315224  3669598 3391761 2172006 3141684  2353088  2184747  1737854  1175195 4084257  3927174
           65536    8192 1203779 2511520  3110541  4224873 3960616 2495468 3764481  2244307  3896059  2027903  1849164 3919614  3442738
           65536   16384 1090141 2317634  2741054  3627802 2838773 2215260 4051927  2067702  3439464  2343159  1928104 4233071  3254695
          131072      64  808167 2918678  5484132  5953229 5978478 3030497 5589687  8655008  6170112  2883362  2355425 5516545  5508144
          131072     128 1313650 2529999  6068694  6128020 5970038 3085364 3796425  6975640  5791975  2870355  2632024 5111449  3561637
          131072     256 1274586 2700178  5141710  5561188 5481453 2929893 4815964  4007585  4694722  1529679  2893485 4696728  4760375
          131072     512 1258431 2043118  5280690  5370712 4659350 1999542 5508641  6481302  5526750  2734711  1265075 5513226  5476811
          131072    1024 1147859 2882727  5491967  5781255 5749272 3034344 2308784  6657831  5596857  2445002  2487224 4469021  4793958
          131072    2048  747526 2462051  4452300  5018272 3224321 1965717 3272885  2292551  4947949  1825104  1545787 3469983  3883366
          131072    4096  958773 2301969  3870761  4144414 4034111 2311677 3200389  2868857  4087440  1872989  1791040 4012499  3962152
          131072    8192 1132420 1733869  2291710  3842060 4112574 2289582 4085040  2819914  3920895  1793716  1782324 2759640  3877286
          131072   16384 1153377 2242191  3240590  3171421 3821681 2234281 1547998  2313837  3984782  2009871  1985310 3949003  3988193
          262144      64  106536  110479  5105747  5119703 5003880   66835 2931078  8212002  5536540   113871   100485 4719748  5719539
          262144     128  114331  105034  5191890  5733048 5536206   81260 4537945  4272224  5180515   124687   119118 5505849  5579413
          262144     256  114582   82694  4865336  5409736 5456205  102512 4976723  7119814  5356995   109592   112804 4445600  3655670
          262144     512  146361  106854  4997602  5594317 5505022  104689 5116391  4582218  4783921   115734    93358 5003811  5620225
          262144    1024  112007  106854  5118797  4888917 4551037  105184 4990661  6193601  5526522   110988    84240 3625534  3622429
          262144    2048   60078   95341  4207162  4684158 4844115  109833 3573395  2436440  4652977   112478   113749 4327017  3798744
          262144    4096  112748  105318  3689205  3642663 3842124  114914 3841896  2640988  4162139   119534   102788 2914460  3506053
          262144    8192   75888   96459  2343016  2707344 3090514   90508 2204150  2298296  2638675   116556   103519 2962550  2206114
          262144   16384  100514   97480  3468843  4035278 3998168  123907 2491366  2770584  3948064   124259    97867 2214409  3945514
          524288      64   24623   47537  5845624  5916270 5698297   13844 5349174  7944453  5673861    75170    61153 5579311  5955380
          524288     128   71482   61661  5019079  4563710 5707215   22893 5411557  7119510  4930061    70533    55327 3743656  5620107
          524288     256   68443   47011  5235647  5246339 5213688   38578 1319637  6789522  5544564    70306    65241 3473878  5008299
          524288     512   73943   30557  5247766  5411677 5530467   33877 5294987  6684696  5466742    64901    73710 5204520  5448618
          524288    1024   50032   79520  5176720  4346679 5495458   54585  724234  6369294  5670789    73610    62067 2986972  5609341
          524288    2048   75441   38607  4675551  4956172 4827958   58959 4467881  3385035  4684106    76023    62255 4135906  4421757
          524288    4096   68735   34961  3946412  4057771 3839111   27690 3792564  2634599  3954944    73818    70427 1570119  3618023
          524288    8192   69728   29668  3861669  2995386 2962729   44204 2900321  2609720  4074198    74120    74358 2292832  3887736
          524288   16384   67807   45696  3479875  3488022 3728296   37318 3971364  2273108  3802191    35013    49153 2478094  2572297

iozone test complete.
