	Iozone: Performance Test of File I/O
	        Version $Revision: 3.420 $
		Compiled for 64 bit mode.
		Build: linux-AMD64 

	Contributors:William Norcott, Don Capps, Isom Crawford, Kirby Collins
	             Al Slater, Scott Rhine, Mike Wisner, Ken Goss
	             Steve Landherr, Brad Smith, Mark Kelly, Dr. Alain CYR,
	             Randy Dunlap, Mark Montague, Dan Million, Gavin Brebner,
	             Jean-Marc Zucconi, Jeff Blomberg, Benny Halevy, Dave Boone,
	             Erik Habbinga, Kris Strecker, Walter Wong, Joshua Root,
	             Fabrice Bacchella, Zhenghua Xue, Qin Li, Darren Sawyer,
	             Vangel Bojaxhi, Ben England, Vikentsi Lapa.

	Run began: Mon Oct  7 22:55:50 2013

	Auto Mode
	Command line used: iozone -a
	Output is in Kbytes/sec
	Time Resolution = 0.000001 seconds.
	Processor cache size set to 1024 Kbytes.
	Processor cache line size set to 32 bytes.
	File stride size set to 17 * record size.
                                                            random  random    bkwd   record   stride                                   
              KB  reclen   write rewrite    read    reread    read   write    read  rewrite     read   fwrite frewrite   fread  freread
              64       4  566551 1232453  3203069 1597288510402178 4274062 4274062  4564786  4018152  3203069  1279447 4564786 10821524
              64       8  666414 1392258  5860307 1597288510821524 4564786 4897948  4564786  3738358  4274062  2133730 5735102 15972885
              64      16  704914 1518251  7100397 2273779115972885 5283570 4564786  5735102  8182586  4274062  3363612 3165299 16983463
              64      32  688639 1452528  9318832 2273779115972885 5860307 4897948  4564786  4018152  4897948  4643754 5389653 12902017
              64      64  780776 1638743 10821524 1597288512310336 5860307 5389653  5860307  5735102  5735102  3541098 3958892 15972885
             128       4  722760 1705404  4267461 1420079410779307 4407601 4267461  5122535  3359523  4135958  2202044 5122535 10567140
             128       8  831319 1827299  5325799  471743410567140 4267461 3468030  6045455  6406138  3468030  2248149 6045455 11720614
             128      16  877518 3277486  6727225 1801235914586625 5784891 3560017  6406138  9129573  3895854  2558895 5325799 10779307
             128      32 1048974 1911894  4407601 1284205116365173 6406138 4934216  4934216  4596273  5325799  3106789 4135958 15881078
             128      64  921183 2066432  5545860 1863766416365173 6406138 3657016  7082197  4407601  4135958  4267461 4557257 11470204
             128     128 1266785 2621367 14200794 1588107814200794 6114306 5545860  5545860  5603747  6045455  4135958 5545860 14586625
             256       4  944525 2413957  5687020 12228612 9868433 4332998 5022044  5687020  4264168  4132864  2849590 4572895 11695808
             256       8 1084800 2441400  5687020 1495343512228612 5455847 4929815  7120034 10651598  4929815  3197509 6398720 14164395
             256      16 1122215 2754556  5687020 1495343513454450 5938650 5810112  7120034  7518900  4840911  3717869 6249745 14164395
             256      32 1128110 3078337  5938650 1495343514164395 6398720 6398720  7518900  5810112  5320671  3557725 2015259 14353744
             256      64 1190657 3197509  6891544 1607260814353744 6595234 5687020  7518900  8815202  5687020  5455847 5569035 14953435
             256     128 1219045 3159869  8534922 1495343513454450 6249745 6107548  6891544  6595234  4672389  5117791 5687020 14164395
             256     256 1361224 3654598 12812277 1345445012812277 6107548 5810112  6213578  5810112  6073004  4840911 5810112 13454450
             512       4 1064266 2750343  5951911 11943357 9510316 4375425 2739816  5624545  5822804  1968713  3634839 5760329 11374040
             512       8 1199171 3279573  6551087 1462806712499490 5453155 6018636  7334159  9638369  4973263  4163357 6395018 14240069
             512      16 1306409 3372274  6104175 1424006913190469 5951911 6319739  7540170  6652558  5227492  4532414 6652558 13872122
             512      32 1343179 4228947  6246213 1503780113872122 6395018 6395018  8018812  8394979  5509113  4690818 6652558 14628067
             512      64 1270094 3140488  6999490 1424006913522711 6174377 6319739  7871843  9468384  5453155  4690818 5551840 13872122
             512     128 1273861 4030519  6821616 1387212212797441 6246213 5951911  7620440  8665997  5684095  4123387 5822804 13190469
             512     256 1245780 3877684  7988981 1214600912215097 5439343 5566231  2975154  8109658  4742616  6931711 6018636 12499490
             512     512 1488408 4305250 12215097 1319046912797441 5870558 5886650  6018636  5951911  6035551  4650188 5886650 12499490
            1024       4 1159609 3301774  5751117 11249091 9300377 4064103 5200941  5623115  6569179  4249053  3594699 4995276 11018226
            1024       8 1352828 3591693  6402699 1364323212173747 3436508 5991815  7369466  8262639  5096034  4195100 6317933 13142265
            1024      16 1418508 4079544  6280976 1368670912639479 3646583 5564829  7699755  8061038  3481072  4451639 5690162 13514444
            1024      32 1418039 4228138  6692005 1423090213643232 6364746 6393168  8122014  9485232  4783849  4654248 6244448 13863422
            1024      64 1450117 4609294  3999762 1442204513142265 6489770 6025439  8326715  9743447  5601115  4654248 6199382 14044758
            1024     128 1446211 4064103  6393168 1381881713472053 6172653 6093831  4300102 12790037  5303701  4512441 6016997 13305116
            1024     256 1494522 3923040  6863100 1263947912639479 6199382 5917516  4079544 10354166  5417427  4898425 5950309 12037272
            1024     512 1365299 4195100  8061038 1314226512790037 5917516 5853003  6519323  8457895  4720752  6393168 5917516 12348754
            1024    1024 1521524 4215688 12492426 1347205313264026 5917516 5917516  3778101  5720477  5821271  4826859 6016997  5813392
            2048       4 1243331 3061485  4462754  9796850 9349021 3710866 5225638  5238385  6967792  3643190  3525079 5655716  9944290
            2048       8 1418228 3561619  6440169 1225722712118884 4552633 5659442  7237860  8600205  4762117  4138120 6359119 11770166
            2048      16 1472440 3878414  6382745 1241668612882215 4772701 5800851  7789164  8464610  4983122  4321315 4945823 12345306
            2048      32 1515833 4213218  6670210 1280539914017386 5937172 6378005  8120522  9111033  5080379  4414590 6248108 12561952
            2048      64 1523901 4046500  6690992 1330111314514788 6185123 6280083  8325147 11502234  5293261  4365235 6321679 12959958
            2048     128 1514764 4223576  6284678 1265448214017386 6303124 5674397  7726111  8159088  4785996  4229816 6171791 12488897
            2048     256 1541125 4293237  6401772 1157976312882215 5800851 5900467  7207495 12187663  4196751  4358590 5920802  9349021
            2048     512 1550304 4196751  6802261 1191712912488897 4451191 5900467  6802261 10240672  4971585  4663865 5689430 11365268
            2048    1024 1401796 3341339  7059413 1132033411001372 5376082 5820505  6378005  8159088  4741090  5430461 5644567 10084382
            2048    2048 1341170 3465352  7036283  5092426 7135648 4259178 5306340  4293237  5349298  4170264  3977179 5349298  6873016
            4096       4 1156363 2953488  5025108  6261328 6978564 2771480 5099691  5225329  5944991  3451293  3256349 4887857  6198078
            4096       8 1387509 3614679  1640426   715475 1742237  664834 5681538  6370451  7085049  3768502  3754501 6096896  6339889
            4096      16 1455575 4032070  6225028  6318902 8920873 4184286 6024207  6735075  7061751  3656998  4019805 5642353  7212959
            4096      32 1492240 4058742  6300364  6605595 9287391 4576653 5424983  8028705  7515892  4404184  4011358 6234064  6160296
            4096      64 1497703 3806915  6349261  7599002 9588020 4298399 5447345  8480511  8032459  4596244  4125010 6330545  6291135
            4096     128 1548041 4079948  5519094  7087972 9287391 4780411 5818150  8224733  7639552  3923414  3615440 5438722  6908408
            4096     256 1576596 3846119  5918366  6302675 7983931 4746074 5647918  7289472 13036724  4167033  3893185 5649775  5704175
            4096     512 1466008 3980686  5936773  6836927 8356757 3874745 5666546  5490871 11470025  3647681  3765198 5696610  6410863
            4096    1024 1345140 3785107  6490793  6748303 6782940 3486312 5236478  6339889 10136778  3842678  3589754 4982841  6077484
            4096    2048 1410057 3214912  5826043  5389246 5438722 3321831 4924283  4032070  5902100  2805423  4132949 3957760  5334028
            4096    4096 1256039 2622157  4628439  4602401 4521249 2842087 4501111  2886496  4571782  3027393  3052133 4158963  4607338
            8192       4 1165969 2889605  5274909  5716328 4782278 2613741 4979812  5353814  4790946  2837582  3015121 5526912  5323125
            8192       8 1295576 3281793  6281710  5905961 6028229 3053166 5761377  7765253  5893805  3466896  3254747 6177802  5855636
            8192      16 1414108 3512617  5716328  6267959 5864631 3233916 5793435  7779318  5769116  3422010  3417585 6248582  6001904
            8192      32 1477405 3794222  6325656  6032463 6542461 3778782 6215800  8267888  6548696  3790873  3776706 6345516  6104267
            8192      64 1438199 3502591  6336155  6248582 6164502 3703433 5974769  8588204  5911041  3701837  3645670 4882166  6239504
            8192     128 1512858 3860295  6122759  5520695 5880691 4284894 5569014  8403367  6187815  3744193  3637565 5538493  6150158
            8192     256 1455809 3783776  5838720  5901904 5553712 3745826 5713476  7019632  6067617  3599082  3701837 5744041  5396699
            8192     512 1499848 3893540  5642173  6135880 5642173 4035293 5557305  6628284 12302946  3647218  3639106 5333039  5923270
            8192    1024 1445094 3526677  5724900  6177802 5822889 3585187 5372229  6063334 10694620  3349292  3203763 5677601  5351312
            8192    2048 1369197 2906963  5546540  5669170 4943985 3253514 4641448  3634487  5701152  2700853  2824752 4734829  5047850
            8192    4096 1303638 2670209  4194915  4220680 4205183 2837582 4209304  2945842  4106182  2520556  3356162 4192356  4091513
            8192    8192 1236326 2698308  4137332  4302601 4114541 2749041 4373801  2654531  4348340  2725058  2929767 4211368  4275829
           16384       4 1177937 2747591  4735418  5561265 4430425 2450870 4877594  5557667  4732483  2686368  2810749 5400434  5118462
           16384       8 1349138 3054361  5711010  6021260 5091536 2779373 5400009  7049738  5603438  2986010  3105430 5951384  6239394
           16384      16 1440363 3515996  6392625  6514431 6021260 3365664 6116114  8102942  6152253  3491168  3559523 6364797  6412309
           16384      32 1509230 3734590  6519376  6576778 6298872 3851382 6291951  8337915  6337794  3370616  3623144 6493502  6558575
           16384      64 1537699 3879649  6462967  6423097 6039252 3836118 6333705  8724282  6406929  3714404  3787280 6375425  6357730
           16384     128 1559332 3768175  6206148  5872051 6157214 4205390 5494127  8542092  6171037  3630417  3742319 6070193  5828720
           16384     256 1554148 3634257  5910943  5704846 5951384 3932038 5797250  7581746  5942635  3255951  3684333 5609384  5902312
           16384     512 1560394 3836118  6014409  6061626 6047756 3725277 5636067  7095596  5639767  3609632  3568025 5866036  5923170
           16384    1024 1471137 3617613  5803614  6010201 5791387 4029568 5411065  6717573 11745301  3180160  3082585 5559915  5608926
           16384    2048 1305515 2791114  5128010  5283347 5093045 3145372 4760019  3680978  3377408   964730  2439213 4890785  5108948
           16384    4096 1251542 2614318  4352969  4324208 4307133 2648577 4188218  2996949  4243565  2568779  2505193 4255654  4153035
           16384    8192 1273814 2615612  4256708  4293409 4224781 2816048 4189239  2928743  4146770  2472296  3184582 4261195  4263310
           16384   16384 1217506 2665735  4283507  4188218 4186177 2638712 4301471  2722878  4208481  2890068  2916314 4145769  4217003
           32768      64 1393256 3556006  6233396  6249837 5567980 3490353 5643891  8425735  5944641  3285984  3550494 6120419  6187096
           32768     128 1441554 3587940  5940530  6065854 5802587 3664471 5731684  8084736  5906321  3269646  3552880  946068  4606819
           32768     256 1110108 3542441  5158770  5726669 5661327 3655115 5209611  7096991  5665294  3236995  3564860 5627484  5853496
           32768     512 1502905 3739346  6031250  5849261 5972021 3753951 5922355  7214716  5896692  3214735  3494079 5968650  5973060
           32768    1024 1520698 3294886  4732615  5255428 5016605 3012571 5370008  7370248  5982680  3006837  3238902 5626562  5805773
           32768    2048 1352654 2965190  5354109  5212772 5370008 2974559 5124723  4339062  7551671  2272551  2344942 5051267  5365605
           32768    4096 1323095 2689617  4315627  4411484 4333316 2676471 4379574  2983470  4349911  2222931  2321180 4228135  4396104
           32768    8192 1327979 2694733  4252863  4164210 4090833 2720227 4347022  2944859  4341803  2505002  2586900 3975808  4028010
           32768   16384 1311555 2683054  4303600  4300772 4232562 2661440 4352115  2861832  4390066  2540940  3256630 4162570  4205365
           65536      64 1420463 3651222  6112771  6123119 5723188 3453074 6069846  8206338  6039705  3233142  3433192 6189716  6040236
           65536     128 1434331 3520609  5877125  6008679 5448974 3589665 5724141  8265312  5825436  3243863  3521556 5851976  5913157
           65536     256 1430576 3623164  5885556  5875492 5756869 3841716 5736685  7376934  5641899  3372205  3616966 5873483  5856215
           65536     512 1483150 3840642  5942688  5955564 5872981 3823972 5733693  7180567  5851976  3343329  3555721 5313004  5736685
           65536    1024 1045732 3222831  4930474  5822351 5923862 3748106 5548291  7265596  5800237  3010387  3237597 5862960  5878131
           65536    2048 1366614 3027229  5318247  5328970 5280852 3058419 5093745  4255549  5283897  2216153  2293864 5228717  5270322
           65536    4096 1295513  808617  4349347  4358312 4343025 2670796 4158402  2904310  4167102  2017188  2146531 4156264  4170263
           65536    8192 1266567 2574466  4155761  4098813 4130843 2650938 4139490  2897391  4216125  2168203  2237184 4096247  4177488
           65536   16384 1256683 2611820  4204002  4221564 4177742 2590040 4127989  2909998  4164955  2427803  2542910 4124087  4160227
          131072      64 1233953 3166982  6175379  6212224 5909776 2761387 5991575  8239398  5961105  2779832  3074201 6390666  6306071
          131072     128 1361928 3109587  6142948  6197797 5970881 3046839 5991052  8387608  5935426  2821781  2955345 5876296  6219885
          131072     256 1335438 3138022  5790694  5825918 5787097 3126724 5786854  7486821  5707253  2765290  2625425 5780161  5888759
          131072     512 1391942 2741338  5801939  5931391 5919321 3173746 5718414  7329021  5914799  2746460  2968847 5743746  5921999
          131072    1024 1364849 2612562  5818149  5901529 5971400 3240743 5487855  7233552  5781255  1478435  2461312 5608848  5691360
          131072    2048 1189855 2459418  4893120  5059747 5029060 2457934 4814740  3936448  4957900  1812863  1909359 1120560  5001426
          131072    4096 1152424 2246387  4103947  4135933 4098440 2228819 4114913  2902835  4194822  1807166  1883571 4294336  4343739
          131072    8192 1200930 2301573  3654688  3207840 3364009 1831690 4115684  2875339  4082735  1885037  1935447 3498335  3671284
          131072   16384 1174469 2374921  4135436  4171079 4129937 2308988 4144164  1947314  4128634  1992975  2031619 4309890  4292927
          262144      64  153837  151009  5857445  6229958 5875317  116312 5684821  8649956  6152015   154250   150471 5926302  6304546
          262144     128  147609  148930  5728060  6029352 5665401  119353 5113013  8532486  6014708   153158   151825 5727165  5954448
          262144     256  147747  149817  5455203  5668351 5548750  131952 5299392  7446652  5558259   154278   152419 5484182  5021820
          262144     512  146940  146652  5503397  5755948 5692326  145521 5561099  7144055  5836860   152291   140135 5475360  5602669
          262144    1024  155409  152267  5439442  5769660 5616607  156219 5571723  7121936  5941192   158611   150694 5375091  5747763
          262144    2048  145001  152716  4207226  4462162 5099874  160262 4359909  3048079  4113679   147424   149716 4716690  4997966
          262144    4096  153051  149263  3217601  3143547 3539141  164600 4058529  2866560  3696175   164556   159790 4071770  4314063
          262144    8192  152544  152652  4006429  4079233 3917107  182133 3202428  2418035  4080580   173328   164498 3990622  4122084
          262144   16384  155493  146354  4012731  4111218 3020654  176276 4073777  2849857  4107747   187050   177264 3976335  4153962
          524288      64   63665   84425  6143384  6209881 5821529   29414 5703929  8227635  5872458    89210    88872 5922277  6133172
          524288     128   89938   84412  5860251  5969964 5669575   47387 5828596  8446709  5991043    88836    89598 5858347  5948357
          524288     256   89407   84583  5563445  5679269 5558425   56162 5414249  7187036  5600227    89331    85708 5543628  5651667
          524288     512   89720   84002  5592336  5754514 5649896   60157 5425228  6869053  5624247    89485    86638 5510869  5713443
          524288    1024   84830   78550  5566741  5749910 5659842   60941 4161972  6815827  5279465    89247    86349 5775173  5952882
          524288    2048   88962   84723  5068417  5265307 5174734   84882 4803324  3672642  4920540    89779    87206 4788242  5034211
          524288    4096   88677   83771  4016702  4177255 4176263   89400 4054374  2648644  4105912    89732    89638 4059524  4144566
          524288    8192   89261   84479  4077265  4128575 4151428   92333 4068665  2244508  3606648    90621    89328 4063237  4143941
          524288   16384   89420   84961  4125880  3979507 3984771   90937 3974860  2891378  4076977    92518    89914 4078921  4056633

iozone test complete.
