	Iozone: Performance Test of File I/O
	        Version $Revision: 3.420 $
		Compiled for 64 bit mode.
		Build: linux-AMD64 

	Contributors:William Norcott, Don Capps, Isom Crawford, Kirby Collins
	             Al Slater, Scott Rhine, Mike Wisner, Ken Goss
	             Steve Landherr, Brad Smith, Mark Kelly, Dr. Alain CYR,
	             Randy Dunlap, Mark Montague, Dan Million, Gavin Brebner,
	             Jean-Marc Zucconi, Jeff Blomberg, Benny Halevy, Dave Boone,
	             Erik Habbinga, Kris Strecker, Walter Wong, Joshua Root,
	             Fabrice Bacchella, Zhenghua Xue, Qin Li, Darren Sawyer,
	             Vangel Bojaxhi, Ben England, Vikentsi Lapa.

	Run began: Mon Oct  7 22:55:50 2013

	Auto Mode
	Command line used: iozone -a
	Output is in Kbytes/sec
	Time Resolution = 0.000001 seconds.
	Processor cache size set to 1024 Kbytes.
	Processor cache line size set to 32 bytes.
	File stride size set to 17 * record size.
                                                            random  random    bkwd   record   stride                                   
              KB  reclen   write rewrite    read    reread    read   write    read  rewrite     read   fwrite frewrite   fread  freread
              64       4  491815 1255511  5283570 1597288510402178 4274062 2662899  4988978  3958892  3057153  2203800 4274062 10402178
              64       8  586352 1363961  4988978 1597288510821524 3738358 4988978  4988978  5389653  2801873  3057153 3363612 12902017
              64      16  627470 1484662  6421025 1290201710821524 5283570 3203069  4564786  4274062  3541098  3791156 5735102 15972885
              64      32  809014 1562436  7100397 2096219115972885 5860307 3363612  5860307  4018152  2772930  1947927 5389653 12902017
              64      64  866463 1734015 10821524 1290201712902017 5735102 4018152  6271021  5860307  4897948  4564786 5860307 22737791
             128       4  747933 3053774  4104338 11720614 9795896 4596273 3106789  5545860  3277486  4135958  1142750 4012317  9977956
             128       8  785122 1967960  1504659  2464907 2367096 1363288  322482  1175271 14200794  1363288  1278855 6114306 16365173
             128      16   63244  171370   422464   61230312842051 5603747 2784517  1504659  1030846  1377278   809997 1059322 14200794
             128      32  889145 2238774  6114306 1077930712842051 6406138 3277486  6727225  4407601  4557257  2286447 3536566 14200794
             128      64  962469 2066432  7082197 1420079415881078 6406138 3657016  7082197  8548124  4407601  5603747 3759450 16365173
             128     128 1040839 2409592 11720614 1588107814200794 6406138 3560017  6114306  3785961  6114306  4135958 4135958 12842051
             256       4  955451 2310087  5022044 11695808 9192546 4496299 5022044  5687020  3879045  4264168  3123106 4264168 11207494
             256       8 1036624 2699161  5320671 1362518011695808 5455847 4197489  7571923  4652146  5022044  3087188 5938650 11695808
             256      16 1168627 2639446  5569035 1345445012812277 6073004 6107548  7120034  4929815  5117791  3823789 3994490 13454450
             256      32 1128110 2699161  5687020 1495343514353744 6398720 5117791  7791708  5687020  5217259  3087188 4332998 14353744
             256      64 1112909 3123106  6554972 1583556915164624 6554972 4572895  7791708 11695808  5971678  3285566 5687020 14953435
             256     128 1103757 2911402  8271916 1495343513625180 6554972 4755158  7120034  6213578  4929815  7518900 5810112 13454450
             256     256 1369908 3368013 12812277 1345445013454450 6249745 5687020  6249745  5938650  6107548  4840911 6107548 14353744
             512       4 1108203 2708713  2860238 11138071 8528336 4271001 4237291  5624545  7871843  4195896  3580298 5624545 10641343
             512       8 1216149 3239989  6246213 1387212211374040 5509113 5822804  7309196  8992598  5177083  4091959 6104175 13438092
             512      16 1273106 3604335  2845081 1378308812797441 6018636 6246213  7513788  6472112  5278892  4494470 4340054 13522711
             512      32 1302447 4068701  6319739 1462806713522711 6632013 6472112  7871843  9145790  5439343  3634839 6156675 14240069
             512      64 1442420 3556580  2991733 1503780114240069 6736026 6035551  8109658 14240069  5684095  4961773 5115422 13783088
             512     128 1267097 3634839  6843354 1424006913522711 6652558 5886650  7758090 11620224  5822804  5115422 5744919 13872122
             512     256 1402845 3762197  7988981 1279744112146009 6156675 5566231  6736026  8140399  4882800  6652558 5566231 12499490
             512     512 1334001 4305250 12215097 1279744112797441 6156675 5760329  6156675  6086873  6174377  4916336 5886650 12499490
            1024       4 1168760 2852271  5564829 10769573 8542002 4079544 5042191  5821271  6208343  3804877  3618930 5018624 10454984
            1024       8 1282920 3495237  6280976 1330511611489839 5120336 5885083  4507705  7220790  4949226  4249053 5983467 12348754
            1024      16 1385560 3778101  6317933 1314226512037272 5623115 6128613  7644933  7054742  5169641  4674510 6280976 12790037
            1024      32 1350701 3984917  6609617 1381881713102174 6059442 5226256  8183918  8542002  5479632  4531485 6208343 13472053
            1024      64 1317957 4182843  3835457 1442204513818817 6441107 5472650  8391792  9064828  5690162  4629166 6128613 13998981
            1024     128 1370965 4033569  6640274 1364323213264026 4079544 5991815  8199542  9765601  5479632  4589593 6244448 13305116
            1024     256 1204825 4162573  6776473 12676785 7008693 6163794 5885083  7008693  9142007  4609294  2791104 5950309 12492426
            1024     512 1478064 4356809  8061038 1279003712676785 6128613 5925680  6650556  8262639  4854136  6364746 6016997 12456195
            1024    1024 1291406 4249053 12492426 1347205313305116 6025439 5917516  6208343  6172653  6163794  4995276 6128613 12348754
            2048       4 1209712 3175804  4396514 10037248 8749118 3799501 4162181  5447681  7789164  3600433  3618634 5626082  9610516
            2048       8 1336787 3792790  6401772 1191712911440955 3612546 5953632  7393606  9062970  4842658  4178378 6207471 11305435
            2048      16 1405695 4008732  5640860 1225722712561952 5345969 6298503  7361923 11579763  4707314  4481379 5800851  6149699
            2048      32 1200414 3657149  6649556 1265448213301113 5582208 5836323  8006980  8749118  5403134  4423683 6440169 12729493
            2048      64 1483118 4376355  6416117 1338401114441580 6420913 6568203  8253158  7556202  4432815  4481379 6359119 13219235
            2048     128 1397918 4338776  6440169 1241668613836752 6523312 5475461  8390200 10673302  4764758  4423683 6132138 11966935
            2048     256 1522550 4265523  4945823  938990012345306 4319142 5836323  7159438 12204980  4601407  4500161 5970183 11187641
            2048     512 1448358 4248644  6845629 1198363012805399 5937172 5888333  5596757 10240672  5131978  4807425 5816563 11129659
            2048    1024 1482862 4170264  6397004 1170600611129659 5549749 5789123  6503556  8198022  3855782  5564129 5800851  7082696
            2048    2048 1390450 3097921  7082696  7141581 7262337 4441984 5403134  4521480  5475461  4367454  4180412 5447681  7059413
            4096       4 1215430 3018881  5596402  5875858 6661947 2858164 5068098  5476867  5238075  3628421  3138560 5133213  6160296
            4096       8 1379598 3720353  6096896  6737716 8224733 3723578 5649775  7170810  6461498  4200656  3882626 6094733  7085049
            4096      16 1403262 3551903  5581856  7396171 9000323 3872125 5971855  7473388  6836927  4055868  4035859 6254490  7502762
            4096      32 1471155 4125010  6410863  7742845 9566663 4192455 6169144  8177752  6769576  4545172  4071246 6254490  7642951
            4096      64 1469645 4192455  5497899  7585581 9529517 4982841 6216019  7434579  6131713  4628439  3930595 1639018  4691638
            4096     128 1449924 4117102  6122971  7405736 7877762 4756587 5926533  8308260  6252213  4371684  4091608 5542240  7001316
            4096     256 1475071 4087714  5953231  6967243 8308260 4302706 5095153  7355007 11222762  3912691  4052041 5689064  5953231
            4096     512 1508752 3995498  6122971  7001316 7111444 4692920 5549401  6967243 11601703  4132949  3817913 5759634  5841891
            4096    1024 1455575 3916259  6595451  7301864 5784846 4418911 5706070  5859825 10239486  3621537  3834958 4899008  6207035
            4096    2048 1340312 3305851  5926533  6032669 5611025 3335375 4723889  3867766  5953231  3119752  4196552 5198450  5526195
            4096    4096 1247647 2692851  4633432  4192455 4617244 2700046 4526013  2834585  4352854  2816923  2996764 4612286  4249491
            8192       4 1194340 2949889  5336352  5312425 5104089 2564770 4971166  5974769  5059743  3061326  3018299 5110162  5329730
            8192       8 1342711 3418945  5958192  6354905 5626466 3052352 5550123  6978288  5385702  3346356  3357474 5756551  6277120
            8192      16 1417083 3588182  6262248  6067617 6321001 3410461 5992483  7578564  6135880  3575859  3663551 5961293  6389174
            8192      32 1414632 3705031  6059057  6537482 6167822 3905045 6206817  8334066  6616796  3691893  3735239 6331484  6024002
            8192      64 1454023 3944496  6370221  6150158 6753351 4106182 6177802  8543361  6340832  3792546  3875097 6257686  5940679
            8192     128 1458404 3725519  6114043  6077276 6267959 4137332 5974769  8579626  5768148  3705031  3822928 6050521  5806161
            8192     256 1404455 3747460  5569014  5949938 5619105 4099813 5424817  6804170  6127127  3571028  3613465 5527801  5863631
            8192     512 1457662 1748604  5988306  5748846 6173362 4051471 5760412  6537482 12409588  3706629  3732398 5761377  5677601
            8192    1024 1448140 3588182  5834754  5888754 6168929 3951754 5673850  6937429 10908526  3351906  3283361 5657036  5788555
            8192    2048 1241597 3004049  5502130  5619105 5041185 3191265 4749227  4207758  5842692  2891550  2851239 5146134  5350479
            8192    4096 1215636 2664825  4325349  4190311 4218607 2758310 4207243  2945842  4264684  2492218  3156669 4211884  4271046
            8192    8192 1190904 2644316  4449702  4282224 4259926 2793064 4218607  2942311  4131362  2797840  2823823 4118487  4218089
           16384       4 1183740 2861784  4856223  4969299 2092693 1327378 2908046  5394922  3918809  2365900   407268 5274831  5487108
           16384       8 1309046 3218137  6070729  6108503 4980103 2873391 5586129  7166635  5503807  3031856  3181338 5992904  6058953
           16384      16 1358312 1383331  6005474  6120472 5675165 3172233 5657411  7685190  5732448  3292612  3475629 6255866  6236563
           16384      32 1418422 3607169  5570732  6234299 5990815 3363687 6088478  8367356  6142904  3473346  3533352 6086321  6194400
           16384      64 1446061 3785611  6157214  5999183 6226956 3902784 6077171  8220224  6090637  3442030  3644279 6246199  6014409
           16384     128 1418510 3712598  5912977  5988204 5971034 3730333 5851550  8143270  5692559  3389402  3439102 5895729  5956026
           16384     256 1380968 3657858  5643936  5863533 5769022 4074726 5567122  7214033  5636067  3545566  3530266 5678917  5607095
           16384     512 1473376 3735402  5811959  5698696 5767086 3797746 5536622  7013761  5690674  3316608  3484441 5775325  5731014
           16384    1024 1392130 3301312  5834658  5900285 5728625 3821824 3217534  6980986 11497692  3065397  3095359 5421310  5636067
           16384    2048 1315361 2988088  5271594  5115033 5188017 3164782 5002944  4069659  6365386  2470874  2467148 5031885  5221128
           16384    4096 1252592 2674970  4207708  4219334 4214159 2667183 4306863  2828217  4284575  2462992  2546882 4142521  4218298
           16384    8192 1252135 2657077  3021724  4276576 4164613 2625606 4258819  2978891  4152032  2517122  3322701 4163604  4221407
           16384   16384 1197833 2688996  4159319  4302279 4255654 2859878 4221667  2743423  4205390  2696064  2941405 4235718  4329657
           32768      64 1374790 3617975  6121237  6161853 6011464 3612839 6052231  8638631  6181530  3335184  3273228 6227465  6222390
           32768     128 1407986 3672696  5897704  5993899 5879790 3489732 5736708  8566480  6062376  3481158  3685104 6182643  6067997
           32768     256 1480037 3705572  5900742  5780136 5876521 3787678 5666229  7481378  5910385  3369113  3678102 5867991  5777220
           32768     512 1463442 3865987  5879790  6067997 5833867 3895352 5808963  7408386  5859985  3347450  3265684 5717616  5994945
           32768    1024 1450500 2068032  6091934  5964247 6112253 3853197 5955718  6720137  5846275  3097718  3182281 5934117  6018045
           32768    2048 1331220 3030439  5378835  5468508 5402091 3147158 5311895  4301445  7241325  2281757  2353333 5173333  5386846
           32768    4096 1175145 2663813  4416730  4416730 4312783 2710142 4252336  3041707  4407947  2242846  2346463 4280679  4401313
           32768    8192 1201696 2420091  4284549  4254969 4397229 2704969 3729605  2725189  3923374  2499853  2628357 2635565  3904315
           32768   16384 1248686 2603118  4399481  4318882 4425120 2707420 3766812  2856598  4321326  2516560  3452476 4306432  4416162
           65536      64 1171563 3684058  6234358  6186651 5952340 3513454 6097989  8473736  6037980  3287981  3505523 6170402  6285825
           65536     128 1392662 3539239  5987215  6033474 5762421 3630198 5894644  8182885  5857089  3239543  3504629 5921692  5990477
           65536     256 1392542 3676224  5619179  5741718 5702765 3492251 5768467  7628334  5760489  3409600  3648605 5780234  5860960
           65536     512 1435905 3795198  5921692  6054605 5911123 3851405 5851976  7381887  5974203  3310752  3570501 5866589  5940120
           65536    1024 1428762 3713321  6047412  6034004 5896288 3818448 5928206  6803941  5961634  2869085  2057072 5740159  5932556
           65536    2048 1309355 3071199  5338595  5449946 5345031 3091753 5252095  4235484  5284304  2194199  1797729 5206631  5340670
           65536    4096 1256269 2651117  4342407  4367591 4361493 2703287 4311552  3035620  4334943  2056794  2147939 4268568  4372315
           65536    8192 1259649 2624889  4242414  4355411 2939090 2352665 4248380  3038708  3939670  2232750  2345178 4165523  4339596
           65536   16384 1253222 2689533  4351964  4086504 4074087 2666987 4307296  2992786  4337816  2486462  2644612 4300019  4365857
          131072      64 1258515 3043431  6113437  6173299 5985834 2987546 6011097  8584729  5899122  2721256  2993745 6100886  6134311
          131072     128 1295152 3228449  5599479  5963821 5783505 2695848 5346165  8171064  5650412  2743007  3198824 5501695  6027111
          131072     256 1365602 3306964  5926084  5968936 5810954 3352132 5489499  5868706  5080321  2733120  2868034 5792707  5904444
          131072     512 1329194 1595868  5732486  5703523 5728424 3161482 5549904  7188342  4732713  2780774  2948277 3287387  5748310
          131072    1024 1281826 2973697  5594237  5791182 5783262 2958065 5491528  5474575  5668181  2449261  2506057 5755050  5979844
          131072    2048 1220830 2554261  5267989  5399884 5345489 2515724 5322717  4094868  5335735  1943191  2063177 5150380  5376437
          131072    4096 1147610 2181840  4124205  1578974 4128231 2184320 4235511  2928785  4061230  1736953  1891562 4247849  4228669
          131072    8192 1128869 2197495  4072965  3999625 4158490 2290822 4223796  3040822  4273904  1896050  1998074 4266508  4330940
          131072   16384 1123058 2302219  4279194  4347483 4358167 2353600 4261811  3072397  4297861  2110121  2203449 4256136  4319405
          262144      64  155160  159684  5959031  6110882 5801045  118280 5704257  7886676  6132286   154688   150311 6036138  6300175
          262144     128  126894  159205  5778302  5983775 3157258  126178 5652847  8530831  5983515   157402   151422 5700383  6047027
          262144     256  152526  131393  5489932  5744880 5673118  132667 5439146  7703339  5811347   161636   161010 5549450  5746111
          262144     512  153888  140978  5116320  5315070 5724154  137259 5633499  7238114  5895921   161786   157021 5333659  5235026
          262144    1024  159949  144325  5347148  5779213 5760139  155817 5464611  6633562  5701033   152703   158042 5446583  5709707
          262144    2048  151177  126975  4839467  5026136 5061094  163093 4977399  4239754  1894746   160774   157825 4939786  5117987
          262144    4096  153402  154505  4118070  4218542 4111095  149824 4074743  2754772  4150998   158735   160731 4056014  3736584
          262144    8192  153618  150854  4109159  4158440 4227040  172311 4152519  2918909  4317197   171652   163198 3979112  3961193
          262144   16384  150930  140717  4100684  4253581 4257171  166376 3930718  3063791  4270963   187604   185595 4090448  4202434
          524288      64   66009   87043  6229284  6494825 6068567   25913 5515569  8480457  6084704    85637    88288 6037759  6202157
          524288     128   87009   83550  5833915  6011449 5702937   44854 4405705  8407054  5923633    86663    85337 5861517  5995567
          524288     256   86327   78002  5594556  5688760 5611072   55005 5597775  7400161  5801057    88025    86494 5645646  4804069
          524288     512   85931   73735  5608983  5756020 5697485   60131 5613780  7285929  5906465    87915    87171 5839244  5772505
          524288    1024   86844   81483  5680809  5772505 5590076   61399 5549546  6964977  5727356    87948    87344 5608082  5799451
          524288    2048   87100   80339  4917998  5067541 5001271   84166 4963063  3814643  5077956    88442    86881 4938009  5067880
          524288    4096   86918   84390  4072108  3993056 4054412   87627 3995915  2741719  3975823    88605    85102 4124417  3991266
          524288    8192   86006   80911  3506846  3805501 3452557   84380 4009795  2768515  4153890    89649    88480 4093728  4007121
          524288   16384   87341   83102  4059239  4105912 4158344   87377 4021727  2896409  4133791    91970    90193 4103185  4171874

iozone test complete.
