	Iozone: Performance Test of File I/O
	        Version $Revision: 3.420 $
		Compiled for 64 bit mode.
		Build: linux-AMD64 

	Contributors:William Norcott, Don Capps, Isom Crawford, Kirby Collins
	             Al Slater, Scott Rhine, Mike Wisner, Ken Goss
	             Steve Landherr, Brad Smith, Mark Kelly, Dr. Alain CYR,
	             Randy Dunlap, Mark Montague, Dan Million, Gavin Brebner,
	             Jean-Marc Zucconi, Jeff Blomberg, Benny Halevy, Dave Boone,
	             Erik Habbinga, Kris Strecker, Walter Wong, Joshua Root,
	             Fabrice Bacchella, Zhenghua Xue, Qin Li, Darren Sawyer,
	             Vangel Bojaxhi, Ben England, Vikentsi Lapa.

	Run began: Fri Oct  4 06:37:02 2013

	Auto Mode
	Command line used: iozone -a
	Output is in Kbytes/sec
	Time Resolution = 0.000001 seconds.
	Processor cache size set to 1024 Kbytes.
	Processor cache line size set to 32 bytes.
	File stride size set to 17 * record size.
                                                            random  random    bkwd   record   stride                                   
              KB  reclen   write rewrite    read    reread    read   write    read  rewrite     read   fwrite frewrite   fread  freread
              64       4  463774 2133730  3738358 2273779110821524 4274062 4988978  4897948  4897948  3363612  3203069 4564786 16983463
              64       8  769584 2689580  6421025 2096219115972885 4988978 4897948  4564786 12902017  4274062  3363612 5735102 12902017
              64      16  901377 3203069  6421025 12902017  842003 4564786 4564786  5860307  5389653  3363612  1638743 5389653 10821524
              64      32  674790 2892445  7100397 1597288515972885 5283570 5735102  5735102  3541098  3791156  4274062 3588436  4988978
              64      64  852702 3022727 15972885 2096219115972885 5860307 5389653  5860307  6421025  5860307  1780008 5389653  9318832
             128       4  913347 2464907  5847904 1420079410779307 4407601 3124872  4759253  3560017  3759450  2248149 5545860 11720614
             128       8  866192 1967960  3895854 1420079412842051 5325799  955616  6727225 11470204   831319  2905056 6114306 15881078
             128      16 1030846 2843510  5325799 1077930711470204  761728 5847904  6330599  7582312  4407601  2066432 4444086 12842051
             128      32  955616 1997245  4267461 1863766414200794 2784517 3468030  6727225  4717434  4934216  2326073 5379161 14586625
             128      64  914904 2377579  7582312 1801235915881078 6406138 5122535  6727225  4267461  3560017  3380677 4407601 12842051
             128     128  881842 3759450 10567140 1801235914200794 5784891 1391557  5847904  5122535  5847904  4596273 5784891 14586625
             256       4  969251 3009318  5687020 12228612 9778562 4132864 5117791  5971678  7518900  3756894  3078337 5687020 12228612
             256       8 1137672 3326279  6249745 1516462412090911 4929815 5320671  6249745  1506359  4422226  3756894 5687020 12228612
             256      16 1137672 3410808  6554972 1583556914164395 5841722 5569035  7314033 10651598  4572895  3545976 6073004 15164624
             256      32 1197295 3114048  7120034 1495343514164395 5687020 3823789  7518900 11695808  5687020  4070199 1897721 15164624
             256      64 1084800 3043436  6107548 1495343514164395 5540300 6107548  7518900  6761355  5569035  5320671 5687020 15164624
             256     128 1142514 3087188  8815202 1495343514164395 6249745 1354356  7120034  6107548  3605511  5455847 5320671 14353744
             256     256  972763 3557725 12812277 1416439513454450 5687020 5428265   706964  1683493  5347168  4477549 5569035 13454450
             512       4 1038532 2722449  5807059 11620224 9468384 3849877 5278892  5566231  7115451  3684733  3393590 5624545 11943357
             512       8  992456 3104171  5744919 1424006911943357 4973263 1138158  5067142  7022379  2768068  1120344 5951911 13872122
             512      16 1286067 3012719  4457157 1004408912797441 4973263 6246213  3556580 10434519  5067142  4030519 6174377 14240069
             512      32  964378 3409755  6909408 1462806713872122 6228097 6472112  8018812  9107004  5566231  3710197 6551087 14628067
             512      64 1329871 3762197  7309196 1547114914628067 6246213 5822804  7988981  9468384  5398323  3905895 6174377 14628067
             512     128 1350783 3628697  6736026 14628067 3081897 5886650 5227492  6491676 11138071  5227492  5067142 6018636 14240069
             512     256 1296159 3201349  8018812 1352271112797441 4650188 3580298  6472112  8394979  3580298  6246213 6035551 12797441
             512     512 1094088 3409755 12797441 1310994413109944 5699180 5684095  5624545  5453155  5278892  4532414 6018636 13109944
            1024       4  957030 2565989  5885083  882275410039528 3835457 4526709  5472650  4832290  3436508  3579719 5782087 11773301
            1024       8 1214706 2509027  6519323 1461839312944224 5018624 5917516  6819511  9655828  4810640  4048778 6093831 14422045
            1024      16 1090700 3314514  6280976 1124909112208350 5720477 6128613  7811791  7420395  3631168  2386350 5991815 13142265
            1024      32 1115632 3877004  6559147 1461839313818817 5363307 5690162  8000971  8525047  5451810  4433259 6441107 14618393
            1024      64  878171 3506651  6963241 1482016114618393 6519323 6317933  8061038  9765601  5536137  4451639 6128613 14230902
            1024     128  977060 4146499  6569179 1418390513863422 6479979 5885083  7883484 13472053  5363307  3821805 3541348 12173747
            1024     256 1122630 3447541  6609617 1294422412944224 5917516 5991815  7054742  8326715  3379719  4396951 5991815 12639479
            1024     512 1299612 1841906  7577494 1310217413102174 5690162 5336651  6479979  8061038  3518141  6402699 5991815 12037272
            1024    1024 1220575 4130547 11018226 1282823810906310 2892612 3229770  5630486  5601115  5593820  4060261 5564829 11018226
            2048       4  806960 2582813  4751580 10555264 9664580 3677503 4937295  4971585  4643695  3644736  2864451 4591569  6939647
            2048       8 1301938 3717289  4146110  667021010607402 3792790 5389574  7670915  7135648  4180412  3006831 4284671  5319484
            2048      16 1399056 3465352  6075753  956769810889797 4385291 5933071  5596757  5750369  4462754  3573472 5212953 11835033
            2048      32 1398828 3304067  5904523 1013196111579763 4796687 6058611  8059569  5868220  4114336  3465352 5852228 12959958
            2048      64 1117927 4014352  5937172 1124623012561952 4968710 5765808  4971585  8261095  3225896  3892474 5900467  8498106
            2048     128 1509175 3899542  6185123 1346794911015480 6058611 5916724  8097557 10903620  4864597  3683812 5670651  7670915
            2048     256 1101724 3736694  5785224 1203399512805399 5578583 5626082  6690992 11770166  4432815  3792790 3391470 11129659
            2048     512 1061035 3112514  5689430  8059569 9140117 5184636 5674397  6583305  9024882  3145567  2745435 2843590  2810101
            2048    1024 1252760 3799501  7911115 1190061910834854 5083385 5719737  6207471  7911115  3579429  3155969 4204968  8565901
            2048    2048  915985 2488533  6711905  7733066 7393606 4146110 5184636  2392202  3690142  3374151  3506373 5119743  6359119
            4096       4  874302 3038638  4638436  5818150 5050220 2574609 4565707  5133213  4686519  3153539  3146031 4521249  4971306
            4096       8 1152484 2917377  4846491  6291135 8127459 3564431 5230102  6389405  4934183  2980646  2734426 5627567  7135072
            4096      16 1146103 3274348  5826043  6198078 6680080 3091680 6007355  7286380  7585581  3984379  3202328 4507015  4487004
            4096      32 1312461 2890382  4476482  5402804 8112108 4545172 5689064  7799085  5217395  3667146  3853884 6015769  5438722
            4096      64 1435147 3483484  5810280  7756829 9482180 4740836 4785737  7756829  6096896  3357537  3202328 4307020  5556581
            4096     128 1350108 4039655  5849848  4414369 7770863 4671228 4851966  6361016  4275933  3445064  3882626 4602401  5447345
            4096     256 1282002 2692851  4773769  5918366 7405736 4187346 5649775  6953144 13434307  3781775  3000952 4718699  6321227
            4096     512 1260370 2929815  4370571  4623457 7760332 4521249 4414369  6342230  6332878  3330202  3474326 4784405  5244471
            4096    1024 1156752 3534366  6122971  6532752 6908408 3949571 3522048  4882301  6897314  3371374  2370354 4103335  4079948
            4096    2048 1091977 2981164  4116116  4201683 4000150 2710696 5019235  4133944  3512686  1945888  3949571 4112175  5151685
            4096    4096  848732 2686114  3709909  3676563 3065750 2435200 2872500  2566532  2905044  1959649  2723157 4162994  3817913
            8192       4  810202 2550492  4703073  5066458 4399563 2519817 4439927  5610847  4216536  2170023  2748821 4110112  4992112
            8192       8 1150586 2880400  5333039  6360787 5615432 2890577 4810398  7032563  5251529  2855267  2559231 5788555  5221205
            8192      16 1238420 3439135  5323125  6364322 6118398 3267748 4835445  7301563  5298499  2998544  3187712 4633311  5400092
            8192      32 1411726 3644124  5713476  5822889 5834754 3120830 4864885  7181010  5645881  3282106  3201076 4578974  5395852
            8192      64 1460512 3460959  6404656  6305921 6855760 3908154 4985593  7992856  5468852  3147128  2809278 4518755  4513413
            8192     128 1277417 3785443  5025700  5780764 5531360 3481651 5066458  7846828  5333867  3280539  3264953 5889763  6032463
            8192     256 1183805 3678455  5016162  5231540 5353814 3419285 5287898  6681127  4976927  3164228  3099435 2206960  4297757
            8192     512 1234283 3543042  5475825  5254742 5411147 3431922 4827293  6414221 10738070  3253206  2552766 5442863  5142283
            8192    1024 1158539 3453654  5296049  5472336 5268439 2881366 4023951  5638469 11174604  2709800  3296592 3928710  3747460
            8192    2048 1086893 2138820  5104089  5234728 3566579 2961585 4699856  3938618  4097857  2259200  2616328 3526677  3262473
            8192    4096 1038409 1932080  4313945  4330255 4385525 2678953 3864202  2443132  3469697  1976878  3236658 1592217  3695070
            8192    8192  917978 1790240  4383287  4404639 4478702 2857404 3148282  2241368  2973374  2270546  1976878 2675407  4116513
           16384       4  856191 2512888  5196649  5191153 4191283 2376208 4422158  5194292  4847317  2692578  1565763 3176338  5044073
           16384       8 1130704 3183254  6284471  6203907 5586129 2757292 5523715  7721458  5860033  2716098  2764280 5626377  6154457
           16384      16 1239153 2733818  6248471  6304073 5718614 3077339 5891180  6427904  5910434  3176926  3061164 5769022  6099827
           16384      32 1225430 3270828  4350488  6424899 6079860 2715776 6101994  7945545  6289648  3447037  3456574 4416190  6294257
           16384      64 1414364 2854296  6483088  6455681 6397385 3126055 5653687  7843072  5693031  2055450  3645826 4999668  5398737
           16384     128 1359656 3567840  6260425  6313919 6227520 2530749 5630064  7183116  5403406  2561979  3581974 5191545  4807640
           16384     256 1279006 3662146  5595681  5944691 5959642 3775835 5414475  6901759  5393229  2823917  2781173 5765150  4616443
           16384     512 1368755 3007969  5889161  5599785 5839120 2432995 4333206  7180114  5224700  3349097  3068682 4889045  4254600
           16384    1024 1234013 2438780  4729877  4118686 5523715 2570027 4272322  6005474  8664879  3040307  1898076 3081479  3542459
           16384    2048 1172371 1647285  3323987  3840620 5249445 2980959 3455009  3758694  6285046  2351328  2526005 5155324  2700514
           16384    4096 1266559 1689069  3945131  4436432 4193585 2431187 4377369  2405486  4389112  2398769  2084189 2334871  2804097
           16384    8192 1259525 2256144  2944682  4406561 4212867 2716205 2822409  1862881  4015675  1905549  2623200 3961506  4079807
           16384   16384 1071200 1880417  3899241  4309294 4416190 2831713 3464590  2311467  2905464  1988364  2054958 2795428  3126624
           32768      64  984048 2760327  4629630  4714756 6029133 2818751 4450338  8185857  6422739  2751265  3610467 6061574  6496512
           32768     128 1204138 2717054  4665145  6313573 5369169 2958233 5460469  8033228  5798670  3183829  2585635 4650622  4743395
           32768     256 1359505 3358821  5159544  5464159 5426191 3190037 5862984  5888355  4827364  2848664  2687882 4584843  5684038
           32768     512 1273835 3605163  4750280  1868397 5239401 3037740 4647320  5551114  4780185  2367807  3596202 4382507  4379574
           32768    1024 1239285 3600158  5941814  5967613 5229433 2977266 5860734  6458049  4492378  2461748  1540367 4532228  3741076
           32768    2048 1095813 2781218  3822228  3786530 3867401 2391290 3293228  3760319  2814883  1931059  1501461 2913212  3110688
           32768    4096  955221 2705395  4419144  2955815 3523460 1365516 4358602  2829428  2794224  1418478  2218732 2743686  3163821
           32768    8192 1096399 1906549  4407240  3498972 3542076 2273378 4266063  2701619  2773417  1770098  1930951 2759662  3067025
           32768   16384 1076544 2623541  3609234  3840599 3844144 2399347 4058939  2705608  4303061  2031593  2949409 3445983  4247868
           65536      64  860494 1088712  4680142  4789247 4432599 2372074 4770379  7693022  5128816  2787220  2445189 4650607  6427065
           65536     128 1126494 2756060  5847743  4728121 5125182 3001971 5019610  7718296  5703712  1814150  3294918 5424243  5719734
           65536     256 1069768 3414937  4436175  5571344 5481026 3534461 5505397  7220744  4458843  2916606  3510806 5056731  5103202
           65536     512 1272637 3330892  4323828  4441910 4491850 2450486 4826246  5723665  5523873  2951113  2852383 5651062  4753468
           65536    1024 1028112 2087931  3569898  5504956 5935246 2005313 5728675  5776104  5245380  2271684  1730328 3342516  5967070
           65536    2048  966821 2208975  2969572  3260988 4377259 2739442 2682395  3976257  4961443  2118783  1666514 4802887  3223436
           65536    4096 1110475 1691516  2725211  3038170 3126995 2361051 2868456  2714392  2720572  1922212  1624019 4328049  3118233
           65536    8192 1182943 1993373  2995395  4328390 2990442 2004771 2901122  2848156  2764987  1698131  2170343 3598735  3633845
           65536   16384 1230188 2527803  3980287  4188181 4233593 2451054 4184101  2892909  4236855  2334225  1951747 3978617  4391946
          131072      64 1055092 3033356  5746508  5536992 5856390 2956458 5271778  7907333  5501915  2617052  2903540 2621069  5920404
          131072     128 1310325  873329  5558377  5349026 5596344 2929315 5433239  7934151  5804021  2704801  2692692 4870362  5598282
          131072     256 1336146 2979257  5219672  5492680 5386815 3125818 5272587  6825889  5433722  2829886  2083285 5120781  5430126
