	Iozone: Performance Test of File I/O
	        Version $Revision: 3.420 $
		Compiled for 64 bit mode.
		Build: linux-AMD64 

	Contributors:William Norcott, Don Capps, Isom Crawford, Kirby Collins
	             Al Slater, Scott Rhine, Mike Wisner, Ken Goss
	             Steve Landherr, Brad Smith, Mark Kelly, Dr. Alain CYR,
	             Randy Dunlap, Mark Montague, Dan Million, Gavin Brebner,
	             Jean-Marc Zucconi, Jeff Blomberg, Benny Halevy, Dave Boone,
	             Erik Habbinga, Kris Strecker, Walter Wong, Joshua Root,
	             Fabrice Bacchella, Zhenghua Xue, Qin Li, Darren Sawyer,
	             Vangel Bojaxhi, Ben England, Vikentsi Lapa.

	Run began: Sat Oct  5 17:46:00 2013

	Auto Mode
	Command line used: iozone -a
	Output is in Kbytes/sec
	Time Resolution = 0.000001 seconds.
	Processor cache size set to 1024 Kbytes.
	Processor cache line size set to 32 bytes.
	File stride size set to 17 * record size.
                                                            random  random    bkwd   record   stride                                   
              KB  reclen   write rewrite    read    reread    read   write    read  rewrite     read   fwrite frewrite   fread  freread
              64       4  507625 2067979  2801873 1597288510821524 4274062 4564786  4897948 10402178  3738358  3203069 4564786 15972885
              64       8  686877 2801873  4564786 12902017 8182586 3057153 4897948  4274062 12310336  3363612  2923952 5860307 12902017
              64      16  645579 2772930  6421025 1597288515972885 2561267 4564786  4274062  7940539  1690338  3165299 5283570 12902017
              64      32  592827 3057153  6421025 2273779115972885 5389653 4018152  1392258  6421025  1226821  4564786 5860307 20962191
              64      64  789967 2067979 12902017 2096219115972885 5735102 4988978  5389653  5389653  4274062  3541098 5283570 15972885
             128       4  399812 1622919  4267461 1588107810567140 4407601 3053774  5325799  3445772  3560017  1852520 5122535 14200794
             128       8  847059 1878447  4934216 1801235914200794 5325799 4717434  6727225  6406138  3759450  2098744 6114306 15881078
             128      16  836500 1852520  4267461 1172061412842051 5784891 3359523  6406138  4934216  3895854  2286447 6727225 16365173
             128      32 1007629 2202044  5122535 1801235914200794 6114306 4717434  6406138  4557257  4557257  4557257 3053774  4407601
             128      64  907174 2211113  7582312 1588107815881078 6406138 5545860  5325799  7476717  3982553  3380677 4135958 12842051
             128     128 1133103 2367096 14200794 1801235915881078 6045455 4135958  6406138  6727225  6406138  2464907 5847904 12542043
             256       4  861885 2371308  5810112 12812277 5569035 4197489 4907284  5117791  4264168  4070199  3316006 4422226 12090911
             256       8  984356 2692393  6398720 1516462413625180 5540300 5455847  7314033  4070199  5022044  3197509 5810112 12812277
             256      16  764334 2665657  5320671 1416439514353744 5938650 5810112  7120034  6107548  5217259  3368013 6107548 14164395
             256      32 1185399 2812272  5810112 1516462414164395 6398720 4477549  7518900  8534922  5569035  3368013 4496299 14953435
             256      64 1137672 2911402  6761355 1583556915164624 6595234 5971678  7735574  5938650  5810112  5022044 5347168 15164624
             256     128 1286217 2943325  7518900 1516462412090911 5810112 5428265  6398720  7735574  3935921  4404088 5687020 14353744
             256     256 1243036 3935921 11091721  164229413454450 5810112 5569035  5810112  5687020  5687020  3410808 5455847 12228612
             512       4  820650 2860238  5870558 12499490 9681823 3970896 4650188  5384786  5886650  3795443  3220553 5384786 11683444
             512       8  915847 3459188  5951911 1343809211877300 4927617 3762197  6736026  8394979  4494470  1882427 5699180 11943357
             512      16 1060063 3437042  6319739 1310994412215097 5684095 5227492  6632013  7022379  4742616  4375425 5509113 12797441
             512      32 1350783 3220553  6086873 1378308813109944 5951911 3849877  6736026 11877300  2995907  4271001 4916336 13872122
             512      64  929322 2942541  6319739 1378308812797441 5624545 5951911  7211022 12499490  5384786  3788747 3877684 12797441
             512     128  949875 2413429  5566231 1221509711943357 5439343 4827914  6338392  7988981  4742616  3970896 5331314 13109944
             512     256  941133 1821745  7620440  368473311138071 5951911 5384786  6472112  8018812  4610256  6319739 5822804 12499490
             512     512 1190529 3346002 12797441 1279744112797441 6174377 5684095  6086873  6018636  6174377  4061007 6035551 12797441
            1024       4 1025099 2985091  5690162 12173747 9946527 2867506 5277632  5751117  7160597  4199201  2659742 5194651  7927135
            1024       8 1258117 2884840  5991815 1330511611520658 4361233 5390231  6874084  7941793  4356809  3696803 5782087 12348754
            1024      16 1207534 2216407  6128613 13643232 6244448 5336651 5751117  6733974  6918376  4570058  4099011 5991815 13472053
            1024      32 1216082 3066069  6102490  527763212828238 5096034 5417427  7524394 11520658  4526709  3778101 5303701  9946527
            1024      64 1436056 3239514  3003881 1364323213998981 4614246 3291652  7811791  8199542  3905205  4079544 5660167 14230902
            1024     128 1190795 2760606  5991815 1399898112639479 5630486 5720477  7811791  9743447  4033569  3970183 5096034 12639479
            1024     256 1452570 3369115  6599461 10134284 8262639 4374559 4282950  5758828 10039528  3210456  2392998 5424269 12790037
            1024     512 1098511 4130547  8000971 1294422412983353 5991815 5758828  6235382  4287225  3481072  3229770 5018624  6244448
            1024    1024 1194770 2877110 11903823 1347205313102174 3390391 5601115  5444898  2869422  4493556  2222141 5885083  8000971
            2048       4  915887 2774700  4633675 10131961 9664580 3871422 5293261  5209791  4785996  4040790  2951050 4086930 10289741
            2048       8 1029745 3598924  6459541 1211888412274742 4079167 4983122  7036283  6149699  4213218  3585405 4611288 12416686
            2048      16 1498120 2955111  6340344  6962145 8940345 3272598 4248644  7036283  6649556  4707314  3757946 3751381 11835033
            2048      32 1264191 3650932  6563185 1363902313836752 5147354 4971585  7874853  8949659  5068389  4453499 6167360  6340344
            2048      64 1335124 3341339  3899542 10452512 9664580 4396514 4284671  5884299  9578367  5029807  4441984 5264067  5953632
            2048     128 1293702 4319142  3630870 1100137213301113 6382745 6058611  8284999 15154989  5095447  3757946 5991003  6007763
            2048     256 1259557 3074635  4490751 1067330212488897 5953632 5640860  7213548 11564174  3624742  2153510 3857514  6873016
            2048     512 1232980 2659582  6440169  9308497 5403134 3894239 4603874  6629029  7165410  4934459  4204968 4741090  6583305
            2048    1024 1050781 2306143  7817519 11642543 6588354 4728042 5433896  4864597  4697018  2204352  5032754 3489282  4550221
            2048    2048  752921 2221454  6523312  5376082 5626082 3034448 4531020  2709070  5095447  3465352  2880782 3489282  4500161
            4096       4 1093436 2726614  4035859  5649775 5512011 2444208 4428023  5596402  4298399  2224851  2716268 5580043  6649056
            4096       8 1362529 2861973  5153230  6408472 8308260 2828518 4390677  5151685  4906002  3124291  3175103 5050220  4796426
            4096      16 1199057 2952980  6321227  6480999 7222056 4208889 4946971  6439700  6919538  4348447  2686114 4452120  5988509
            4096      32 1111547 2189409  6370451  6261328 9163546 4063542 4511750  7998800  7274040  4141917  2933818 5713661  6703539
            4096      64 1212513 3349029  5069594  7629374 9332798 4466009 6252213  7599002  7742845  4423462  4079948 4911613  5440445
            4096     128 1281142 3187474  5127086  4476482 4876757 3292546 5634950  8177752  6490793  4284464  3330202 4899008  6049663
            4096     256 1276857 2978579  5867831  6872481 7965422 4535572 5672159  5885924 10136778  4132949  2834585 5497899  5447345
            4096     512 1191407 2417722  5211065  6967243 7158858 4031124 5713661  6916752 11601703  3764373  2571141 5113352  6500617
            4096    1024  966040 1212941  4027344  4262142 4562069 2419425 5447345  4696769  9545402  1665715  3107900 4946971  6234064
            4096    2048  987927 1861750  4348447  5153230 4875373 2192762 4043458  3250804  5171846  2923832  3736536 3540193  4184286
            4096    4096 1015370 2409246  4315676  4357270 4231697 2491711 2729213  2340643  3949571  3112404  2197530 4023571  3524939
            8192       4  927418 2572837  4727012  4815791 4461836 2179936 3610427  5326425  5192013  2947864  2481778 5378957  5708730
            8192       8 1198882 2727005  5234728  5305863 4500997 2644316 4546258  6855760  4017364  2621518  2682299 5700206  5168583
            8192      16 1167475 2802633  5984134  5830794 6024002 3312482 4740709  7765253  6114043  2854319  2852423 5329730  5822889
            8192      32 1283621 3026275  6384425  6215800 6585093 3577348 6117309  8119403  5974769  3607016  3619936 5450634  5842692
            8192      64 1316172 3127933  5350479  4961834 6014511 3065970 4678737  5851647  6249718  3699844  3538663 6395120  6461262
            8192     128 1455871 2901807  4255705  5867636 5396699 2939542 5218033  8549738  4816466  3079711  3332724 5198297  5347148
            8192     256 1304677 1722050  4521133  4683839 5000831 3505449 4216536  6010303  5155399  2983184  2766527 5716328  5737327
            8192     512 1563098 3158120  4578974  4271046 5188093 3693481 4229512  7055669 12320592  3531027  2245029 4705005  4357715
            8192    1024 1191234 3782110  6267959  6282859 6224809 4242044 5371390  6912307  9246914  1876370  1713804 3469697  3623372
            8192    2048 1177558 1916240  5516264  5626466 3855097 2202151 3353214  2634988  2865268  1760159  1944435 3038585  3037511
            8192    4096 1255847 2302344  4268923  4371576 4160879 2741802 2972602  2093088  2761192  1932514  2448180 2799664  2938536
            8192    8192 1135415 2003389  4205183  4284360 4164914 2340612 3908599  2438970  3581823  2702765  2323989 3060236  4209820
           16384       4 1022659 2426894  4289925  4280039 4126104 2382469 4185922  5730536  4753105  2725686  2613523 4870334  4327475
           16384       8 1238684 2888124  4568869  4773907 5448389 2869312 5756940  7790612  5770960  2818011  2572047 5171619  4325296
           16384      16 1289179 2916314  6429708  6430310 6008099 2840961 6063765  7750195  5808029  3353182  2552368 4689211  4829942
           16384      32 1321609 3792715  5872553  5750677 6282173 3525738 5134524  7447000  4446191  2855363  2952653 4845608  6318564
           16384      64 1559226 3248256  5321396  5158807 5300463 3312611 4510985  8715430  6395004  2853940  3010736 5324694  5293522
           16384     128 1471263 3276130  5728625  4732483 4543494 2991991 4607467  8038488  4972535  2656769  2906570 4617994  6157214
           16384     256 1337454 3036277  4498582  4779220 4488885 2254516 4378485  6728097  4337856  2610544  2587543 5619016  5618556
           16384     512 1416084 3721041  4448494  4418461 4262252 2892257 4198966  5490615  5673291  3323344  3044348 4179557  5616719
           16384    1024 1449141 2301095  5933911  6019150 5826743 3491168 3364840  3869600 11538233  2714810  1848549 5340004  5614884
           16384    2048 1296720 1778371  2719322  2735669 2995773 2008354 2816163  2137277  3089653  1788228  1787065 5102499  4799246
           16384    4096 1160021 1903807  2777913  2936126 3083138 2256441 3562476  2532334  2947334  2028211  1851937 4422158  3658053
           16384    8192 1234101 1820634  2798844  3018406 3126766 2598501 2756850  2109978  3043673  1974481  2405234 4403173  4417325
           16384   16384 1077685 2296942  4423296  4221407 4440158 2526097 3753356  2740250  3808480  3002318  2703170 3946944  3865247
           32768      64 1217590 3340940  5809945  6297950 6077119 3370435 4434114  7540071  5887094  3275178  2931730 4937133  5434129
           32768     128 1386776 3258252  5960108  5715714 5191311 3155612 5447699  8439186  6138461  2943093  2862309 4900342  5353275
           32768     256 1483856 3149249  5820279  5172554 4998178 3187521 4641356  6949853  4460014  2576522  3512475 5372737  4363306
           32768     512 1389187 3806666  6011464  5272363 5977216 3834278 5167692  6401201  5332505  2640020  3452129 4789179  5956750
           32768    1024 1190135 3653949  5377993  5264890 5368330 3103944 5753760  6552573  4593731  2328455  3128817 4655348  2186436
           32768    2048 1084058 2907542  3352921  3496302 5265697 1697472 3780385  3048994  6713572  1613875  1676722 2880727  3193447
           32768    4096  977275 1974561  4394277  3752209 2329244 2027218 4356253  2384858  3898114  2171512  2326642 3351204  3548935
           32768    8192 1025826 2028714  3244330  4383205 2772746 2448678 2568049  2496447  4344686  2264091  1813877 2786406  3114283
           32768   16384  836686 2031864  3402307  3341590 3311238 1985113 3855467  2058954  4025061  2348588  3149249 4020704  3757338
           65536      64 1009408 2092127  5583680  5621592 5397509 3164178 6224335  7764077  5183558  3213675  3110400 4706345  5282577
           65536     128 1344772 3229306  4687165  4971224 4848036 3546912 5590834  4037464  5211172  3264862  3427969 3173823  3645943
           65536     256 1410014 3292116  5499779  5755423 5581866 3614160 5335590  6726354  5668777  2634095  3249040 4836946  5052827
           65536     512 1004689 3372577  4398130  5547731 4974642 3694654 5082725  6293596  5146581  2746477  3367578 4187351  4334396
           65536    1024 1026840 1704269  3641065  3638655 5253400 3205767 5111648  4644635  5134468  2468487  2435936 5243779  3270261
           65536    2048 1004660 1887939  4923409  3039850 3077802 2453986 2817561  3731721  4741742  2141347  1608161 4762445  3264745
           65536    4096  916165 1911611  2893427  4182000 4198865 2570230 1971301  2209135  2690218  1238725  2062242 2967424  2659633
           65536    8192  798585 1687549  2758715  2638647 2326441 2359876 2840387  1846344  4021339  1968872  1937440 3988836  3926894
           65536   16384 1104358 1830715  2228821  2985408 2973620 2347461 2942520  2747136  2671445  1925605  2367192 3500300  4103708
          131072      64 1101527 1757633  5866577  6203672 5714966 2978982 2132292  7455751  5841766  2811075  2816028 5844623  4956023
          131072     128 1307896 3085364  5587301  5957810 5460166 3100380 5869207  8238905  5728902  2934350  2675760 5023637  5788377
          131072     256 1324387  391105  5152987  5532757 5536490 3180043 5270716  6235900  4735404  1784534  2674497 5324057  5500539
          131072     512 1213474 3168679  5381753  5653085 5404131 3077230 5371342  6737549  4997970  2334570  2597601 5461088  5553717
          131072    1024 1220172 2919468  5180129  5147776 5500979 3009955 4908717  6739945  5247924  1549005  1997624 4822004  5421558
          131072    2048 1175101  768557  4620930  4864243 4387768 2506537 4027166  3629306  4569045  1865103  1817039 4347483  3878572
          131072    4096  714631 1953556  3841738  2736876 2728617 1588174 2639062  2414653  3197727  1197068  1337537 1562295  3440213
          131072    8192  896966 1828315  3839698  2734589 2592248 1751479 1555844  2322410  2586820  1382064  1452594 3678088  2755008
          131072   16384  896151 1497968  4067901  4316116 4320389 2298658 3185294  2796731  3173655  1652154  1987987 4273339  3423759
          262144      64   82382  104547  5500066  4629955 4343873   55378 5294442  7960391  5797466   123118   103722 5382933  4657846
          262144     128   76639   95980  5108404  5779061 5525800   69868  472828  8051561  4428018    78577    72302 5049658  4721024
          262144     256   76719   89917  3974897  4495843 4555940   62496 4729452  6263174  4175464    78735    70949 4668624  4758908
          262144     512   77148   94147  5399587  5515461 5529190   97501 4939209  6999121  5335523   118452   119140 4943607  5559777
          262144    1024  119125  112187  5017604  5452904 5505022  119932 4958924  6680030  5396778   106775    97240 5100182  5769146
          262144    2048   77040  147162  4417131  4734747 4520278  103033 4295037  1979836  3411964   106131   117435 4254618  4698008
          262144    4096  118178   96686  2813102  4015500 4132029  117541 3684791  2715870  3859075   121822   117613 3795557  4084703
          262144    8192   74674   86340  3119431  2683013 2646557   79693 2893361  2456900  2640905    81582   114974 3267447  3492544
          262144   16384   79950   54029  3745022  4014577 3930606  130411 2194459  2693740  3951285   136537    96484 3203520  3027633
          524288      64   27256   78346  5747445  5976909 5850647   13123 5341313  7867934  5555546    61949    62898 4907506  5961079
          524288     128   71600   67354  5368108  5895776 4876923   16174 4074198  6552535  5575223    66360    79137 5744112  4304325
          524288     256   44403   36534  5430789  5524992 5461840   43744 4762534  7301969  5612648    40002    60833 5194831  5530397
          524288     512   80957   40122  5353380  5491478 5464867   53904 5142148  3993476  5458600    50903    72118 2358108  5538406
          524288    1024   58785   31907  5261339  5330399 5597604   58302 5102404  5986183  5495335    79724    34307 3197794  4787752
          524288    2048   71285   33257  4661873  4791695 3604614   30017 4427027  3415291  4833349    45179    38342 4424675  4698418
          524288    4096   68126   66664  3715452  3934585 3934613   54920 3749548  2663133  4109810    80779    50037 4030750  3926246
          524288    8192   92478   90465  4043616  3992962 4009605   93294 3975708  2742595  4045216    96530    96131 4073654  4087853
          524288   16384   93059   88353  4075406  3970676 4166870   92996 4034973  2547548  2947804    99918    97093 4009364  3993788

iozone test complete.
