	Iozone: Performance Test of File I/O
	        Version $Revision: 3.420 $
		Compiled for 64 bit mode.
		Build: linux-AMD64 

	Contributors:William Norcott, Don Capps, Isom Crawford, Kirby Collins
	             Al Slater, Scott Rhine, Mike Wisner, Ken Goss
	             Steve Landherr, Brad Smith, Mark Kelly, Dr. Alain CYR,
	             Randy Dunlap, Mark Montague, Dan Million, Gavin Brebner,
	             Jean-Marc Zucconi, Jeff Blomberg, Benny Halevy, Dave Boone,
	             Erik Habbinga, Kris Strecker, Walter Wong, Joshua Root,
	             Fabrice Bacchella, Zhenghua Xue, Qin Li, Darren Sawyer,
	             Vangel Bojaxhi, Ben England, Vikentsi Lapa.

	Run began: Sat Oct  5 17:46:00 2013

	Auto Mode
	Command line used: iozone -a
	Output is in Kbytes/sec
	Time Resolution = 0.000001 seconds.
	Processor cache size set to 1024 Kbytes.
	Processor cache line size set to 32 bytes.
	File stride size set to 17 * record size.
                                                            random  random    bkwd   record   stride                                   
              KB  reclen   write rewrite    read    reread    read   write    read  rewrite     read   fwrite frewrite   fread  freread
              64       4  474430 1304314  4564786 1597288510821524 4564786 2561267  4897948  4643754  3588436  1460430 3203069 12902017
              64       8  688639 1452528  7100397 1597288510402178 4564786 3203069  4564786  5389653  3057153  3203069 3738358  5860307
              64      16  627470 1562436  7100397 2096219115972885 5283570 2537060  5735102  4564786  2923952  3588436 3958892  4564786
              64      32  735831 1492919  7100397 1290201710821524 5389653 3057153  5735102  4274062  4018152  2467108 3738358  5283570
              64      64  329852 1933893 10402178 1597288512902017 5860307 3791156  5735102  3738358  4564786  1947927 4018152 12902017
             128       4  706589 3124872  4104338 1147020410779307 4557257 3380677  4104338  3468030  3867787  2035099 5545860 10567140
             128       8  859260 1471662  4267461 1254204312842051 5603747 4267461  6406138 10779307  2985839  2784517 5784891 12842051
             128      16  992724 3277486  4267461 1420079415881078 5847904 5325799  6727225  5074121  4012317  2166499 3657016 14200794
             128      32  853794 2464907  5325799 1588107814200794 3867787 4557257  6727225  4557257  4444086  4407601 4104338 12842051
             128      64  816154 2326073  9795896 1863766416365173 6406138 3359523  6727225  5545860  1939522  2920861 3895854 15881078
             128     128 1040839 2784517 12842051 1801235914200794 6330599 5325799  6045455  6406138  6045455  4012317 5603747 14200794
             256       4  876662 2563818  5841722 12228612 9868433 4132864 4652146  5320671  4907284  4332998  2747508 4070199 11569783
             256       8  773140 3756894  6761355 1516462412661199 5455847 5971678  7314033  5022044  5022044  2613746 5971678 14164395
             256      16  947860 4350555  4264168 1416439513454450 4477549 4819184  5687020  5117791  4907284  3159869 1523457 14953435
             256      32 1062263 2754556  6073004 1583556915164624 6107548 5117791  7314033 13454450  5428265  3285566 4404088 15164624
             256      64 1093639 3087188  7965107 1607260815164624 6398720 4117018  7314033  5347168  5810112  3236056 4840911 15164624
             256     128 1230218 3454704  7314033 1607260814353744 6398720 5455847  7120034  6595234  4264168  5117791 4117018 13454450
             256     256 1230218 3557725 12661199 1435374413454450 5938650 5455847  6249745  6249745  6213578  4477549 5810112 13625180
             512       4  941133 3104171  5886650 12146009 9859630 4411377 4532414  5886650  8140399  4195896  3533174 5509113 11620224
             512       8 1213400 3140488  6571132 1462806713109944 5439343 5331314  7435738 11620224  4973263  4061007 6086873 14628067
             512      16 1276891 3527371  5822804 1414626513522711 5870558 4973263  7513788  9145790  5115422  4375425 6319739 14628067
             512      32 1045103 4375425  6414119 1503780114240069 6395018 5384786  7758090  7540170  5624545  3504346 6246213 14628067
             512      64 1333173 2587935  6652558 1558341714628067 6652558 2830083  7309196  9145790  5344582  3762197 6319739 15037801
             512     128 1368865 3736016  5822804 1503780113872122 6086873 5699180  6821616  9145790  5384786  4882800 6228097 14240069
             512     256 1319250 2995907  7988981  271213413109944 5760329 2483197  6104175  7758090  3913012  6395018 6104175 13109944
             512     512  778128  930933 13109944 1310994413109944 5699180 5509113  5807059  5886650  5439343  2132967 5699180 13109944
            1024       4 1009676 2934110  3401130 11903823 4507705 3984917 5169641  4356809  7811791  3696803  2142335 5853003 11645609
            1024       8 1289855 3469823  6609617 1423090212790037 5096034 5660167  6874084  8750850  4507705  3849207 5950309 11903823
            1024      16 1393200 3951918  6609617 14422045 9946527 5120336 5758828  3085895 10878686  4715569  4014717 6059442 13686709
            1024      32 1412443 4064103  3529706 1461839313998981 5751117 5363307  7020149  4736370  4162573  3696803 5652717 13305116
            1024      64 1472995 4162573  4789183 1045498410769573 4178773 5958564  7869040  9946527  4920874  2701567 6244448 13686709
            1024     128 1134192 4339202  6692005 1423090214044758 6559147 5950309  7811791 14044758  4433259  4433259 3544270 13305116
            1024     256 1486247 4146499  6441107 1231335112983353 5720477 5303701  6059442  9855234  3066069  4789183 6102490 12790037
            1024     512 1460969 2410457  7590887 1294422412944224 5660167 5853003  6393168  6172653  4195100  5660167 5251818 10769573
            1024    1024 1047091 3937426 12348754 1330511613142265 5885083 5821271  5789881  5536137  4920874  2703267 5720477 11018226
            2048       4 1108263 2142232  5719737 11320334 9752360 3744839 3771144  5507054  5674397  3470953  2653011 4540600  5937172
            2048       8 1352573 3901313  4063729 1028974110780463 3696494 4934459  7135648  5280246  4130162  3425279 4897882  6895083
            2048      16 1203273 3650932  3643190 10192069 7311791 3671217 4356379  5596757  4971585  3663388  3407614 5904523 11770166
            2048      32 1541955 3771144  3235617 1248889713280548 5293261 5549749  7368238  5986827  4460436  2441150 5836323  5251194
            2048      64 1299574 2985927  6075753 1256195214132698 3878414 4490751  7336772  5372719  2916978  3922692 6321679 12805399
            2048     128 1435050 3413030  5852228 1234530613552946 4376355 6024617  5475461 14441580  2763097  3864455 4223576  4889518
            2048     256 1423162 3530875  4666399 11502234 8128206 5704543 3266376  6738230 10834854  2701402  3002627 4875642 10555264
            2048     512 1261777 4031308  4511980  8903279 4623699 3506373 5018054  5769681  9621281  3169944  3586902 5172149 10555264
            2048    1024 1509175 2541546  7903836 1118764110339282 5056455 3396834  6003564  4728042  3494960  4231899 3210223  4785996
            2048    2048  667967 3324528  5184636  4741090 5172149 3209024 4864597  3922692  4259178  3953383  3292669 4403275  6873016
            4096       4  858529 3162828  4023571  4551192 6605595 2980646 4072211  5263753  4471821  2822940  3316701 5238075  5145513
            4096       8 1205367 2775061  5490871  6964419 5542240 3427196 5810280  7802627  6669706  4180214  2582349 5681538  7486415
            4096      16 1281237 2915397  5396016  7612471 9163546 2826656 5971855  7639552  7073381  3834958  2972395 5944991  5347310
            4096      32 1497573 3110150  4491697  5362331 5996870 3110150 4830139  7529067  5556581  3781775  3580776 4644707  3696339
            4096      64 1349578 2987904  5572803  4104315 8443002 3365430 4982841  7099689  4418911  2160227  3624593 5696610  5843879
            4096     128 1264545 3047802  5107271  4638436 5244471 3009363 4157956  8276241  7326777  4288742  3368730 5044289  6112079
            4096     256 1263057 2846325  5736555  6408472 7983931 3354915 3558525  7274040 13381985  4179197  3781775 4076076  5367357
            4096     512 1172943 2625764  4551192  4847858 4917236 3433360 5618365  6894546 11570449  4043458  2422154 5721272  6595451
            4096    1024  936650  851044  1659601  2099508  948807 1622915 4911613  6225028  9614850  3289394  2792200 3479956  3222148
            4096    2048  679588 1787743  4248440  3058654 2872500 1514204 3821310  2882622  4428023  2255521  3608605 2610602  4941279
            4096    4096 1130268 1840804  3717133  3459633 3779279 2634219 4357270  2598755  3083911  2015752  1992144 3992713  4612286
            8192       4 1024660 2969263  5227560  4306915 4418801 2441049 3792546  5343822  4194403  2543318   401624 4306915  4782278
            8192       8 1283813 2018334  5146134  4413692 5278151 2667514 4205698  6590145  4548665  2505302  1058271 5298499  5288712
            8192      16 1323013 3163936  5713476  6112956 5851647 2960564 5378957  7307775  5184962  3422010  3157830 6177802  5487193
            8192      32 1386378 3529576  5936574  6330318 5876668 3534295 5271672  7193036  5184180  2913371  3106440 4633311  5155399
            8192      64 1252185 3400336  5685116  5712526 5834754 3203763 5461029  7721626  5748846  3221485  3151747 3240321  2274303
            8192     128  390168 3665114  4533661  5553712 4667931 2746185 5752696  6866721  6281710  3720275  2902788 4409161  4435342
            8192     256 1359661 2935022  4039563  4006122 5162371 3414868 5129999  6665573  4467057  3092461  3137644 5210911  5859631
            8192     512 1220516 2924779  4478702  4304757 6131500 3752781 4633311  5761377 10792033  3544870  2739834 4437634  4884942
            8192    1024 1110319 2265456  5550123  6356080 5979968 3951754 4390007  5716328 10127234  3133924  3225114 4992112  4876623
            8192    2048 1064731 1939386  2931016  4110112 4096391 2633372 2989673   805417  3775046  2512998  2114600 3978753  3287445
            8192    4096 1059511 1745938  4464155  4192356 3410461 2275508 3284930  2364288  2673741  1727504  2353438 2740709  2996452
            8192    8192  989600 2253569  3479888  3644124 3484475 2465218 4348340  2736125  3062418  2467520  1991198 2751683  2580178
           16384       4  971302 2608067  4657430  5069376 4516025 2361509 4800587  5830203  5001488  2527212  2701470 4230243  4224781
           16384       8 1246616 2744299  6330788  5955510 4750476 2628619 5067506  7148742  5378876  2984843  2606880 4369020  4443891
           16384      16 1278506 2845432  5520166  6215691 5554073 2811324 5520166  6939394  5290262  3002842  3216932 5256271  5595681
           16384      32 1459483 3512043  6163841  4464389 4790547 2781623 5564868  7089009  5355819  3373263  3010077 4340047  5165011
           16384      64 1400100 3583468  5649969  4197940 4320673 3115426 5738671  4556146  5392805  2744847  3080926 4493582  5468332
           16384     128 1538697 3295928  4471651  6220192 6184922 3217534 4231545  7758070  4645152  2686788  2802610 4292336  4558867
           16384     256 1268898 3129187  4837421  5239439 5209649 3356622 5839120  7129459  5934423  2703595  3688486 5427304  5876570
           16384     512 1194772 3742319  4932206  5166564 5333373 3380898 4486248  5776782  5921129  3365004   627450 4090979  5582498
           16384    1024 1137159 2209572  6131394  5915013 6134130 3884254 1361353   898636  9448826  2116216  3013376 4356280  4621721
           16384    2048 1043230 1923040  2818011  5428590 4036432 3074586 3809324  2692473  5633757  2316766  2469364 3143501  3890631
           16384    4096  964662 2055696  3908556  2857857 2846492 2495640 4380718  2764725  3572477  2364923  2008824 4364580  2507936
           16384    8192 1073661 1973517  2774996  3358755 4266751 2728825 3993274  2800212  4418745  2501727  2983806 4002810  4415055
           16384   16384  915212 2109719  3153744  3902784 3619137 2757292 3118395  1969219  4413637  2751331  2882914 3744766  3322701
           32768      64 1213537 3739448  5786219  6371230 6360321 3616452 5795491  7807786  5487942  3475612  3009800 4653929  4676415
           32768     128 1356459 3658715  5523894  5827683 5563472 3316272 6033632  8429869  5052938  2818520  2854877 6002538  6280969
           32768     256 1069282 3781737  5945927  5818062 5918020 3767741 5160319  6853509  5287780  2771795  1276070 4437693  4087792
           32768     512 1386762 1687510  5135254  5260658 5484219 3038345 5108152  3559782  4948331  2883023  3096322 5222677  4629474
           32768    1024 1472915 2812694  2562208  5033507 5411023 3422897 4364969  5673948  4060978  2254398  2864039 4581022  4714109
           32768    2048 1169705 2837548  3885221  3898114 3789035 2413673 3273228  2234459  5306563  1869668  2208216 3264753  3015347
           32768    4096 1091358 2699867  3527258  3520753 3457600 2412784 4265666  2313638  3927073  1588287  2236896 2782344  2783528
           32768    8192  937939 2032254  4367882  3533334 3604407 2730658 4326904  2004540  2766662  1626365  2461704 2754519  3059242
           32768   16384 1238302 2607464  3317633  4225925 4071564 2686306 4315492  2202271  2756176  1828355  3338911 2761270  3123768
           65536      64  970515 3036895  5109178  5329796 5439593 3444377 5140517  7619453  4382214  2810761  2828869 4623386  5737164
           65536     128 1380548 3188180  5794612  5565703 5666790 3031001 5140902  7281764  4196173  2327524  3278960 5714740  4546682
           65536     256  950789 3053730  5440454  3307884 3360825 2208230 4739045  5738721  5160688  2181106  3431735 4416148  3358567
           65536     512 1123175 3191585  4362393  5297951 5542138 3622400 4338980  6937190  4721300  1853403  3177676 5208308  5103202
           65536    1024 1179471 2240009  5691312  3582180 3413156 2451032 3771402  3917938  4112426  2535240  1869831 5408128  5132071
           65536    2048 1034636 2889078  2881597  3164907 4019869 2079969 3010123  3654523  2822247  1566346  2187668 4791334  4825483
           65536    4096  864763 1772584  2821060  2797574 2901337 2335395 2957018  2837542  2748537  1547005  2154945 4051927  3985424
           65536    8192 1029001 2210841  2812947  2962084 2711340 2500235 4182509  2222837  2727239  1714891  2066800 3815321  3551127
           65536   16384 1104061 1920077  3326055  3080596 2837162 2460796 3415828  2300891  2761625  1722683  1517071 3858487  4125078
          131072      64 1152342 2898473  6129729  5944346 6152435 3063938 5557197  7780539  6109157  2951268  2509706 2388769  6201992
          131072     128 1369224  993352  5867954  6081382 5650122 3066297 5637260  6063072  5398612  2164940  2446645 5377962  4805565
          131072     256 1340600  476682  5572519  5909204 5734459 3196184 3323739  6734496  4524411  2758131  2724371 5035002  5360396
          131072     512 1072198  715947  5554390  5715204 5483257 3346663 4685839  6297331  4974094  2091560  2721592 5326843  5194225
          131072    1024 1346052  646863  5799919  3015635 3441936 2183443 5434635  6769907  3723225  1490572  2521575 5018822  5683181
          131072    2048 1050046 1915947  2545780  2531467 2471936 1713335 2749235  1307333  2629067  1260295   966031 4393062  4490302
          131072    4096  882962 2176157  3977661  3897711 3811903 2211248 3967671  2584838  4090907  1765632  1788185 3556314  3830709
          131072    8192  789866 2012004  4078797  3781670 3623183 1867042 3878900  1914186  3783830  1850856  1379110 3846684  4037577
          131072   16384 1153043  782196  3025526  3450275 3701864 1664238 4091029  2737912  3884875  1984199  1985037 2561294  2647552
          262144      64  123361  120009  5611333  6176656 5700767   70828 4477115  7745450  5813928   121484   101929 4887461  5875819
          262144     128  107814  108785  5202207  5871489 5603297   58143 5277289  7937748  5751552   118583    84926 3696125  5638353
          262144     256   74165   88320  5234403  5427306 5289424   98633 4918177  6959515  5501662   117848   120907  500412  5433932
          262144     512  119250  102437  4279840  5538632 5342030  107308 5012023  6877501  5555900   109398   104821 4952000  5330401
          262144    1024  110125  121604  5029516  5367194 5593605  124901 4859122  5028090  5467138   103532    93824 5045302  4150920
          262144    2048   80197  135727  4243796  3197650 4482701  115987 2298277  1843643  4275995    82840   116345 2930165  4031372
          262144    4096  109163  139401  3822848  3946350 3790402  103638 3650524  2405455  2485997    81561   116598 2593965  4025424
          262144    8192   99849  119805  2827723  3546848 3733070  110681 2598520  1806779  3904962    92275   107968 2405324  3967983
          262144   16384  120298   78357  3740219  3992753 3991897  126947 1905794  2662875  2738708   137475   145654 2579137  2743444
          524288      64   26650   67186  4918504  6185479 5486368   10012 5263719  7970917  5691351    74379    82810  352420  5035802
          524288     128   80283   42248  5676820  5479423 4967245   15368  919856  7604109  5533849    71243    83238 5648198  5742087
          524288     256   79498   67501  5073235  5171351 5105034   29063 4618585  6740573  5205653    70274    80226 5297283  5395292
          524288     512   75812   32315  4233215  5620452 5526797   27069 4949468  6983136  5674359    78535    41997 5315003  5597832
          524288    1024   80392   74916  4584413  5012455 5413969   57514 5222566  6568644  5666683    81791    80672 5448726  5747640
          524288    2048   65282   50847  4580050  4829432 4725832   64634 3313579  3333086  4609408    38272    50376 4766643  3836894
          524288    4096   55731   36934  3956089  3997898 3991229   48786 2129122  2743193  4163359    80631    43695 3849649  4022249
          524288    8192   71111   42452  3494857  3771205 3854629   64416 3757826  2639665  3826665    74926    76453 3213514  4005989
          524288   16384   75519   34666  2478655  3409603 3416224   41577 1602571  2742164  4014729    42834    85419 3805092  4045618

iozone test complete.
