	Iozone: Performance Test of File I/O
	        Version $Revision: 3.420 $
		Compiled for 64 bit mode.
		Build: linux-AMD64 

	Contributors:William Norcott, Don Capps, Isom Crawford, Kirby Collins
	             Al Slater, Scott Rhine, Mike Wisner, Ken Goss
	             Steve Landherr, Brad Smith, Mark Kelly, Dr. Alain CYR,
	             Randy Dunlap, Mark Montague, Dan Million, Gavin Brebner,
	             Jean-Marc Zucconi, Jeff Blomberg, Benny Halevy, Dave Boone,
	             Erik Habbinga, Kris Strecker, Walter Wong, Joshua Root,
	             Fabrice Bacchella, Zhenghua Xue, Qin Li, Darren Sawyer,
	             Vangel Bojaxhi, Ben England, Vikentsi Lapa.

	Run began: Mon Oct 28 02:31:39 2013

	Auto Mode
	Command line used: iozone -a
	Output is in Kbytes/sec
	Time Resolution = 0.000001 seconds.
	Processor cache size set to 1024 Kbytes.
	Processor cache line size set to 32 bytes.
	File stride size set to 17 * record size.
                                                            random  random    bkwd   record   stride                                   
              KB  reclen   write rewrite    read    reread    read   write    read  rewrite     read   fwrite frewrite   fread  freread
              64       4  754443 2133730  9318832 15972885 9318832 3738358 8182586  4988978 10402178  3363612  3057153 8182586 15972885
              64       8  852702 2133730 12902017 2096219115972885 4564786 6421025  5283570 12902017  4564786  358843612310336 20962191
              64      16  901377  320021 12902017 2096219115972885 5283570  614542  5860307 12902017  4564786  401815212902017 22737791
              64      32  929467 2379626 10821524 2273779115972885 5283570 9006179  5735102 15972885  4564786  489794810821524 20962191
              64      64  955947 2801873 15972885 2096219115972885 586030710821524  5860307 12902017  3057153  395889212902017 15972885
             128       4  551312 3657016 10779307 1420079410779307  902598 8548124  4934216  9129573   969421  3895854 8036304 12842051
             128       8 1032829 4407601 12542043 15881078 8548124 440760110779307  6406138 16365173  2905056  455725712842051 15881078
             128      16 1123617 4557257 14200794 1636517314200794 532579911470204  6727225 15881078  5122535  512253512542043 15881078
             128      32 1155043 4759253 14200794 1588107815881078 554586011720614  6406138 15881078  5325799  578489112842051  9129573
             128      64 1231904 4934216 14200794 1863766414200794 102494211720614  6406138 14200794  4717434  803630412842051 18637664
             128     128 1185654 4557257 12842051  124044312842051 554586011720614  5847904 12842051  5545860  554586012842051 14200794
             256       4 1062263 1453348 10651598 12228612 9434868 3410808 9192546  1495866  9114515  3879045  3823789 2049885  9868433
             256       8 1123389 4281170 11569783 1345445011695808 502204411091721  6719046 11091721  4572895  457289512228612 12812277
             256      16 1173737 4572895 12812277 1495343512812277 532067111091721  6554972 14953435  4840911  492981512090911 13625180
             256      32  833776 4840911 12812277 1516462413454450 568702011569783  6936061 15164624  5117791  534716812812277 14164395
             256      64 1201314 4734192 12812277 1416439513454450 584172212228612  6936061  2205688  5455847  610754812812277 14353744
             256     128 1248819 4929815 13454450 1416439512812277 597167811695808  6398720 13454450  4572895  639872012228612 13454450
             256     256 1243036 1707589 12228612 12228612 8534922 545584711207494  5455847 12228612  1704877  556903511569783 12090911
             512       4 1055894 2995907 10434519 11620224 9304292 4000485 9304292  5278892  9344779  2178404  382246610694336 10911694
             512       8 1213400 4061007 12797441 1387212211620224 248319711683444  6931711 11434603  2416145  449447012215097 12797441
             512      16 1224470 3788747  2317080 1310994412146009 545315511620224  6736026  8140399  4871723  473216512427157 13190469
             512      32 1077618 4375425 12797441 13872122 3659616 545315512499490  6931711 15037801  2474613  478488512797441 13522711
             512      64 1233614 4099771 10911694 1424006913109944 608687312797441  7309196 10044089  5384786  501976410911694 13783088
             512     128 1080328 4961773 12499490 1343809212215097 574491911943357  6736026 14628067  5227492  588665012427157  3304808
             512     256 1030064 4610256 11877300 1214600910911694 5019764 4030519  6104175 11943357  3182373  762044011620224 12215097
             512     512 1357615 4701087 12146009 1249949012427157 4827914 7988981  5639315 12215097  5509113  556623111877300 12499490
            1024       4 1061322 2666347  5144870 10662628 3764854 2604895 8914314  5200941  4876180  3908759  2791104 4943530 11018226
            1024       8 1011817 4211554 12348754 1381881711903823 460929411368190  6402699 11773301  4531485  313088612208350  5853003
            1024      16 1223356 4629166 12639479 13818817 5983467 516964111398360  7113161 12639479  4876180  453148511132462 12790037
            1024      32 1135391 4783849 12639479 1399898113305116 559382011773301  7269678 12983353  5151040  514487012348754 13643232
            1024      64 1257748 5042191 12639479 14422045138634223807402810906310  4232305 15977962  2381058  509603411903823 13863422
            1024     128 1244266 4805258 12348754 1203727213102174 617265311773301  6874084 15516181  4531485  343650810990032 13142265
            1024     256 1262555 4741598 11132462  562311511132462 367152110429596  6529233 12944224  3447541  347262810230845 12037272
            1024     512 1124099 3142339  5472650 22276143 5417427 547963210039528  3778101 11903823  3261656  6819511 9240349 12348754
            1024    1024 1139005 4232305  5424269 12790037 5500686 5390231 9655828  5500686  3778101  5417427  3281592 9320560 12639479
            2048       4  960219 2100841  7582884  706521912050878 2744558 7183386  5056455  8159088  6041567  2968386 1994502 10192069
            2048       8 1116619 3357009  6207471 1280539911129659 3612546 6041567  6114678 10339282  3108009  2888532 8464610  7112016
            2048      16 1162246 2843590  6284678 12729493 7670915 3931669 9101380  6401772  9483197  4367454  4146110 8830061 12398764
            2048      32 1115459 3592903  9308497 1144095512959958 5131978 6717153  5433896  7589584  3977179  3130664 4864597  5083385
            2048      64 1425997 3519302  8325147  799952413660713 4312636 9525260  5416763  7817519  4001263  3525079 9149853 12118884
            2048     128 1363523 4540600  9024882 1138032512959958 5290001 9697312  6786139 15652050  4321315  3261415 6007763 12187663
            2048     256 1412398 2937929  7059413 1094530113639023 5674397 8431376  6543188 13219235  4301837  4071433 7761014  9228493
            2048     512 1210394 3413030  8531869 10889797 7213548 8357547 8431376  4730646 11917129  3185225  3459769 5535444  6917293
            2048    1024 1331606 3649381  9101380 10780463 8820994 4396514 6759439  5670651  9189005  4170264  4394265 4764758  7419150
            2048    2048 1154591 2370418  4807425  5032754 4971585 3169944 5209791  3683812  5503525  3165272  2606323 4472047  4754210
            4096       4  942922 2344476  4671228  6058196 2938334 2216240 3436107  4505833  4607338  2323234  2046000 4257917  3407483
            4096       8 1079286 2512850  3124291  5244471 7274040 2805423 8430572  4316760  5926533  2505155  2617364 4929936  4179197
            4096      16 1229961 1196969  4437172  5894001 4730393 3309035 3778448  4946971  4546375  3237937  2163764 3033808  4235870
            4096      32 1158390 2249320  4796426  4718699 5713661 2894765 2801763  6151473  6272759  3016231  2758132 5013377  4128976
            4096      64 1194555 2907010  3614679  8356757 4971306 3230631 5107271  5030994  6291135  3961410  2143249 4723889  4248440
            4096     128 1437188 2436582  3831537  2671911 5217395 2992067 3834958  5238075  6309619  2784507  2066675 4399673  5340661
            4096     256 1161994 3141429  3771811  5955295 4352854 3686820 4244242  3512686  6120790  3343814  2375927 3864287  4380601
            4096     512 1217928 2474841  3886139  5594580 5374073 3018351 4612286  4906002  9353122  2925823  2592481 3618486  5476867
            4096    1024 1170625 2664865  5902100  4723889 6077484 2950952 4145915  2500415  8586475  2946902  2834585 4591331  5250883
            4096    2048 1271659 2052110  3775126  3909130 4965558 2059490 3165159  2807716  4095510  2357991  2696655 1954077  3911800
            4096    4096  876130 1876185  4257917  2170598 2882622 2068666 3300770  2047951  2661562  2275839  1484631 3158176  3045101
            8192       4 1000347 2279282  4949683  4546258 5044145 1772417 3789200  3487658  4131362  2170709  2163193 4298295  4346140
            8192       8 1153638 2486987  5752696  4275297 3532479 2369668 4500997  5066458  5368033  2414461  2584253 4648984  5056765
            8192      16 1107314 2783561  4844308  4320998 4205698 2801490 3307062  6005051  5069448  3288703  2835475 4554091  5069448
            8192      32 1049030 2815263  5677601  5970616 7884642 3429182 5736369  5649594  3495109  2917329  2794882 4646469  4899570
            8192      64 1306115 2982148  3561773  5248321 6715075 3192451 4974045  6325656  5502130  2990974  2451324 4194403  5097274
            8192     128 1177881 2880642  4505719  4592439 4926264 2932017 4467057  5241116  4339005  2871493  2821968 4213951  3443616
            8192     256 1236548 2964907  4979812  4147820 3737270 3493332 4106182  5489823  4961834  2817109  2956488 3229054  4615263
            8192     512  997211 3072825  4774304  4784941 3336931 3450879 5047109  6360787 11788003  4129376  2730689 4689593  4404075
            8192    1024 1144454 2686704  4525898  5247519 4749227 2215212 4454317  5101058  9502650  2377210  2552007 4271046  4409161
            8192    2048 1018917 2395941  3817406  5411147 3951754 1905613 2709800  3212750  4366576  1829416  1894475 3648767  3890014
            8192    4096  979333 2209941  3585187  3783776 3934558 2797612 3947668  2248114  2862403  1980638  2182706 3327237  3378271
            8192    8192 1042758 1950506  3332724  3336931 3172701 2086099 3226628  2166056  3177689  2407863  2247378 3477070  3273040
           16384       4  940206 2323031  4816063  3810169 3732156 1812805 4391355  3561737  4041417  2271132  2164065 4669138  3913898
           16384       8  984607 2363540  4804615  5049262 4880712 2056188 4858627  4394726  4785210  2311156  2396761 5231064  4295556
           16384      16 1156722 2473453  4770925  5647647 4179557 3066491 4712040  4845950  5774840  2984325  2416143 5380560  4297974
           16384      32 1102708 2829265  4886264  4937877 4758701 2685004 3570249  5414475  5063026  2785909  2607177 6347747  5137979
           16384      64 1219494 3098849  4343614  4649552 4049514 3652220 4607467  7102196  4393602  2853821  2442507 4930437  6501489
           16384     128 1218413 2710741  3761162  4848685 5157259 3307190 5247842  4303626  4198710  2400948  2563986 3677826  6156663
           16384     256 1409375 2303718  4552223  4437578 5128010 2587543 4329929  4921609  5620854  3074448  2744847 4011924  5038156
           16384     512 1098934 2670189  4674538  3830558 4542293 3289302 4532407  4333206  4736397  2691629  2726551 4398382  4645466
           16384    1024 1065404 3030787  4643896  3740689 5153778 2606485 4989142  5981949  9178744  2314425  2111664 4725649  3988406
           16384    2048 1135506 2521001  3786446  3919479 3714203 2165224 3276755  2177229  4083686  1652752  1731937 4049514  3486739
           16384    4096  963148 2241280  2844843  3966994 3168430 2143343 3299251  2725686  3179572  1944919  1834485 3663708  3435491
           16384    8192  957405 1846910  3627160  3311334 2996296 2199248 3319331  2297249  3308623  2181307  2431531 2948346  3336252
           16384   16384  974249 2097804  3004549  3300044 3566358 1973744 2671019  2079458  2861784  2135550  2235811 2925128  3739671
           32768      64 1119585 2635312  5064669  4466682 4597726 2682373 4593270  7487900  5244599  3010921  2658660 4438840  4931287
           32768     128 1162472 2925676  4437693  4467989 4295127 3329044 4351564  5140824  4976101  2371034  2872119 4136885  4621691
           32768     256 1186303 2952070  4171667  4373720 4181186 2811946 4461897  6228594  5311690  2788724  2593441 4451492  4236868
           32768     512 1078851 2646018  4306567  4562621 4349911 3062719 4198941  5752796  4209616  2482783  2670335 4181186  4360261
           32768    1024 1302222 2820660  4198813  4476575 4248393 2751100 4603424  5305743  4526705  2267191  2441935 4547374  5037382
           32768    2048 1023450 2117220  4094978  3580462 3557939 2286502 4574618  2992760  4952789  1607928  1742981 4106356  3758263
           32768    4096 1152017 2084467  3351531  3579623 3601668 2191107 3456557  2298202  3277756  1695901  1903908 3246553  3366307
           32768    8192 1070148 2171821  3301534  3396338 3350469 2081562 4054389  2230181  3233111  1887021  1921422 3587097  3608381
           32768   16384 1051948 2229566  3368782  3267314 3345738 2046598 3275802  2118297  3089570  1930002  2532699 3706371  4032974
           65536      64 1182637 2756281  4956255  5805382 5504404 2881960 5095350  6695552  4617483  2457848  2696287 4900587  4804986
           65536     128 1126457 3020908  5368205  4675127 4589651 2822885 4554592  6052472  4657857  2500599  2652191 4604489  4679823
           65536     256 1312374 3264086  4458843  4223250 4379002 2737969 4615855  5873483  4846583  2732145  2681505 4931535  4631800
           65536     512 1309180 2762181  4430812  4372524 4647933 3236187 4418278  5540686  5164858  2845179  2651884 4486278  4331527
           65536    1024 1264121 2572659  4338980  4623308 4280000 2865585 4222991  5979661  4954022  2098291  2342420 4318937  4560941
           65536    2048 1023647 2375251  3893300  3764532 4301095 2209277 4198865  3038305  3591822  1642427  1779515 3822909  4261091
           65536    4096  983417 2135060  3455809  3541154 3317785 2250002 3297566  2265263  3167679  1658220  1860340 3332992  3224268
           65536    8192 1016455 1820036  3283543  3784955 3167204 2088804 3694456  2607583  3153180  1843224  1926104 3281387  3262420
           65536   16384 1034753 1976361  3209585  3294088 3257395 2225032 3674798  2246857  3383912  1986416  1997139 3509865  3534461
          131072      64  930154 2623746  5289022  5262442 4917895 3142524 4676114  6311863  5215711  2301284  2267213 4298298  4981079
          131072     128 1052035 2176907  4514750  4707708 4590640 2278886 4885076  6189911  4673967  2204668  2320958 4629062  4782947
          131072     256 1115297 2432528  4502659  4766938 4521471 2309347 4535834  6640540  5192802  2332440  2289582 4426346  4633158
          131072     512 1048426 2185005  4776838  5143490 5042206 2576551 4757409  5290701  4256004  2239515  2428423 4850595  4546374
          131072    1024 1085221 2102133  4430341  4322529 4435882 2454115 4181040  5464780  5124217  2378713  2457241 4531310  4533029
          131072    2048  993255 1858728  4254357  4335107 4069799 1916034 3591114  3195626  4129813  1648083  1681874 3907101  4410827
          131072    4096 1006875 1663246  3250381  3468254 3567554 2016270 3231637  2308823  3436514  1511053  1500225 3280248  3338899
          131072    8192  976014 1717671  3763625  3760278 3554705 1848423 3280815  2373762  3220430  1520431  1577736 3241469  3370919
          131072   16384  925720 1828570  3248364  3435784 3600781 1878975 3232606  2427984  3389499  1625679  1674207 3268954  3207746
          262144      64  141804  136474  5148254  4943429 4894771  115301 4654218  5886641  4775091   152693   144151 5335834  5293906
          262144     128  145012  131662  4849307  5232933 5126410  125090 4827971  7209685  4551734   148343   143229 4775464  5115606
          262144     256  151848  127637  4484694  5076962 4874028  139445 4836870  5598989  4264932   154738   137222 4543214  4947232
          262144     512  141114  122571  4757590  4726199 4555619  138624 4363179  5409496  4352384   157306   152482 4696824  4381924
          262144    1024  146724  143840  4243796  4427590 4978413  145459 4416244  5835807  4896668   151931   149187 4611488  5065291
          262144    2048  156818  134482  3761254  3753921 3695864  140975 4158361  3242423  4159557   146191   139192 3679058  3643013
          262144    4096  152591  143895  3228532  3362196 3347252  149018 3257292  2276168  3213294   153177   126250 3514896  3653981
          262144    8192  147333  147191  3511831  3245754 3237544  155436 3597221  2613287  3555174   164567   152314 3391860  3554932
          262144   16384  147630  149919  3360696  3526609 3309401  134915 3223062  2493903  3425293   180370   171382 3292228  3592297
          524288      64   59396   71225  5077897  5035318 5078097   34205 4511290  7438083  5143663    77816    75112 4935272  5483440
          524288     128   75335   72400  5095323  4727193 5088249   46595 4680806  7380912  5126599    75840    70038 5069796  5328733
          524288     256   70485   68210  4996351  4727447 4413495   48630 4846088  5621788  4604881    69499    69668 5037786  4540389
          524288     512   70580   66484  4563474  4421428 4372895   54155 4557081  5505309  4105398    68439    67376 4444250  4453575
          524288    1024   69881   65241  4930536  4928492 4587263   58752 4404822  4894257  4893582    73211    70199 4332070  4778638
          524288    2048   69140   65122  3587379  3708622 4016086   57008 3840794  2535964  3392571    71195    71188 3797896  3710149
          524288    4096   70324   57776  3135375  2959153 3165876   58979 3304954  2133228  3187429    71647    72439 3373858  3392131
          524288    8192   71106   64307  3274037  3232313 3259648   61594 3241027  2320722  3646152    74307    73179 3306246  3363038
          524288   16384   76427   67120  3330991  3299172 3191079   76494 3228176  2373589  3345169    77817    76691 3257094  3433340

iozone test complete.
