	Iozone: Performance Test of File I/O
	        Version $Revision: 3.420 $
		Compiled for 64 bit mode.
		Build: linux-AMD64 

	Contributors:William Norcott, Don Capps, Isom Crawford, Kirby Collins
	             Al Slater, Scott Rhine, Mike Wisner, Ken Goss
	             Steve Landherr, Brad Smith, Mark Kelly, Dr. Alain CYR,
	             Randy Dunlap, Mark Montague, Dan Million, Gavin Brebner,
	             Jean-Marc Zucconi, Jeff Blomberg, Benny Halevy, Dave Boone,
	             Erik Habbinga, Kris Strecker, Walter Wong, Joshua Root,
	             Fabrice Bacchella, Zhenghua Xue, Qin Li, Darren Sawyer,
	             Vangel Bojaxhi, Ben England, Vikentsi Lapa.

	Run began: Mon Oct 28 02:31:41 2013

	Auto Mode
	Command line used: iozone -a
	Output is in Kbytes/sec
	Time Resolution = 0.000001 seconds.
	Processor cache size set to 1024 Kbytes.
	Processor cache line size set to 32 bytes.
	File stride size set to 17 * record size.
                                                            random  random    bkwd   record   stride                                   
              KB  reclen   write rewrite    read    reread    read   write    read  rewrite     read   fwrite frewrite   fread  freread
              64       4  686877 2379626  9318832 1597288510821524 4274062 7940539  4988978 10402178  3541098  3203069 7100397 12902017
              64       8  720041 2801873 12902017 2096219115972885 4897948 9006179  6421025 15972885  4564786  354109812310336 20962191
              64      16  703068 2662899 12310336 2273779115972885 538965310821524  5735102 12902017  4274062  220380012902017  3406295
              64      32  735831 2772930 12902017 2096219115972885 586030710821524  6421025 12310336  5283570  538965312902017 20962191
              64      64  913649 2801873 15972885 3048429715972885 5735102 3057153  4274062 12902017  5735102  289244512902017 22737791
             128       4  739689 2420455 10567140 1420079410567140 4267461 7582312  5325799  9129573  4135958  398255310779307 12842051
             128       8 1133103 2727923 12842051 1420079412842051 475925310567140  6406138 18637664  4759253  319936012842051 16365173
             128      16 1015251 4267461 12842051 1801235914200794 5784891 8548124  6406138 16365173  5122535  512253511470204 15881078
             128      32  992724 4135958 12842051 1863766414200794 584790411720614  6406138 14200794  5603747  578489112842051 16365173
             128      64 1048974 4407601 12842051 1588107814200794 611430611720614  3895854 14200794  4407601  672722512842051 15881078
             128     128 1017175 4759253 14586625 1458662512542043 604545510567140  4267461 12842051  5784891   90108312842051 14200794
             256       4 1044693 3557725 10651598 12228612 9434868 4197489 5569035  5455847  8888172  4197489  407019910245071 11695808
             256       8 1153561 4422226 12812277 1416439512228612 511779110651598  7120034 11207494  4907284  442222612090911 13625180
             256      16 1219045 4734192  3654598 1345445012661199 5687020 9868433  2911402 16072608  5217259  382378912812277 13454450
             256      32 1158540 4840911 12090911  731403313454450 581011211695808  6249745 14164395  5320671  556903512228612 13454450
             256      64  800221 5347168 13454450 1495343513454450 639872011569783  7314033  2114473  5687020  624974512812277 14164395
             256     128 1019886 5022044  6595234 1435374412812277 610754811695808  4332998 14164395  4332998  827191612228612 11091721
             256     256 1319408 4840911 11569783 1024507112228612 5687020 8271916  5687020  2065659  5687020  473419211569783 12228612
             512       4 1111070 3533174 11138071 11943357 9468384 4163357 9304292  5509113  9145790  4091959  403051910694336 11080601
             512       8 1176828 4237291 13109944 1378308811877300 2625909 3556580  7309196 11374040  2509312  176485312797441 13109944
             512      16 1264113 3877684 12499490  946838412797441 568409511620224  6821616  3481620  4961773  488280013109944 13522711
             512      32 1300082 4784885 13109944 1378308813109944 595191112499490  7647578 15143846  4927617  4375425 8992598 13438092
             512      64 1312798 3970896 13109944  516463210235583 595191112797441  7540170 15471149  5566231  549501613190469 13872122
             512     128 1115688 5331314 12797441 13872122 3628697 624621312499490  7435738 15037801  5624545  631973912797441 13522711
             512     256 1368865 4532414 10856530 1249949012146009 595191111374040  6246213 12215097  4742616  814039911943357 12427157
             512     512 1380303 4871723  3684733  272590510434519 517708311374040  5822804  9304292  5079126  5495016 9304292 12499490
            1024       4  985580 3220084  5169641  7826025 9485232 3239514 5024495  3659010  9320560  2884840  291618010134284 11018226
            1024       8 1205839 4415030 12790037 1386342211903823 458959311645609  6280976 11903823  4356809  472075212828238 13264026
            1024      16 1227903 4783849 12639479 1368670912639479 360677412071103  4339202 12348754  3483896  339039112790037  5821271
            1024      32 1360111 5219904 10796646 1386342213142265 609383111903823  7369466 12983353  5251818  535661812071103 11018226
            1024      64 1376677 5330028 13102174 1423090213686709 569016212313351  6918376 16219316  5251818  547963211773301 12944224
            1024     128 1178380 2767722 11520658 1079664612492426 609383111520658  7257394 14871477  5018624  457005811249091 12828238
            1024     256  997019 4720752 11018226  875085012037272 588508310039528  6244448 11489839  4762630  3074849 9142007  4433259
            1024     512 1033486 4609294 11489839  854200212313351 5853003 6830356  6128613 11773301  4720752  6208343 4162573 11773301
            1024    1024  996094 3659010 11903823 1220835010255274 4095102 7172555 14044758  7644933  5226256  4178773 6441107 11103681
            2048       4 1008941 2605532  5144271 10607402 7213548 3051697 6416117  4960102  6041567  3240499  3219850 6917293  9898453
            2048       8 1190763 2760434  6917293 10289741 9752360 3506373 7036283  6058611  7874853  3771144  3329682 6945257  9189005
            2048      16 1193576 3604966  8097557 1177016611380325 4686767 8903279  6845629 10192069  4031308  2994254 8643474 12274742
            2048      32 1031228 4094723  8940345 1374816911706006 5704543 8253158  7159438 12805399  4785996  173681110555264 12959958
            2048      64 1331606 3792790  6895083  9841749 9932791 4481379 7444871  6149699  8903279  3702868  3525079 6649556  9189005
            2048     128  552165 4079167  6649556  9024882 9015410 2321725 6823876  6440169  7754008  3612546  3324528 6464402  8678404
            2048     256 1385740 3630870  7213548 1009623511320334 5095447 7237860  6261772 12327589  4196751  3771144 6583305  8977721
            2048     512  936048 2712491  8159088 1177016610037248 5184636 9024882  6420913 10673302  4472047  4365235 7393606 11129659
            2048    1024 1426234 4259178  7036283  822943810289741 4365235 6759439  4911886  7609754  3991965  4347560 6945257  7444871
            2048    2048 1098765 2598439  4818211  6649556 5719737 3390131 4136128  3413030  5197183  3821475  3671217 1945270  4957240
            4096       4  961283 2218817  4719996  5083093 5139356 2464545 3965067  2597184  4470657  1878031  2429346 4293029  4730393
            4096       8  914269 2747106  3871253  3703511 7670249 2888438 5165626  5627567  5347310  3234889  2264141 3009890  2985308
            4096      16 1103125 3300770  5572803  5007531 6391782 3061379 5611025  7111444  7859742  4016047  2788122 4819300  5769304
            4096      32 1182795 3366089  5171846  4334185 5360658 3248345 4643451  5910222  4734303  3170416  2531736 5211065  5250883
            4096      64 1359402 3152960  5704175  6049663 6758923 3792628 4196552  6872481  4659824  3314142  3385325 5659080 10083232
            4096     128 1321649 2905044  4280194  4566920 2896717 3368069 4039655  4735608  5587302  2822940  3292546 5447345  9614850
            4096     256 1429058 3077282  4597474  4329816 4003879 3653887 4389555  5396016  8847367  3371374  3366089 4882301  4746074
            4096     512 1432634 3537277  4501111  4067390 6272759 2617364 5119446  6953144 11539362  3612399  3268741 4385074  4824714
            4096    1024 1184099 2505155  4718699  4723889 4200656 2480917 4639689  5454263  7760332  3256349  2948925 4171080  3233063
            4096    2048 1257142 2564999  3945943  4928521 2944881 2324492 4240052  3143729  3548968  2310114  3102848 6024207  2763900
            4096    4096 1143129 2322292  4035859  3549702 4342950 2452933 1723189  2227447  3146031  1628607  2239351 3427880  3382659
            8192       4 1065986 2304969  3770075  4896777 3955393 1744874 4063449  4630813  4687034  2140686  2395941 6018726  4716630
            8192       8 1067510 2853370  4304757  3063510 4798976 2598128 4471708  7103807  5615432  2600684  2678953 4908670  4657175
            8192      16 1317636 3254747  5483690  5610847 5368872 3081920 5531360  3949483  5974769  3695070  2773226 5414558  5677601
            8192      32 1203838 2652072  5814021  5720134 6104267 2875338 5633847 10278712  6085887  2735254  2993059 5797345  5728718
            8192      64 1383587 2593225  4447398  4352746 5927357 1371273 3686744  7793434  5333867  2741583  3304518 4995015  4754484
            8192     128 1384479 3201375  4638941  4253071 4586921 2473381 3301977  6775991  6354905  2203422  3508313 3607395  4787608
            8192     256 1506688 2926772  5326425  5557305 4743326 3650706 4357715  5465373  4352746  2567262  2934270 4357162  3158120
            8192     512 1294161 3065970  4211884  5685116 4819168 2649414 4887722  5817959  9671156  3435010  2804692 3995873  3934558
            8192    1024 1295381 3223903  5487193  5443725 5486317 3478478 4970447  6263389 10343693  3075025  2989933 4946832  6046263
            8192    2048 1255480 2246203  4676190  3555507 4533661 3341150 3811901  2409382  4751854  2589902  2524445 4145818  2819189
            8192    4096 1262028 2648597  3327560  3514413 3819104 2327926 3225114  1815592  3546333  2536933  1269676 3855097  2632364
            8192    8192 1251046 2542565  3272728  3307380 3228750 2134436 3842165  2833604  3593060  2575343  2283220 3735645  2766527
           16384       4  942100 2432650  4533304  4593300 3063620 2023493 4893920  5597504  4377090  2095118  2263874 4776562  4728250
           16384       8  971769 2355035  5624535  5758869 4348286 2602733 3629459  5649504  5181758  2398099  2376619 4486540  4811679
           16384      16 1091325 2777913  5129541  5860033 5297194 2939392 5799696  7575060  4492406  2891649  3373263 3705192  5421738
           16384      32 1187771 3397781  5102499  5622694 3804895 2916809 5809993  7447807  5145674  2850862  2906447 5349148  4436432
           16384      64 1365681 3407047  4697224  5578420 4232588 3416193 4625765  5304145  4861720  2783539  2435495 5288633  4321760
           16384     128 1254238 3534806  4697224  5386043 4594528 2937758 4377090  6564213  4104173  3261824  3662146 4313622  4074726
           16384     256 1277294 2973478  4580441  5155324 3726894 2736976 5123041  4770925  5226290  2829148  2644297 3591333  4988780
           16384     512 1300820 3129614  4396975  5887143 4003976 3342906 4708166  6524947  5129541  3080374  2802610 4277907  5899778
           16384    1024 1315764 2862380  5025996  4726949 5506895 3005075 5166953  6236563 10659461  2481671  2394256 4927608  3704393
           16384    2048 1069650 2212560  4499761  3764665 4068454 3126766 3420444  2713953  4729877  1862275  1993671 3222664  4151028
           16384    4096 1153557 2068941  3654745  3404009 4076660 2172961 3154323  2332572  2823337  2284116  2085580 2601846  3274257
           16384    8192 1138893 1697833  3376081  3629650 4180829 2422958 3910335  2665735  3229631  2340916  2805471 3638491  2969751
           16384   16384  997455 2288299  3910335  3991186 3496319 2125050 3806581  2456389  3870471  2447553  2145351 2915819  3120094
           32768      64 1132230 2929418  5206059  5990503 5613692 2799004 4394277  7383313  4929695  2594665  2446629 4512141  5210401
           32768     128 1283363 2863860  5217918  5120904 4903139 2989765 4764112  8245278  5159544  2856360  2822630 5568883  5402940
           32768     256 1224653 2761936  4991281  5103978 4406675 2935675 3506470  4932703  5586993  2814134  3053601 5340171  5077205
           32768     512 1176383 2910929  3964226  4940150 4981512 3509067 4083783  6710622  4611301  3029905  2918160 4813163  4347572
           32768    1024 1350316 2772243  4304139  5122240 4626358 3134454 5217720  5630250  4986030  2224694  2174811 4456977  4043891
           32768    2048 1080420 2154087  4255496  4329903 4101087 2331575 4170022  3500130  4865301  1796380  1964373 4033921  4279480
           32768    4096 1108603 2117481  3304233  3461693 3724046 2117872 3110407  2619541  3370517  1705773  1845764 3194411  2842478
           32768    8192  982754 1803215  3751799  3508350 3604879 2379326 3749241  2402493  3191296  2023338  1978028 3649389  3790812
           32768   16384 1124311 2170346  3824462  3407706 3405511 2542491 3178822  2215549  3469383  1903354  2657375 3481158  4026004
           65536      64 1198081 3030132  5316910  5530430 5114406 3052306 4761043  6695552  4942442  2781888  2972977 4775601  5524428
           65536     128 1220525 2759879  5089407  4657147 5430995 3073500 5544486  7573060  4854887  3016499  2833389 4630863  4721624
           65536     256 1276063 3340445  4447300  4075114 4623386 3266336 4151243  6017888  5041244  2972269  2995526 4355687  4420338
           65536     512 1218139 3100366  4885606  4612602 5036164 3571243 4611286  6334496  4429599  2630919  2856740 4709328  5180334
           65536    1024 1209196 2941072  4412604  4695251 4992079 3211310 3934707  5392955  3991906  1775894  2500895 4746901  4325529
           65536    2048 1066804 2458397  3722120  3900481 3937751 2581987 3699478  3287313  4107817  1638481  1991179 4338364  4312432
           65536    4096 1079473 2054934  2977969  3545951 3398303 2231245 3279117  2444928  3340079  1751039  1787128 3371543  3400405
           65536    8192 1089687 2100311  3130734  3416168 3357377 2207273 3260640  2312992  3418887  1785190  1753944 3192994  3225062
           65536   16384 1071428 2218926  3229495  3338741 3191585 2330504 3359962  2444819  3418334  2161536  2132376 3926221  3399732
          131072      64  611785 2540510  5629064  4844824 4881606 2961012 5630735  6519657  4914773  2288191  2241195 4961838  5296921
          131072     128 1172337 2198787  5378173  5371184 5058956 2698111 4956604  5987724  4919171  2361698  2545285 4949998  4673609
          131072     256 1112137 2785678  4459306  5098507 4926753 3176956 4820059  6174755  5113208  2496985  2400147 4608071  5168053
          131072     512 1161872 2369342  4750215  4768344 4959555 2398127 4558248  6083334  5250681  2469649  2391565 4583406  4773727
          131072    1024 1066735 2775944  4509159  4372726 4618756 2887633 4805902  6356822  5019418  1990918  2385421 4882907  4862436
          131072    2048 1016092 2166441  3970422  4343018 4429770 2153525 3976942  3130588  4159182  1646612  1554089 3800729  3731691
          131072    4096 1001636 1831488  3780994  3724587 3782971 2182421 3495822  2653225  3207989  1669900  1725336 3775230  3500296
          131072    8192 1033274 1960537  3771319  3778940 3712037 2097489 3586288  2615483  3726506  1732241  1753708 3676833  3777279
          131072   16384 1053285 2035252  3429590  3124841 3083322 2292150 3587458  2611458  3260830  1745301  1773950 3513719  3321048
          262144      64  137982  138205  4888634  5233556 5317872  103217 4384125  6549358  5176832   141380   139203 4866865  5750288
          262144     128  141173  131613  5003242  4864604 4927897  118896 4808314  6876812  4688273   140841   139805 5228355  4748119
          262144     256  141223  126966  4652819  4750355 4739972  126997 4352746  5746892  4667455   139553   146166 5180393  5226888
          262144     512  136150  111844  4811386  5154118 4731996  134629 4539051  6509961  4805561   152173   147380 4739543  5133735
          262144    1024  145543  122176  4866327  4721937 4784878  134564 4846699  5923237  4664327   144185   120228 4287317  4756911
          262144    2048  139379  128377  3677606  4108007 4243042  145243 3850021  3129517  4048367   147657   153940 3922963  3917400
          262144    4096  144612  141893  3279218  3358191 3248093  140188 3291361  2289004  3193295   154068   142891 3472798  3373575
          262144    8192  143455  123863  3401419  3392917 3413510  136659 3088621  2356625  3295258   165424   157306 3442419  3352948
          262144   16384  132881  132601  3529326  3573395 3589002  150121 3600342  2493190  3400535   185388   177503 3400756  3531605
          524288      64   59671   68971  5213428  5351517 4935073   26574 5270873  6954712  5047291    75174    75336 4998498  5126456
          524288     128   77206   73330  4998509  4926416 4954386   39298 5110171  7279031  5321267    74178    73953 5147094  4422842
          524288     256   78219   71334  4534537  4660588 4602490   45172 4214433  5355010  4354408    74020    72463 4669217  4973840
          524288     512   76220   63385  5004367  5013655 5019033   54139 4768555  6536370  5058204    78273    74308 4367363  5189743
          524288    1024   73475   72865  4512058  4615047 4638616   59542 4580098  6310476  5099328    79874    74720 4933124  5076819
          524288    2048   75270   71122  4195009  4312750 4284483   62731 3827391  2898062  3966858    77638    77178 3860652  3942196
          524288    4096   75768   73721  3371412  3640460 3692512   75687 3656021  2481155  3283531    78761    76344 3671691  3665608
          524288    8192   75386   71881  3544617  3351731 3381656   69911 3432011  2570138  3534845    78640    78845 3511123  3551963
          524288   16384   75399   67147  3719436  3613564 3369031   74086 3599375  2720691  3371670    78574    78209 3644104  3675736

iozone test complete.
