	Iozone: Performance Test of File I/O
	        Version $Revision: 3.420 $
		Compiled for 64 bit mode.
		Build: linux-AMD64 

	Contributors:William Norcott, Don Capps, Isom Crawford, Kirby Collins
	             Al Slater, Scott Rhine, Mike Wisner, Ken Goss
	             Steve Landherr, Brad Smith, Mark Kelly, Dr. Alain CYR,
	             Randy Dunlap, Mark Montague, Dan Million, Gavin Brebner,
	             Jean-Marc Zucconi, Jeff Blomberg, Benny Halevy, Dave Boone,
	             Erik Habbinga, Kris Strecker, Walter Wong, Joshua Root,
	             Fabrice Bacchella, Zhenghua Xue, Qin Li, Darren Sawyer,
	             Vangel Bojaxhi, Ben England, Vikentsi Lapa.

	Run began: Sun Oct 27 10:26:23 2013

	Auto Mode
	Command line used: iozone -a
	Output is in Kbytes/sec
	Time Resolution = 0.000001 seconds.
	Processor cache size set to 1024 Kbytes.
	Processor cache line size set to 32 bytes.
	File stride size set to 17 * record size.
                                                            random  random    bkwd   record   stride                                   
              KB  reclen   write rewrite    read    reread    read   write    read  rewrite     read   fwrite frewrite   fread  freread
              64       4  760859 2467108  9318832 1597288510821524 4018152 7940539  4897948 10821524  3541098  3203069 7940539 12902017
              64       8  811459  571375 10821524 2273779112902017 5283570 9006179  4564786 15972885  4564786  373835812902017 15972885
              64      16  877797  561808 12902017 2096219115972885 5389653 9006179  4274062 15972885  4564786  401815212902017 20962191
              64      32 1002351 2892445 12902017 1597288515972885 489794810402178  6271021 12902017  4897948  498897810821524 20962191
              64      64  394870 2892445 12902017 2096219115972885 573510210821524   614542 12310336  5389653  401815210402178 15972885
             128       4  568836 3657016  9795896 1284205110779307 1057236 8548124  5325799  8036304  1085013  3982553 7476717 11470204
             128       8 1067750 4267461 11720614 1636517312842051 5122535 9795896  6727225 15881078  4934216  471743411720614 15881078
             128      16 1123617 4407601 12842051 1588107812842051 532579910567140  6406138 15881078  5122535  493421611470204 14200794
             128      32 1152564 4934216 12842051 1588107814200794 5545860 8548124  3895854 14200794  5325799  554586012842051 14200794
             128      64  617941 4934216 14200794 1636517312842051 578489111720614  6406138 12842051  1074159  758231212842051 15881078
             128     128 1142750 4717434 12842051 1588107812842051 493421610567140  5784891  9129573  2286447  532579911720614  5545860
             256       4  697776 3454704 10651598 12228612 9518507 4197489 8815202  5320671  8888172  4070199  3935921 9868433 10758322
             256       8 1070737 4496299 10651598 1345445011091721 502204411091721  6761355 10651598  4734192  465214612228612 12812277
             256      16  856386 4652146 12228612 1416439512228612 556903511091721  6936061 15164624  1881098  502204412090911 13454450
             256      32 1219045 4929815 10245071 1169580813454450 584172211695808  2000242 15164624  5217259  511779112090911 13454450
             256      64 1190657 4819184 12812277 1416439512812277 584172211569783  7120034 15164624  1778290  597167812228612 13454450
             256     128 1306564 4840911 12812277 1435374412090911 597167811091721  6554972 11091721  4332998  209794812228612 12812277
             256     256 1267990 4819184 11695808 1281227712228612 571730111207494  5810112 12228612  5687020  568702011569783  2310087
             512       4  953671 3610395 11374040  8844453 8665997 4155301 9681823  5439343  9304292  3437042  215869610694336 11138071
             512       8 1218910 3736016  6931711 1378308811877300 517708311877300  7211022 11620224  4030519  3934520 7758090 13438092
             512      16 1276132 3815675 11877300  741008012499490 562454511877300  7309196 12215097  4927617  497326313109944 13438092
             512      32 1361920 4742616 13109944 1378308813109944 608687312499490  6414119 15583417  5227492  516463212797441 13522711
             512      64 1105920 4784885 13438092 14628067 3849877 615667512797441  7758090  3963567  5453155  538478613109944 14146265
             512     128 1015932 4650188 11620224 13109944 8394979 580705911877300  7211022 13522711  4571003  376879912427157 13109944
             512     256 1365383 4973263 11877300 1214600912215097 595191111374040  5886650 12215097  4571003  764757811943357  9145790
             512     512 1135750 2584820 11138071 1279744112215097 2910635 3710197  5699180 11943357  5684095  139918911943357 12499490
            1024       4 1018052 3179559  5065980 11489839 7941793 3643490 8988941  5200941  9300377  3458646  326165610329265  9402175
            1024       8 1207534 4654248 10662628 1364323211520658 460929410255274  7160597 11645609  4674510  478918312790037 13305116
            1024      16 1259592 3447541 12944224 1368670912639479 3849207 5623115  7369466  4374559  5194651  520094112944224 13643232
            1024      32 1280243 3529706  5950309 1381881713142265 409901112492426  7590887 12944224  3618930  516964112348754 13686709
            1024      64 1296083 4995276  8914314 1418390513643232 640269912983353  7941793 15977962  5390231  339039112639479 13998981
            1024     128 1291406 4995276 12944224 1347205313142265 404496511645609  7644933 15743686  3631168  354134812173747 10769573
            1024     256 1298041 5048117 11614118 12348754 6327241 595030910906310  4339202  5885083  5390231  585300311132462 12208350
            1024     512 1312720 4826859 11645609  527763212173747 547963210354166  5593820 12071103  4741598  683035610354166  6025439
            1024    1024 1170033 3271594  5853003 12639479 5885083 5813392 9402175  5885083 10354166  3791442  2316837 9569770 12348754
            2048       4 1000947 2250555  5184636 10889797 8261095 3276342 7933034  4204968  8198022  3894239  3702868 7789164 10192069
            2048       8 1137768 3476572  6802261 13198923 7698414 3792790 6523312  5225638  7470770  4293237  2980747 8903279 12635867
            2048      16 1199744 3749743  9944290  842310912561952 4301837 6990474  5535444  7817519  4063729  3324528 9853037  8120522
            2048      32 1444461 4572018  9610516 1313835912710657 538957410401883  7135648 10503637  5172149  4572018 8903279 12729493
            2048      64 1166982 3819776 10096235  849810613726200 4676561 6990474  5719737 12882215  4154130  331938910084382  8089930
            2048     128 1247122 3784436  9441504  802943413058467 4490751 9389900  7670915 15738081  3931669  3436240 7318020  3351769
            2048     256 1451295 3855782  8565901 1055526411129659 5306340 8325147  6185123 11502234  4310472  4016229 7911115 12882215
            2048     512 1191423 3506373  8784909  7368238 7343043 2169829 6167360  6498636 11917129  3848872  3792790 5674397 10607402
            2048    1024 1342218 3276342  8498106  956769810131961 4521480 6984790  5593112  8565901  4172290  3894239 5159722  8949659
            2048    2048 1054522 2876923  4490751  6401772 4842658 3287628 4349761  3219850  5044577  3423913  3494960 5489457  6149699
            4096       4  901792 2649658  4214051  5792648 5627567 2412291 4830139  5347310  4934183  2696232  2552044 5139356  5396016
            4096       8 1148939 3107900  5721272  8548024 7222056 2821086 5334028  7135072  5843879  4166022  1955189 5869835 10554004
            4096      16 1334171 2618960  5833956  6872481 6930704 3421735 5025108  6007355  6615769  3930595  3187474 5634950  6459069
            4096      32 1227764 3040789  5611025  5611025 8047509 4154939 2680666  6737716  6964419  3091124  3365430 5230102  6748303
            4096      64 1445775 2910951  4946971  7111444 7892238 3527834 4570565  7421732  4501111  3020473  1793342 3781775  3129412
            4096     128 1106750 3122019  2652931  6207035 5843879 3817913 5265366  5810280 10394367  3274348  3230631 5284803  5218980
            4096     256 1260648 2784507  5271829  5877869 6861502 3761077 5165626  4417775 13392417  3754501  2748864 7024216  8463799
            4096     512 1447846 3530734  5558378  5490871 6793669 3404782 5258919  6049663 12185983  3615440  4235870 4869845  4467170
            4096    1024 1216118 3150647  5869835  3427880 4928521 2910951 4530788  4188367 11014108  3867766  3222752 2563468  3733288
            4096    2048 1093436 2094134  4275933  4681411 3716329 3942321 3795980  2994153  4244242  2864359  3124291 3871253  3049966
            4096    4096 1144805 1814748  3841819  3489144 3430618 2009857 2364807  2987384  3717133  1712369  2069662 3292546  3276846
            8192       4  443266 2769426  4528283  4979812 4770989 2699156 3790873  4318825  3161607  2514469  2727005 5053790  4576535
            8192       8 1299496 3253514  5382328  6356080 5107124 2187430 4956108  7025373  5630154  3582197  3158120 7223279  4890505
            8192      16 1329001 2913371  6302451  5893805 5309142 2325248 5700206  6220301  5191229  2984220  3308654 5224380  4586309
            8192      32 1172454 3732398  5614514  4955393 5188093 3610427 4721816  6445505  5271672  2447657  3636025 6715075  5688881
            8192      64 1479505 4364357  5490700  5085204 6177802 2811347 5637544  7629045  6405850  3696660  3435010 5044145  4418801
            8192     128 1150239 3475663  7001038  4813093 5560902 3695070 5088216  7550253  5863631  3064603  3225416 5271672  5424817
            8192     256 1298661 3566579  4784941  5161595 5501249 2837582 3627963  8317926  5572627  3469697  2564962 3934558  4867641
            8192     512 1327922 2672702  4757117  5700206 5610847 4003788 5210911  5619105 10381195  2752785  3502591 5041185  4383287
            8192    1024 1423718 3317920  3615366  5197511 6732179 3636025 5378116  3795898  8650911  3046668  2351183 5158495  4678100
            8192    2048  980367 2794882  4155847  3292485 4604748 3537206 3754421  3338228  4710810  2655557  2638428 3929159  4334626
            8192    4096 1279368 2505850  3905045  2884511 4917099 2337269 3429182  2408031  3913942  2072384  2791022 3515851  3341150
            8192    8192  987808 2339178  2641673  4047176 2789436 2273100 3909933  2443132  3441891  2428626  2413613 3597574  3605502
           16384       4 1028691 2637902  5586129  4255654 3897251 1910689 4501234  5232657  3935641  2296021  2845432 4703976  4300395
           16384       8 1084094 2539728  5160357  5107429 4553731 2491839 3990259  5944691  5150687  2355035  2841549 6043501  5516178
           16384      16 1172871 3367643  5760801  5603438 5178244 3210619 5670950  6829057  3992114  2877361  2642060 5607095  4387991
           16384      32 1345704 3431203  5499843  6034479 6166607 2548393 5232657  6473317  4976857  3099408  3367808 5947263  5822300
           16384      64 1371952 3377408  5233056  4686652 4972535 3151430 5398313  8454862  5720994  2603522  3203734 5386043  5116937
           16384     128 1153557 3657079  5357907  5494566 4661221 3735402 5384355  5481418  5636067  3022256  3550145 5479669  4314976
           16384     256 1243930 2824381  4923019  4178541 5100606 2564369 5712909  6963302  4523456  3444100  2840492 4201020  3853326
           16384     512 1390834 3030653  4430711  3398453 2237049 1657976 4694656  6959776  5261100  2940398  2923635 5303735  4549812
           16384    1024 1205947 2983159  5775325  4121897 5321396 2824381 5340419  5385620 10981401  2410464  2839435 5099470  5201369
           16384    2048 1047572 2626107  4226860  3027849 3738857 2079458 3343068  3314688  5078742  1773185  1755833 3995131  3721243
           16384    4096 1012668 2626408  3265078  4350488 3527185 1972271 3820124  2634059  3484441  2028690  2148167 2916809  3624673
           16384    8192 1118812 2446072  3404177  3541728 3310536 2410464 3177073  2238214  3907445  1981827  2632344 3491877  3221305
           16384   16384 1017767 2303718  3617613  3528815 3267096 2098381 3263683  2157813  3437726  2524520  2451220 3982397  2988738
           32768      64 1258658 2985479  5128164  5765103 4461752 2831643 5519236  8480323  5671139  3105066  2822630 4894409  5389381
           32768     128 1186518 2852862  4964956  4514068 4583619 3147086 4904714  6079269  4785844  2755457  3330093 4627448  4652669
           32768     256 1134389 2884233  4174835  4952075 4570815 3605636 5659462  6898574  5477662  2378132  3178307 4772549  4394277
           32768     512 1236809 3371592  5054425  5323623 5128930 3518139 4308727  6024640  4480077  2560633  2723839 5227046  5452237
           32768    1024 1147899 2946248  3750468  3979146 4456399 3063265 4534022  6441402  3977764  2201989  2515777 5444893  4577818
           32768    2048 1007286 2484129  3539430  4299158 4071564 2244824 3383295  3062992  3916777  1775380  2114354 4490030  4079662
           32768    4096 1136349 2318556  3678890  3769395 3803611 2100908 3277756  2433762  3519671  1965356  2086999 3244713  3665742
           32768    8192 1035752 2163445  3546371  3402054 3333808 2049803 3446329  2272890  3596860  2094058  2449027 3709272  3266305
           32768   16384 1032523 2408513  3405848  3074779 3365977 2063344 3433415  2219019  3385045  2006120  3093952 3633566  3282061
           65536      64 1124830 2775905  5690369  5118025 4723003 2817416 5495710  6556919  5118025  2794332  2849396 4940576  4855230
           65536     128 1213922 2918030  5384609  5154205 4652575 2846917 5188450  6777936  4672425  3071748  2822508 4351412  4864251
           65536     256 1133938 3200169  4314395  4551124 3757585 3030734 5016861  6777268  4542925  2699624  3287981 4612602  4514424
           65536     512 1183365 3032238  4701596  4504215 4575289 3143372 4751414  5487482  4303385  2605482  2712812 4692206  4409984
           65536    1024 1170600 3039010  5003893  4521553 4239338 3268628 4450973  5776104  4339254  2273732  2606940 4609972  4444065
           65536    2048 1068824 2360200  3752660  3781415 3939444 2337142 4398341  3116324  3694456  1730557  1640163 4024519  3755429
           65536    4096 1016425 2099702  3577890  3776843 3320310 2529268 3049732  2540254  3058555  1636725  1782805 3634229  3825835
           65536    8192 1032534 2213369  3293773  3651028 3194887 2213904 3183970  2359268  3161994  1848008  1972079 3091892  2835318
           65536   16384 1013498 2047876  3380582  3235235 3234131 2154016 3770315  2506733  3854591  2049220  2036422 3670872  3781415
          131072      64 1058627 2577010  5513945  4833068 4932898 2327069 5054444  6340911  4958839  2392522  2351154 5239771  5302234
          131072     128 1096295 2454444  4961121  5351421 4989805 2887482 5308941  6589125  4860974  2628903  2956124 4162615  5273902
          131072     256 1035544 2569038  4598511  4990756 5230946 3021552 5159904  5995953  4873082  2240738  2625689 4642862  4816681
          131072     512 1092813 2537602  4756915  4734751 5075396 2711124 4663341  5745727  5016166  2168629  2678171 5149174  4488909
          131072    1024 1132546 2652368  4381019  5134459 4367029 2529173 4298869  6249582  4719590  1962391  2056385 4783654  4535684
          131072    2048  969681 2269132  3850536  4185847 3951160 2091998 4158490  3288056  4230849  1645286  1597232 3978640  4368799
          131072    4096  934080 1918106  3247980  3316861 3369638 1932101 3722267  2362724  3587294  1544185  1753613 3356246  3361006
          131072    8192  962308 1943274  3375700  3279504 3342472 1923206 3423503  2498846  3643208  1462058  1682245 3064143  3153954
          131072   16384  994839 1510970  3235383  3594354 3572213 1940078 3638578  2425102  3288567  1656056  1694837 3721712  3404823
          262144      64  152665  142229  5075485  5049496 5180906  114342 4900247  7044231  4913122   152314   148632 5524634  5677307
          262144     128  152213  124585  4935219  5036197 5014423  123496 4676547  7377895  5304608   152649   151905 5112514  5163994
          262144     256  147626  149155  4752860  4965127 4604748  136077 4576382  6797102  5004472   162289   151016 4593935  4587916
          262144     512  150331  133558  4672970  4941163 4538507  146934 4807158  5619363  4522453   154020   149632 4984665  4807600
          262144    1024  149173  130655  5014034  4791342 5030206  152787 4676886  6141809  4756211   158001   150403 5081983  4965239
          262144    2048  153956  167967  4028698  4348838 4313149  153029 3940480  3442473  4102413   162268   153411 4030012  3796606
          262144    4096  157322  136640  3288182  3313490 3296740  160560 3612740  2433566  3333087   170942   160742 3449266  3699147
          262144    8192  151909  132362  3275535  3590771 3439716  161006 3331391  2386166  3379236   160439   149642 3013328  3297857
          262144   16384  151652  121676  3375833  3384822 3345042  170398 3324089  2434989  3214168   190282   169154 3475564  3646710
          524288      64   60526   73628  5278832  5330619 4972198   27325 5362349  6956935  5480516    78319    79880 5473314  5348524
          524288     128   77487   75503  5113462  5161992 4542321   46329 4801782  6689149  5049192    81586    74773 4806011  4839550
          524288     256   74994   68973  4498785  4722077 5082275   53718 4638410  6776717  5097992    70157    76208 4919792  4595191
          524288     512   80507   75401  4845234  4596238 4501796   58062 4736367  6029829  4939906    81391    79609 4799193  4589963
          524288    1024   80510   74684  4524871  5170792 5101824   59612 4360270  5512541  4524480    74199    81410 4860011  4696230
          524288    2048   80297   74387  4183461  4323060 3905543   60192 4217448  2685036  3699146    83072    77410 3889001  3918913
          524288    4096   78464   72678  3440054  3409534 3344380   75790 3374728  2373427  3426626    80301    74298 3461427  3270035
          524288    8192   79948   70433  3580201  3362133 3358837   80436 3484546  2321739  3360043    83132    78463 3351986  3320213
          524288   16384   80677   68842  3384514  3299459 3363620   78870 3433834  2383669  3480982    84504    83442 3581833  3375842

iozone test complete.
