	Iozone: Performance Test of File I/O
	        Version $Revision: 3.420 $
		Compiled for 64 bit mode.
		Build: linux-AMD64 

	Contributors:William Norcott, Don Capps, Isom Crawford, Kirby Collins
	             Al Slater, Scott Rhine, Mike Wisner, Ken Goss
	             Steve Landherr, Brad Smith, Mark Kelly, Dr. Alain CYR,
	             Randy Dunlap, Mark Montague, Dan Million, Gavin Brebner,
	             Jean-Marc Zucconi, Jeff Blomberg, Benny Halevy, Dave Boone,
	             Erik Habbinga, Kris Strecker, Walter Wong, Joshua Root,
	             Fabrice Bacchella, Zhenghua Xue, Qin Li, Darren Sawyer,
	             Vangel Bojaxhi, Ben England, Vikentsi Lapa.

	Run began: Sun Oct 27 10:26:20 2013

	Auto Mode
	Command line used: iozone -a
	Output is in Kbytes/sec
	Time Resolution = 0.000001 seconds.
	Processor cache size set to 1024 Kbytes.
	Processor cache line size set to 32 bytes.
	File stride size set to 17 * record size.
                                                            random  random    bkwd   record   stride                                   
              KB  reclen   write rewrite    read    reread    read   write    read  rewrite     read   fwrite frewrite   fread  freread
              64       4  789967 2444640  7940539 1597288510821524 4018152 7940539  4564786 12902017  3363612  2561267 8182586 12902017
              64       8  942521 2662899 12902017 2273779115972885 4897948 9318832  6421025 15972885  4988978   54692810402178 20962191
              64      16  926260 2662899 12902017 1597288515972885 5283570 9006179  6421025 12902017  4897948  401815212902017 20962191
              64      32  666414 2801873 12902017 2096219115972885 528357010821524  5860307 12902017  4897948  489794812902017 20962191
              64      64  889431 2689580 15972885 2096219115972885 586030710821524  5283570 12902017  5735102  373835812902017 22737791
             128       4  776042 3277486 10779307 14200794 9795896 4267461 8548124  5379161  9129573  3982553  3445772 9795896 12542043
             128       8 1111981 3895854 12542043 1588107814200794 532579911720614  6406138 18637664  4717434  455725712542043 15881078
             128      16  857887 3124872 12842051 1636517314200794 5545860 2132084  6727225 15881078  5122535  512253512842051 15881078
             128      32  883293 1705404 14200794 1801235914200794 578489110567140  5784891 14200794  5545860  611430614200794 15881078
             128      64 1185654 4934216 14200794 1801235914200794 611430611720614  6812590  9977956  4596273  803630412842051 11720614
             128     128 1217930 4934216 14200794 15881078 1175271 493421611470204  6114306 12842051  6114306  578489114200794 15881078
             256       4 1012194 2943325 11091721 12090911 7120034 3823789 9114515  1755037  9114515  3823789  3865082 2097948 11695808
             256       8 1208072 4572895 12812277 1516462412228612 545584712228612  6719046  1415041  4553502  163978612812277 14164395
             256      16  755195 2783115 13625180 1495343512812277 581011211695808  7073132 12090911  4734192  511779113454450 14164395
             256      32  867455 5117791 13454450 1516462414353744 624974512228612  1868008 14953435  5455847  5242734 2061693 14353744
             256      64 1312954 5117791 14353744 1607260814353744 639872012812277  7314033 15164624  1619994  639872014353744 15164624
             256     128 1327564 5117791 13454450 1495343513625180 639872012228612  7120034 13454450  4264168  853492212812277 14164395
             256     256 1319408 4929815 12228612 1362518012228612 5971678 8271916  5687020 11569783  5428265  163978611569783  7518900
             512       4  953248 3580298 11374040  3550700 9468384 4195896 9681823  5331314  9304292  3941742  382246610911694  3684733
             512       8 1015932 2327124  3795443 1352271111138071 527889210694336  6909408 11877300  2497638  461025613109944 13438092
             512      16 1082507 1537424 12499490  325966111620224 562454512146009  2105777 12215097  5019764  482791412797441 13783088
             512      32 1337324 4742616 13109944 1424006913109944 269511512427157  7540170 15037801  2651850  258482013109944 13872122
             512      64 1383861 4827914 14240069 1462806713872122 279691011877300  7871843 16049269  2678309  527889213438092 14240069
             512     128 1375881 5278892 13522711 13783088 3736016 595191112499490  7435738 14628067  5760329  639501813109944 13438092
             512     256 1108203 4701087 11620224 12427157 3742527 574491911683444  6338392 12499490  4784885  798898111620224 12215097
             512     512 1081961 4732165 10235583 1279744112499490 2722449 9304292  5760329 12215097  2739816  497326311877300 12499490
            1024       4  965203 3172513 10906310 11018226 8326715 4415030 9485232  5048117  9300377  3655895  383545710689164 11249091
            1024       8  926876 4396951 12639479 13643232 9220512 494922611773301  7306780 10990032  4854136  329165210454984 12639479
            1024      16 1232130 4470172  5245404 1330511612348754 421568811018226  6963241 12037272  4507705  451244112208350 13142265
            1024      32 1245710 3403826  5623115 1399898113142265 6776473 5720477  7755368  5720477  5251818  519465112173747 13863422
            1024      64  749060 4570058  5336651 1347205313818817 4805258 7537599  7319232 15516181  5219904  3984917 8680108 10906310
            1024     128 1158358 4114719  9142007 1231335110134284 4949226 8391792  5652717 11645609  4029784  2934110 8750850 11773301
            1024     256 1097388 4396951 10662628 1207110311645609 3655895 8750850  5593820 12037272  3778101  3951918 9677584 11903823
            1024     512 1193442 3696803  8750850  9485232 9832672 4570058 6874084  4848656  8061038  4232305  5018624 6650556  9142007
            1024    1024 1343938 4162573  6519323 1217374710039528 5120336 8122014  5277632  8610501  5444898  4810640 6650556 11249091
            2048       4 1047577 1255690  4971585  9898453 6829301 2929912 6603549  4741090  7059413  2660406  2543804 5904523  9024882
            2048       8 1204792 3630870  7189398 1218766311380325 4146110 7969835  6608629  9752360  4138120  3855782 7616502 11770166
            2048      16 1214673 3598924  3723735 1066005611517657 3915540 8608824  6670210 10240672  3792790  4240255 4957240  8940345
            2048      32 1206823 3835124  6440169 1024067211015480 3530875 8643474  6895083 11983630  4581773  4180412 7189398  7135648
            2048      64 1324624 4394265  7789164 1265448213038646 4310472 9525260  7013303  8190205  3848872  3819776 7262337 10037248
            2048     128 1268110 3819776  7135648  934902111440955 4853603 7112016  6917293 13219235  3848872  3549844 6845629  7529708
            2048     256 1279252 3368858  5119743  7013303 6990474 5277002 6266340  6298503 10143926  1613798  3452815 5447681  7159438
            2048     512  728528 2314219  4330028  6303124 5689430 3690142 3245396  3494960  9024882  3245396  3234398 5107566  6185123
            2048    1024  715541 2698856  4775354  6114678 7262337 2909075 4086930  1296240  5107566  2715922  3020577 3764533  5319484
            2048    2048  631714 1629410  3314266  3056039 1360931 1688337 3368858  2304287  3204236  1183055  2687877 4038890  2036105
            4096       4 1028623 1995152  5184332  5454263 5178081 2590917 2130227  4302706  6114255  2623759  2190525 5114874  5704175
            4096       8 1282385 2497507  6861502  6449370 6049663 2339368 4824714  5792648  6032669  2840208  2498960 2378558  4654774
            4096      16 1127450 2708986  4136930  5497899 5572803 3240380 4471821  5826043  5069594  2609016  2571526 3577793  5192166
            4096      32 1134598 3634562  3509816  6500617 4352854 3618486 3234889  5231694  5504946  2811391  3065750 3365430  5649775
            4096      64 1348730 2594046  5278308  5151685 5375755 3504089 2547503  5151685  5347310  4003879  2810931 5192166  6291135
            4096     128 1155741 1904260  4428023  5101205 4380601 3042943 5120972  5497899  4824714  3287506  2737912 4496399  5769304
            4096     256 1106393 2754594  3447830  5926533 4780411 4334185 4457897  4289813 11470025  2917377  2147804 2758132  4785737
            4096     512 1245025 3207709  5231694  5075585 4587653 3091124 3886139  4633432 11409087  1717333  2749304 2908979  4487004
            4096    1024 1133027 3072878  5211065  4535572 4546375 2870101 3477139  4461370  8209013  3061379  2668590 3537277  4108241
            4096    2048 1142597 1953410  4104315  3281854 4441761 2314159 2933818  3814522  3621537  1477100  2989984 3453374  3302674
            4096    4096  911263 2443861  3633793  3222752 3189841 1860137 3124291  2101563  2989464  2691164  2389808 3184520  3433360
            8192       4 1020582 2277469  4329710  4476368 3225114 2539371 4343393  3494753  3875097  1807569  1584799 3441891  4352746
            8192       8 1224692 2154647  4659702  4095903 4154339 2294043 4196452  5001558  3752781  2345886  2503659 4749227  3715447
            8192      16 1065986 2915101  4481039  3105317 4599816 2966955 3982442  5461029  4729615  1670802  2903033 2974661  5254742
            8192      32 1194340 2899848  7134785  5526912 5535816 2744430 4751854  4779617  5264403  3481651  1818764 3449147  4732221
            8192      64 1065028 3043160  5019826  4640821 6753351 3112349 5389927  6941633  4748571  2573800  2327295 5132298  3944043
            8192     128 1133543 3017239  5152307  5299316 5278962 3996338 4958969  7275280  5110162  3591182  2856454 3695070  6182248
            8192     256 1288870 2996452  5032325  4523514 4796296 2340453 4513413  3703433  4316113  2855267  3044239 3193638  4896777
            8192     512 1268083 2341888  5237920  5291970 5016894 3481298 3039661  5805180 10795424  2907947  3345053 4447398  4967573
            8192    1024  950140 2579403  3546333  4983423 3379600 3175046 4511043  3976450 11145606  2877505  2440876 4976927  5396699
            8192    2048 1049158 2292818  4348340  3238183 3797996 2302498 2720743  3020687  4641448  2295422  2110833 3757706  3589681
            8192    4096 1029912 2089778  3407755  3236658 3304518 2095769 3257215  1851298  3015121  1919344  2954201 3264953  3463751
            8192    8192  919722 2368362  2792156  3940424 2400796 2295882 2765637  2282461  3197502  2471958  2485368 2489149  3319202
           16384       4  939344 2315439  5181758  5047407 3299885 2024686 4823162  4769600  3488155  2152339  1866473 4061481  4902648
           16384       8 1111016 2914706  4866196  4168908 4853136 2008119 4301471  5533501  4526138  2091674  2278360 5303735  3749261
           16384      16 1105084 3033462  4756066  4816063 3754381 3301946 4579220  5805576  5252655  2269557  2784441 5813926  4967862
           16384      32 1085464 2665735  6129753  3679205 4445904 2932993 3839762  7467231  5078742  2678411  2699560 4799246  5542427
           16384      64 1113879 2695641  5099092  4374861 5394922 2805471 4059561  5675165  4316060  2410464  2763391 4940717  4102213
           16384     128 1068884 2883035  4895314  4068695 5131457 2801240 4898106  7041070  4286981  2864408  2493738 4407975  4923019
           16384     256 1095710 2759618  4372634  3757050 5074242 2602339 4123629  5437611  5204520  2324603  2482836 5578420  3781237
           16384     512 1134774 2742547  4622965  4406844 5141054 2784554 4491232  5412770  4683777  2671019  2820903 4579220  5199794
           16384    1024  915151 2425096  4228160  4580441 3679993 2807878 4045461  5194684 13769215  2078892  2349640 3742319  4589312
           16384    2048  986274 2110302  3891513  3469663 3985399 2121442 4351590  3530991  5407658  1757585  1923471 4133302  3390740
           16384    4096  956845 2000753  3590583  3026782 3065260 2126102 3403334  2178402  3183844  1780490  1772408 3285371  4078596
           16384    8192  967119 1774513  4027442  3574893 2946323 2014477 2983288  2261416  3571734  1828822  2554835 3071562  3374754
           16384   16384  968373 2086593  3289302  3253330 3038022 2432650 2876398  1962863  3226447  2125576  2227333 3899020  3956716
           32768      64 1190784 2752478  5360374  5336024 4331404 2723677 5157802  6917671  4629474  2404132  2877410 4940150  4753731
           32768     128 1120507 2662317  4792018  4714918 4276151 2868342 4077120  6474477  4522832  2479960  2737511 4708779  4572640
           32768     256 1055705 3006179  4320104  4831606 4191386 3048183 5603393  5163421  4733919  2638753  3162947 4737345  4526556
           32768     512 1179593 2621439  4610064  4474680 4329221 2882237 4377342  6492522  5078705  2408893  2546070 4255101  4580412
           32768    1024 1070048 2832928  4247868  4354045 4182840 2805231 4371495  5676057  4664354  2443193  2340071 3991280  4503566
           32768    2048  984147 2196675  3636931  3962283 3468595 2286198 3460560  2753636  4407806  1637897  1800546 4176357  3633566
           32768    4096  951893 2277447  2867804  3222952 3215412 1976236 3301614  2200050  3313554  1620822  1792187 3233796  3166299
           32768    8192  829801 1930137  3373661  2866069 3004274 1751175 3061559  2130842  3089848  1894225  1978369 3051906  3322284
           32768   16384  781997 2000747  3602045  3357672 3325017 2000834 2915807  2138335  3196863  1981021  2375337 3179190  3068189
           65536      64 1093815 2671316  5164761  5363805 4711104 2868845 4610049  6218984  4708038  2472973  2711233 4905310  5089030
           65536     128 1088945 2806428  4404261  4716196 4852658 2717774 4644007  6436546  4170009  2637153  2184538 4753057  4536028
           65536     256 1115676 2727807  4415013  4332688 4455157 2841855 4140986  5456329  4324372  2487429  2619136 4376910  4396020
           65536     512 1099173 2793395  4850517  4610977 4465217 2806428 4392508  5576204  4221823  2209508  2859474 4139427  4440117
           65536    1024 1089869 2665927  4220786  4373428 4043225 2403665 4313244  5405044  4577803  1844275  2269021 4319208  4429599
           65536    2048  938900 2155367  3643720  3191252 3439335 2044358 3738929  2758245  3616205  1618091  1694227 3560788  3491718
           65536    4096  934854 1903958  3310553  3216834 3167496 1985698 3176868  2409227  3151228  1618806  1701568 3240842  3044496
           65536    8192  956214 2016182  3248080  3327867 3263079 2043917 3216985  2266664  3090884  1602657  1699811 3078525  3241950
           65536   16384 1067711 1977072  3240040  3190956 3178594 2202074 3143372  2226168  3156983  1926280  1828158 2838158  3351523
          131072      64  993889 2289191  4718050  4913104 4799943 2232258 4666469  5990204  4372865  2047646  2334778 5140508  4885293
          131072     128  985533 2518283  4405030  4623689 4452336 2215294 5038694  6575963  5322253  2584024  2442775 4619260  4702634
          131072     256 1028500 2359701  4440253  4407856 4382067 2825610 4472839  5802735  4372274  2166723  2329298 4511009  4726569
          131072     512 1011653 2053773  4432770  4823612 4413766 2399885 4186293  5237874  4615537  2006519  2308009 4392325  4476481
          131072    1024 1019911 2393658  4422714  4441903 4353542 2844808 4328076  5324882  4511157  1902520  2087502 4256268  4414829
          131072    2048  925237 1821838  3591114  3745241 3622682 1930052 3483837  2451041  3374913  1488728  1566256 3580612  3543729
          131072    4096  857700 1801947  3317942  3108251 3200146 1787423 3236507  2255706  3130606  1408334  1505797 3116162  3179823
          131072    8192  971652 1681103  3264160  3203447 3176809 1834997 3213033  2329801  3094813  1468722  1514058 3192119  3169520
          131072   16384  900560 1929178  3275576  3179657 3230440 2147451 3189397  2352331  3232663  1648993  1563117 2986589  3134873
          262144      64  145626  141225  4954611  4877466 4526437  109472 4582772  6221356  4681466   150621   148603 5009739  5205606
          262144     128  147493  112619  4591997  4568320 4465823  127089 5290697  6831819  4698410   151293   153012 4601356  4671957
          262144     256  151806  121236  4388518  4436129 4347755  130138 4365206  5422916  4104281   139787   156819 4391690  4768340
          262144     512  151474  148893  4539444  4424383 4737317  150728 4480545  5536066  4828586   160356   156845 4997034  5148446
          262144    1024  140370  121371  4450278  4364634 4601991  158387 4412381  5233556  4311373   155662   151200 4399422  4592496
          262144    2048  160517  152650  3684853  3489717 3610996  139166 3038367  2364064  3246808   162718   136062 3746783  3719997
          262144    4096  153164  145202  3177395  3190811 3149896  149037 3338360  2216843  3179784   156907   126747 3123179  3170322
          262144    8192  150649  128796  3189367  3179894 3213735  142761 3225908  2329050  3162098   166157   167710 3317519  3129108
          262144   16384  149658  111106  3169627  3180474 3066047  147125 3153609  2323027  3105089   181079   172867 3180787  3260983
          524288      64   59055   73477  4874199  4678466 4430425   26874 4771235  6316948  4649630    79637    73367 4644033  4725781
          524288     128   81264   75653  4627839  4773762 5351140   46566 4610712  6883761  5207206    77535    75812 4646957  4816960
          524288     256   82758   71629  4334324  4491259 5032575   54597 4346893  5823672  4514235    81462    83546 4359726  4395551
          524288     512   78589   73213  4499162  4487529 4471006   59172 4385584  5244300  4388963    83448    81216 4400715  4461716
          524288    1024   80269   74027  4267223  4318535 4642670   60334 4461563  5374288  4493150    76263    75041 4235196  4773762
          524288    2048   81146   74517  3614360  3691074 3603876   64034 3633146  2670225  3748954    77006    72586 3767464  3727500
          524288    4096   74664   68121  3241930  3282688 3114310   79647 3293722  2219677  3223713    85344    73629 3121356  3154879
          524288    8192   70511   73167  3113441  3159199 3151637   78817 3266616  2250743  3177059    84031    79137 3136556  3194463
          524288   16384   83073   72678  3212115  3213138 3248639   79914 3197092  2468804  3389564    86388    86650 3221946  3226310

iozone test complete.
