	Iozone: Performance Test of File I/O
	        Version $Revision: 3.420 $
		Compiled for 64 bit mode.
		Build: linux-AMD64 

	Contributors:William Norcott, Don Capps, Isom Crawford, Kirby Collins
	             Al Slater, Scott Rhine, Mike Wisner, Ken Goss
	             Steve Landherr, Brad Smith, Mark Kelly, Dr. Alain CYR,
	             Randy Dunlap, Mark Montague, Dan Million, Gavin Brebner,
	             Jean-Marc Zucconi, Jeff Blomberg, Benny Halevy, Dave Boone,
	             Erik Habbinga, Kris Strecker, Walter Wong, Joshua Root,
	             Fabrice Bacchella, Zhenghua Xue, Qin Li, Darren Sawyer,
	             Vangel Bojaxhi, Ben England, Vikentsi Lapa.

	Run began: Sun Oct 27 10:26:20 2013

	Auto Mode
	Command line used: iozone -a
	Output is in Kbytes/sec
	Time Resolution = 0.000001 seconds.
	Processor cache size set to 1024 Kbytes.
	Processor cache line size set to 32 bytes.
	File stride size set to 17 * record size.
                                                            random  random    bkwd   record   stride                                   
              KB  reclen   write rewrite    read    reread    read   write    read  rewrite     read   fwrite frewrite   fread  freread
              64       4  760859 2444640  9318832 1597288510402178 4018152 7940539  4564786 12902017  3588436  2662899 7940539 12902017
              64       8  385237 2662899 12902017 1597288515972885 4564786 9318832  5860307 15972885  4564786  3541098  633392  9006179
              64      16  587635 2662899 12902017 2096219115972885 5389653 9318832  6421025 12902017  3791156  401815212902017 20962191
              64      32  752329 2772930 12902017 1597288515972885 528357010402178  5735102 15972885  4988978  489794812902017 15972885
              64      64  913649 2444640 15972885 2273779116983463 586030712902017  5860307 15972885  5735102  336361212902017 20962191
             128       4  969421 3560017 10567140 1420079410567140 4267461 8548124  5122535  9129573  4012317  3867787 9795896 12542043
             128       8  618653 4407601 12842051 1801235912842051 532579911470204  3277486 15881078  4934216  455725712842051 15881078
             128      16 1142750 4717434 12542043 1801235914200794 554586011720614  6406138 15881078  5325799  512253512842051 16365173
             128      32 1165070 3560017 12842051 18012359 5784891 584790410567140  6727225 14200794  5325799  578489111720614 15881078
             128      64 1007629 5122535 14200794 1801235914200794 604545511720614  6406138 14200794  4557257  791778412842051 16365173
             128     128 1085013 4717434 14200794 1588107814200794 401231711720614  6114306 14200794  6406138  5784891 7082197 15881078
             256       4 1027695 3823789 11091721 12090911 9868433 4281170 9114515  5022044  7965107  4070199  157948310651598 11091721
             256       8 1248819 4572895 13454450 1495343512228612 534716811569783  6213578 11569783  1673001  484091112812277 13454450
             256      16 1158540 4929815 11091721 1416439510651598 568702011569783  6761355 16072608  5217259  511779112812277 14164395
             256      32 1219045 5242734 13454450  853492213454450 624974512228612  7120034 15164624  5455847  568702013454450 14953435
             256      64 1213534 5347168 14353744 14953435 8534922 639872012812277  7518900 10245071  5687020  639872014164395 14164395
             256     128 1230218 5320671 11695808 1416439512812277 639872012228612  6249745 14164395  4840911  556903513454450 14353744
             256     256 1340826 5022044 10245071 1345445012090911 5810112 8024634  5971678 12812277  5242734  593865012228612 13454450
             512       4 1020276 3104171 10235583  9814569 9510316 4163357 9304292  5278892  8528336  3849877  3877684 9510316 10434519
             512       8 1026126 4375425 12797441 1387212212215097 258482011620224  6909408 11877300  2256220  441137712797441 13522711
             512      16 1261144 4532414 12146009 1387212212797441 556623111943357  6736026 12215097  4228947  403051911620224  8992598
             512      32 1375881 4732165 13522711 1462806713109944 278241412499490  7309196 15583417  2575520  319658413522711 14146265
             512      64 1383861 4827914 14240069 1462806713872122 281524310911694  7758090 15471149  2638816  533131413783088 14240069
             512     128 1227971 5067142 13522711 12797441 9681823 6246213 8701110  7410080 14628067  3877684  506714211683444 13190469
             512     256 1347393 4163357  9814569 1249949012146009 588665011374040  5019764 12797441  4650188  764757811374040 10235583
             512     512 1089647 2474613 10694336 1279744112427157 275387010641343  5822804 11434603  2782414  562454511138071 12797441
            1024       4 1157109 2716948  5042191 10662628 8061038 3425544 8750850  4926518  9220512  3659010  372243510354166 10878686
            1024       8 1174192 4594502 12983353 1364323211903823 339039110906310  4249053 11903823  3271594  327159412313351 13305116
            1024      16 1324868 4805258 12790037 1364323212492426 499527611903823  6244448 12492426  4832290  489842510354166 13305116
            1024      32 1349004 5114239 13264026 1381881713142265 525181812492426  6692005 13142265  5042191  5071963 7755368 13643232
            1024      64 1368780 4654248 13686709 1368670911249091 640269912492426  7699755 12348754  5444898  494922612828238 14230902
            1024     128 1365733 4361233 12983353 1090631013142265 639316810039528  7631350 15801608  5336651  547963212492426 13305116
            1024     256 1276817 4854136 11773301 1234875410662628 5789881 9064828  6519323 12456195  3458646  562311511398360 12173747
            1024     512 1139005 4832290 11614118102400000011773301 3725664 9765601  4018473  5564829  4694950  427017510557785 12348754
            1024    1024 1363565 4178773 11903823  595030912492426 3709575 5120336  3835457  5226256  5751117  3643490 5169641 12639479
            2048       4 1058942 2900235  5131978  9431138 9189005 3065856 8159088  5044577  9062970  3643190  2585923 8423109  7135648
            2048       8 1134013 4056054  6895083 13280548 7698414 3807923 6917293  6917293 11072275  3723735  3677503 6917293 12561952
            2048      16 1185831 3205431 10192069  819802212257227 416218110289741  7213548 12050878  3991965  382147510339282  8198022
            2048      32 1430271 4550221  9389900 1157976313138359 5235193 7036283  5489457  7789164  4048407  3962502 7088541 13138359
            2048      64 1215360 4500161  5689430 13660713 8365686 4684211 7393606  5804771 13118295  3489282  3938881 6967792 13219235
            2048     128 1219848 3819776 10037248  819802213198923 470989510673302  7503399 16001943  3702868  4365235 8190205 12882215
            2048     256 1224892 3901313  9062970 1169007612274742 5345969 8678404  6363830 11320334  4481379  4031308 9024882 10726615
            2048     512 1393382 4104506  8678404 1071323711642543 5156624 8261095  6020395 11917129  4412322  4376355 7616502 11260973
            2048    1024 1366343 3266376  6608629  2029850 9349021 392448414840791  4385291  7165410  3772800  4094723 7336772  9525260
            2048    2048 1103990 2916978  4897882  5197183 6563185 3341339 4188565  2113246  4481379  3960675  3194702 4601407  5006356
            4096       4 1163647 2533229  4941279  6178018 6439700 2767462 4730393  5223741  6263611  1987305  3152960 2799936  4357270
            4096       8 1091699 2405199  7087972  4681411 7298762 2703445 5292944  4768469  6714018  2868184  3058654 8240513  6105563
            4096      16 1388406 2248142  5642353  6693092 4917236 2725317 5445618  6659365  3033808  3261295  3240380 5689064  6041154
            4096      32 1421726 2344796  4653513  5704175 7024216 3806915 5672159  4325455  6408472  3421735  3153539 5625724  7799085
            4096      64 1230402 2553562  5818150  7364466 7642951 3561476 5647918  7447471  7123239  2927818  3316701 5625724  5996870
            4096     128 1230049 3313502  4830139  5250883 6361016 4342950 4535572  6790983  5883908  3937802  2974454 3477139  6461498
            4096     256 1426685 3202925  5800471  5980170 7123239 3915366 5081590  5057654 12343583  2433476  3438858 4521249  5454263
            4096     512 1362205 3555579  5558378  5891980 5424983 4012295 5120972  4893426 10444923  3172758  3321831 5044289  3897601
            4096    1024 1149016 2281885  5867831  4701910 5596402 2952980 4230655  3230631  8193352  3175103  3013586 4858827  4830139
            4096    2048 1000469 1817243  7418527  5020702 4654774 2243152 4112175  3040789  4899008  2079432  3020473 3723578  4428023
            4096    4096 1158703 2069912  3210107  3509816 3177452 2144319 3385325  2077923  3300770  3622300  2473416 3871253  3349029
            8192       4 1087615 2229732  5155399  5177930 3035096 1917630 4850463  3007468  4185717  2559231  2562475 4500997  4615263
            8192       8 1299889 2804692  5476697  5701152 5410295 2442437 5382328  6455193  5577150  3032953  3124519 5016894  5414558
            8192      16 1428156 3286187  5780764  4541451 5744041 3450533 5615432  6906749  3942233  2815032  3660039 5757516  5776876
            8192      32 1095068 3241850  4211884  5885728 5927357 3796318 4667931  6340832  6321001  2818958  3484475 5271672  4961834
            8192      64 1244025 3540486  4899570  5113204 6094523 3250744 4787608  6558696  6006101  3090236  3116019 5892794  5386547
            8192     128 1401305 3439135  5553712  3649155 5685116 3787530 4205698  5839713  3459217  2891794  3405054 5461029  5403489
            8192     256 1119289 3334341  5309142  3212449 4968291 3372633 3629879  8342160  5681356  3090236  3139651 3163936  5059743
            8192     512 1076068 3119413  5333039  6827153 5251529 3118281 5143053  5386547 11820445  3060236  3296592 5184962  5880691
            8192    1024 1141716 2863357  4699856  4765034 4827293 2646761 5171695  6018726  7293813  2297264  2982148 3406066  5076189
            8192    2048 1218136 2599897  4520538  4830007 5149219 2881366 3339526  4147820  4638315  2083822  2778833 2979821  4508675
            8192    4096 1028494 2098842  4170981  3047749 3642578 2008307 4000060  2661522  3738897  1859715  3113760 3875097  3716653
            8192    8192 1001718 2624722  3416226  3520535 3487658 1806714 3875097  2396777  4591825  2115772  2428626 3833591  3785860
           16384       4 1025406 2551231  4277907  5237842 4904048 2274665 4417609  4201277  4354072  1890348  2382056 4394726  3980552
           16384       8 1060996 2533828  5099470  5878581 4388831 2489583 4728250  5559465  2897257  2873391  2769851 6275289  4326386
           16384      16 1068818 2756850  5144133  4942494 3601686 2411903 5651827  7001613  5316044  2871350  2961560 4797571  5789435
           16384      32 1094088 3309261  6182697  4607467 5853544 3335604 5673291  8705493  3948985  2529538  3182664 5386043  4860001
           16384      64 1123660 3549412  4240161  5241038 3954666 2889581 4616443  5824273  4858970  2510593  2895669 6275289  4657114
           16384     128 1048563 2781173  5227880  5361251 5597504 3019600 6028127  6501489  5438041  2671850  3049887 6090637  4754749
           16384     256 1185967 3683346  5368371  5389422 5624535 3014566 3686705  5204520  4699794  2975667  3204929 6120472  4571300
           16384     512 1210941 3423340  4904048  5200975 5219145 3568766 5077241  6291951  3732156  2809830  2510134 5176684  4682501
           16384    1024 1150890 2773204  5263115  4345811 5319336 3576381 5264728  5984033 11205226  2471940  1979030 4030513  3731346
           16384    2048 1131952 2356085  4164865  3598480 3784569 2371779 3906334  2926124  5359578  2087925  2068193 3649117  3512941
           16384    4096  961611 2249939  3873307  3685914 3210019 2039044 3627926  2721584  3782902  2058775  2488861 3955577  3436350
           16384    8192 1128606 2197771  3152586  3312611 3564139 2622299 3956716  2450520  3161724  1996857  2956336 3889971  3567099
           16384   16384  948092 2067074  3861554  3870471 3345836 2036808 3228417  2049015  3380898  2627714  2575711 3455704  3635219
           32768      64 1255771 2725189  4895803  5733836 5786219 2663245 5321150  7543381  5074955  2555396  3280729 5608195  6167383
           32768     128 1120269 2909142  5621499  4882065 4594499 2839717 4826686  5656434  4906815  2570835  2738656 4994364  5141594
           32768     256 1159354 3283001  5216135  4356805 4522237 2960081 5558747  7275441  5672075  2824602  2859094 4967109  5015872
           32768     512 1123070 3292281  5430479  5144866 4291908 3195303 5417849  6333357  5487722  2813673  2557822 4758669  5471338
           32768    1024 1086218 3185084  4626202  4700084 4887794 2126129 5278438  5671373  4157408  2310371  2774593 5239401  4128063
           32768    2048 1014648 2497355  4345922  3844144 4085847 2800886 4232953  3393905  5548200  1671075  1627328 3590189  4210261
           32768    4096 1056590 2239922  3763820  3448231 3391058 2056244 3171779  2655835  3776023  1846409  1814787 3774156  3801822
           32768    8192 1024770 2026979  3725359  3100093 3217595 2092464 3391393  2218231  3325339  1920187  1999874 3643681  3585132
           32768   16384  959388 2059849  3299870  3542167 3437021 2150110 4020116  2339911  3421108  1391000  3098625 3266615  3305902
           65536      64  819487 3084779  5637965  5376289 4687165 2714848 4866059  6660831  4772782  2608499  2764180 5906804  5801706
           65536     128 1166037 2677561  5347735  5332485 4632814 2768607 5371772  7011510  4258648  2019916  2992102 5349816  5262653
           65536     256 1178854 3333113  5196297  4794426 4410833 2942520 5100077  5791926  4391315  2783184  3061144 5225338  5096957
           65536     512 1188451 2689665  4610358  4424536 4479260 2966367 4923762  5647811  4668775  2760100  2857215 5223253  4744525
           65536    1024 1261985 2848038  4713447  4748951 5040412 3150145 4463114  5420606  4465507  2153020  2584439 4190288  4372802
           65536    2048 1000291 2293864  4203745  3661435 3868261 2356739 4371968  2679753  3797662  1644274  1812236 4288413  3845370
           65536    4096 1027113 2142816  3776427  3262769 3324004 2091188 3110998  2046900  3206440  1676158  1866061 3357377  2966111
           65536    8192  999436 2211072  3630198  3372246 3322839 2096691 3373281  2312331  3539422  1853290  1885000 3390005  3323964
           65536   16384 1006820 2141063  3344672  3345730 3384078 2319609 3312907  2315350  3640294  1951983  2233820 3592620  3256931
          131072      64 1083929 2300235  5265617  5007302 4739895 2171644 5511623  7472777  5070855  2475298  2848655 5589175  4914026
          131072     128 1116219 2341989  4364845  5443191 4321986 2172940 5475011  6596082  4606951  2253921  2757149 5227614  4821624
          131072     256 1054133 2790853  4928830  5042021 4444920 2474217 4570603  5705239  4525342  2260213  2535530 4387768  4786945
          131072     512 1054752 2484403  4563659  4838215 4513638 2744445 4480640  6611074  4504651  2407378  2363739 4492136  4686318
          131072    1024 1027354 2294283  4733406  4549196 4599974 2529022 4738832  5097893  5114397  1919539  2231660 4854878  4312561
          131072    2048  980263 1798340  3719295  3926664 4275699 2263340 4168422  3373028  3753065  1693240  1494483 3750274  3935744
          131072    4096  929159 1947784  3415824  3427537 3305553 2142856 3266817  2418488  3425636  1518231  1670432 3562814  3509659
          131072    8192  926500 1786453  3707406  3427430 3066160 1881785 3497490  2336395  3437138  1548818  1736832 3291856  3292605
          131072   16384  942625 1898217  3400506  3387577 3400401 2214160 3276631  2365275  3699348  1887613  1682590 3274503  3252727
          262144      64  127376  136016  4911630  5619478 5348682  105117 4710164  6898342  4747176   149293   144700 5367299  4709317
          262144     128  136810  137975  4992633  4902541 4622616  119669 4627013  6529445  4733789   136895   145356 5306553  4931036
          262144     256  146187  132042  4366679  4558944 4676209  111449 4690272  5759264  5225646   132689   142341 4674301  4554902
          262144     512  141179  139997  4934001  4621237 4550811  135176 4663733  5672503  4665475   159443   150496 4830198  4649180
          262144    1024  142733  136131  4526437  4544548 4470308  139183 4950128  5469069  4917341   139018   145473 4646881  4515822
          262144    2048  151805  125618  3933502  3833979 4246959  145114 3886548  3114095  4137362   149310   149073 4231400  4014020
          262144    4096  150335  132537  3359217  3577779 3291282  134343 3529757  2383802  3429492   165890   154285 3700305  3524473
          262144    8192  148075  127680  3300896  3346875 3304140  147012 3449807  2685955  3662404   168950   133483 3174120  3149860
          262144   16384  151692  122158  3374144  3473346 3439221  150665 3333350  2372301  3453350   175164   168445 3414305  3343283
          524288      64   55095   66940  5018895  5154986 4710112   26116 5198331  7272700  4877366    74238    75420 4948310  5163204
          524288     128   74023   70327  4782691  4998736 4868447   40295 4940705  7024403  5177378    75024    71186 4835889  4920816
          524288     256   75008   68994  4747133  4640133 4637618   54292 4549567  5884716  4504424    70509    75516 4577409  5029629
          524288     512   76097   70427  4672263  4695318 4832860   61005 4661705  5623657  4640006    74998    74704 4658021  4735520
          524288    1024   77172   68953  4838390  4828806 4939074   59129 4668642  5461677  4510004    74554    71092 4684535  4666730
          524288    2048   74957   70214  3818751  3853839 3925132   63467 4069267  2930800  4137306    77018    75534 4220913  4303761
          524288    4096   75954   71115  3348842  3365329 3363260   71638 3355700  2289457  3392047    75218    75451 3385280  3350342
          524288    8192   75703   71938  3319311  3365782 3383004   60428 3384972  2447427  3409339    74473    72844 3393848  3290641
          524288   16384   76192   68125  3413732  3387199 3324887   72583 3479892  2526663  3359658    80047    77926 3376734  3313120

iozone test complete.
Timer resolution is poor. Some small transfers may have 
reported inaccurate results. Sizes 512 Kbytes and below.
