	Iozone: Performance Test of File I/O
	        Version $Revision: 3.420 $
		Compiled for 64 bit mode.
		Build: linux-AMD64 

	Contributors:William Norcott, Don Capps, Isom Crawford, Kirby Collins
	             Al Slater, Scott Rhine, Mike Wisner, Ken Goss
	             Steve Landherr, Brad Smith, Mark Kelly, Dr. Alain CYR,
	             Randy Dunlap, Mark Montague, Dan Million, Gavin Brebner,
	             Jean-Marc Zucconi, Jeff Blomberg, Benny Halevy, Dave Boone,
	             Erik Habbinga, Kris Strecker, Walter Wong, Joshua Root,
	             Fabrice Bacchella, Zhenghua Xue, Qin Li, Darren Sawyer,
	             Vangel Bojaxhi, Ben England, Vikentsi Lapa.

	Run began: Sun Oct 27 10:26:20 2013

	Auto Mode
	Command line used: iozone -a
	Output is in Kbytes/sec
	Time Resolution = 0.000001 seconds.
	Processor cache size set to 1024 Kbytes.
	Processor cache line size set to 32 bytes.
	File stride size set to 17 * record size.
                                                            random  random    bkwd   record   stride                                   
              KB  reclen   write rewrite    read    reread    read   write    read  rewrite     read   fwrite frewrite   fread  freread
              64       4  720041 2278628  9318832 1597288510402178 4018152 7940539  4897948 12902017  3363612  2923952 7940539 15972885
              64       8  688639 2689580 12902017 2096219112902017 4988978 9006179  5860307 16983463  3738358  354109812902017 15972885
              64      16  754443 2772930 12310336 2273779115972885 528357010821524  5860307 15972885  4274062  401815212902017 20962191
              64      32  627470 2892445 12902017 2096219115972885 586030710821524  6421025 12310336  4207076  489794810821524 15972885
              64      64  640954 2801873 15972885 2096219115972885 573510210821524  5735102 15972885  5389653  427406212902017 20962191
             128       4  794416 2511022 10567140 1284205110567140 4135958 9129573  4934216  9129573  4012317  389585410567140 12542043
             128       8  985435 3785961 12842051 1801235912842051 4934216 8548124  6406138 18637664  4717434  455725712842051 14200794
             128      16 1024942 4444086  8036304 1863766414586625 440760110567140  6406138 14200794  5122535  4889281 1278855 14200794
             128      32  640042 4759253 12842051 1588107814200794 578489111720614  6727225  9795896  5325799  578489112842051 15881078
             128      64 1196221 4759253 14200794 1863766414200794 578489111720614  6727225 15881078  3380677  758231212842051 18012359
             128     128 1185654 4889281 12842051 1588107814200794 584790411720614  6114306 14200794  5122535  578489114200794 15881078
             256       4 1032636 3667079  6554972 12228612 9518507 4197489 9114515  3879045  9192546  4009406  112811010651598 11695808
             256       8 1148625 4496299 12228612 1416439512090911 511779111569783  6936061 12228612  4840911  473419212812277 14164395
             256      16 1260547 4929815 12812277 1516462412661199 568702011695808  6936061 14953435  5242734  511779111091721 14953435
             256      32 1292410 5117791 13454450 1495343513454450 607300412228612  7120034 15164624  5428265  556903512812277 14164395
             256      64 1208072 5242734 14164395 12812277 7735574 624974512812277  7364196 15164624  5841722  639872013625180 15164624
             256     128 1202660 5117791 11091721  827191612812277 607300412228612  5971678 13454450  4652146  671904612812277 14353744
             256     256 1292410 5022044 10245071 1281227712812277 581011211569783  5810112  8815202  5841722  581011212228612 12812277
             512       4  953248 2132967  3325278 11138071 8665997 4000485 8844453  2524058  9145790  3934520  2235086 3684733 11138071
             512       8 1261144 4195896 13109944 1387212212215097 522749212215097  6931711  7871843  4838792  457100312499490 13522711
             512      16 1245780 4030519  2169601 1319046912499490 562454511877300  6736026  7871843  5019764  452286813109944 13872122
             512      32 1326585 4701087 13783088 1424006913522711 603555112797441  6909408 15037801  4163357  4262523 9859630 13783088
             512      64 1273861 4000485 13872122 1424006912499490 624621313190469  7620440 15583417  4030519  453241413438092 13438092
             512     128 1305615 4305250 10235583 1424006913109944 641411912427157  7309196  6931711  5744919  647211213109944 13872122
             512     256 1382969 4827914 12215097 1279744112215097 595191111620224  6319739  3710197  4827914  801881212146009 12499490
             512     512 1302447 4916336 12499490 1279744111620224 242432811943357  6018636 12499490  5951911  588665012215097 12797441
            1024       4 1147832 3450311  3532609 11018226 8610501 2565989 8750850  5507740  4995276  4029784  3671521 9569770 10557785
            1024       8 1291406 3232201 13142265  616379412037272 525181812071103  4265934 12037272  3366474  3369115 5782087 13472053
            1024      16 1217806 4920874 12944224 1364323212492426 3877004 5720477  7113161  5660167  5144870  506598012790037 13472053
            1024      32 1356245 5277632 13305116 1404475813305116 3908759 5682634  7755368  5751117  5444898  541742713305116 13818817
            1024      64 1261072 4736370 13863422 1099003213472053 644110710557785  7755368 11773301  5536137  497214513643232 13472053
            1024     128 1399100 5330028 12983353 1364323212492426 572047711645609  7699755 14422045  5120336  376155712639479 12790037
            1024     256 1267398 5096034 11773301 1177330112173747 5885083 9485232  6692005 12983353  5417427  591751611249091 12348754
            1024     512 1400926 5018624 12037272 1190382310329265 568263410557785  6093831 12173747  3369115  731923210557785  5885083
            1024    1024 1372717 4634161  5751117 12790037 5845038 5690162 9655828  5950309 10557785 12173747  4995276 5219904 12639479
            2048       4 1182403 2817475  5184636  7368238 6359119 2824887 8067138  4338776  6382745  3292669  3246623 6092991  9990553
            2048       8 1072829 3065856  8678404 1218766311770166 4257067 9062970  6503556 11129659  4441984  4321315 6895083 12050878
            2048      16 1358993 4282535  9024882 1083485411642543 3751381 6900622  5349298  7470770  4054139  3807923 6851089 11770166
            2048      32 1174964 4257067  9349021 1232758911246230 5596757 9525260  6990474 11770166  4842658  4500161 9944290 10726615
            2048      64 1409617 3828288  6363830 13219235 8531869 4387531 7213548  5832361  7761014  4180412  4666399 6851089 12729493
            2048     128 1349174 4421406  9708272  871361812118884 466386510096235  7698414 16122077  4079167  3878414 6479029 11706006
            2048     256 1406616 3967993  8159088 1105802210660056 5389574 8793903  5018054 11305435  4221501  4376355 8431376  9400176
            2048     512 1213300 4180412  7726111 1112965916949167 5222461 8600205  4751580 12050878  5521212  3696494 7556202  7336772
            2048    1024 1365474 3922692  9483197 10289741 8949659 4853603 7237860  5222461 10289741  4509611  5159722 6603549  9697312
            2048    2048 1283266 2933915  5564129  6041567 5920802 3841986 5225638  3663388  5080379  3441748  3012103 4432815  6097316
            4096       4 1055935 2356697  3999219  4934183 3045641 2316655 4807163  5389246  6013663  3220336  2387152 4200656  7355007
            4096       8 1224526 2327326  4214051  2587795 4293029 2429346 4571782  5170290  5013377  2051130  2977031 4853336  3122019
            4096      16 1292126 2451183  4447510  6716643 5114874 2696655 5107271  6330545  6500617  3351642  3235498 4366128  5299475
            4096      32 1386613 2033889  4000150  6022095 5828019 4000150 5396016  6339889  7572208  3631489  2776856 5826043  5139356
            4096      64 1395511 2970339  4352854  5744227 7380284 3276846 5918366  7185807  7061751  3992713  3882626 4928521  7012747
            4096     128 1224526 2326065  4344048  4358375 5728903 3968731 4076076  5026578  6272759  3934195  3047261 4271680  5019235
            4096     256 1055092 3014114  2293460  5549401 5736555 3949571 4824714  6225028  5490871  3551903  2120237 4361695  5190597
            4096     512 1383821 1861951  4623457  5369035 5792648 3894067 4275933  6131713 11664722  2670249  3391339 4587653  4941279
            4096    1024 1369371 2684016  4357270  3621537 5728903 2572681 5157871  3842678  9287391  3465216  3133979 3374022  4043458
            4096    2048 1188605 2021682  3957760  4047268 3303309 2650884 3160500  2639075  4607338  2251973  3387995 4751325  3640724
            4096    4096 1055676 2218817  4597474  2747106 2892815 2775061 2605850  2359286  3036489  1707434  2861973 3950479  3552638
            8192       4 1148970 2321320  4875931  5793435 4602281 1950838 3945854  5107883  3925120  1888436  2035191 4242568  4604748
            8192       8 1205063 2860497  5676663  3833591 5512724 3167728 5291970  7097937  5177930  2526859  2893742 4835445  4971166
            8192      16 1357190 3334017  5561803  5834754 5299316 3222694 5037489  5978928  5954062  3057785  2126641 5053790  5855636
            8192      32 1269301 2551249  5850651  5897851 6798785 3490138 4976927  6606618  5298499  2479450  2555994 4659702  4855947
            8192      64 1370343 2961585  4437634  4307455 4802330 2449926 5004472  6145757  5372229  2997236  3212449 5630154  5082195
            8192     128 1366474 2719881  5561803  4878700 3311524 3233916 4992112  5728718  5113204  3243073  2729821 4392252  4576535
            8192     256 1162301 3485889  3254439  4683839 5838720 3289963 5261179  6809564  5003744  3100554  2933018 5207752  5038228
            8192     512 1074218 3449147  4063449  4776959 4765695 2371631 5665431  3806833  9011667  3465497  3292800 4118487  5168583
            8192    1024 1273865 2998544  3001687  4858693 4607218 3199884 5104089  6316353  9798016  2360065  2521481 5756551  5241116
            8192    2048 1149085 2502747  3968642  4433053 4961834 2671870 3742154  2775018  6861236  1833027  2022254 3170066  3966810
            8192    4096 1039855 1884914  3154641  4740709 3263713 2591661 3423032  2666686  3912159  1879758  2651254 2999853  2502018
            8192    8192  960364 2383476  3560297  3364377 3547798 2488428 3382261  1969625  4586921  2203422  2685024 4112571  3912159
           16384       4 1019852 2578127  4435287  4994944 3826079 1853185 4492700  4301471  4183883  1869673  2496093 4470488  5380560
           16384       8 1179980 2793496  5291891  4333206 4669138 2545278 4602221  5197828  5092668  3141633  2317469 5426876  5548244
           16384      16 1159180 2904481  3880525  5380560 4243303 2522111 5516178  8150997  4658693  3065397  2698288 5362924  4120908
           16384      32 1080022 3243044  5208070  4467872 5691145 2866320 4966426  7282069  5024159  2436272  2925626 5591583  5973110
           16384      64 1340193 2411141  4613963  3731346 4683777 3008495 5559465  6547951  5805576  2925253  2868234 5830698  5923681
           16384     128 1379942 3020131  4498582  4562802 3644279 3703594 4525840  5300463  4837421  2499453  2807878 4840147  5137979
           16384     256 1340742 2679769  5061534  5331717 5368371 3458835 4428142  5601611  4275778  2920528  2844960 4423296  5053718
           16384     512 1304152 3450672  5089650  5081746 5783101 2561597 3772519  4654590  4800587  2706790  2991991 4625765  3719430
           16384    1024 1198084 2852400  4930791  4313892 5529493 3875055 4728250  5268360  9615411  1727018  2318095 4866196  3895263
           16384    2048 1078260 2236102  3935641  4386590 3136185 2574553 2413343  1704529  4984437  2282826  1989055 3860686  3816305
           16384    4096  999079 2343550  3092434  3833550 3403503 2026955 3770035  2596930  4031459  2220926  2053423 2852874  3640804
           16384    8192 1168285 2001219  3176926  3405527 3232214 2618901 3193758  2108618  3120803  1991245  2341554 2922019  3560077
           16384   16384 1129385 2170353  3585150  3152586 3294033 2081852 3309261  2133893  3716011  2338924  2312167 3490458  3523568
           32768      64 1211344 2638500  4591889  4883453 4850192 2906804 5413581  7033073  5273375  2969739  2693412 4766260  5330643
           32768     128 1339602 2838017  5011117  4452790 4432255 2892915 5025777  6087347  5274994  2982434  2858321 5193861  5670203
           32768     256 1300325 3047102  4765599  4454088 5292871 3113084 4953503  5552908  4721559  2622089  3068737 4868920  4177500
           32768     512 1328415 2962250  4673712  4580259 4531630 3065862 4617809  6245009  4497376  2452873  2814652 4925278  4757351
           32768    1024 1246207 2632637  4315085  4200995 4355701 2677357 4371355  5492547  4151506  2293370  2783359 4179024  4406110
           32768    2048 1065626 2620989  3889729  4309943 4506667 2645559 4043415  3458383  5162064  1782333  1882678 4210777  4238044
           32768    4096 1048073 2167471  3419746  3543994 3313314 2174811 2817826  2156520  3054144  1921422  2018851 3327351  3702577
           32768    8192 1162404 2101744  3196269  3526896 3150477 2123501 3387882  2356723  2878676  1705434  2037406 3126397  3188779
           32768   16384 1161618 2103352  3375650  3507992 3368452 2104157 3133311  2249932  3222347  2105092  2539203 3717298  3485219
           65536      64 1277754 2958736  5200426  5862960 5319070 3116607 4578489  6234358  4879102  2505385  3299743 5716760  5417508
           65536     128 1285119 3089425  4529152  4956970 5299279 2993471 5340254  6228425  4800454  2748537  3057704 4796266  4883522
           65536     256 1173830 3164142  5413560  4423895 4525647 2881718 5181506  6327060  5081880  2705869  2736933 4223769  4582917
           65536     512 1357329 2935669  4547660  4663468 5033858 3164142 4447660  4723247  4414659  2737860  2816319 4350448  5033121
           65536    1024 1205151 3116465  4443706  5059524 5145328 3455288 4453353  5957242  4618181  2375949  2522468 4501707  4329208
           65536    2048 1129753 2503013  4396020  4396934 4187096 2505773 4249234  3582367  3931837  1847027  1883166 3798082  4116614
           65536    4096 1091266 2266738  3659631  3607614 3623594 2073207 3066026  2469884  3301527  1711666  1657290 3673374  3334812
           65536    8192 1067902 2095204  3733191  3407318 3723179 2259862 3466618  2648026  3207338  1997923  1745347 3310393  3300377
           65536   16384 1056707 2151049  3337200  3360127 3331618 2276594 3639474  2530922  3450560  2272867  2205183 3780999  3678093
          131072      64  439339 2774249  4878920  5604274 4724172 3064160 4726731  7132386  5541904  2346527  2421119 5669701  5155887
          131072     128 1081477 2491576  5037539  5645770 5277496 2579647 4227303  6221082  5397710  2367159  2334362 4896607  5361232
          131072     256 1124155 2341161  5160921  5181741 4808928 2625212 4576195  6621824  5140268  2272715  2366772 4613717  4438461
          131072     512 1062507 2255974  5255901  4873298 4428378 2434607 5132445  5941391  5161938  2082291  2149744 4897697  4901933
          131072    1024 1121010 2819914  4847515  4470729 4643686 3070887 4659034  5305662  4436634  1879116  2139187 4509011  4546562
          131072    2048 1011998 1932304  4133477  3855532 4085010 2250203 3990249  3284696  4382940  1700383  1658779 4296887  4409341
          131072    4096  934940 1753211  3313242  3374581 3292842 1826377 3471561  2509134  3470159  1547632  1542330 3338818  3400317
          131072    8192  977267 1926765  3369121  3415103 2925979 2035915 3201805  2463948  3417969  1483774  1664762 3474589  3766771
          131072   16384 1046626 1994428  3323478  3300552 3507128 1901605 3614179  2336524  3362116  1657249  1699915 3441484  3557097
          262144      64  151966  121624  5174688  5034260 5066178  113702 5461897  6811039  5397228   157729   152321 5173154  4559492
          262144     128  157817  141166  5171500  4916241 4873920  130464 5090854  6476675  5179588   161600   148833 4784525  5098479
          262144     256  156865  144464  5146832  4941629 4705508  141692 4975012  5760411  4872559   167160   159795 4717439  4646704
          262144     512  155276  143047  5098999  4861636 4868331  156662 4242633  5830731  4730652   163240   149695 4976836  5197338
          262144    1024  152096  124703  4693376  5116106 4637336  148155 4775381  5186943  5139782   140929   152506 4535755  4902628
          262144    2048  146967  135335  3696597  3700977 3730625  150720 4211206  3305799  3796540   157380   150440 3907571  3938589
          262144    4096  136923  136407  3270294  3334027 3336475  162142 3436426  2499464  3393933   162092   146643 3456857  3493210
          262144    8192  154124  128613  3367633  3271160 3271890  161190 3340601  2502064  3278729   162478   169814 3330291  3386000
          262144   16384  152519  135103  3583504  3506936 3568674  164843 3336901  2417812  3341545   204260   176362 3254988  3498010
          524288      64   63528   75543  5333165  5001078 5107536   36070 5112915  6747502  4805265    79139    80859 5277185  5123804
          524288     128   81034   78505  4387194  5265686 5140176   46880 5170500  7163483  5308549    84875    83114 5003126  5456852
          524288     256   78039   74245  4944905  5221673 4715707   54606 4709194  6310259  5124556    81507    83875 4744992  4549887
          524288     512   83719   74674  4569476  4772767 4578848   59327 4840445  4524443  4910355    84810    84637 4931974  5141438
          524288    1024   84047   70647  4791434  4867854 4674051   58083 4798052  6166053  4972524    82985    83690 4800293  4541955
          524288    2048   79257   75185  3967581  3858519 3827058   66817 4104272  3001609  4065603    86184    79403 4019227  4016049
          524288    4096   83675   77031  3435336  3310337 3394854   80122 3318259  2345640  3473005    85879    76286 3624505  3686408
          524288    8192   84223   75092  3506728  3669963 3602193   82612 3389585  2430005  3410026    87961    79873 3341671  3333111
          524288   16384   83030   77377  3586273  3769499 3768788   81804 3734755  2564154  3668500    88482    86213 3503220  3773645

iozone test complete.
