	Iozone: Performance Test of File I/O
	        Version $Revision: 3.420 $
		Compiled for 64 bit mode.
		Build: linux-AMD64 

	Contributors:William Norcott, Don Capps, Isom Crawford, Kirby Collins
	             Al Slater, Scott Rhine, Mike Wisner, Ken Goss
	             Steve Landherr, Brad Smith, Mark Kelly, Dr. Alain CYR,
	             Randy Dunlap, Mark Montague, Dan Million, Gavin Brebner,
	             Jean-Marc Zucconi, Jeff Blomberg, Benny Halevy, Dave Boone,
	             Erik Habbinga, Kris Strecker, Walter Wong, Joshua Root,
	             Fabrice Bacchella, Zhenghua Xue, Qin Li, Darren Sawyer,
	             Vangel Bojaxhi, Ben England, Vikentsi Lapa.

	Run began: Mon Oct 28 18:24:36 2013

	Auto Mode
	Command line used: iozone -a
	Output is in Kbytes/sec
	Time Resolution = 0.000003 seconds.
	Processor cache size set to 1024 Kbytes.
	Processor cache line size set to 32 bytes.
	File stride size set to 17 * record size.
                                                            random  random    bkwd   record   stride                                   
              KB  reclen   write rewrite    read    reread    read   write    read  rewrite     read   fwrite frewrite   fread  freread
              64       4  770442 2570800 12533704 3189172516350978 459515210993753  5910450 21618229  3758700   51980310561219 31891725
              64       8  943809 2453322 21618229 3189172531891725 5910450 8032879  6481273 31891725  5783117  404166221618229 31891725
              64      16  853755  576763 21618229 6077204131891725 648127316350978  4595152 31891725  5324295  451781516350978 60772041
              64      32  940502 3217991 21618229 2133333331891725 698739716350978  8032879 21618229  6481273  591045015412189 31891725
              64      64  943809 2673204 31891725 6077204131891725 803287912533704  7174140 21618229  6987397  278410621618229 60772041
             128       4  963140 3878646 12656948 1606575911566234 457234010648590  5568213 10648590  4246822  399406712962546 16065759
             128       8 1122181 4906645 14348281 2112243916065759 580921612962546  7118690 21122439  5141600  490664516065759 21122439
             128      16 1153526 5092826 16065759 2112243918250307 643598212656948  7517401 21122439  5568213  556821316065759 21122439
             128      32 1241558 5346409 18250307 2198750718250307 635974214348281  7517401 18250307  6141487  110372516065759 18250307
             128      64 1173701 5568213 18892537 2629517518250307 676014313974794  7118690 18250307  4280683  903563118250307 21122439
             128     128 1197257 5568213 18250307 2112243918250307 115352614348281  7118690 16065759  6760143  118405516065759 21122439
             256       4  797480 3884498 11618433 1352028710185652 4411119 9813291  5698749  9813291  1599217  406078811618433 12144053
             256       8 1236435 4742317 14051069 1616665013352159 546664112719484  7333446 12144053  5031189  135331312871964 11618433
             256      16 1253760 5007725 14237381 1693142714237381 608638213520287  7283699 19731703  1776491  533093714237381 15926849
             256      32  882708 5330937 15248313 1720269016166650 657056013352159  7757292 16931427  1776491  579095314237381 15926849
             256      64 1185908 5580283 15034802 1720269016166650 673542413520287  3941536 15926849  6086382  657056015034802 16931427
             256     128 1333150 4484816 15034802 15926849 2416067 641357312719484  1997967 15034802  5031189  823313715034802 15926849
             256     256 1107615 5227130 11745526  990380613352159 626391312144053  4339804 14237381  6086382  595144112871964 14237381
             512       4  819207 3680872 11644710 12172764 9007255 4265813 9832031  5444702  9007255  3966412  388040711160566 11581907
             512       8 1254798 4414901 13470849 1418257112455167 130592312455167  7220444 170666666  4574787  477837513470849 14276859
             512      16 1340989 4789031 14276859 1456739913470849 2812988 3966412  7318877 13061195  5270970  226428112750984 14666892
             512      32 1340152 4977743 14276859 1507883414182571 3066006 3558871  7740992 15514584  2723791  269304912455167 14666892
             512      64 1279469 4832135 14666892 1551458410661874 6479701 7318877  8000547 16987289  5390039  544470214182571 15078834
             512     128 1418026 5444702 14182571 1466689213907033 294007813141120  7630963  4063993  5813168  655886213817551 14276859
             512     256 1000030 5071792 12172764 1066187412750984 609358511902883  6479701 13141120  4876022  328152112527827 12827147
             512     512 1115334 5120162 11644710 1314112013141120 6093585 3845662  6025198 12827147  6025198  2798326 3582620 13141120
            1024       4  984538 3159418  5510486  5655610 9493379 2624616 9149575  3445850  9664271  2893369  286825010672924 11379896
            1024       8 1051292 4676488 13117724 1463775412506562 356897611260552  4112310 12362567  3272562  3272562 5020904 13660095
            1024      16 1244046 4968628 12653951 1444088912998623 386440611626336  7374384 12327085  5172060  514726612804855 13836117
            1024      32 1247298 3459729  5475361 1444088913446266 381972712616779  7817316 13321152  3592860  3580878 5655610 14062629
            1024      64 1283069 5068303 13488494 1463775414016735 4001210 5685557  7874647 15048038  5503425  550342512959402 14202131
            1024     128 1270543 5299699 12804855 1420213113488494 333611112050396  7760814 16243153  3519261  469694511626336 12959402
            1024     256 1292723 4968628 11753602 1265395112327085 602872511260552  4031254  5655610  5386098  5986708 5538912 11883686
            1024     512 1262699 4856269 11916658  122349212653951 3776070 5098385  6275365  5503425  4807348  6563042 9578063 12470250
            1024    1024 1394733 4671402 12959402 1150179612653951 519709410143585  5920686 10917083  5754111  556042510363875 10439447
            2048       4  994617 2917363  4386161 10612494 6560121 2677312 5988449  3946823  8943962  1627986  3131107 8131196  6847749
            2048       8 1105893 3440905  6520284 1184137360315336 4664850 6756189  5170245  7061668  3879095  3529988 1579201 11841373
            2048      16 1177119 3682846  6646410 12793738 7813171 4283365 6875153  5249233  7421641  4072184  3778424 9948766  7784848
            2048      32 1197634 3856455 10444742  812350613126085 4551158 9571842  6913889 12334468  4887817  4592523 6500547 12717970
            2048      64 1125896 3840935 10184681  825624113371273 4749974 7137952  5657164 12125532  4238976  4374992 9476801 13126085
            2048     128 1269682 3828951  9756665  7038523 7728812 616908110457457  5706016 16255974  4000123  3771788 9393891  1689795
            2048     256 1219742 1820126  6281868  761237511973417 4551158 8752583  6919458  7728812  3625336  3676541 5988449  7038523
            2048     512 1201151 3593487  8990769  9891484 9948766 2121800 8943962  6204730 10344120  4374992  4189359 6941826 10030083
            2048    1024 1143431 3303291  8717054  6525237 5687127 3806891 5565530  4472952  6545125  3716306  4022602 5081547  9105129
            2048    2048 1089344 2403843  5837865  6022035 4984245 8833590 4311313  1965472  4357238  1818969  3185684 4047241  4708317
            4096       4  871657 2245612  3838719  4852498 3992145 2077016 4042876  4266788  4977627  2640855  2764073 4271031  2051225
            4096       8 1091657 2297260  4158347  6576235 5101794 2468933 4150311  7039726  5876639  1839304  2574373 4059115  4606582
            4096      16 1110067 2232190  5152285  4567392 5144571 3480230 4994994  6359576  6123819  2951148  2709153 5120039  5775877
            4096      32 1135302 3051802  4643939  4983403 6965516 3670585 5277317  6310520  4857987  3018027  2645736 3651083  6205665
            4096      64 1053241 2168239  4112557  5884691 6792027 2938026 4209290  6543672 13750307  3117141  2467515 4526477  4506293
            4096     128 1418368 2661310  6691499  4129362 5635668 3561763 4582010  4375457  6481949  2953178  2719445 5333016  6359576
            4096     256 1302747 2140149  4353282  3736852 5978898 3926452 4989192  4347774  8222326  3045310  2811110 4125395  3468286
            4096     512 1172974 2680410  4437617  2537490 6940191 3219967 4302047  4389991  7712910  3200174  4023937 4059115  2784231
            4096    1024 1154063 2359412  5326402  4983403 5729646 2965924 3561763  4506293  8622626  3134202  3174744 3984738  4027711
            4096    2048  940928 2065529  3056689  2436716 2921539 2114597 2233351  2329973  3969088  2107075  3070346 4708855  4121437
            4096    4096 1098357 2110181  3673724  5417095 3583307 1694698 3618020  2140149  3202560  3404369  2041718 2985509  2778827
            8192       4 1089940 1848747  4526129  3842332 3549406 2000052 3959217  4242248  4804605  2217699  2042375 3787274  4813355
            8192       8  970383 2974761  3342251  4982981 4659947 2623999 3858296  3938342  4491224  2837439  2879287 4940707  4589610
            8192      16 1102707 2232831  5028928  4697536 4746202 2778696 4601904  5569365  6736652  2771300  2718029 4949960  4760010
            8192      32 1300351 3045423  5078731  5339992 4757373 2441116 4329922  6400348  5139505  3515632  3399121 4545890  5057054
            8192      64 1066528 3288511  3291346  4684087 5760787 2963983 4002104  6301744  4007706  2310921  2736210 4964980  5023047
            8192     128 1224316 2934117  4399782  4673257 5185266 3231601 6282157  4418453  5107419  2756405  2848259 4449350  4039272
            8192     256 1074365 3004151  4710415  3304323 4847307 3508452 4752110  4057397  4944261  3222811  2883395 4098047  4304967
            8192     512 1250289 3453442  4995297  5120358 4579212 3915899 4240154  6890666  8349029  2188042  2884605 4430417  4830271
            8192    1024 1179716 2962706  5038515  4573726 3620085 3186349 4106373  4958532  9384273  2192649  2392503 5241426  4145512
            8192    2048  978396 2259852  2923631  3657074 3367143 2284341 2589198  3078438  4413912  2297324  2396006 4057877  3189899
            8192    4096 1109294 2303175  3403161  3349092 3432055 1992744 3123210  2119608  2649289  1950549  2648472 3481435  3899456
            8192    8192 1083308 2081724  2479519  3835041 2930863 1868146 3280661  2365653  3927088  1831013  2115172 2753754  3349092
           16384       4  891645 2176980  4488706  4755864 3174488 1925971 3647256  4528341  4158159  2005388  2213728 4450911  4392307
           16384       8  982908 2435270  4101084  5266499 3931901 2377555 4200093  6318789  4380826  2570834  2440632 4426826  4775363
           16384      16 1073718 2505229  4813158  4939434 5258036 2700025 4838916  6611191  5466761  2752256  2786404 4690295  5030186
           16384      32 1346030 3093741  5599506  5193267 4648101 2679287 3978567  6246420  4923156  2434839  2961610 3972817  4760147
           16384      64 1153158 2570065  5059816  4806089 4085965 3029502 4748963  7080527  6120139  2686409  2877890 5628399  5803805
           16384     128 1178632 3030037  5525665  5454179 3756924 3903757 4914355  7083447  5441223  3474116  2869359 4394835  5348894
           16384     256 1119968 2746206  4835852  4533420 4851556 3177717 3671026  5570908  4725450  2397462  2568912 4470601  3641844
           16384     512 1079164 2493683  3818296  5206250 4463342 3889836 4627132  6527667  5152382  3007362  2469665 4546016  3964108
           16384    1024 1113273 3013428  4464211  5382410 3746478 3558673 3585223  5716896  9265859  2321022  2511730 4657237  5089797
           16384    2048 1023351 2138567  3587469  4326491 3450740 2327941 4921746  3222723  4885010  1705603  1719043 3946125  3460993
           16384    4096 1009490 2239775  3375979  2900851 3520389 2032253 3356686  2705872  3421872  1953289  1959080 2900361  3280727
           16384    8192 1181591 1825683  3033514  3624747 3485924 2187722 3016735  2177877  3384292  1981106  2809300 3039149  3166589
           16384   16384  942105 1810149  3163528  3694314 3622454 2110262 3624747  2497943  3482920  2735275  2142567 3547101  3261884
           32768      64 1150517 3186368  5362128  4464997 5375340 3376429 5021258  7657868  4589495  2890870  2952602 4539772  4762030
           32768     128 1118668 2804738  4821672  5196294 5085167 3254655 4920058  6849543  4283933  2670355  2862571 5265574  4809691
           32768     256 1268841 3015968  4476486  5430563 4833712 3526479 4266115  5322878  5290301  2982718  2992460 4666474  4791248
           32768     512 1092924 3437312  4551649  4576505 4482033 3319908 3997012  5223746  4402636  2678003  2612440 4815927  4376142
           32768    1024 1213263 2741190  4503623  4840180 4299748 3148628 4305945  6367803  5237681  2614527  2456925 4394191  4785076
           32768    2048 1004755 2204970  3533733  4151554 3394944 2488419 3732581  2864360  4424605  1717226  1732290 3932848  3951732
           32768    4096  973326 1958505  3166911  3108324 3497137 2419895 2996897  2582205  3247887  1747444  1789327 2976195  3122234
           32768    8192 1026081 2062334  3178630  3205990 3259827 2105911 3395951  2307632  3343003  2027349  1965451 3500165  3381330
           32768   16384  990383 2065806  3682575  3214764 3295549 2293385 3210409  2304498  3069038  1891602  2826309 3067599  3474504
           65536      64 1124155 2720124  4971618  5717163 4750707 2869726 4788528  6117449  4960762  2967309  2605714 5474955  4921592
           65536     128 1190718 3076781  4495184  4807119 4698252 3091732 4660099  7348022  5451826  3060441  3330060 4694240  4556811
           65536     256 1134703 2753724  5047853  5153856 5172963 3182289 4221071  5586107  4798727  2759391  2892890 5075535  4992840
           65536     512 1151589 2803462  5288105  5289020 5374438 3375534 4489677  6701655  5074036  2862583  2760943 4353162  5202531
           65536    1024 1330925 2880703  4890768  5057233 5313044 3299244 4390781  6715408  5174911  2618298  2435729 5025427  4703960
           65536    2048 1225358 2499653  3761667  4021127 4297222 2513251 4385737  3287485  3477248  1691687  1774316 3511182  4218350
           65536    4096 1051844 2107403  3485581  3436815 3537299 2135979 3335191  2268710  3183984  1767232  1720240 3780343  3669813
           65536    8192  959627 2344166  3386179  3709682 3828680 2351747 3141698  2613195  3279249  1885600  1872932 3706331  3399496
           65536   16384 1007345 1986838  3267632  3724914 3344891 2137224 3214930  2573873  3670254  2085150  2069670 3188971  3226477
          131072      64  378824 2373151  5094321  5030781 4681465 2308701 5684438  5274276  4764723  1884762  2758483 4668307  5171718
          131072     128 1066510 2405960  4797823  4771298 4810502 2432166 4791342  7297635  4574306  2187156  2501238 4644799  4454587
          131072     256 1014041 2479321  4675970  4513504 4902825 2744505 4572214  5920684  4649081  2173846  2480126 4258885  4773370
          131072     512 1044832 2505970  4386626  4728089 4599180 2354995 4525803  5495666  4425861  2151472  2257414 4391321  4537533
          131072    1024 1110141 2411765  4394094  4461419 4726219 2365452 4394270  5109804  4429784  1679226  2099575 4398383  4504333
          131072    2048 1036904 1975191  3978392  3778068 3771743 1981791 3993187  3224574  4144708  1513830  1604290 3867804  4302112
          131072    4096  965404 1777439  3425730  3325013 3489573 1984230 3218702  2335476  3436072  1495045  1707022 3484287  3280490
          131072    8192  957673 1727773  3273439  3278690 3551109 2001008 3212946  2559546  3148200  1540754  1511911 3416639  3313989
          131072   16384  971977 2065621  3677236  3736037 3425730 2445463 3248045  2403404  3167974  1803954  1790453 3589622  3404810
          262144      64  138565  119417  5103955  5116901 4597573  115729 5187466  6616771  5170293   152332   139202 5208402  5429783
          262144     128  144583  140332  4829739  5293814 4647772  126694 4671647  6417866  4790724   151378   143577 4557609  5307101
          262144     256  134747  134640  5073527  4739796 4351530  115557 4611727  5753700  4457393   153821   147710 5028375  4889273
          262144     512  146276  134322  4718743  4459671 4555608  145366 4711181  5847240  4937821   147595   142126 4594826  4757248
          262144    1024  146890  138665  4160366  4527600 4546923  152520 4491846  5530591  5063247   164344   156073 4436494  4538983
          262144    2048  149830  131221  4010526  4171620 4177056  151571 4168094  3142463  4002322   164806   154435 3614526  4096443
          262144    4096  143474  126521  3305396  3369020 3324082  150475 3253662  2336669  3163348   151726   154912 3296625  3503811
          262144    8192  143755  139140  3003823  3306101 3294748  155565 3445681  2342389  3284031   163436   156597 3273199  3435389
          262144   16384  153912  117927  3655213  3342403 3417334  152629 3224597  2340171  3360001   187835   167591 3319997  3467370
          524288      64   55667   73319  5229601  5029092 4626255   26606 4762053  7596737  5164336    80068    79256 4909428  5409712
          524288     128   80894   74886  4810725  4562559 4362384   33777 4823832  6343688  4852498    79442    79326 4807381  4906164
          524288     256   77219   73585  4619443  4678350 4573586   53601 4536496  6064858  5177334    75795    80061 4821484  4777759
          524288     512   79096   73112  4880141  5279470 4812052   58342 4557878  6479981  5248911    79048    78757 5097099  5277076
          524288    1024   80111   74447  4604267  4980558 4686246   59415 4765211  6353769  5121744    79492    79497 4768425  4732090
          524288    2048   78908   73132  3746037  3806966 3883639   60520 3941449  3221070  4088806    74711    79177 3769333  4186371
          524288    4096   64434   72423  3415733  3329974 3451828   77588 3270300  2238710  3260800    82895    76841 3267525  3338031
          524288    8192   79598   71594  3445727  3399412 3323281   79509 3518429  2361391  3335823    82609    83095 3352652  3056769
          524288   16384   81589   72978  3279156  3173425 3301562   77810 3407566  2527138  3262038    82729    78821 3457222  3272992

iozone test complete.
Timer resolution is poor. Some small transfers may have 
reported inaccurate results. Sizes 32 Kbytes and below.
