	Iozone: Performance Test of File I/O
	        Version $Revision: 3.420 $
		Compiled for 64 bit mode.
		Build: linux-AMD64 

	Contributors:William Norcott, Don Capps, Isom Crawford, Kirby Collins
	             Al Slater, Scott Rhine, Mike Wisner, Ken Goss
	             Steve Landherr, Brad Smith, Mark Kelly, Dr. Alain CYR,
	             Randy Dunlap, Mark Montague, Dan Million, Gavin Brebner,
	             Jean-Marc Zucconi, Jeff Blomberg, Benny Halevy, Dave Boone,
	             Erik Habbinga, Kris Strecker, Walter Wong, Joshua Root,
	             Fabrice Bacchella, Zhenghua Xue, Qin Li, Darren Sawyer,
	             Vangel Bojaxhi, Ben England, Vikentsi Lapa.

	Run began: Mon Oct 28 18:24:36 2013

	Auto Mode
	Command line used: iozone -a
	Output is in Kbytes/sec
	Time Resolution = 0.000001 seconds.
	Processor cache size set to 1024 Kbytes.
	Processor cache line size set to 32 bytes.
	File stride size set to 17 * record size.
                                                            random  random    bkwd   record   stride                                   
              KB  reclen   write rewrite    read    reread    read   write    read  rewrite     read   fwrite frewrite   fread  freread
              64       4  760859 2467108  9318832 15972885 9318832  780776 8182586  4564786 12902017  3588436  3057153 7100397 12310336
              64       8  889431 1183548 10402178 2096219112902017 4897948 9318832  6421025 12310336  4564786  3738358 5283570 15972885
              64      16  402569 2801873 12902017 2096219115972885 538965310402178   566551 15972885  4897948  401815212902017 20962191
              64      32  926260 2358717 12310336 2096219112310336 5860307 6421025  5860307 15972885  4988978  489794812310336 22737791
              64      64  889431 2662899 15972885 2273779115972885 586030710402178  5860307 12310336  4897948   43520212902017 15972885
             128       4  895074 3657016 10779307 12842051 9977956 4407601 9129573  4557257  9129573  4135958  3867787 5325799 11720614
             128       8 1076312 4267461 12542043 1588107812842051 532579910779307  6406138 15881078  1007629  4759253 9129573 15881078
             128      16 1142750 4407601 12842051 1863766414200794 105102710567140  6727225 15881078  4934216  488928111720614 15881078
             128      32 1093856 4596273 12842051 1588107812842051 106563010779307  6727225 14200794  5325799  584790411720614 14200794
             128      64 1093856 4596273 12542043 1588107814200794 611430610779307  6406138 14200794  4267461  803630411720614 15881078
             128     128  595328 4717434 12842051 1636517312842051 604545510567140  6114306 12542043  5847904  560374711720614 14200794
             256       4 1058076 3705040 11091721 11695808 9434868 4332998 9114515  5347168  9114515  4197489  4070199 9192546 10758322
             256       8 1132871 4422226 12812277 1416439512090911 521725911207494  6936061 10651598  4755158  484091111695808 12812277
             256      16 1098113 1489641 12228612 1435374412228612 167300110651598  6936061 14953435  5117791  269916112228612 13454450
             256      32 1219045 5022044 12812277 1416439512812277 593865011695808  7120034 14164395  5455847  542826512228612 13454450
             256      64 1243036 5022044 13454450 1495343513454450 610754811695808  7314033 14353744  5217259  624974512228612 14353744
             256     128  828628 5117791 12228612 1109172112090911 6107548 1455317  6761355 13625180  1632308  827191612812277 11207494
             256     256 1267990 4734192 11569783 1281227712228612 568702010651598  5810112 12090911  4264168  568702012228612 12228612
             512       4  937845 2065273 11434603 11877300 9304292 4099771 9468384  2681653  9145790  4061007  373601610434519 10911694
             512       8  832420 4262523 12797441 13438092 2665014 506714211877300  6999490  1975959  4927617  449447012499490 13190469
             512      16 1252318 4420457 12797441 1352271112146009 568409511943357  6931711 11138071  4305250  416335712215097 11138071
             512      32 1316823 4571003 13109944  373601612797441 601863612499490  7115451  3822466  5278892  516463211434603 13522711
             512      64 1086890 4742616 13872122 1462806713872122 568409512797441  7540170  3849877  5566231  550911313109944 13783088
             512     128 1350783 5067142 13109944 13522711 3884698 588665012499490  7211022 14628067  5509113  615667512797441 13109944
             512     256  969603 2471765 10856530 1249949012146009 595191111620224  6246213 11877300  4690818  798898111877300 12215097
             512     512 1091863 2427068 12499490 1249949012499490 516463211877300  5744919 12146009  2668325  574491912215097 12499490
            1024       4  952573 2774874  5500686 23886714 9300377 2908281 9569770  3618930  9381637  2916180  290042510557785 11018226
            1024       8  982873 4433259 13102174 1386342211249091 451244111132462  6650556 11903823  4694950  471556910354166 13472053
            1024      16 1216426 4805258 12944224 1386342212639479 3048658 8895850  6963241 12348754  4920874  5018624 9765601 13102174
            1024      32 1236742 3390391 11773301 1386342213102174 383545712456195  7537599 12983353  3436508  487618012944224 13643232
            1024      64 1238168 4694950  5593820 1068916413686709 556482912348754  7356843  6244448  5120336  536330712348754 13818817
            1024     128 1220575 5144870 12983353 13643232 4920874 591751610990032  7524394 15516181  4920874  547265012492426 13472053
            1024     256 1253344 4854136 11903823 12348754 4995276 584503811398360  3970183  5564829  5194651  5690162 5564829 12208350
            1024     512 1105865 4762630  5536137 1263947912313351 3709575 9946527  4044965  5390231  4720752  411471910796646 12313351
            1024    1024 1057924 4594502 12037272  563048612456195 3808251 4876180  3696803  9485232  5728107  5303701 9946527  5690162
            2048       4  988848 2933915  6440169 11626784 6420913 2683678 7969835  5478953  9189005  3717289  3374151 7911115 10780463
            2048       8 1117927 1530689  9228493 11983630 9062970 5593112 6823876  5184636  7368238  5020987  3117032 7582884 10452512
            2048      16 1156456 2860636  6984790 1346794912635867 424025510660056  5319484 12488897  4038890  375794610240672 12710657
            2048      32 1358134 4432815  9218589 1218766313118295 438529110780463  7189398 10889797  5006356  460140710555264 11835033
            2048      64 1134013 4451191 10834854 1126097313836752 578522411187641  7207495  9389900  4839929  4509611 9567698 13384011
            2048     128 1192747 4376355  9189005 1295995811626784 5785224 9441504  6873016 13058467  4569586  4490751 9841749 11260973
            2048     256 1202599 2968386  5754221 1120223111015480 4934459 9349021  6780783 13058467  4122233  2081497 7726111 11502234
            2048     512 1192085 3483621  8987113 3658316111365268 4875642 7616502  5937172 11564174  3097921  4223576 7451329 11001372
            2048    1024 1153196 2856830  4994712 10289741 2632683 4572018 7159438  9752360  9062970  4338776  3644736 6845629  7670915
            2048    2048 1040219 2290767  4730646  4968710 4948672 1538641 4170264  2775597  8498106  3165272  1523630 3977179  6895083
            4096       4  864491 2675656  3680502  6066754 4824714 2624160 4917236  5327412  6332878  3303309  2189130 3680502  4649735
            4096       8 1091145 2098482  4035859  6158088 6522830 2856263 3775126  4643451  5728903  2998333  2506617 2656212  6500617
            4096      16 1225225 2862450  4935601  6572741 4830139 3436107 4028288  4917236  6149271  2784507  2558124 4485833  5238075
            4096      32 1368935 3583016  4003879  6735075 6826060 3479956 5704175  6263611  6605595  2900630  3222752 4476482  5711761
            4096      64 1181737 3402085  4591331  4841028 7892238 2630992 4413235  5936773  3096138  2998333  2710696 4596244  6142675
            4096     128 1168634 2989464  5019235  5431844 6160296 3112968 5902100  5721272  8603675  4121052  2700046 5353976  6361016
            4096     256 1323788 3546038  4865707  3991785 4404184 3618486 4691638  5672159 12334720  3255732  3468714 4352854  5299475
            4096     512 1323890 2685695  5113352  4841028 5535098 3131694 3586757  5580043  9456085  2070660  2590526 9989424  5802430
            4096    1024 1132429 2657856  4801789  4723889 4375024 2822940 3945943  2779102  7004170  3631489  3021005 3310948  4418911
            4096    2048 1077593 1708113  4385074  4654774 3795980 2355405 3608605  1766239  3586757  1825353  3054847 2355405  3930595
            4096    4096 1342932 2307631  3442303  3767675 3961410 2294686 3056478  2471637  2896717  2077923  2319470 3482778  2459958
            8192       4  881724 2774122  4995015  5201445 6077276 2139486 5022761  5411147  4884942  3303247  3030813 4135340  4401818
            8192       8 1141451 3097200  5645881  5810089 6517641 3046398 4304757  5557305  3526316  2738088  2337905 5194368  5171695
            8192      16 1093708 2731558  5614514  7097937 5732541 2446785 4833405  6517641  7528746  3160444  2640050 4902367  2993059
            8192      32 1125743 3050997  4266803  4089565 5396699 3813593 5588034  7031124  5218033  2772107  2076016 4858693  4729615
            8192      64 1226703 3725519  3392279  5512724 8358395 2700853 4533661  5901904  4760413  2288847  2712581 4899570  3998198
            8192     128 1099483 3410461  4615263  5013234 6395120 3750733 5713476  7906413  4457206  4057211  3106721 4862131  5234728
            8192     256 1134441 3436040  4864196  4910774 5010310 3738897 4369352  8817411  4970447  3119697  2883543 4896777  5191229
            8192     512 1186381 3064876  3119697  4543252 4615263 3030813 5350479  3406066  9447779  2777036  2621518 5210911  5461029
            8192    1024 1244205 2986295  4801658  4976927 5364680 3599459 4297757  5302587 10836280  2808359  2429313 3725115  3987989
            8192    2048  880955 2920552  4790946  4749227 4486305 2855505 5336352  2820809  5237121  2371795  2572837 2652072  4327528
            8192    4096  963326 2468938  3695070  3953573 4746603 2251207 3549630  2476412  2938285  2027744  2639238 3412155  2695768
            8192    8192 1201859 1852995  2894717  3588182 3433293 2453424 2913124  2314129  3602478  2468938  2179936 3219976  3404716
           16384       4  914700 2659236  4265692  4964991 3272853 1863942 4046414  5304145  4613963  2268957  2510960 5124569  4155295
           16384       8 1193817 2533081  5917050  5806066 3993274 2323031 5302508  7945545  4687931  2615114  2587543 5795294  4198710
           16384      16 1222683 2318720  5361251  5853046 5813926 2833114 4295824  5809993  4367909  3321417  2558831 5971034  5002944
           16384      32 1368183 2388016  5157259  4787877 5387732 2594479 4418745  8423769  5619016  2649803  2898845 4288051  5421738
           16384      64 1219407 2866320  3896367  4773907 5042592 2653281 4883486  6465399  5370049  2678933  2866320 5580232  5618556
           16384     128 1043024 2270531  4642641  5368371 5576609 3437038 4355176  6063765  5019388  3492765  2441032 4495933  4941072
           16384     256 1252980 2939392  5150687  3790832 4613963 3027982 5300463  5870045  3404177  2098317  3249484 4845608  3974566
           16384     512 1081739 3218740  5070872  5435890 4599449 3752741 3818214  5438041  4251178  2317391  2744847 4945339  5131457
           16384    1024 1141428 2688470  5605266  4405431 5487108 2938889 5263115  6239394  6812133  2432306  2188044 4099276  5239439
           16384    2048 1040907 2257330  4064363  2901906 3346324 2141940 3594715  2453057  3429148  2019746  1826926 3710794  3813764
           16384    4096 1030697 1675398  3105992  3022788 3532625 2384122 3743134  2498362  2968597  1680067  2149041 3855921  3306554
           16384    8192 1027537 1996799  3688486  4075693 3771690 2311545 3561737  2112962  3063620  1844382  2768958 3758694  3317889
           16384   16384  959584 1923686  3713400  3867857 3715207 2055942 4000946  2749900  3574149  2165770  2076819 2674866  3272853
           32768      64 1195164 2799232  5275804  6320832 5170025 3071068 5842050  6460477  5436924  2853099  3213157 4673871  4875484
           32768     128 1250402 3273852  5972021  4314408 4821098 2995238 5570011  6289304  5791583  2922317  2700716 5293686  4268316
           32768     256 1143534 3000208  4339473  4590662 4779520 3439860 4742085  5334160  5340378  2740950  2599229 4163075  5129504
           32768     512 1248199 2845656  5448779  4526705 4865990 2854106 4093392  5406341  4293517  2577537  2575074 5103220  4914184
           32768    1024 1315245 2664071  4611301  5267312 4956540 2981916 5202905  5776249  4140500  2410668  2824080 5226848  4519709
           32768    2048 1164501 2199346  3402054  4363306 4095954 2700080 4002904  2832402  4840285  1872572  1780370 4002438  3756516
           32768    4096 1111266 2026979  3791230  3190926 3750059 2106576 3772084  2744398  3122207  1673272  1777492 3395666  3813320
           32768    8192 1100191 2338717  3368700  3778099 3580462 2496221 3462740  2365078  3548202  1984597  2143805 3626376  3667404
           32768   16384  863614 2270824  3352594  3544816 3353248 2236423 3929880  2632385  3893586  2127379  2694521 3648130  3326063
           65536      64 1262710 3178447  5179456  3326377 4783662 3106393 4717572  6300954  4800790  2737969  3118091 4733577  5613326
           65536     128 1269656 2637482  5465442  4807170 4896223 3432121 5327730  7825303  5363910  2809095  3350829 5430029  5038195
           65536     256 1224696 3308560  5215325  5270322 4799029 3204870 4368771  5819762  4484448  2902501  3035319 5096484  5284304
           65536     512 1174964 3398303  4140737  4895525 4064990 3050172 5056824  5169714  5202985  2042641  2315935 4649584  5153335
           65536    1024 1093615 2866601  4995436  4715145 4976894 2785920 4669806  5903125  4899190  2299582  2256504 4486644  5309208
           65536    2048 1047989 2298044  3956739  4229489 3671706 2622385 3770781  2887560  4116861  1894875  1865592 4164450  3841931
           65536    4096 1050761 2248015  2792089  3539604 3571660 2322411 3784070  2221167  3712418  1663015  1855079 3272714  3540972
           65536    8192 1104136 2301604  3501058  3397757 3382995 2237639 3599866  2581381  3129843  1856018  1670890 3287509  3805391
           65536   16384 1092285 2304595  3597510  3730202 3426729 2453438 3408543  2472039  3642513  2098499  2154235 3515521  3316424
          131072      64  894836 2317475  5028094  5537717 4804348 2486235 4813518  8074455  5534428  2385204  2419414 4914026  5452693
          131072     128 1153091 2656032  4975399  5045862 5362539 2731409 4475133  7088793  4796091  2274690  2579489 4978779  4737485
          131072     256 1095205 2681398  4261514  4127859 4307053 2192351 4990937  6479087  4921990  2621394  2873311 4121484  4367446
          131072     512 1169126 2488024  4901715  5182766 4661997 2556055 4341543  6079432  5115587  2368618  2351486 4535385  4809812
          131072    1024 1034408 2368352  4720400  5185798 4737158 2478344 5147150  5967899  5022123  2215892  2640393 4618795  4754159
          131072    2048 1083096 2009842  4174785  4365122 4279094 2108486 4276132  3122179  4019246  1569650  1644942 3687389  3894342
          131072    4096 1044157 1968434  3722040  3710159 3792025 1975905 3631008  2586467  3678900   544472  1637294 3057497  2749977
          131072    8192  906187 1802047  3354730  3347275 3354116 1887153 3588559  2283088  3319204  1637480  1602834 3375182  3760278
          131072   16384  984268 1963688  3298235  3501031 3720881 2137266 3425722  2547951  2822940  1741448  1760774 3250477  3471188
          262144      64  137164  117935  5546259  5356865 5411174  100572 4798263  7155911  5265512   146401   138219 5108927  4844115
          262144     128  138811  131586  4725610  5173665 4813956  110578 4986768  7760374  4868870   123276   131817 4977940  5098692
          262144     256  134245  127388  5076680  4901907 5003902  117678 4599104  6488256  4476040   130449   133911 4506752  4995581
          262144     512  118061  118275  4339552  4975012 4806024  116382 4613442  6303787  4777643   126756   117048 4567599  5327586
          262144    1024  121795  102070  4326677  4772334 4965620  117361 4763816  6159977  4961363   138655   119003 4452927  4984959
          262144    2048  121572  116752  3426093  3491712 3561404  126249 3627640  2841425  3752845   123678   138971 3551224  3603599
          262144    4096  112017  102167  3250427  3361158 3395694  125776 3348537  2437731  3558257   130068   120406 3292731  3361764
          262144    8192  121166  112486  3328133  3072224 3251436  129217 3425826  2387010  3207473   139881   126965 3211877  3156959
          262144   16384  126592  108267  3412536  3381980 3365046  130710 3239986  2364145  3499358   141951   146236 3413871  3418052
          524288      64   52635   68759  5576708  5759759 5380573   26495 5319529  7472533  5412676    75500    76851 5003650  5508564
          524288     128   75231   71862  5104394  5325365 4785918   44999 4862311  7582974  5383985    74990    77342 5052254  5336038
          524288     256   72127   69028  4739112  4922898 4698257   53095 4665898  6732422  4865689    74828    76581 4903238  4816485
          524288     512   77733   71797  5040257  4873831 4846537   60426 4963724  5878989  4380307    75967    73440 4530931  4763700
          524288    1024   77869   73563  4935638  4761709 4952188   60957 5015050  5759819  4982258    78103    71841 4168655  4240063
          524288    2048   74160   68480  4233965  4293501 4270770   60817 4081169  3253518  4012429    79050    74987 4190181  3807741
          524288    4096   75021   67371  3371345  3506544 3769279   73509 3727532  2607319  3688690    78074    77347 3741866  3782609
          524288    8192   74437   72292  3755426  3680325 3742535   73560 3346721  2393224  3328666    77979    71443 3665528  3494047
          524288   16384   72230   68695  3543229  3423495 3644708   77362 3354927  2439150  3524274    78535    75730 3644986  3506756

iozone test complete.
