	Iozone: Performance Test of File I/O
	        Version $Revision: 3.420 $
		Compiled for 64 bit mode.
		Build: linux-AMD64 

	Contributors:William Norcott, Don Capps, Isom Crawford, Kirby Collins
	             Al Slater, Scott Rhine, Mike Wisner, Ken Goss
	             Steve Landherr, Brad Smith, Mark Kelly, Dr. Alain CYR,
	             Randy Dunlap, Mark Montague, Dan Million, Gavin Brebner,
	             Jean-Marc Zucconi, Jeff Blomberg, Benny Halevy, Dave Boone,
	             Erik Habbinga, Kris Strecker, Walter Wong, Joshua Root,
	             Fabrice Bacchella, Zhenghua Xue, Qin Li, Darren Sawyer,
	             Vangel Bojaxhi, Ben England, Vikentsi Lapa.

	Run began: Sat Oct  5 22:58:57 2013

	Auto Mode
	Command line used: iozone -a
	Output is in Kbytes/sec
	Time Resolution = 0.000001 seconds.
	Processor cache size set to 1024 Kbytes.
	Processor cache line size set to 32 bytes.
	File stride size set to 17 * record size.
                                                            random  random    bkwd   record   stride                                   
              KB  reclen   write rewrite    read    reread    read   write    read  rewrite     read   fwrite frewrite   fread  freread
              64       4  365812 1780008  4897948 12902017 9318832 3738358 4018152  2203800  9318832  1734015  2358717 4274062 10402178
              64       8  380864 2006158  5283570 1290201710821524 2358717 4274062  4274062 10402178  3203069  1780008 4564786  9006179
              64      16  771797  811459  6421025 3438968815972885 3057153 4274062  3738358  9006179  3203069  3203069 5283570 10402178
              64      32  842003 1518251  5283570 1290201712902017 5389653 3363612  6421025  3363612  4274062  2278628 3791156  7100397
              64      64  852702 1780008 12902017 2096219115972885 5860307 5860307  5860307  3738358  4564786  3541098 5860307 20962191
             128       4  799146 1808829  4407601 1420079410567140 4407601 5325799  5325799  3468030  3867787  2211113 5122535  9795896
             128       8  889145 2098744  4267461 1636517314586625 5122535 5784891  4934216  5122535  4557257  2409592 4135958 14200794
             128      16 1085013 2211113  6114306  471743412842051 5122535 4717434  6727225  8036304  3657016  3124872 5603747 10567140
             128      32 1111981 3867787   727658 1863766414586625 5784891 6114306  6812590 10567140  4934216  3785961 1802755 14200794
             128      64 1152564 3867787  9129573 1801235914200794 5603747 5545860  6406138  7176872  3536566  2770150 4135958 12842051
             128     128 1076312 3759450 15881078 1863766415881078 6114306 6406138  6114306  4759253  5784891  2969325 5545860 14200794
             256       4 1023775 2775920  1561112 1169580810245071 4422226 1911233  5428265  9192546   668662  3009318 5320671 11091721
             256       8 1137672 2350543  6554972 1516462412812277 5320671 5569035  7120034  9434868  4477549  1185399 6213578 14164395
             256      16 1137672 2747508  4929815 1495343514353744 5841722 6398720  7073132  4840911  5022044  3557725 6398720 14353744
             256      32 1208072 3017775  5810112 1516462414953435 6107548 4819184  7120034  8888172  5117791  4572895 5938650 15164624
             256      64 1163562 3717869  6073004 1516462414353744 5971678 3879045  6936061  8024634  5569035  5142301 5455847 13454450
             256     128 1153561 3236056  8271916 1607260814164395 6595234 5455847  7120034  6891544  5022044  4132864 5687020 13625180
             256     256 1293967 3823789 12812277 1281227712812277 5428265 5810112  5687020  6107548  5971678  3935921 5810112 13454450
             512       4  805264 3086326  5807059 11877300 9638369 2065273 2339802  5509113  5495016  3628697  3393590 5551840 11374040
             512       8  960496 3533174  6246213 13783088 2638816 5019764 5886650  7115451  8528336  4494470  4030519 6156675 14146265
             512      16 1158418 3628697  6246213 1462806711943357 4237291 5951911  6652558  8265729  4701087  3628697 5019764 13522711
             512      32  992456 4030519  6632013 1343809213872122 6086873 5227492  1347393  7309196  4927617  4494470 2350044  9468384
             512      64 1426135 4091959  6931711 1462806713783088 6174377 6338392  7540170  8955098  4927617  4375425 6086873 15037801
             512     128  767559 3684733  7115451  946838412499490 5019764 5822804  7115451  8528336  5684095  5227492 4068701 12797441
             512     256 1427083 3182373  2424328 1249949011620224 5822804 4447925  6086873  7871843  4620174  4827914 6086873 13190469
             512     512 1402845 1741948 12797441 1343809213522711 5886650 5807059  6246213  5951911  6174377  4296637 5886650 13522711
            1024       4 1149368 1889720  5472650  8122014 9655828 3529706 5194651  5444898  6692005  3518141  2448941 5564829 11278631
            1024       8 1052480 3010197  6172653 1330511611903823 2653170 5601115  7420395 10662628  5065980  3835457 6280976 13643232
            1024      16 1159609 3926627  4488860 1249242610662628 3092561 6016997  7257394  7631350  5144870  4361233 6244448 13686709
            1024      32 1422266 4029784  3951918 1461839313818817 5472650 6529233  8061038  8840915  5444898  4609294 6479979 14422045
            1024      64 1288307 3092561  6819511 1508034114618393 6208343 6479979  8326715 14044758  3725664  4130547 2918161 14422045
            1024     128 1064479 4044965  6650556 1298335313863422 6244448 6128613  8183918 11398360  5479632  3249318 5917516 14044758
            1024     256 1525848 4211554  7020149  413054712173747 6059442 5751117  6787181 10454984  5390231  4854136 5821271 12944224
            1024     512 1512415 3358576  8122014 1330511613102174 6016997 3821805  5660167  8326715  2900425  5720477 5277632 11018226
            1024    1024 1278338 4014717 12037272 1279003712639479 5782087 3738636  5114239  5853003  5782087  3852659 5472650 11645609
            2048       4 1147343 2628655  4864597  9752360 9431138 2602375 4376355  5389574  4686767  3567536  2816551 3757946  7183386
            2048       8 1216049 2955111  4531020  985303710037248 2864451 5804771  7368238  9796850  3671217  4136128 5868220  9708272
            2048      16 1306095 3675930  6543188 1211888412729493 5238385 6097316  7425563  8949659  4971585  3160613 4154130  6962145
            2048      32 1162246 3960675  6479029  8866519 7698414 5209791 6340344  8029434  9308497  5200329  3307884 6024617 11983630
            2048      64 1100454 3011047  6543188  890327913748169 4960102 4196751  7503399  5172149  4490751  2824887 4257067 12187663
            2048     128 1314690 3864455  4229816  7293167 6058611 4730646 4023754  7969835 13926483  2929912  3121562 5852228 11851361
            2048     256 1355348 3061485  5852228 1157976312488897 4196751 5306340  6945257 11564174  2868277  4186524 5836323 11015480
            2048     512 1285763 3136379  6759439  651836211202231 5430461 5549749  4432815 10192069  4785996  4312636 5507054 11001372
            2048    1024  959254 2060032  4405533  4709895 8866519 4572018 5659442  6024617  7733066  4751580  4897882 5738844  9853037
            2048    2048 1225591 3407614  5032754  4385291 4481379 2730599 4128177  3525079  4338776  3946119  2412357 5095447  5389574
            4096       4 1194805 2656212  4167033  4571782 4995882 2350249 5119446  5157871  6013663  3258820  2336505 4087714  6178018
            4096       8 1243853 2846325  4757904  6669706 7742845 3110150 3820460  7355007  4248440  3098371  2651293 6060333  5894001
            4096      16 1278377 2957556  5476867  4576653 4591331 2898672 5107271  7555557  6703539  3901141  3148338 4812550  7027089
            4096      32 1271282 3212508  5894001  5713661 8788530 4288742 6198078  8189447  7326777  4067390  2974454 3930595  7225093
            4096      64 1325627 2886496  4311344  6530269 9100443 4442909 5101205  7921350  5165626  3349029  2974969 5278308  6542703
            4096     128 1244935 3989004  5603704  4344048 7877762 4136930 4311344  7237268  5258919  3474326  3726809 4117102  5369035
            4096     256 1292515 2725317  5877869  5483860 7831080 4257917 5424983  6420447 10923071  3165742  2605455 4977067  5306022
            4096     512 1256499 2692851  4079948  5634950 5006072 3503374 5025108  4612286 11508442  3621537  2582737 4526013  6361016
            4096    1024 1094272 2189130  3792628  4796426 3778448 2803592 4571782  5818150 10065509  3950479  2458549 4307020  5980170
            4096    2048 1046480 1964579  5859825  5580043 5497899 2500779 5081590  3494822  4562069  2461367  2977031 4399673  3976080
            4096    4096 1124940 2077169  2650884  4581535 4136930 2288267 3605576  2286744  3340563  2419425  2609016 3650781  3586757
            8192       4 1188432 2376552  5480191  5780764 4932629 2667514 3998198  5323125  4427912  2311482  2401635 5136133  5298499
            8192       8 1347398 2880642  5136133  4989212 5595314 2993059 5524246  6345516  4838850  3158120  3111222 5357988  5323125
            8192      16 1264769 2887662  5688881  4824582 4625203 3005100 5152307  7563550  6258825  3493332  2361525 4541451  6059057
            8192      32 1348244 1720239  5945819  2029181 5175590 2852423 4324805  7236972  5241116  3039661  2714295 5204597  5350479
            8192      64 1422244 1999541  5822889  6112956 6108608 3339526 3441891  3644124  3427813  1764770  3139651 5850651  5221205
            8192     128 1458466 2907947  5312425  4442798 4486305 2983184 4875931  6655245  4468800  2999591  2860259 4729615  4798976
            8192     256 1404226 2845337  4646469  5022761 4832725 3955393 4784941  6054786  1353608  1136354  2966187 4836126  4790278
            8192     512 1136204 2581729  4313945  4275829 5241116 3390940 4536055  6633402  9276873  2917329  2843453 4423351  5158495
            8192    1024 1227448 3463751  3586684  3840447 4237859 2760970 4563770  6660405 10190307  2476412  3000639 4813093  5657967
            8192    2048 1276421 2259348  4116513  5218033 5354648 3317920 4700499  4083733  3240626  1965457  1794073 3629496  4362141
            8192    4096 1089927 2381329  3420306  3511540 3701837 2296036 4373801  2824752  2922540  2043300  2411581 3075025  3357474
            8192    8192 1041589 2541813  3268991  4268923 4327528 1865977 3657312  2607988  3742562  2486987  2488428 3843884  3974610
           16384       4 1171631 2388016  4283240  4890785 4100010 2084758 3919703  4131065  4518400  1165787  2639523 4896710  4905448
           16384       8 1146302 2748580  4482736  4471651 4562499 2665838 5568926  6933793  5105532  2553981  2598108 5901805  4813027
           16384      16 1228366 2852874  6147850  6131941 5864034 2917305 5483167  7656078  5166953  2810290  2885941 5616719  4709456
           16384      32 1033487 3213171  4662486  4584108 4538393 2708070 4513355  7896243  6328456  3432574  2917305 5052231  4638880
           16384      64 1526224 3124918  3962419  5137595 5568926 2741125 3977787  4165623  3252714  1844827  2388348 3722856  5350814
           16384     128 1346363 2779261  4441306  4177525 4314976 2521001 5447093  6450228  2974636  2879411  2994207 3428293  3291193
           16384     256 1102708 3232822  5879084  4544997 4975055 2856431 4419598  6635840  4342516  2562839  2773652 4323936  5834658
           16384     512 1168941 2579772  4373747  5398313 5075366 3167262 4214934  7262061  6032360  2817087  2374483 5210834  5268360
           16384    1024 1040907 1916016  6099827  4334572 4157306 2952653 3449979  7028827 12337858  3093130  3277380 4789212  5283753
           16384    2048 1375412 1884490  4488885  2812245 2819977 1990726 2783539  2316766  5207675  2409788  1658976 5207675  4404302
           16384    4096 1096217 1797301  2832647  2894084 2896646 2340916 4469034  2934120  3475454  2224593  1942610 4259875  3568025
           16384    8192 1109366 1283713  3618375  2811669 3117829 2352375 2818011  2501727  4235718  2293416  3057214 3383728  3938574
           16384   16384 1250222 2718462  3406878  4066528 4456861 2678515 3975715  2250234  3887990  2235157  2079144 4268872  3140484
           32768      64 1269482 3207532  4843867  4741431 5997299 2318048 5520123  7271977  5680045  2978621  3688071 5584042  5798425
           32768     128 1424757 2957660  5475916  4708779 4474535 2445019 5096975  7761051  5806018  1911800  3148023 5955718  5271554
           32768     256 1301556 3294886  1870304  4057381 5929765 3598838 4335503  6985175  5456783  3270580  2718236 5853496  5939503
           32768     512 1331930 3297890  5303900  4673712 4415027 2890117 4359846  5514807  5328990  2921261  2201707 5574756  6009362
           32768    1024 1237132 3534061  4008391  4635564 6083844 3706771 3474119  4493700  3944203  1343833  1507058 3788617  4630878
           32768    2048  946726 2325933  3175150  3773845 4323501 1880000 3023440  2631578  2802828  1588764  2039825 5093009  4447458
           32768    4096 1230717 2496402  2811256  2677827 2795190 2009670 2889570  2752919  4264475  1901484  2200367 2755457  2766384
           32768    8192 1147181 2296781  2176429  2378832 2567617 1669370 3974773  2296589  2751761  2054031  1709954 2798263  1521608
           32768   16384  812979 2217944  3386546  3724046 3791335 2095303 3426909  2347144  3475612  2179017  3116896 1364933  1044958
           65536      64  704068 3086233  4688524  4726008 4558445 2805826 5839420  7864483  5581752  3064147  2814647 5851976  6238603
           65536     128 1375649 3209885  5169228  4446725 4455807 2877434 5260538  6666323  4479844  2738896  3447834 5654434  4546682
           65536     256 1396320 3070925  4431955  3930881 4239600 2895469 4317512  5703239  4541049  1948966  3367866 4911269  4392508
           65536     512 1364931 3601470  4949116  5080283 5581752 3603264 4390403  5752893  4283401  3084779  3254502 5901478  5997012
           65536    1024 1407524 3384245  4507909  5538899 4481743 3234131 5123653  3791900  5238283  2795667  1803414 3765615  3782924
           65536    2048 1203863 2275257  2994286  2939908 3955088 2823001 4668854  3382329  5099699  2042186  1623223 4855230  4912323
           65536    4096 1151230 1565713  3559036  3477274 3455071 2235110 2153526  1570741  4076867  1952385  1885763 2676257  3949633
           65536    8192 1171833 2235055  3996142  2665048 2728484 1820192 2629232  1670220  2347521  1285342  2184608 3945551  3826048
           65536   16384 1165024 1556484  4071794  3968507 4005401 2279596 2876170  2148577  2769556  1903628  2015502 4244772  2721730
          131072      64 1085041 2906703  4777875  5275622 5504669 2994903 4877318  7799635  5952134  2781435  2959673 4156415  5613602
          131072     128 1140411 1195652  5562595  5872405 5410832 2754883 5511181  7573353  5479377  2830614  2653443 4489862  5176422
          131072     256 1301351 3054439  5332681  5601647 5511623 2979176 5399460  7141280  5330717  2688886  2798782 5564510  5171310
          131072     512 1278440 2411317  5371342  5882144 5755833 2941336 5611940  6147825  4926974  2623121  1405673 5399460  5444808
          131072    1024 1069966 1009736  4139079  4121361 5663801 2883105 5247523  6605434  5488786  2497371  2261701 5360814  5551754
          131072    2048 1177560 2438549  4854364  4822893 4711783 2250977 4528287  3561268  4666825  1827780  1791828 4508049  4757944
          131072    4096 1008090 1917631  3875591  4210726 4044707 2253884 4002333  2744048  4293095  1814598    94373 3031399  3695072
          131072    8192 1154006 1369453  3875455  4058322 3955225 2304043 3825244  2697343  3941557  1687310  1794301 2635886  2643427
          131072   16384 1123374 1569650  4078676  3982964 4080189 2275876 1110160  2584996  2252324  1829081  1996405 3956648  4034851
          262144      64  128291  124263  5347902  6117853 5611447   84452 5037142  7978066  5770417   137110   132035 5620225  4790653
          262144     128  120635  114349  5360495  5962004 5527772   88354 5248871  7410465  5508028   119136   117179 5206025  5794014
          262144     256  123404  100831  4222608  4737644 4886831   89329 4981165  6912176  5354491   124388    89780 5093354  5411493
          262144     512  114100   99526  4665811  5522192 5439577  107880 4673208  6629682  5178344   110148    88309 5201051  5303456
          262144    1024  120304  113500  5023840  5850526 5682471  123396 1847071  6043537  5507918   126126   122738 4445078  5109116
          262144    2048  127269   95496  3303098  2579240 4413355  122857 4262089  3175303  4726992   102822   104146 4459140  5007731
          262144    4096  122977  115689  3959467  4118070 4123645  130567 3750809  2705672  4117746   129407   113998 2508863  2970033
          262144    8192   86667  136352  3685891  3850021 4024068   98390 2962279  2467542  3790232    84871    88599 1998444  3839696
          262144   16384   90026  133462  3921731  4067582 4093128  100130 2475692  2350776  3840943   100795   127223 3823526  3994392
          524288      64   18805   79387  5883142  6163167 5743797   14712 1123039  8161918  5805867    71340    71202 5168094  6028936
          524288     128   85386   81797  5456270  5217201 4966403   26003 5106480  7503001  5419225    82699    76209 4127855  5826650
          524288     256   76555   55024  5180867  5552194 5378257   53657 4854508  5829708  4983963    45294    41315 5428148  5481718
          524288     512   78583   49619  5334524  5554592 5484001   32706 1397326  6858919  5372896    85192    81547 4342001  5023309
          524288    1024   50343   42314  5145324  5421176 5369327   48394 5282281   310898  5228191    58639    69880 4852590  3291552
          524288    2048   53209   36732  4663158  4692122 4727396   65830 3748148  3177734  3906181    69336    77782 1992407  4442787
          524288    4096   82008   76556  3873519  3966615 3843782   83772 3155984  2032282  3178161    41945    84381 4026543  4088081
          524288    8192   37183   74976  3609483  3688220 3695292   59696 3747350  2615764  3953159    83135    89780 3790838  4075527
          524288   16384   59804   69509  3840177  3896201 3929459   50532 2794575  2059392  3944175    42773    85149 3945010  3516210

iozone test complete.
