	Iozone: Performance Test of File I/O
	        Version $Revision: 3.420 $
		Compiled for 64 bit mode.
		Build: linux-AMD64 

	Contributors:William Norcott, Don Capps, Isom Crawford, Kirby Collins
	             Al Slater, Scott Rhine, Mike Wisner, Ken Goss
	             Steve Landherr, Brad Smith, Mark Kelly, Dr. Alain CYR,
	             Randy Dunlap, Mark Montague, Dan Million, Gavin Brebner,
	             Jean-Marc Zucconi, Jeff Blomberg, Benny Halevy, Dave Boone,
	             Erik Habbinga, Kris Strecker, Walter Wong, Joshua Root,
	             Fabrice Bacchella, Zhenghua Xue, Qin Li, Darren Sawyer,
	             Vangel Bojaxhi, Ben England, Vikentsi Lapa.

	Run began: Sat Oct  5 22:58:57 2013

	Auto Mode
	Command line used: iozone -a
	Output is in Kbytes/sec
	Time Resolution = 0.000001 seconds.
	Processor cache size set to 1024 Kbytes.
	Processor cache line size set to 32 bytes.
	File stride size set to 17 * record size.
                                                            random  random    bkwd   record   stride                                   
              KB  reclen   write rewrite    read    reread    read   write    read  rewrite     read   fwrite frewrite   fread  freread
              64       4  528618 1421755  4988978 1597288510821524 4564786 4564786  4018152  3791156  3738358  1336792 4564786 12902017
              64       8  679917 1690338  6421025 1597288512902017 5283570 3203069  6421025 12902017  4988978  1599680 5860307 15972885
              64      16  673098 1679761  6271021 1290201710821524 5283570 3057153  5860307  7940539  4274062  1734015 4018152 12902017
              64      32  969761 3022727  7100397 1290201710402178 5283570 5389653  5860307  5389653  4988978  6421025 5735102 12902017
              64      64  239716 1991276 12902017 2096219115972885 5860307 5389653  5860307  6421025  5735102  2067979 3738358 10821524
             128       4  748976 1885042  4934216 1147020410779307 4717434 3359523  5847904  3053774  4267461  1878447 3867787 10779307
             128       8  889145 2166499  6406138 1284205112542043 5122535 5122535  5325799 14200794  4934216  2660335 4012317 14200794
             128      16 1017175 1997245  6114306 1588107814200794 5847904 5122535  6812590  9795896  3867787  2066432 5847904 10779307
             128      32 1032829 2608629  6114306 1420079414200794 5847904 5784891  6330599  1040839  5122535  3199360 3277486 14200794
             128      64 1196221 2336194  7082197 1172061414200794  753179 5847904  6812590  7582312  3759450  5545860 4934216 11720614
             128     128  739689 1858934  1254941 1863766414200794 5545860 5122535  5603747  3657016  5784891  4759253 4717434 14200794
             256       4  933846 1153561  5810112 12812277 9868433 4350555 5022044  5810112  4070199  4264168  2812272 5455847 11695808
             256       8  760006 2486631  4404088 1516462412812277 4264168 1817419  6249745 11091721  4652146  3499745 6437081 14953435
             256      16 1126926 2509882  5687020 1416439513625180 5938650 4132864  7314033  5022044  5217259  4496299 5569035 12812277
             256      32 1213534 2903529  6398720 1607260814164395 6554972 6107548  7791708  8534922  4929815  3557725 5320671 14953435
             256      64  303676 1740810  1354356  2975955 2097948  616807 5687020  3511189 11569783  1763685  4929815 1868008 14953435
             256     128  479390 1312954  7965107  6719046 3654598 4840911 5938650  7314033  8815202  3935921  7571923 6398720 14953435
             256     256 1286217 3879045 12228612 1169580813454450 5687020 5841722  5810112  5971678  6107548  3454704 5569035 12812277
             512       4 1060063 2922519  5807059  2826358 9859630 1992458 5067142  5684095  7211022  4030519  3409755 4701087 11683444
             512       8 1096322 3372274  6571132 1462806712797441 5384786 5886650  1630828  8394979  4411377  4099771 1869318 13438092
             512      16 1032540 1801873  6395018 1424006913438092 5744919 6018636  7309196  7647578  5019764  4228947 2725905 13438092
             512      32  990168 3580298  6319739 1462806713783088 5624545 6018636  7435738 13872122  4838792  4296637 2584820 13109944
             512      64 1261144 3822466  2124526 1310994413438092 5384786 5177083  7410080 12146009  4784885  3459188 6156675 15037801
             512     128 1227971 3556580  6999490 1424006913872122 5278892 3634839  7211022  8109658  5509113  5331314 4375425 12146009
             512     256 1103080 3064306  7988981 1319046912797441 5886650 5684095  6156675  8265729  4532414  3762197 2736325 12797441
             512     512 1221684 4163357 12797441 1343809213190469 3064306 5886650  5951911  6035551  5951911  4610256 6156675 13109944
            1024       4  994941 2918161  6025439 10454984 9743447 3937426 5065980  6025439  7160597  3735385  2281152 5390231 11249091
            1024       8 1331440 2478620  6519323 1461839312828238 5169641 3849207  7369466 12492426  4694950  2744728 3189002 13472053
            1024      16 1202127 1343938  6609617 1399898113305116 5564829 4356809  7472033 10039528  2760606  2751762 3130886 12313351
            1024      32 1144163 3984917  6609617 1466831813818817 5507740 5690162  8061038  8988941  5390231  4512441 3832035 10454984
            1024      64 1033237 4099011  6650556 1502757714422045 5885083 5950309  8542002 10878686  5623115  4589593 4199201 14044758
            1024     128 1197769 4211554  4810640 1249242611018226 5065980 5983467  8000971  9923546  5564829  4654248 6137371 14230902
            1024     256 1361836 3436508  6874084 1314226512790037 6199382 3251778  4146499 10134284  3414650  2877110 5821271 12944224
            1024     512 1480101 2776668  8183918 1330511613102174 5925680 5917516  6559147  8326715  4876180  3271594 3229770  5169641
            1024    1024 1119120 4162573 11132462 1347205313142265 5356618 5917516  3659010  5950309  5751117  2547723 5417427 13102174
            2048       4  940352 2901215  4038890  4686767 9062970 3777778 5376082  4699588  8357547  4096676  3195891 4462754  8325147
            2048       8 1251665 3061485  5159722  6378005 8498106 3425279 4663865  7393606  4945823  3637020  3657149 5080379 12805399
            2048      16 1257160 3723735  5986827 1263586712561952 3271351 5640860  6092991  6024617  3536690  3391470 2126850  6543188
            2048      32 1258081 3447273  5626082 1083485411564174 4633675 5735012  6895083  5447681  4180412  3892474 5332694 11770166
            2048      64 1437211 3946119  4720248 13118295 7789164 5492967 5852228  8261095  7670915  3470953  3523633 6075753 11187641
            2048     128 1413560 3454204  6243566 12416686 6261772 5769681 4213218  7311791 11072275  3991965  3155969 4321315  8292998
            2048     256 1311279 3899542  4204968  5403134 8325147 3606479 4376355  6225466  7556202  3108009  4122233 3459769  7874853
            2048     512 1279252 2560486  6058611  728698010889797 5238385 5640860  5582208  8029434  3812993  4170264 3476572 11015480
            2048    1024 1294482 2880782  7969835 12345306 9808036 5345969 3400869  5659442  7903836  4014352  4330028 5564129 10452512
            2048    2048 1192085 2247611  3470953  3567536 3887189 1794877 4180412  3065856  3999400  2549845  2601586 4330028  3618634
            4096       4  954978 2772822  5171846  5611025 5594580 2542602 1129006  3734100  2622157  1659120  2560030 5347310  4481152
            4096       8  408375 3122019  3764373  6114255 6302675 2921843 4887857  5944991  4162994  2950952  3119185 5664678  7050159
            4096      16 1235179 3789282  5961494  5587302 6703539 2678994 5777065  7486415  6836927  4028288  3150647 6058196  7515892
            4096      32 1313163 3519162  5299475  7326777 9914481 4763181 6149271  8112108  7123239  4140919  2505520 4344048  5411313
            4096      64 1327675 4055868  4893426  5512011 5792648 4751325 5769304  8077780  4602401  2577699  3864287 4994430  4344048
            4096     128 1499141 4120064  5664678  5920406 5859825 3857345 5133213  8497289  6272759  3995498  3506950 5843879  6930704
            4096     256 1338537 3904688  5833956  6131713 8081580 3904688 5204750  6680080 12264277  2491711  2719708 5611025  6669706
            4096     512 1266970 3625358  5504946  5355645 5843879 2488463 5424983  6930704 11439475  3965067  2519114 2741845  4023571
            4096    1024 1137151 3743865  4791076  5689064 6793669 4000150 4413235  5250883  8480511  3000428  2349928 4413235  5926533
            4096    2048 1090798 2550529  4083827  3942321 4257917 2607432 4708354  3842678  4386193  2077169  2474841 4686519  2822940
            4096    4096 1112483 2756362  3717133  3785942 3322474 2129963 3027393  2372973  4205798  2011740  2668176 4087714  3845258
            8192       4  993808 2727005  5443725  4282758 3824630 2104240 4051471  6006101  3994479  2544825  2429485 5110162  4248864
            8192       8 1186749 3180042  4887722  5389081 4694719 2580178 4053382  6802823  3514413  2717945  2941555 5741161  5954062
            8192      16 1288435 3568061  5110922  4558925 4133350 2581729 4887722  6307078  4578974  2412258  2995407 3455043  4246763
            8192      32 1247865 3107564  5531360  4765695 6112956 3270236 4931921  7179509  4025365  2787173  2963884 3104195  5868638
            8192      64 1270286 2832436  5880691  2801719 5769116 3487304 5641246  8428103  6248582  3624519  3008258 5649594  6429825
            8192     128 1320218 3742562  5817959  4135340 4594281 3056697 4627695  8534872  4932629  3123099  3164228 6077276  6168929
            8192     256 1360576 2938285  4862131  5657036 5285458 3713439 4884942  5847664  5022761  2489330  2953185 5174810  5708730
            8192     512 1241597 2842512  4745947  5472336 6112956 4242044 5336352  6334986  8191020  2477304  2832436 5805180  5826839
            8192    1024 1484811 2878470  5210911  5159270 5288712 3581823 4584473  3673735  4334079  1358317  2607196 5577150  5688881
            8192    2048 1337693 2321320  4612165  4500997 4027724 2723331 3272728  3589681  2706171  1726810  2304969 4268923  4037189
            8192    4096 1036686 2611357  3528126  1050955 3608910 2158572 3723903  2818033  3864202  2378526  3129357 3936361  4399563
            8192    8192 1158500 2205685  3787530  3780445 4343393 2323361 3061326  2461509  4081792  2720743  2719666 2799664  2973631
           16384       4  585375 2692473  5047407  4898106 3903893 2351328 4035484  5516621  4340322  2529165  2132833 4207450  4167897
           16384       8 1142681 2909154  5720518  5738671 5085131 2477198 5706741  7645006  5688789  3031856  2432995 5107050  4964991
           16384      16 1387436 3291350  5430735  5700587 5337101 2786473 5730536  7380615  4757053  2798730  2565614 3318049  3752741
           16384      32 1278387 3725277  3584402  3790832 3881621 2079710 4820455  8307675  6291951  3360068  2779823 5331717  1850441
           16384      64 1268687 3444964  5375510  5630064 5990292 3290090 5364599  7477794  3253484  1922341  3422658 3603197  3845133
           16384     128 1112131 3165365  5605266  5891180 5206492 2075188 3096475  3064713  5603438  2379664  3004024 4558564  4687931
           16384     256 1299197 3495607  5588400  5555420 5966886 3901898 5310703  7016626  5199401  2919908  3655523 4810332  5237842
           16384     512 1223968 3591333  4956039  4930791 6048288 3895484 5599328  7214790  6021260  2573685  2790660 4884875  5100984
           16384    1024 1106116 3398453  6106332  4641387 5237842 3024517 4750476  3819062  9899366  2361509  1889517 5034834  3599234
           16384    2048 1136351 2580159  4591765  5464853 5400434 3133896 3184434  2835101  2891162  1664522  1568729 4047368  2870391
           16384    4096  861418 2470430  3611339  3126197 3417722 2374812 2785344  3048805  2730668  2033974  1767621 3469838  4174479
           16384    8192 1039789 2410887  3349913  2920032 4350488 2738394 3166094  2398434  2812245  1917139  2778811 2776005  2823453
           16384   16384 1133595 2091101  4124866  4452241 4468162 2499089 4403173  2249277  3652220  2635373  2243402 4380718  2756408
           32768      64  959361 3426225  4919461  4854475 6341832 3349816 5228637  8443334  4841649  3085755  2883023 6502659  5994945
           32768     128 1261176 2818751  6172092  5216135 6120419 3412614 5475916  8167372  4983679  3207233  3619214 5083402  5298175
           32768     256 1274319 2923374  5744621  5739823 5212772 3633182 5378835  7587106  5767039  3306936  3118381 5066163  4928281
           32768     512 1322777 3360792  5119950  5186413 5386002 3673973 5416141  6230853  5862984  2833103  2899323 5422552  5300423
           32768    1024 1154737 2037678  6055698  6162959 6104381 3769912 4039018  4043534  5337682  2820486  1886373 5922355  6008048
           32768    2048 1148417 2258770  3216616  2864576 3089570 2260330 3042515  2874882  2680595  1589205  2041127 3384795  4585455
           32768    4096 1145775 1854956  3918675  2806892 2781444 1795301 4329767  2316251  1884951  1788945  2028625 3173610  3010394
           32768    8192 1147813 1778251  3901876  3952256 3740262 1690561 3332434  2228987  3753541  2154222  1619199 3668579  3394576
           32768   16384 1143972 2504454  4350599  3056453 4416162 2696530 4154643  2942274  1177905  1714519  2446847 2733156  2774369
           65536      64 1079744 3428482  6217296  5643869 5985521 3554939 5475022  8460435  5582319  3227258  2855583 5706198  5584701
           65536     128 1091123 2731901  4394263  5823831 5490222 2896231 4031247  4454941  5119169  2460995  2837542 5744718  4916452
           65536     256 1352121 2822885  4977615  4426959 4361839 2779526 4787161  7327379  4785745  3120605  2541146 5222459  5085829
           65536     512 1389593 3471390  4660463  3625792 4743870 3018287 4293236  6727836  4545780  2428511  3252731 5486934  4479844
           65536    1024 1263563 3129701  4077653  4146233 4313311 2491307 4047929  6070383  5119931  1497590  2623536 4117601  3500656
           65536    2048 1214931 1866542  2417575  2605704 3419738 2366254 1482182  2277594  2700499  1357108  2021357 2759989  3130734
           65536    4096  841001 2214564  4082983  2930161 3034615 2255190 2647593  2189131  3880877  1488467  1934073 1820301  3831862
           65536    8192 1036270 2196917  2266365  2596008 2379837 2427718 2646751  2187076  2707335  1649741  1713501 2730788  3737658
           65536   16384 1160317 2147520  2777531  2131864 2393410 1709292 4150741  2048639  3938936  1952621  1889678 2686878  2724860
          131072      64 1177878 2062279  2332905  4408916 5900452 2841911 2260399  8020971  5072867  2807945  2608236 5143923  6189354
          131072     128 1293440 1856180  5452693  6148375 5606160 3121345 2206899  7971772  5558152  2842410  2923240 5930559  6154157
          131072     256  955794  850779  5261384  5073616 5590369 2733175 5303768  6904675  5216998  2688939  2592554 5157483  4882170
          131072     512 1085275  761984  5471633  5503733 5587301 3146319 2242584  6969626  4712954  2056193  2219865 5209582  4860802
          131072    1024 1310403 2916015  5517431  5252537 5385285 3047345 2933238  6313386  5441144  2492626  2432162 4687837  5011547
          131072    2048 1132322 1134390  3577094  4087956 4029262 2161050  777825  3215551  4867128  1812988  1851610 4177862  4751036
          131072    4096 1004592 2294073  3942037  4150860 3890980 2355041 3086941  2836324  4113220  1788185  1795503 3244683  2733107
          131072    8192 1116133 2244544  4166590  4114913 4165485 2421652 3195942  2681725  3013222  1807587  1845221 3079488  3116833
          131072   16384 1130194 2280029  3784586  3968015 3997561 2266307 4000615  2428295  4091790  1889053  1743326 4052459  4150860
          262144      64  116036  170639  5398129  5824646 5769146   78158 2492405  8384846  5688027   129250   120409 5508856  5399349
          262144     128  111870   65254  5525800  5883585 5741610   74257  453108  7519889  5738194   118416    88441 5178563  5632172
          262144     256   93560  109409  4930682  4220631 4138094   68699 4971548  4451719  4972942   106948   102968 2901684  5308398
          262144     512  113787   88681  5032140  4967774 5030091   72082 5021339  7016899  5454635    96594   117896 1186742  5370471
          262144    1024  118669   98703  4929577  5563322 5736578  121291 5104444  5313657  5577630    94246    88700 1283528  3857491
          262144    2048   78753   69182  2886442  4187805 3670363   73476 3052979  2384924  3660928    87278    88994 4234888  4732852
          262144    4096  119438   67805  3525151  2897158 3781980  113973 3778107  2723688  3926843   111641   123905 2610811  3727767
          262144    8192   89872   77806  3879417  4076752 3993362   82504 3793802  2654300  4046996   104547    59005 3430123  3953843
          262144   16384  114498  100178  3856530  4010272 3874196  126293 3085492  2759210  3878377   115800   135577 1923356  3986007
          524288      64   29748   73240  5470631  5424880 3842096   16093 3544183  8298989  4164124    71002    61610 5537179  5506136
          524288     128   75579   52328  4448323  5770278 5278135   38179 5177232  8096854  5615227    75664    73892 4241576  4901719
          524288     256   68676   50706  4934796  5591099 5262195   22747 4517036  5563220  4175668    39299    66924 4072553  5655752
          524288     512   77529   75815  3583258  5499196 5467938   32375 5348511  7101301  5597789    65272    66597 5596108  5729102
          524288    1024   74804   35812  5136203  5686729 5766223   56019 5597176  5894717  5334796    40434    66540 4829559  5058007
          524288    2048   76632   42007  4477989  3180183 4659966   37477 4758762  2645085  4669892    68071    76873 2654825  2791780
          524288    4096   55545   68365  3141422  3909591 3960927   34782 3529302  2727654  3949112    39649    40751 2535952  2764516
          524288    8192   42568   75752  3897271  4005442 3996888   72369 2871804  2786823  4077113    71210    41131 3488764  3487375
          524288   16384   67187   37632  3423431  3883925 3966915   73973 3965513  2714944  3775524    40170    71618 2362615  4012890

iozone test complete.
