	Iozone: Performance Test of File I/O
	        Version $Revision: 3.420 $
		Compiled for 64 bit mode.
		Build: linux-AMD64 

	Contributors:William Norcott, Don Capps, Isom Crawford, Kirby Collins
	             Al Slater, Scott Rhine, Mike Wisner, Ken Goss
	             Steve Landherr, Brad Smith, Mark Kelly, Dr. Alain CYR,
	             Randy Dunlap, Mark Montague, Dan Million, Gavin Brebner,
	             Jean-Marc Zucconi, Jeff Blomberg, Benny Halevy, Dave Boone,
	             Erik Habbinga, Kris Strecker, Walter Wong, Joshua Root,
	             Fabrice Bacchella, Zhenghua Xue, Qin Li, Darren Sawyer,
	             Vangel Bojaxhi, Ben England, Vikentsi Lapa.

	Run began: Thu Oct  3 15:47:08 2013

	Auto Mode
	Command line used: iozone -a
	Output is in Kbytes/sec
	Time Resolution = 0.000001 seconds.
	Processor cache size set to 1024 Kbytes.
	Processor cache line size set to 32 bytes.
	File stride size set to 17 * record size.
                                                            random  random    bkwd   record   stride                                   
              KB  reclen   write rewrite    read    reread    read   write    read  rewrite     read   fwrite frewrite   fread  freread
              64       4  561808 2561267  3057153 2096219110821524 4274062 2801873  4897948  4564786  3541098  2561267 4274062 12902017
              64       8  668072 1452528  4988978 2096219115972885 5283570 5860307  5860307  5389653  2801873  3022727 3588436  4897948
              64      16  727850 1526887  6421025 1597288515972885 5283570 5860307  6271021  3958892  4274062  3541098 3791156  6421025
              64      32  720041 1599680  7100397 2273779115972885 5735102 3057153  5735102  4018152  4207076  5860307 5860307 20962191
              64      64  780776 1679761 10821524 1290201712902017 6421025 4897948  4564786  3738358  4988978  4564786 3363612 12902017
             128       4  814915 1997245  3982553 11470204 9795896 4407601 3036502  5325799  3445772  3867787  2066432 5603747 11720614
             128       8  876086 1967960  4934216 1420079412842051 5325799 6045455  7082197  6406138  4267461  2098744 6114306 12842051
             128      16  901083 2326073  4717434 1077930712542043 5847904 5325799  4934216  1997245  2511022  2453642 3759450 11720614
             128      32  913347 2286447  6045455 1588107814200794 6114306 3468030  6812590  4557257  5325799  2464907 4596273 12842051
             128      64  969421 2098744  7476717 1588107815881078 6406138 4012317  6727225  9129573  4557257  3199360 4012317 16365173
             128     128 1196221 2202044 12842051 1636517314200794 6406138 3895854  6406138  5784891  4934216  4135958 5847904 15881078
             256       4  996229 2371308  4929815 1281227710245071 4572895 5455847  5687020  4009406  4197489  3465855 4672389 12090911
             256       8 1093639 2849590  5687020 1516462413454450 5569035 4734192  7314033  4422226  5117791  3207059 5938650 15164624
             256      16 1103757 2747508  5022044 1495343514164395 6107548 6398720  7314033  5455847  5217259  3756894 4819184 15164624
             256      32 1184092 2943325  5841722 1607260814164395 6554972 5320671  7735574  4907284  5687020  3935921 6107548 15164624
             256      64 1147398 3410808  6107548 1607260814353744 6761355 4652146  7571923  7314033  5810112  5455847 6107548 15835569
             256     128 1112909 3043436  8815202 1495343513454450 6398720 6249745  7120034  5022044  4734192  7120034 5938650 15164624
             256     256 1415041 3410808 13454450 1416439513454450 6213578 4840911  6398720  6073004  6107548  4819184 6107548 14164395
             512       4 1086890 2845081  6018636 1279744110235583 4485083 5566231  5760329  5744919  4228947  3634839 5951911 11620224
             512       8 1213400 3259661  6395018 1462806712499490 5344582 6104175  7309196  6472112  4871723  4131319 6551087 14146265
             512      16 1309596 3481620  6571132 1414626513190469 6104175 6246213  7410080  7309196  5278892  4610256 6018636 12797441
             512      32 1343179 3610395  6395018 1503780113783088 6571132 6571132  8140399  7730164  5566231  4610256 6174377 14628067
             512      64 1422357 4099771  7115451 1462806714240069 6472112 6472112  7900804 10044089  5624545  4742616 5744919 14146265
             512     128 1413929 3849877  7309196 1462806713872122 6632013 6246213  7647578 10694336  5886650  5384786 6104175 14240069
             512     256 1471074 4030519  8265729 1310994412797441 6338392 6086873  6843354  7309196  5019764  6652558 6086873 13109944
             512     512 1510391 4620174 11877300 1310994413109944 6338392 6086873  6319739  6086873  6319739  5067142 6086873 11620224
            1024       4 1208894 3121783  5917516 12037272 9855234 4130547 5089995  4374559  7208671  4146499  3518141 5917516 11645609
            1024       8 1350701 3722435  2331932  4762630 3671521 2048338 6128613  7306780  9320560  4949226  4300102 6059442 14044758
            1024      16 1416169 3984917  6479979 1423090213102174 5958564 6393168  7811791  8457895  5251818  4594502 6650556 14044758
            1024      32 1444266 4282950  6692005 1364323213818817 6364746 6244448  8183918  8895850  5536137  4629166 6519323 14618393
            1024      64 1464956 4379019  6519323 1502757714422045 6744549 6479979  8542002 10878686  5630486  4783849 6244448 14668318
            1024     128 1482144 4146499  6830356 1442204513818817 6650556 6199382  8061038 12173747  5593820  4741598 6244448 14230902
            1024     256 1510288 4415030  7066349 1294422412828238 3999762 6025439  7160597  9743447  5630486  5018624 6059442 12790037
            1024     512 1539522 4550690  8326715 1326402613305116 6290174 5983467  6733974  8262639  4995276  6830356 6093831 12983353
            1024    1024 1528563 4339202 12173747 1330511613472053 6093831 6025439  6208343  6128613  6102490  5042191 6093831 12790037
            2048       4 1243511 3272598  4643695 10389302 9664580 3894239 4968710  5549749  7903836  3826582  3592903 4472047 10568250
            2048       8 1418228 3215029  6378005 1241668612257227 4785996 5521212  7444871  9228493  4960102  4223576 6321679  7940367
            2048      16 1386635 4223576  6479029 1248889713138359 5578583 5970183  7556202  5970183  5222461  4531020 6440169 12187663
            2048      32 1514764 4412322  6440169 1303864614017386 5704543 5933071  7999524  6568203  4923146  3806235 6440169 12882215
            2048      64 1502575 4559883  6759439 1338401114514788 6563185 6563185  7726111 12635867  5535444  4500161 6543188 13301113
            2048     128 1537539 4347560  6483920 1256195214040298 6459541 6225466  8128206 11015480  5251194  4340969 6114678 12635867
            2048     256 1538916 3189957  6378005  766407112805399 6225466 4441984  7336772 12257227  5044577  4511980 5986827 11320334
            2048     512 1463909 4347560  6873016 1156417412561952 4656281 5970183  6873016 10302081  5144271  4864597 4717655 10834854
            2048    1024 1552545 4248644  8029434  886651911072275 5611381 5820505  6563185  8159088  4948672  5376082 5719737 10555264
            2048    2048 1302727 3690142  7262337  7643611 7477273 4338776 5349298  4038890  5444228  4356379  4096676 5376082  7088541
            4096       4 1260648 2940345  5728903  6735075 7185807 2907010 5312585  5603704  5918366  3555579  3321831 5642353  5468151
            4096       8 1304885 3643812  6225028  6005255 8260324 3657777 5928578  5867831  7085049  3740604  3650006 6169144  7396171
            4096      16 1442740 2730948  6041154  7015611 7582234 3548968 5549401  7222056  6410863  4032070  3577793 5936773  7004170
            4096      32 1453481 3757786  6140479  5875858 4501111 3942321 6041154  7859742  6703539  3765198  3666363 5445618  6758923
            4096      64 1460152 3586757  6461498  6989921 9327731 4899008 6349261  5859825  6490793  4530788  4184286 5257310  7728911
            4096     128 1485658 4227532  6225028  7421732 9100443 4063542 5499659  6872481  7329903  3831537  3954116 6058196  7274040
            4096     256 1486687 4145915  5953231  6216019 7906767 4399673 5411313  7342434 11252164  3831537  4055868 5800471  6225028
            4096     512 1522794 4117102  6195843  7138037 6975730 4648477 5535098  6905631 11633127  3949571  3886139 5794602  6724530
            4096    1024 1467010 3881749  5681538  7301864 6975730 3800178 5744227  5171846 10018551  3697135  3882626 5572803  6311938
            4096    2048 1409016 3279348  4858827  6300364 5044289 3640724 5265366  4284464  6122971  3021005  3640724 5223741  4917236
            4096    4096 1186962 2544108  4315676  4320017 4686519 2983234 4214051  3018351  4222337  2836457  2794017 4560858  4302706
            8192       4 1252779 2922540  5654243  5692651 4864885 2574379 5305863  5364680  4905166  2735254  2765637 5371390  5740202
            8192       8 1348720 3386595  5781736  6345516 5504775 3014856 5400092  6709830  5432536  3166561  3399327 5821902  6054786
            8192      16 1417258 3602478  6350207  6032463 5688881 3387931 5838720  7515572  5971654  3657312  3561773 6267959  6238371
            8192      32 1447834 3925120  6315193  6321001 6215800 4031505 5728718  8352299  5826839  3417585  3685162 5752696  6527546
            8192      64 1484875 3749096  6395120  6292063 6809564 4047652 4694719  5863631  6108608  3789200  3901055 6321001  5834754
            8192     128 1407101 3715045  6090202  5595314 6253130 3936812 5839713  8417779  6145757  3745826  3597951 5880691  5996667
            8192     256 1486803 3776706  5765244  5411147 6068689 4009863 5644954  7487730  5660764  3597951  3647605 5768148  5502130
            8192     512 1464684 3860729  4638941  6118398 5962328 4053382 5201445  7122952 12373836  3526677  1143959 5301769  5911041
            8192    1024  241195 3299441  6145757  5948908 6224809 4079854 5389927  5830794 10792033  3392279  3354524 5372229  5454094
            8192    2048 1384981 3063510  5343822  5830794 5374750 3339851 5084451  4160376  5978928  2843453  2689438 4847041  5421393
            8192    4096 1283429 2632364  4166935  4508675 4406334 2905979 4073566  3015121  4493932  2563240  3358786 4151830  4488649
            8192    8192 1261287 2594008  4481623  4318825 4390007 2819883 4368796  2844394  4201070  2926772  2749921 4213951  4476368
           16384       4 1176163 2749460  5663005  5708638 4716244 2483106 5237842  5518393  4861720  2690786  2704021 5501604  5387732
           16384       8 1309670 3230390  6079322  6163841 5498083 2761059 5548244  7698966  5503367  3177073  3348444 5110468  6301182
           16384      16 1444177 3570992  6458108  6529907 5756940 3403503 6180472  7571721  6143453  3608873  3571920 6227520  6345402
           16384      32 1502991 3696621  6198870  6375425 6225263 3649699 6028127  7670606  6241094  3378903  3560261 6113394  6134130
           16384      64 1446823 3631185  6375425  6291951 5979347 3598480 6189936  8266700  6203347  3365004  3584402 6124836  6129206
           16384     128 1408162 3676842  6068049  5981429 6079322 3655523 5781642  7080244  5887143  3466862  3554001 5910434  6028127
           16384     256 1401442 3696820  5742507  5868040 5769022 4119673 5548244  7437329  5830698  3550145  3473346 5659741  5702479
           16384     512 1432676 3640804  5686906  5988204 5864034 4033589 5811959  7142056  5628220  3287257  3491877 5805576  5801655
           16384    1024 1425691 3539539  5590219  5997088 5760801 3939251 5691145  6857679 11114610  2921025  3172087 5722900  5789435
           16384    2048 1320010 2945692  5354567  5160357 4699794 2353019 4710748  3503092  4936458  2151598  2420057 4297974  3635988
           16384    4096 1039726 2443202  2669670  3680978 3731954 2426551 3788116  2262682  3722856  1763991  2534669 4329929  4332113
           16384    8192 1169955 2661811  4356280  4241208 4198966 2505558 4292336  2907062  4299049  2458234  3250714 4294482  4342516
           16384   16384 1263903 2687209  4243303  4258027 4248025 2637800 4295556  2738831  4077628  2892744  2879894 4212867  4249075
           32768      64 1404605 3808037  6539167  6410158 6307488 3770739 5986328  8223079  6413747  3413376  3745766 6189603  3643295
           32768     128 1133051 3823610  6094095  6317346 5780136 3845973 6123692  7986083  6166277  3630015  3341671 6041324  6247564
           32768     256 1500215 3882477  5611859  5985025 5747744 3900437 5828672  7442083  5939503  3205886  3624750 5891384  5767039
           32768     512 1532791  958411  6043449  5954428 5993899 3901876 5473953  7322342  6029133  3344354  3654629 5967613  6011464
           32768    1024 1232815 3636450  5878784  6181530 5936168 3870995 5933093  7219264  5866989  3218197  3201257 5958041  6031250
           32768    2048 1378555 2918160  5360374  5346403 5390226 3081397 5062990  4159924  6466861  2236277  2401653 5124723  5390226
           32768    4096 1311080 2691883  4377203  4367327 4438267 2775770 4352804  3091864  4256682  2256767  2372058 4319018  4365524
           32768    8192 1308421 2697165  4407947  4349360 4425690 2790933 4364415  3040832  4281746  2562591  2616001 4349360  4367327
           32768   16384 1312294 2723677  4438267  4437693 4306567 2728381 4422699  2931167  4324181  2122419  3414394 4318339  4428114
           65536      64 1248753 3669843  6299077  6326477 6006972 3471565 5215325  8452890  6108831  3322638  3555353 6135146  6195994
           65536     128 1429921 3664461  6058608  6053005 5803788 3487997 5873985  7946789  5816684  3332467  3630390 3983229  6061414
           65536     256 1466267 3638222  5823338  5930380 5837312 3775338 5756387  7583507  5785830  3331094  2929006 5859835  5957242
           65536     512 1522179 3798975  5926672  6005922 6011833 3857783 5871978  7411144  5990477  3296419  3577844 5949119  5965386
           65536    1024 1421852 3683860  5832729  6058608 5968625 3880439 5898818  7228720  5863961  3015771  3219811 5687897  6060879
           65536    2048 1350586 3033778  5237385  5363073 5107279 3025929 5199245  4279200  5265577  2174377  2303147 5201311  5318247
           65536    4096 1290513 2627122  4330367  4394614 4379281 2718312 4322672  3036324  4386339  2132707  2207645 4320973  4399256
           65536    8192 1299285 2676778  4309862  4348246 4380747 2718554 4350793  3018685  4329821  2213155  2292181 4317783  4352791
           65536   16384 1302487 2640218  4349622  4354859 4343574 2751783 4329549  3032673  3366505  2378704  2626896 4315004  4364124
          131072      64 1177603 3017588  6125972  6223758 5906538 3010994 5999814  8564000  5873471  2784083  1520397 6091827  6176212
          131072     128 1344617 3135767  5948913  5900959 5772271 3100240 5884788  8382748  5902543  2832394  3046062 5915881  5905459
          131072     256 1349767 3120761  5574214  5748250 5674382 3097742 5705180  7201713  5605417  2858460  3017737 5659661  5798389
          131072     512 1364578 3094830  4946836  5869207 5726694 3011967 5818457  7059844  5896971  2867406  2983930 5885355  5977633
          131072    1024 1374366 3027826  5881577  5995691 4823443 3160718 5852712  7244705  5908379  2534361  2661253 5884221  6035979
          131072    2048 1262965 2539313  5257812  5333095 5330975 2505726 5238473  4085647  5303564  1907392  1949773 4953388  5157290
          131072    4096 1171563 2311230  4239626  4283428 4249950 2220322 4259995  2908640  4183458  1761604  1891152 4257784  4289879
          131072    8192 1172705 1726859  4090481  4239757 4229905 2255937 4124607  2971543  4184413  1891315  2036292 4214793  4264026
          131072   16384 1185301 2331669  4302940  4377810 4386158 2334322 4193382  3001279  4240182  2034393  2144084 4178783  4266938
          262144      64  179668  173748  6120850  6312146 5948070  127683 5943087  8065441  6190671   187279   178887 6080804  6310661
          262144     128  177230  175505  5957546  6255549 5935964  135782 5881351  7039856  5994606   189208   178011 5817650  6068286
          262144     256  174673  180033  5498195  5710211 5565321  156554 5495667  7400590  5660763   186479   188895 4329385  5206321
          262144     512  179321  163863  4338696  5078064 4877184  151516 5701624  7032697  5886515   180169   182290 5564842  5835683
          262144    1024  168067  164800  5655144  5899116 5819344  180324 5577036  6931349  5758631   176002   178517 5535258  5866884
          262144    2048  154609  169500  5004267  5306656 5271571  192126 4953585  3932504  5283019   187326   177362 4891657  5115606
          262144    4096  184786  172962  4072328  4245107 4095872  184975 4241128  2923037  4273419   182124   191929 4031002  4123645
          262144    8192  178434  179281  4062353  4225676 4207838  185445 4182930  2908093  4369438   208110   189791 3304766  3484939
          262144   16384  185760  170710  4058888  4028152 4222543  180972 3455488  2838315  4175464   226267   225190 4221587  4174734
          524288      64   67415   97413  6211442  6116352 5647226   26990 5658124  8138598  6147987    95718    97518 6186070  6261887
          524288     128   97250   92938  5822577  6046375 5816509   49507 5843992  7585197  5914663    99208    95660 5941751  6100419
          524288     256   96038   93977  5581690  5726983 5635619   60476 5556361  7369410  5609326    97612    94063 5637989  5735887
          524288     512   96598   92315  5746694  5809793 5431969   64373 5662713  7121447  5742972    99037    97560 5579665  5606094
          524288    1024   96806   92760  5639565  5779393 5705482   64651 5584596  6693649  5146938    92281    95541 5784866  5940804
          524288    2048   97426   88725  5136299  5350202 5298291   93235 4972377  3767329  5081687    98149    97016 5098642  5267855
          524288    4096   97007   92744  4234274  4094399 4062201   99235 4177064  2810397  4188074    98401    97047 4123149  3977024
          524288    8192   97114   93580  4165709  4162996 4167170   98234 4132874  2824203  4074696   100394    99370 4141818  4088431
          524288   16384   97996   93523  4189710  4148929 4143488   97951 4151263  2938637  4241191   103702   101385 4024317  4068695

iozone test complete.
