	Iozone: Performance Test of File I/O
	        Version $Revision: 3.420 $
		Compiled for 64 bit mode.
		Build: linux-AMD64 

	Contributors:William Norcott, Don Capps, Isom Crawford, Kirby Collins
	             Al Slater, Scott Rhine, Mike Wisner, Ken Goss
	             Steve Landherr, Brad Smith, Mark Kelly, Dr. Alain CYR,
	             Randy Dunlap, Mark Montague, Dan Million, Gavin Brebner,
	             Jean-Marc Zucconi, Jeff Blomberg, Benny Halevy, Dave Boone,
	             Erik Habbinga, Kris Strecker, Walter Wong, Joshua Root,
	             Fabrice Bacchella, Zhenghua Xue, Qin Li, Darren Sawyer,
	             Vangel Bojaxhi, Ben England, Vikentsi Lapa.

	Run began: Thu Oct  3 20:53:25 2013

	Auto Mode
	Command line used: iozone -a
	Output is in Kbytes/sec
	Time Resolution = 0.000001 seconds.
	Processor cache size set to 1024 Kbytes.
	Processor cache line size set to 32 bytes.
	File stride size set to 17 * record size.
                                                            random  random    bkwd   record   stride                                   
              KB  reclen   write rewrite    read    reread    read   write    read  rewrite     read   fwrite frewrite   fread  freread
              64       4  484710 1330167  3203069 12902017 9006179 4274062 3203069  3203069  7100397  2067979  2203800 4274062 12902017
              64       8  592827 1734015  6421025 2096219115972885 4988978 3057153  4564786  5283570  2801873  3057153 3203069 15972885
              64      16  821391 2772930  5860307 12902017 9318832 4897948 2379626  5860307  4274062  3738358  3588436 3541098 10821524
              64      32  326641 1599680  7100397 2096219115972885 5860307 4274062  4564786  4018152  4274062  2298136 3958892 15972885
              64      64  695778 2203800 10821524 2096219115972885 5860307 3203069  4564786  3791156  4564786  2133730 3363612 22737791
             128       4  379734 3468030  3867787 12842051 9977956 4717434 4267461  5325799  3380677  4135958  1885042 4135958 11720614
             128       8 1105114 3199360  6727225 1588107812842051 5545860 5784891  6406138  1185654   246067  4012317 5847904 12842051
             128      16 1123617 2175277  4135958 1284205114200794 5784891 4444086  4759253  4717434  4934216  2286447 4012317 14200794
             128      32  921183 2464907  4407601 1636517314200794 6406138 4717434  5325799  8548124  4267461  4012317 4934216 15881078
             128      64  901083 3657016  6727225 1801235915881078 6406138 5122535  6045455  7082197  3053774  5545860 5784891 11470204
             128     128 1009524 3867787 10779307 1056714014200794 6114306 5545860  2511022  6406138  6114306  2660335 3657016 16365173
             256       4  898674 3087188  2842047 10651598 9868433 4652146 1817419  5687020  8271916  4197489  3557725 5242734 11091721
             256       8 1224606 3545976  5938650 1516462412090911 5455847 5540300  7120034  9192546  4350555  1842366 5841722  1881098
             256      16 1093639 3197509  5687020 1416439512812277 5569035 3935921  6936061  6073004  4572895  4422226 5938650  5971678
             256      32 1076103 4281170  5810112 1516462414164395 6398720 4652146  7120034  8815202  5117791  3756894 2613746 14164395
             256      64 1118707 3770085  6249745 1607260814164395 6719046 4197489  6719046  6936061  5428265  4734192 4840911 15164624
             256     128 1084800 3009318  7735574 1416439512228612 6398720 4652146  7314033  8815202  4404088  6073004 4132864 14164395
             256     256 1195962 3994490 12812277 1345445012812277 5810112 5810112  6107548  5022044  5428265  3823789 5971678 13454450
             512       4  934173 2625909  5624545 11138071 9304292 4030519 5115422  5331314  7871843  3970896  3556580 5566231 11683444
             512       8 1204552 3795443  6395018 1378308810856530 4784885 5624545  6821616  8808176  4571003  3905895 6156675  3325278
             512      16 1147892 3325278  6086873 1387212213190469 2736325 6174377  7211022  7647578  4827914  4195896 6319739 13109944
             512      32 1028091 3510074  6821616 1462806712797441 2548017 2584820  7211022  9145790  2304647  3877684 6246213 14146265
             512      64 1337324 3736016  6174377 1558341714240069 6736026 5344582  5744919 12797441  2668325  3905895 1861217  4091959
             512     128  205957 2152206  5439343   473242 8234036 4882800 4262523  6821616 10911694  4305250  3970896 4340054 13438092
             512     256  789862 3182373  8265729 1249949011683444 3099691 5495016  6571132  8394979  4660280  5453155 5951911 13438092
             512     512  746222 3201349  9997331 1343809213109944 5807059 5624545  5951911  5384786  5439343  3580298 2796910 13438092
            1024       4 1129123 3121783  3220084 11520658 9300377 4356809 5356618  5472650  6776473  3923040  3544270 4995276 10134284
            1024       8  732453  907105  5564829 1347205310230845 4146499 5200941  6863100  6364746  4339202  3894582 5983467 13305116
            1024      16 1170352 3751699  5390231 1442204510557785 5390231 5720477  7699755  8680108  5284125  4339202 5363307  7472033
            1024      32 1316341 3472628  6559147 13643232 4854136 5564829 3506651  7941793  8680108  4741598  2803859 3951918 13472053
            1024      64 1378002 1414304  6692005  6692005 5018624 2089189 3037876  4265934 11398360  2640123  4126579 3821805  7524394
            1024     128 1432225 3029305  3738636 1364323213998981 6650556 3567824  7537599  9677584  4783849  4304412 2960401 12348754
            1024     256 1190795 2611230  4451639 10134284 5444898 5089995 5630486  3121783  7699755  3544270  3140041 5821271  4920874
            1024     512 1512415 4195100  8183918 1314226513102174 5853003 5417427  3567824  8061038  4700088  4589593 5507740 12790037
            1024    1024 1460969 3324778  6599461  839179211018226 4694950 5623115  5885083  5564829  3366474  4451639 5682634 12639479
            2048       4 1166982 3024831  3298992  8987113 8498106 3525079 4886737  5389574  4775354  2332443  3346546 4213218  7782107
            2048       8 1284033 3413030  4293237 1050363710607402 3494960 5704543  5345969  7903836  3341339  2367804 5044577  5596757
            2048      16 1456709 4172290  6062888 1078046311502234 3828288 6110328  4923146  5644567  4356379  3463954 4347560  7470770
            2048      32 1378181 3413030  5535444 1338401113748169 5444228 5461535  7999524  4807425  3871422  3314266 5640860 13138359
            2048      64 1312882 3814687  4321315  891251614132698 6058611 6503556  8390200  9015410  5336007  2662880 6132138 13574363
            2048     128 1071223 4367454  6167360 1338401113660713 6167360 4374126  7817519  9887060  3638560  2941954 5172149 11517657
            2048     256 1391351 3799501  6225466 1211888412882215 6007763 5626082  6092991 11502234  3384788  2774700 5640860 12050878
            2048     512 1237420 3007884  5080379  690062211187641 4842658 4831762  6675393 10192069  5020987  4423683 5659442 12561952
            2048    1024 1176412 2681165  4240255  8678404 3738320 5131978 5689430  6058611  5816563  4783331  5044577 3309159  5319484
            2048    2048 1083519 1984365  6479029  7207495 7477273 3215029 5332694  3777778   848740  1279252  2195338 4983122  4971585
            4096       4 1015670 2894765  4218190  6389405 6500617 3167493 4556020  5468151  4526013  2862450  2750624 5360658  5728903
            4096       8 1207485 3189841  6216019  7612471 8847367 3330202 4763181  7111444  5231694  3210107  2294686 5468151  6032669
            4096      16 1180357 3056478  6321227  6178018 5069594 3207110 4394046  7568872  5883908  3817913  2780451 5095153  4551192
            4096      32 1235534 3549702  5689064  6552685 7301864 4204769 4546375  5859825  5744227  3482778  2934319 4917236  5625724
            4096      64 1343457 3893185  4824714  5759634 6585338 3817065 6066754  8356757  7138037  4047268  3143154 5145513  6389405
            4096     128 1299850 3341213  5563779  7085049 6585338 4789740 5211065  7816828  2151300  3820460  2792200 5426697  6234064
            4096     256 1250281 2934319  5944991  6234064 6790983 3005151 2374613  7274040 13207098  3615440  3091124 5069594  5526195
            4096     512 1306175 3916259  4819300  5179642 5679660 3589754 4491697  6263611  8497289  3647681  3650781 4082857  4452120
            4096    1024 1105255 3568133  4977067  4823359 5461198 3332786 4063542  4128976  8902382  3504089  2944881 4644707  4659824
            4096    2048 1026840 2959594  4285533  3802702 4104315 2592481 3063563  2957556  2730948  2751065  2386820 4922872  3765198
            4096    4096 1198723 1966378  3972402  3795980 3953206 2602298 3690781  2934319  3860813  3072329  2996241 3524939  4649735
            8192       4 1095626 2455002  5432536  5257958 4941141 2445392 5120061  5404339  5201445  2933018  2525930 4881472  4170981
            8192       8 1199594 2773226  5516264  6263389 5769116 3034024 3167728  6590145  4836126  2784463  3376942 5171695  5056765
            8192      16 1241777 2760083  6325656  6211306 6399884 3305789 5442863  7656244  6229323  3600968  2851476 5482815  6158977
            8192      32 1325310 2777036  6277120  6354905 6591409 3564729 5944791  8315913  6360787  3831454  3106721 5482815  5876668
            8192      64 1411668 3011685  4546258  5158495 5162371 3261235 5669170  8242105  6135880  3673343  3593060 4322629  4382728
            8192     128 1418780 2960564  5971654  3593060 6001904 3708630 5531360  8471741  4967573  3247058  2824752 5550123  6010303
            8192     256 1309900  736167  4158362  5736369 6150158 3750733 5728718  7400641  6114043  3531027  3778367 5483690  5309142
            8192     512  894323 2846515  5996667  6071906 6168929 4049083 4847041  5988306 11488455  3123099  3141086 4421075  5859631
            8192    1024 1144912 3706629  2973374  4813093 4110603 2959544 4914286  7099404 11284706  2892768  2858355 5584401  4607218
            8192    2048 1087202 1927527  3075025  5264403 4926264 3097200 4727012  2751903  3371310  2192735  2362174 4646469  4404075
            8192    4096  551318 1713462  4235769  4220680 4205183 2564005 3430209  2294043  3220277  2070761  2993059 4425630  4304757
            8192    8192  982835 2159793  4452008  4106182 4079854 2818033 3756063  2686914  3735645  2225976  2907947 3737270  3457825
           16384       4 1052417 1613254  2837560  5552278 3772519 1980399 4993492  5628220  2873391  1444420  1631059 4472816  4337856
           16384       8  979331 1787112  5730536  3983551 4662486 2733384 5186451  6878271  5007319  2716635  3225841 5081746  5209649
           16384      16 1375770 3176485  4644210  5675165 5278477 2942034 5953962  7323979  5986118  3071013  3218740 5082122  5131457
           16384      32 1294766 2890068  6427904  6234299 6284471 3437038 5675165  8176212  5868040  3485148  3270206 6113394  4583191
           16384      64 1353150 2869911  4630753  6415302 6362439 3807425 5910434  8692280  6387871  3248256  2850862 5391113  6503950
           16384     128 1305193 3105290  5229472  5086636 5895223 3857003 5748753  3017213  5551830  3352528  2794860 4471651  5086636
           16384     256 1159200 3766316  5401707  5019755 1331597 3385728 4302549  5693031  4775234  2814203  2791567 4384351  4744900
           16384     512 1352617 3564139  4575257  5400009 5527714 3410428 5204520  6495957  5309062  2325232  2260449 4659956  4177525
           16384    1024 1181258 3421125  4539592  5219542 5163459 3532625 3767348  5014993  7320858  1963368  1672543 5516621  5775325
           16384    2048 1152261 1852336  2742109  2944177 3115991 2411226 3218890  4211834  3126055  1759430  1467712 4065325  3457269
           16384    4096 1123348 2337571  2755413  3186945 2803068 1846513 3946037  3101226  2800669  1762498  1840676 3513659  4003743
           16384    8192 1308000 2546032  3057894  2749900 2904972 2718892 3887990  1658456  2285711  1840479  1913828 3439791  4397256
           16384   16384 1136670 2102104  4231545  4199993 4299049 2755855 4357385  2440685  4225041  2805585  2457443 4399790  3772519
           32768      64 1398787 3573387  6199096  5392129 5042742 3100093 4582855  8249733  4943170  2873860  2994977 5860984  1621855
           32768     128 1460891 3478163  4863235  5717616 5821265 3038815 5722615  3741891  5521010  2865830  3420427 4762791  5293686
           32768     256 1287233 3079394  4695748  5607280 4236346 3006508 4883453  3855467  4383066  3356688  3430844 5865987  5797691
           32768     512 1367431 3719008  4426973  4463781 4368438 2505961 5052753  6802626  3626758  2356400  3642039 5258042  5216135
           32768    1024  510842 1485139  3192482  5116710 4862375 2304213 2329086  3600818  4528495  1988215  1506299 5636022  4206910
           32768    2048 1033820 2630672  4742085  2802828 4449762 3050754 5182502  2898833  4915766  2248828  2282212 2904961  2939882
           32768    4096 1030023 2000980  4441996  4343587 4461317 2617894 2814652  3087557  4483146  1682984  1967212 3687675  4406110
           32768    8192 1129114 1933232  4368438  3018393 2804029 1973370 2754795  2777172  3080844  2019355  1965806 3601290  4418576
           32768   16384 1119886 2611031  4144120  4346472 4433542 2525856 3545639  2892123  4149876  2460779  3330496 3529432  3572644
           65536      64 1222778   56036  4753797  5407277 4721949 2496307 6162241  7972604  4725358  2205042  3428696 4649899  4745918
           65536     128 1258732 3628616  4649899  4729830 4603178 2406653 4598404  4007328  5525316  2751425  3409219 4649584  4693568
           65536     256 1237041 3328915  4495229  4614925 5825930 3767990 2921814  4392788  3921739  2379590  3169213 3616014  5709161
           65536     512 1058465 3281387  4353963  2592312 2226474 1304124 2219893  3581993  1610781  3103902  3294286 3962272  4296860
           65536    1024 1008867 3299387  5507713  5853970 3970227 1893114 5374082  6518358  3476131  1727218  1589369 5633689  3457287
           65536    2048 1114577 2583225  2715626  2705416 2819584 1781591 2690771  3038137  3119578  1795510  2238623 3051730  3837211
           65536    4096 1215296 2109985  4190543  2689218 4015934 2519162 4233593  2095955  4331186  1283433  1683817 3533688  3027763
           65536    8192 1253080 2625942  3042946  3316784 4065050 2493386 2737969  2031876  3169651  1014815  2114692 4223250  4222148
           65536   16384 1233826 2094614  4075658  4364748 4312702 2598266 4253903  2784396  3113959  1044345  2401292 4010544  2084748
          131072      64 1071365  625250  5967576  6136571 5991901 2830075 5854020  8031869  6081920  2744335  1739580 6011623  5905459
          131072     128 1329570 2209196  5635526  5752581 5528361 2985080 3153647  7602783  5738709  2708773  2810658 2759419  5917218
          131072     256 1310656 2840560  5457510  3373877 3076162 1952189 1911258  7058304  5485993  2769204  2662438 4502511  4781699
          131072     512 1386903  553950  4666152  5650645 5493119 2271100 4135560  6397805  5280893  2648994  2367802 4806784  5499383
          131072    1024 1257792  948745  5210767  5444538 5596116 3073428 5003702  4010889  4939946   248613  2380577 5386815  5720139
          131072    2048 1168219 2357961  3203130  4782780 4584553 2525617 4636284  3803490  5040264  1918581  1815173 3495422  4744722
          131072    4096 1147419 1669494  4049951  2703790 2808303 1966427 3936448  1949462  4046046  1786796  1415784 3376841  3374063
          131072    8192  967299 1173819  4044052  3115049 3438685 1482177 4000848  2867271  3830282  1503499  1774815 4123184  3986603
          131072   16384  949129 1506366  4002567  4185592 4045570 2358942 1305979  2841793  4025810  2007193  2018824 4117749  4034466
          262144      64  130103  100939  5720669  6086055 5765576   88595 5246141  4611797  5773842    80688   104050 4149103  4911454
          262144     128   74842  102962  5184081  3887125 4626292   78845 5063448  8065736  5758601   116796    86798 4361587  5308167
          262144     256  111218   69848  5010789  4196051 4788984   97988 4932606  7114562  5608699   122652    95828 5006090  4690432
          262144     512   80750   66578  5013005  4006472 4380248  115155 5010584  6021856  5410375    84867    90258 5172132  5454175
          262144    1024  111846   99035  4907771  5569944 5470103  106807 5000739  6808214  5542876    97421   110855 3503003  5363554
          262144    2048   74895   62857  1981763  2501591 3179085   72017 4173482  1875685  3215737   105868    73564 2621149  3071726
          262144    4096   80306   91026  2137768  3085276 3822409   68524 3928780  1927811  2711376    85084    96544 2640474  3311953
          262144    8192   77398   94503  3869628  4018391 3994697  121554 3697007  2769440  4016967   132940   104646  917212  3950093
          262144   16384  118820   83448  3922543  4017158 3868253  125175 2399026  2771367  4008985   137134   125389 2493592  3760006
          524288      64   24603   76329  3850499  4368412 4239793   12711  347975  8079155  5681675    76828    39245 4992370  5952608
          524288     128   68107   42938  5669941  5743167 5603951   19423 3756318  6531633  5398233    79586    73706 4187572  5064413
          524288     256   77075   39795  4986709  4710031 5062886   46080 4940661  6737269  4924882    70785    76150 2726162  5311614
          524288     512   67591   48058  5206282  4324811 5386253   31627 5484986  6955636  5576100    39439    73982 4290862  5566037
          524288    1024   69695   67895  5338655  5546019 5409214   38439 4865689  6576777  5510924    78880    78775 5326603  5537123
          524288    2048   53339   37131  3417514  3487513 4593741   61051 4416881  3219357  4866099    39410    66418 1083911  4794673
          524288    4096   76112   48094  3910696  3762977 3926604   53469 3455878  2216619  3273219    77454    46742 3953514  4062419
          524288    8192   72530   70172  2277968  2405055 2890295   42778 1934477  2710213  3650626    79914    41228 3800785  3881717
          524288   16384   75830   66664  3543949  3761162 3574951   63730 3347990  2779893  3805000    66783    53627 3855062  3972003

iozone test complete.
