	Iozone: Performance Test of File I/O
	        Version $Revision: 3.420 $
		Compiled for 64 bit mode.
		Build: linux-AMD64 

	Contributors:William Norcott, Don Capps, Isom Crawford, Kirby Collins
	             Al Slater, Scott Rhine, Mike Wisner, Ken Goss
	             Steve Landherr, Brad Smith, Mark Kelly, Dr. Alain CYR,
	             Randy Dunlap, Mark Montague, Dan Million, Gavin Brebner,
	             Jean-Marc Zucconi, Jeff Blomberg, Benny Halevy, Dave Boone,
	             Erik Habbinga, Kris Strecker, Walter Wong, Joshua Root,
	             Fabrice Bacchella, Zhenghua Xue, Qin Li, Darren Sawyer,
	             Vangel Bojaxhi, Ben England, Vikentsi Lapa.

	Run began: Sun Oct  6 15:38:43 2013

	Auto Mode
	Command line used: iozone -a
	Output is in Kbytes/sec
	Time Resolution = 0.000001 seconds.
	Processor cache size set to 1024 Kbytes.
	Processor cache line size set to 32 bytes.
	File stride size set to 17 * record size.
                                                            random  random    bkwd   record   stride                                   
              KB  reclen   write rewrite    read    reread    read   write    read  rewrite     read   fwrite frewrite   fread  freread
              64       4  481234 1599680  4897948 1597288510821524 4274062 2662899  4988978  4564786  3541098  2923952 2892445 12902017
              64       8  703068 2801873  5735102 1290201710821524 4897948 2561267  4988978  5389653  2561267  3791156 3588436  7100397
              64      16  693980 1780008  5860307 1231033612902017 5283570 4897948  6421025  7940539  3588436  4207076 3791156  1255511
              64      32  780776 2133730  6421025 1082152410402178 4897948 4018152  4274062  7100397  3791156  4564786 4897948 10402178
              64      64  789967 1638743 10402178 2096219115972885 5735102  852702  5283570  3791156  5283570  2278628 4988978 15972885
             128       4  859260 1885042  5784891 14200794 8548124 4557257 4717434  4759253  7476717  2905056  1939522 3982553 10779307
             128       8  848397 3124872  6045455 1284205112842051 4934216 5325799  6114306 14200794  3657016  3124872 4934216 11720614
             128      16  985435 3199360  6406138 1588107814200794 4135958 4717434  4934216  9129573  3759450  3445772 5122535 10567140
             128      32  592699 3895854  7082197 1801235916365173 6114306 5545860  6727225  7917784  4759253  4012317 5847904 15881078
             128      64  561107 3560017  6727225 1172061414200794 6114306 4104338  6406138  7082197  3277486  6406138 5325799 10779307
             128     128 1040839 4267461 16365173 1588107810567140 6114306 4557257  6406138  5784891   927549  4596273 5545860 14200794
             256       4  833776 3326279  5810112 11569783 2783115 4009406 4907284  5810112  7314033  3605511  2247235 4197489 12228612
             256       8 1036624 2943325  3087188 1495343511091721 3654598 5687020  7314033  5217259  4734192  3557725 1881098 14164395
             256      16  691930 3285566  5717301 1416439513454450 1224606 5938650  1274008  9114515  3245838  1254656 1683493 13454450
             256      32 1099237 3368013  6719046 1516462414353744 5971678 5117791  1707589  7965107  5455847  1439707 1683493 14953435
             256      64 1126926 3557725  1718521 1495343514164395 6249745 4734192  6595234  8815202  5117791  1729594 4422226 13454450
             256     128 1319408 4132864  6936061 1495343513454450 6107548 5320671  7073132  7571923  1911233  2672291 5540300 14353744
             256     256 1208072 1952947 12090911 1345445013454450 6249745 4332998  5841722  5810112  5569035  4332998 1354356 13454450
             512       4 1137555 2845081  5822804 12215097 9145790 4030519 5067142  3604335  2958758  4030519  3580298 5439343 11683444
             512       8 1187895 2860238  6395018 14628067 2449212 3684733 5624545  7435738  9681823  4827914  4163357 6104175 14628067
             512      16 1221684 3304808  6472112 1221509712499490 5624545 4784885  7022379  8844453  5227492  4296637 1753325  2560168
             512      32  898601 2329648  4871723  826572910284602 4262523 4532414  6395018  7758090  4742616  3659616 5384786 13872122
             512      64 1306409 3877684  6246213 1503780113438092 6156675 3437042  7211022  9344779  1380303  2753870 4973263 10911694
             512     128 1267845 3634839  7211022 1424006913438092 6246213 4927617  7211022  6736026  5439343  4784885 5886650  8265729
             512     256 1305615 3905895  8018812 1249949012499490 5822804 5331314  5951911  7410080  4340054  5886650 5760329 12499490
             512     512 1280699 4271001 13190469 1352271113109944 6246213 6086873  6319739  3684733  5684095  4961773 6086873 13109944
            1024       4 1070048 3029305  5728107 12492426 9655828 3655895 5507740  4876180  7420395  4249053  3751699 5690162 11903823
            1024       8 1103308 2503178  6402699 1461839312639479 5144870 4130547  6640274  3659010  4374559  4321737 6402699 14230902
            1024      16 1131503 3422814  6208343 1364323212639479 5151040 5660167  7811791  8474583  5417427  3880507 6519323 14044758
            1024      32 1272279 3001782  5390231 1220835011645609 4195100 5245404  6650556  8199542  4114719  4048778 6025439 13863422
            1024      64 1324868 2985091  1909888  4574926  620229 1556257 2528227  3722435 14871477  4415030  4099011 6244448 13686709
            1024     128 1254808 2926114  6650556 1423090213818817 6327241 5853003  8122014 10429596  5564829  3877004 5682634 12983353
            1024     256 1257748 4396951  4898425  8000971 6776473 4321737 5472650  3348104  8525047  4876180  2892612 5536137  8122014
            1024     512 1428415 4178773  7319232 1164560911132462 4920874 5601115  6059442  8262639  4995276  3951918 2774874 12944224
            1024    1024 1437980 4321737 12639479 1330511613305116 5593820 3198502  5853003  5390231  5390231  4215688 5652717  7577494
            2048       4 1114301  643835  1839856  2790928 1598780  361212 5345969  5564129  1675821   491364  1134613 1166190   928359
            2048       8 1047577 3731824  6420913 1234530612416686 4559883 4472047  7643611  7589584  4676561  3643190 6189580 13552946
            2048      16 1275075 4221501  6401772 1263586712050878 4960102 5503525  7207495  7789164  4646207  4358590 4240255  9752360
            2048      32 1432179 2976615  6080053 1156417413118295 5447681 6075753  7582884  7213548  3937075  3250308 6225466 12882215
            2048      64  364942 2144371  3757946  5611381 5816563 2233004 4213218  4783331  6317030  4349761  3931669 3894239  3938881
            2048     128  892757 3340040  5222461  658330512805399 5970183 6167360  5611381 10945301  4842658  3901313 5332694 12416686
            2048     256 1130878 3324528  5674397  767091510726615 5704543 5689430  6807652 12118884  4751580  3969827 5836323 11502234
            2048     512 1349174 1988500  2245848  2994254 2513289 2365196 2738433  2709070  9400176  4128177  3908414 4796687  8097557
            2048    1024 1400653 4229816  7286980 1019206910179991 5006356 5626082  6303124  6024617  4934459  4164199 5461535  9389900
            2048    2048 1029621 3555722  7082696  7670915 6738230 4367454 3611028  3669648  5135046  3493539  2340705 4276140  5029807
            4096       4 1129971 2471992  4946971  6439700 3761077 2395473 3904688  4644707  3871253  2498960  2612190 5204750  6510471
            4096       8 1173664 2950952  4302706  4628439 4395170 2868184 4910209  6216019  4452120  3021005  2952980 6103394  7380284
            4096      16 1240083 3045101  4853336  6410863 7249484 2545616 4899008  5841891  5728903  4390677  2503695 5828019  6094733
            4096      32 1264917 2470570  5928578  5250883 8603675 4730393 6140479  7998800  6659365  4054910  2210537 5125556  5263753
            4096      64 1213970 3043482  4882301  4307020 6883496 4763181 5069594  8205092  5340661  3574071  3973321 4162994  4607338
            4096     128 1245748 4034911  6013663  7237268 7434579 4946971 4141917  7342434  4946971  3647681  3165159 5828019  6140479
            4096     256 1280378  817862  5721272  6565206 7845385 4187346 4718699  6430059 11215436  4175134  3451293 5101205  4899008
            4096     512 1186880 3133408  4602401  3821310 7910408 4696769 5603704  6989921 11500738  3973321  3842678 4994430  5319164
            4096    1024 1074224 2594046  6480999  7061751 5565581 4376138 5618365  6804432 10288543  2809552  2748864 4140919  4027344
            4096    2048 1087071 2254041  5563779  4664886 5497899 3382659 3568133  3768502  5728903  2563086  3091680 4076076  4835578
            4096    4096 1215430 2628979  3227596  4079948 3354915 1997936 2801763  2291014  3172758  2637454  2438311 3846119  4180214
            8192       4  718585 2929767  5158495  5113965 3531027 2549546 4578974  5509188  4583861  2535436  2571296 5113204  4390007
            8192       8 1200474 2760083  5479317  5371390 4841578 2294043 4336814  5992483  5793435  3075025  2570527 5257958  5364680
            8192      16 1218525 2904014  4336814  4498640 2145096 3247058 5527801  7642620  4503356  3284616  3008521 4855947  5221205
            8192      32 1221774 2854319  6385612  6287458 6112956 3663551 5221205  8144423  6404656  3783776  3118564 5333867  5155399
            8192      64  895909  669117  5296049  6460047 6670750 3465148 5191229  8368573  5214865  3405054  3837016 4350542  5932474
            8192     128  545039 3413171  5309142  5550123 3360100 3386595 3895306  7161552  4670469  2979821  3047479 5375591  5672914
            8192     256 1431667 3949937  4946832  5553712 5059743 3657312 5374750  7500806  4160879  2911150  2559993 4474037  5155399
            8192     512 1272827 3856828  5957159  6127127 5553712 4183678 5234728  6527546 10950244  2755434  2593225 4390007  4373801
            8192    1024 1149277 2477126  5584401  6145757 5645881 3565099 5107124  6906749 11503841  3235439  1985445 3548164  3815711
            8192    2048  680514 2597342  3149436  3055609 3860729 2361525 4810398  4049561  3499380  2056261  1859715 3946308  2390441
            8192    4096 1075496 1896671  4295608  4528283 4216536 2710869 2793064  1933928  3693481  2136161  2918568 3776706  3671773
            8192    8192 1187611 2228430  4284360  4464155 4239950 2159793 2979821  2386953  3608910  2577082  2038330 3868117  2876542
           16384       4 1122192 2610544  5319748  4990591 4598218 2160935 5158807  5698696  4318230  2499089  2663668 3907445  4906849
           16384       8  637337 2641349  4717539  3554736 4529718 2780723 5677040  7364006  5665340  3022256  2838966 5202944  5642083
           16384      16 1146704 3220701  4662486  6440555 6056817 3268339 5582498  7390140  5072743  3029050  3547946 5400009  5376771
           16384      32 1206836 3764665  5086636  5124569 6234299 3402660 6255866  5921639  6326125  2854296  3225841 5099092  5525936
           16384      64 1428566 3094244  5822300  5748753 6345402 4053575 4470488  7074413  6284471  3497208  3765697 6377792  4993492
           16384     128 1181339 2868354  4519589  6217941 6179917 3248102 5501604  7699828  5557667  2826356  3653191 4843217  5227880
           16384     256 1216773 3881621  5533501  5421310 5915013 3927993 5359578  5357489  3591333  2283433  2855363 4424435  4602221
           16384     512 1207727 3852246  5999183  6052550 5553625 3252099 5320984  6722831  5249445  2744847  3587584 4750476  5236246
           16384    1024 1051129 2348997  6034479  6187150 5820327 3873307 5031885  4883486 12280533  3280666  2463345 2860355  5822300
           16384    2048  852009 2147563  3007837  5307422 5254664 3009549 3124918  3104729  6775862  2479790  2570508 3781237  3897251
           16384    4096 1143175 2415124  2726118  3087710 4034536 2754529 3581974  2626910  3837832  1866930  2492562 4290192  3801527
           16384    8192 1231977 1908195  4142521  2753646 3037351 1808797 2874954  2218846  4357385  2497182  3336252 4040466  3958311
           16384   16384 1065834 2212560  2424326  3495607 3491168 2532708 2859403  2293339  3728714  1209768  2517860 3480030  3961277
           32768      64 1206654 1096320  5625411  5605221 5638103 3538701 5481375  7664962  6051432  3160474  3135098 6158264  5748946
           32768     128 1228968 2877952  5520344  4020586 4943881 3366060 5890374  6891310  5966577  3077119  3107383 6117967  6220137
           32768     256 1315031 2746043  4403146  4555513 4912779 2983729 5052010  5874512  5453103  3026236  2988920 5846275  5591994
           32768     512  903723 3433672  5941814  5593587 5987110 3775504 5370218  5585177  5379677  2770175  3570231 5672309  5997038
           32768    1024  868093 3577666  5105685  4987477 5632327 2403207 5048298  6105465  5372737  2961994  2610584 4446163  4759987
           32768    2048 1130981 2873139  1581761  2381387 4112377 1269142 4422699  4305892  6630336  2061796  1701339 4469733  4806935
           32768    4096 1092269 2645355  2873920  2811026 2782175 1562306 4072530  2185566  4271765  2214656  1958634 4157911  4411343
           32768    8192  992849 1930490  3021711  3101282 2982952 2369318 3536334  2654552  2833921  2260479  2594029 4140999  4359155
           32768   16384  965895 1957936  3016737  3701281 4036409 2503678 2994651  2556584  2815633  2055721  3184789 4051879  4393715
           65536      64  842483 3073637  5898945  5017686 5024565 3487997 5243279  7912249  5533770  2732145  1920412 4588042  5223650
           65536     128 1223006 2865078  4411966  5773556 5600403 3694704 5891990  8077800  5950278  3267190  3511165 3411928  4545404
           65536     256 1259845 3076389  5799135  4647305 4406026 3329560 5305211  6623116  5551989  3093353  3223474 4914606  5511800
           65536     512 1083848 3715429  5858711  5841530 5995443 3764945 5189331  6671663  5412601  2852501  3209060 4451550  5805259
           65536    1024 1108339 3655738  4222407  5984478 5841405 3103026 5923862  6923387  5491977  2049281  3139782 5528094  5686014
           65536    2048  782472 2006366  4904697  4809946 4840183 2727482 2127656  1691433  3636633  1741366  2147453 4757582  4879102
           65536    4096  574403 1889509  2662441  3464783 2880087 1783684 3658170  1930365  3896777   862952  2035472 4186267  3147908
           65536    8192 1193254 1893387  4297666  2643214 2751177 2040412 3947988  1690861  4118403  1739053  1800095 4025815  4294644
           65536   16384 1183044 1761622  2777054  2700074 2875267 2086141 2721919  2103059  2966784  1557674  2542039 3028630  2791862
          131072      64 1149258 1008260  5942162  6135475 5761926 2995588 5291363  8524561  5050729  1863750  2291988 5875857  6227283
          131072     128 1266080 2648994  5559782  5767729 5691065 3034494 5211804  5233885  4422572  2096313  2533626 5002973  5657448
          131072     256 1233004 3037730  5427178  3002804 5567835 2889910 5294523  7126561  5260579  2783562  2641674 4940124  5605188
          131072     512 1286939 3158739  5209335  5536100 4987496 2795124 3513517  6661461  4841411  2780422  1947949 4947014  5358201
          131072    1024 1241895 1008850  5393262  5604274 5275369 2120801 1168689  6471156  5579419  1726767  2302537 5538889  5623191
          131072    2048 1124714  730104  3323679  4194982 4819003 2466347 2276140  3644222  4694041  1824474  1835769 4826831  4805565
          131072    4096 1080677 2318345  3922433  4073478 4185337 2261766 3942970  1908941  2201155  1185358  1721279 3651144  4178275
          131072    8192 1037988 1749963  4265548  3839135 4107289 2326902 4028376  2902574  3415739  1909863  1862746 3961809  4017895
          131072   16384 1114529 2211097  3568433  3897600 3832284 2199816 4051951  2808246  4044945  2005970  1972785 3529124  3923581
          262144      64  110437   94207  5571977  6001216 5693829   85708 2012110  8045669  5924673   127062   108334 5204054  5818944
          262144     128  111976  101365  5249072  5798108 5578366   53394 1864783  8138031  5502240   119489   102326 5132010  5586926
          262144     256   84680   97648  4921611  4767988 4942473   64694 3785078  5551664  5384383    81560   107417 4737746  5444884
          262144     512  106074   98531  4443049  4295742 5880313   93297 3923831  5353943  5473398    73854   107261 4924653  4848772
          262144    1024   87297   96012  4761072  5588942 5302587   80075 3401682  4273901  5608814    77094   101866 4847618  5542625
          262144    2048   95027   69041  4069494  4695741 4660590   78252 2904198  2248661  4602338    81791   102397 2780428  2951203
          262144    4096   80587   87384  3579689  4016674 4020610   99036 2722299  2122675  3944863    85971   116436 1923286  2856343
          262144    8192   80668   90813  3968083  4022287 3980380  124521 3473906  2713598  4021228   118637   119701 3156533  3900778
          262144   16384  117180   87890  3790506  3909029 4070745  119539 3661830  2860303  4036774   131492    96557 3005133  4116328
          524288      64   22832   81741  5866552  5736440 5608568   16694 5379520  8432716  5786205    70248    72487 5121096  5821282
          524288     128   81060   74527  5420441  5900617 4986754   16166 4628579  6977862  5411664    41928    78172 4658643  5647284
          524288     256   63497   46177  5314785  5478850 5402079   38108  158546  7126963  5328126    77595    50272 4991792  5515735
          524288     512   74865   33433  5247228  5500696 5412290   46194 4747359  7014924  3996830    72294    76557 5215704  4683727
          524288    1024   77471   72148  5049876  4785876 5384209   37685 5214257  6760114  4324735    63807    78587 5251915  5489696
          524288    2048   75898   64688  4439961  4616472 4638156   34298 4095901  3543109  4603502    68596    73823 4710707  4715758
          524288    4096   54096   33832  3931019  4026638 3961077   55111 3500198  2689345  4090218    85254    48518 1050021  3531201
          524288    8192   73100   63135  3385212  4120522 4022492   40397 3919437  2771223  4088590    61891    48151 3771205  3873055
          524288   16384   77149   33890  3575706  3811060 3784816   46967 3920940  2898414  3855799    65654    43429 3779827  3877583

iozone test complete.
