	Iozone: Performance Test of File I/O
	        Version $Revision: 3.420 $
		Compiled for 64 bit mode.
		Build: linux-AMD64 

	Contributors:William Norcott, Don Capps, Isom Crawford, Kirby Collins
	             Al Slater, Scott Rhine, Mike Wisner, Ken Goss
	             Steve Landherr, Brad Smith, Mark Kelly, Dr. Alain CYR,
	             Randy Dunlap, Mark Montague, Dan Million, Gavin Brebner,
	             Jean-Marc Zucconi, Jeff Blomberg, Benny Halevy, Dave Boone,
	             Erik Habbinga, Kris Strecker, Walter Wong, Joshua Root,
	             Fabrice Bacchella, Zhenghua Xue, Qin Li, Darren Sawyer,
	             Vangel Bojaxhi, Ben England, Vikentsi Lapa.

	Run began: Sun Oct  6 15:38:44 2013

	Auto Mode
	Command line used: iozone -a
	Output is in Kbytes/sec
	Time Resolution = 0.000001 seconds.
	Processor cache size set to 1024 Kbytes.
	Processor cache line size set to 32 bytes.
	File stride size set to 17 * record size.
                                                            random  random    bkwd   record   stride                                   
              KB  reclen   write rewrite    read    reread    read   write    read  rewrite     read   fwrite frewrite   fread  freread
              64       4  537079 1232453  4897948 2096219110821524 4274062 4564786  3541098  4564786  3363612  2561267 4564786 10821524
              64       8  633392 1518251  4897948 2273779115972885 5283570 4207076  6421025  5860307  2298136  1599680 5860307 12902017
              64      16  842003 3022727  6421025 12310336 9318832 4564786 5735102  5860307  4564786  2923952  1690338 3738358 12902017
              64      32  718114 1609270  4018152 2273779122737791 5860307 3057153  4564786  4018152  4018152  2278628 3541098 15972885
              64      64  735831 1679761 12902017 2096219115972885 5860307 4564786  4988978  6421025  5735102  1947927 4018152 12902017
             128       4  722760 1749872  4759253 14200794 9795896 4596273 3199360  5603747  3359523  3536566  2027414 4135958 12842051
             128       8  889145 2132084  4267461 1588107814200794 5122535 5545860  6727225 12842051  3277486  2238774 5545860 15881078
             128      16  895074 1911894  4407601 1588107814200794 5784891 5122535  5122535  4889281  4717434  1975201 6406138 15881078
             128      32  927549 2140585  6406138 1588107814200794 6114306 5847904  6727225  4267461  4557257  2464907 5325799 10567140
             128      64 1074159 2211113  4557257 1801235915881078 5847904 6045455  6727225  7476717  3895854  3124872 5784891 18012359
             128     128 1133103 3036502 11720614 1863766415881078 6114306 5545860  5847904  6406138  6045455  3982553 5847904 11720614
             256       4 1003679 2533571  5810112 12228612 8815202 4197489 4755158  5687020  4197489  4264168  3499745 4652146 11695808
             256       8 1185399 3421677  6398720 1516462413454450 5540300 4652146  7120034  4755158  4840911  2719671 5810112 14353744
             256      16 1089202 2692393  4929815 1495343513454450 5687020 6249745  7120034  5022044  4998665  3935921 6595234 14953435
             256      32 1132871 3245838  5810112 1607260814164395 6107548 5117791  7120034  4572895  5347168  4819184 6554972 14953435
             256      64 1031644 2812272  5687020 1495343514164395 5687020 5117791  6107548  6719046  5687020  5347168 6595234 16072608
             256     128 1254656 3756894  8024634 1607260814164395 6398720 6107548  6891544  8815202  5022044  7314033 5540300 13454450
             256     256 1230218 3236056 12661199 1345445012812277 5569035 1610276  4929815  5810112  5971678  4672389 6249745 13454450
             512       4 1034032 1556366  5624545 11943357 9145790 4000485 4457157  5509113  7620440  4305250  2695115 5509113 11374040
             512       8  937845 2638816  6491676 1387212212797441 4000485 5566231  6571132  6086873  4701087  4163357 6319739 13522711
             512      16 1233614 3481620  6491676 1424006913109944 5684095 6174377  7309196  7115451  5067142  4271001 6228097 14146265
             512      32  984268 3177664  6909408 1503780113783088 6246213 4375425  6551087 14146265  4411377  3628697 5067142 14240069
             512      64  997991 3504346  7309196 1503780114628067 6246213 6018636  7211022  8234036  5509113  4784885 6736026 15143846
             512     128 1355045 3634839  6909408 1503780113872122 6319739 5684095  6652558  8528336  5624545  5278892 5886650 13783088
             512     256 1257451 4195896  8140399 1310994412797441 5968453 5566231  5951911  8528336  4494470  6571132 6018636 13190469
             512     512 1373241 3963567 10694336 1113807112146009 4927617 5699180  5566231  5822804  5495016  4000485 5384786 13109944
            1024       4 1027060 1920993  5813392 11903823 9402175 4130547 4995276  5821271  6559147  4162573  3369115 5690162 11249091
            1024       8 1312720 2231377  6093831  660961712173747 4249053 3518141  6874084 10454984  4904018  4178773 5885083 14044758
            1024      16 1099918 3631168  3422814  402978412828238 5310258 5048117  7160597  6280976  4215688  4232305 6280976 13643232
            1024      32  181369 1729884  1735476  3835457 3709575 1073525 1560781   997946  4374559  1195102   429891 5169641 14044758
            1024      64 1367037 3696803  6830356 1502757713643232 6128613 3506651  7699755 10039528  4110780  3322206 3345496 13142265
            1024     128 1468964 4033569  6364746 1381881710557785 5789881 5507740  7472033  5226256  2842832  2275110 2829721  4488860
            1024     256 1154621 2829721  6559147 12944224 5363307 3074849 3210456  6208343 10134284  4720752  3908759 5821271 12944224
            1024     512 1473500 4339202  8183918  922051213102174 5390231 5690162  2403712  6650556  4249053  3261656 5821271 12944224
            1024    1024 1315938 3821805 13102174 1347205313305116 5789881 5821271  4339202  6137371  5885083  2918161 4451639 11773301
            2048       4  941176 3093459  5868220 10555264 9483197 3855782 4983122  5719737  7036283  4001263  3441748 5489457 10834854
            2048       8 1178348 2786401  5800851  849810612033995 3441748 3915540  6003564  8464610  4686767  3391470 5564129 11320334
            2048      16 1187142 3150182  6401772 1280539911187641 4923146 6058611  7477273  9140117  2760434  2909075 6189580 12187663
            2048      32 1272054 2293826  6420913  883006113660713 5626082 5475461  7556202  8464610  3982711  2694623 4146110  5626082
            2048      64 1061690 4213218  4405533 1088979712882215 3977179 6225466  8128206 10903620  4794010  1096941 5159722  9853037
            2048     128 1313685 3885431  6479029 1272949313949098 6243566 5549749  7789164 13836752  3946119  2425983 6114678  9525260
            2048     256 1261777 4016229  6207471 1232758912882215 5447681 5900467  6895083  9990553  3245396  2888532 4023754  7496851
            2048     512 1230860 4215286  6382745  9101380 9483197 3792790 5674397  6479029 10289741  4807425  2556676 4071433  6207471
            2048    1024 1089981 2843590  6922868  9752360 9887060 4864597 5596757  5836323  6225466  4633675  4643695 5159722  5593112
            2048    2048 1001881 3199462  6207471  7477273 7237860 2998435 5349298  3683812  3828288  2880782  3358321 5197183  6759439
            4096       4  893955 3212508  5520868  6850558 7123239 3023131 3404782  5689064  5596402  3602551  2745350 5125556  5334028
            4096       8 1099032 2758132  4784405  4248440 7447471 3589754 5640500  7476641  6408472  3792628  2710696 5625724  4819300
            4096      16 1292515 3354915  5971855  7249484 9163546 4262142 5032468  5961494  7135072  4039655  3295072 5063617  5826043
            4096      32 1281237 2908979  4307020  4628439 6500617 2576153 4275933  7877762  7146945  4083827  2884558 3996428  7355007
            4096      64 1284014 3100608  6401308  832839910065509 4128976 4830139  8173861  7111444  3889659  3667146 5418140  6096896
            4096     128 1266876 3146031  6122971  6349261 9332798 4586428 3919833  8205092  4176149  2754594  3250804 5642353  5618365
            4096     256 1253748 2868184  5231694  6510471 8224733 4664886 3846119  7123239  9989424  3237937  3319264 4394046  6060333
            4096     512 1256039 2929815  6169144  7087972 6339889 4551192 4376138  6872481 11570449  4091608  2923832 5013377  5178081
            4096    1024 1223828 2043080  4756587  5955295 6897314 4222337 5580043  6471234 10041975  3893185  2239643 3743865  3968731
            4096    2048 1090798 1875571  4214051  4520059 5431844 3112404 3615440  2561557  4746074  2232077  3368069 3228203  3232454
            4096    4096 1058929 1988455  4638436  4188367 4628439 2782703 3387995  2274332  3919833  2684436  2652931 3230631  4618485
            8192       4  907791 2679580  5614514  4765695 3984751 2212217 4209820  4992112  4454317  2711724  2312727 4636437  4841578
            8192       8 1258376 3367015  5461029  4561346 5198297 2540873 4607218  6930432  4411425  2395273  3050997 4158362  4268923
            8192      16 1168110 3547798  4748571  5353814 5580773 2766527 4242568  6884607  5001558  2615532  2722467 5773964  5116249
            8192      32 1215808 3126794  5465373  5953031 6517641 3529576 5772993  7205103  4989212  2890577  3373958 4222755  5088216
            8192      64  320813 3675307  5797345  4815791 5217241 3417585 5572627  7634130  4518161  2913371  2736125 4697286  4378260
            8192     128 1344077 3603989  5661696  4964702 5309142 2931766 4489235  6947247  4841578  2762079  2703616 4017834  5305863
            8192     256 1215980 3743785  4914286  5200658 5421393 3300708 4635812  6954278  5672914  1872485  1463872 5596225  5554610
            8192     512 1172775 3695070  5241915  4665396 5120061 3697057 5107124  5653313 10381195  3012742  3472502 4467057  4546258
            8192    1024 1028494 2056754  3735645  3969101 4862131 3474258 5440277  6365501 11507694  3408769  2354728 4998648  5442863
            8192    2048 1263792 1824946  3986138  5435974 4965419 3106440 4486305  3353214  4919916  2246203  2585809 2816186  2764746
            8192    4096 1218871 1828539  3727135  4257814 4264155 2804463 4151830  2168928  2783561  2124537  2957506 3961322  4063449
            8192    8192 1037249 1942127  4275829  2927769 4228992 2671870 2782659  1956503  3427813  2825681  1897090 3756063  4304757
           16384       4  880535 2870870  4883486  4848685 3901898 2440945 3857003  5394922  4292336  2047001  2566380 4380718  4675810
           16384       8 1128772 3029584  5611216  5603438 4966426 2541325 5694446  7522817  4344712  2674033  2747152 4607158  4930437
           16384      16 1322779 2725254  4603454  4921609 5637917 3082032 5919089  7474540  6019150  2856787  2959519 6058953  5912977
           16384      32 1218132 2710848  6217941  6180472 5889665 3153165 5599785  7356911  5324694  2333840  3418232 5136059  5328410
           16384      64  811933 2528793  5716711  5700587 5538853 3227053 6023899  7969503  6088478  3550145  3145228 5726715  4390233
           16384     128 1232264 2855838  5809993  3047588 5096067 2829614 5523715  5857536  5736755  2171176  3288043 3457269  3595467
           16384     256 1003499 2569259  5258282  3581974 3696820 2033012 3928891  4126848  4876209  2796907  2981088 3184434  3606411
           16384     512  833672 3564878  4580441  4507139 5307422 3380232  967923  6262707  4816063  2601945  2649394 4266751  4220370
           16384    1024 1183903 2904972  5100984  5772899 5866036 3630417 4250126  5237842  4902299  1678672  1628276 4980103  5559465
           16384    2048 1209066 2190624  3175751  4000014 3837832 2578901 2708070  2131642  3274881  1522673  2217629 2989778  3283958
           16384    4096 1236077 2249939  4478938  3860470 3166678 2215270 2683745  1690316  4299049  2440252  1850042 4373747  3972039
           16384    8192 1052965 2644195  3566543  3178983 3379567 2312167 2750450  2141140  4235718  2383130  3282076 3085491  3158673
           16384   16384 1168364 2332572  4446191  3050970 3186353 1986927 2768512  1961183  2875435  1884284  2119022 3201346  3485855
           32768      64 1093242 2914015  4641983  4820253 5095274 3636450 5246200  7874891  6436575  3325661  3265994 5968650  6305173
           32768     128 1222094 3157788  4681034  5248805 5232818 2497173 5649691  6996910  5254625  3417960  3420087 5563472  5267312
           32768     256  957764 2275373  4993638  5148142 5086600 3551320 4604812  5415287  5908352  3129458  3565230 5251412  5304924
           32768     512 1353720 2850909  4263285  4560653 5363930 3583543 4665145  7182667  5963212  3167467  2687251 5873508  5979556
           32768    1024 1167122 3549027  3362848  4485780 5250409 3755593 5313333  7105062  5274184  2628609  2799004 3476667  3701779
           32768    2048 1143496 2023577  2922069  3051025 4708779 3006245 5044222  4108320  7063798  2249785  2299163 4109917  4493700
           32768    4096  962324 2242553  2907788  3021512 3273852 2409400 4330449  2158620  2761048  1743910  2026710 3447885  3381963
           32768    8192  729747 1965665  2763380  3098346 3368782 2562973 1696927  1402269  3192556  1652629  1872240 3784757  3383711
           32768   16384  803371 1226073  1975299  2561826 2970252 1559789 2806434  2266742  2965958  2441327  3193447 3342321  3543172
           65536      64  817819 2731358  5920672  6049674 5715691 3481106 4972393  6989048  4314733  2622785  3194219 4564424  5193940
           65536     128 1112758 3176427  5658391  6164037 5938323 3721969 5567958  7838245  5527205  2396456  3417782 4368494  3049022
           65536     256 1263586 2867229  4469791  5595615 5380183 3579847 5301834  4684130  5301425  3239734  3355328 4381096  4946444
           65536     512 1366526 2948359  5054872  5649669 5846126 3631829 5072127  6758937  4492143  2642274  3178117 5867215  5503964
           65536    1024 1005123 3412436  5632189  4225393 5885052 3765563 4502666  6856724  2726698  2637583  1817713 5058406  4580397
           65536    2048 1117063 1370382  2813091  2087535 2961286 2723078 1909991  2052050  3732127  1303883  1293976 4620044  5068854
           65536    4096 1150420 2443819  2742668  4362947 3999515 2590650 2745654  1773694  2574177  1387124  2205555 4274742  2822653
           65536    8192 1234968 2054028  2813667  4338432 4364124 2713133 4249497  2115978  2777784  1737986  2204599 2798770  4345909
           65536   16384 1036603 2485248  4041442  2907566 4233853 2622385 4048465  2523232  2976486  2126339  1856232 4100097  2981781
          131072      64 1071770 2488508  4860286  6265394 5663043 2775888 4776838  7439607  4983698  2463341  2241241 5761141  6100006
          131072     128 1286430  561211  5418245  4638240 5592018 3112844 5301620  8053047  4402667  2158420  2707039 5412590  5737991
          131072     256 1263502 1062507  5442975  5548952 5549008 2971078 3706382  7128964  5432809  2835578  2638315 4448985  5354235
          131072     512 1246335 2153449  5307660  5594237 5212200 3093942 5237674  6459598  5338740  2671832    33809 5589459  5626586
          131072    1024 1160410 2963151  5438883  5517210 5661585 1405296 4976345  6484207  3581382  1351326  2247306 4993793  5488074
          131072    2048 1002944 1955710  3720151  3944866 3964209 2136253 4549045  3847114  4771821  1802047  1784841 4140014  4717888
          131072    4096  999823 2247388  3866107  4232771 3889961 2251014 3916593  2506640  4087561  1789110  1809015 1834795  4064112
          131072    8192 1125700 2269647  3925626  4106399 4104345 2318130 2885345  1924444  3358665  1688481  1496904 2029010  4183203
          131072   16384 1129286 2197170  3981175  3953803 3818549 2336564 1763497  2702913  2681345  1446901  2036797 1239509  4072965
          262144      64  102500   98654  5603526  6083933 5609987   69832 2108129  8008574  6047858   109362    82042 5426181  5480846
          262144     128   81807  114470  5215236  5571949 5650116   67416 4670389  7114194  5268363   103176   113096  956004  5991862
          262144     256  120818  110338  4360497  5673147 5490727   98933 4794936  7018018  5355325   124148   115434 2270035  4677463
          262144     512   98598   96507  5017306  5463960 5441273   93848 5042294  6768691  5422141   116297    85385 5070687  5473098
          262144    1024  118479  100975  4997398  5597535 5503892  116874 5006842  6264316  5431784   119736    91241 4917165  5317332
          262144    2048  104079   77885  2534506  4400602 4714911  111158 1867187  1960980  3674165    87833    92010 4180131  4326166
          262144    4096  101159  108427  3743951  4050112 3971523  129471 3841829  2763919  4043811   121404   110005 3886782  4165372
          262144    8192  120777  111043  3751244  3917679 3856409  122471 3476707  2727316  4009307   123119   122714  670496  3501876
          262144   16384   95732   97088  3848836  3994639 3941907  125495 1737883  2722299  4023200   145212   110281 3015609  4019082
          524288      64   20402   80221  5541686  6193894 5574149   14398 5164938  8031617  5745553    77198    72646 4318009  5878911
          524288     128   80845   78738  5531510  5856459 5535005   15370  436186  7524541  5539285    72471    59693 5626923  5440368
          524288     256   70558   63346  5519625  5650084 5592948   51931 5283563  7365337  5408483    42958    74601  239754  5420120
          524288     512   72616   53577  4224554  4946896 5006623   55527 4152282  5484644  5115401    46342    76044 1270335  3312471
          524288    1024   76394   73356  5383221  4790724 5369275   32623 5155094  6331298  5684010    78765    78821 3832628  3658978
          524288    2048   52142   69809  3829597  3817060 3992048   34236 2394250  3382395  4633113    70661    80045 3219060  2704803
          524288    4096   73625   47828  3904988  4018978 3936451   64092 3101655  2613768  3909654    42857    67135  695722  4024067
          524288    8192   53361   70889  4014671  3972512 4035158   43268 2912143  2675921  3952086    53365    77948 3316833  4033485
          524288   16384   76998   49144  4092067  3916247 4141623   77740 3173212  2760861  2933608    62688    52557  693110  4049738

iozone test complete.
