	Iozone: Performance Test of File I/O
	        Version $Revision: 3.420 $
		Compiled for 64 bit mode.
		Build: linux-AMD64 

	Contributors:William Norcott, Don Capps, Isom Crawford, Kirby Collins
	             Al Slater, Scott Rhine, Mike Wisner, Ken Goss
	             Steve Landherr, Brad Smith, Mark Kelly, Dr. Alain CYR,
	             Randy Dunlap, Mark Montague, Dan Million, Gavin Brebner,
	             Jean-Marc Zucconi, Jeff Blomberg, Benny Halevy, Dave Boone,
	             Erik Habbinga, Kris Strecker, Walter Wong, Joshua Root,
	             Fabrice Bacchella, Zhenghua Xue, Qin Li, Darren Sawyer,
	             Vangel Bojaxhi, Ben England, Vikentsi Lapa.

	Run began: Sun Oct  6 15:38:44 2013

	Auto Mode
	Command line used: iozone -a
	Output is in Kbytes/sec
	Time Resolution = 0.000001 seconds.
	Processor cache size set to 1024 Kbytes.
	Processor cache line size set to 32 bytes.
	File stride size set to 17 * record size.
                                                            random  random    bkwd   record   stride                                   
              KB  reclen   write rewrite    read    reread    read   write    read  rewrite     read   fwrite frewrite   fread  freread
              64       4  520419 1330167  4897948 1597288510821524 4274062 3363612  3958892  8182586  2006158  1933893 3791156 12310336
              64       8  852702 1460430  6421025 1597288510821524 3791156 5389653  6421025  5389653  3958892  1562436 3203069 15972885
              64      16  743988 1452528  6421025 1597288512902017 5860307 3203069  5283570  4564786  3588436  2133730 3541098 12902017
              64      32  653436 1780008  6421025 1290201710402178 5860307 3022727  4988978  4018152  3203069  2358717 5860307 22737791
              64      64  913649 1562436 10402178 1231033612902017 5860307 3057153  4897948  5389653  5860307  1879725 3363612 12902017
             128       4  795593 1911894  4717434 1284205110779307 4407601 2985839  5325799  3560017  4012317  1967960 5545860 14200794
             128       8  901083 2066432  6727225 1588107812842051 5603747 3380677  6114306 11470204  3053774  3657016 4267461 12842051
             128      16  677178 3106789  6727225 1863766415881078  841746 4934216  4759253  8036304  3982553  2027414 5122535 15881078
             128      32 1074159 2985839  6114306  129115814200794 4934216 4407601  6727225 10567140  5545860  3895854 5325799 10567140
             128      64  914904 3359523  7582312 1588107815881078 6045455 5325799  7176872  7476717  3759450  2905056 4934216 18637664
             128     128  913347 2784517 12842051 1801235914200794 6406138 3895854  6406138  5784891  5603747  4104338 5545860 12842051
             256       4  850282 2563818  5217259 13454450 9868433 4572895 3557725  4734192  5455847  3605511  2943325 5428265 12228612
             256       8 1080434 3326279  5687020 1416439512812277 5022044 5347168  1514860  2775920  3557725  3605511 5687020 14953435
             256      16 1152323 3017775  5687020  568702012812277 5687020 3654598  6398720 13454450  4840911  4197489 5022044 14164395
             256      32 1153561 3557725  1243036  693606114353744 6213578 6073004  7120034  8271916  4734192  3994490 6107548 14164395
             256      64 1168627 4132864  6719046 1607260814353744 6398720 6073004  7518900  8534922  4929815  3994490 5938650 15835569
             256     128 1190657 3465855  8815202 1495343514164395 6249745 5455847  7120034  6073004  4264168  5022044 2223962 13454450
             256     256  933846 3654598 12812277 1416439513454450 6107548 3605511  5810112  6073004  5569035  4132864 5347168 13454450
             512       4  881269 3081897  5331314 11138071 9997331 3941742 5127637  5509113  8394979  4061007  3437042 5566231 11374040
             512       8 1205228 3029721  6319739 14240069 3259661 4690818 5624545  6472112  9145790  4411377  3710197 5699180 13783088
             512      16 1299295 3264616  6035551 1279744113190469 5566231 5019764  6571132  6472112  4375425  4061007 5951911 13783088
             512      32  986529 3459188  6652558 1387212213109944 4163357 2073249  6999490  9638369  5067142  4204110 5951911 13872122
             512      64 1343179 3970896  6174377 1514384614240069 6395018 4927617  7540170 13783088  4340054  1999881 5566231 13438092
             512     128 1430887 3788747  7410080  416335712215097 5495016 5699180  6821616  8394979  5127637  4411377 3259661  6472112
             512     256 1320061 3877684  8140399 1319046912797441 6018636 5331314  5951911  8265729  4571003  6472112 5566231 11877300
             512     512 1286838 4195896 11943357 1113807111374040 4827914 5509113  3437042  6035551  5870558  4610256 5684095 12215097
            1024       4 1226150 2586074  5564829 10557785 9402175 3781427 4898425  5417427  5310258  2443368  3348104 5363307 10689164
            1024       8  910181 2409105  5991815 1190382311398360 4270175 5630486  4614246  6776473  4095102  2579861 4396951 11368190
            1024      16 1032244 2409105  6163794 1364323212173747 5048117 5885083  7160597  7699755  4832290  4249053 6402699 13305116
            1024      32 1381993 3291652  6569179 1326402613863422 5885083 6025439  7524394  6692005  4694950  4215688 6093831 14230902
            1024      64 1452570 2798378  4574926 13305116 4694950 5751117 6280976  6569179 10039528  1735476  4095102 5652717  6863100
            1024     128 1432225 3894582  6559147 1294422413305116 6102490 5593820  7769397  9569770  3735385  3037876 3191372  5356618
            1024     256 1378002 3469823  3294177 1279003712639479 4810640 2730767  6163794  8183918  4079544  4614246 5623115 11903823
            1024     512 1526390 2579861  7644933 1203727212173747 2598591 5444898  5536137  7631350  3923040  5200941 3130886 12037272
            1024    1024 1183575 2867506 12790037 1330511613102174 3804877 5277632  4594502  5277632  5251818  2908281 3229770 10557785
            2048       4 1088738 2500122  5564129 10048990 7999524 2837016 4960102  4623699  4923146  2929912  3070239 5184636  7237860
            2048       8 1399968 3630870  6041567  9796850 9887060 3799501 5670651  7343043  8159088  3812993  2955111 5769681 11502234
            2048      16 1368084 4112366  5852228 1321923512959958 4267642 5080379  7165410  5852228  3991965  4172290 4231899  9752360
            2048      32 1520663 3899542  6340344 1227474213138359 5362657 5735012  7529708  5611381  4656281  4016229 5403134 11440955
            2048      64 1439137 3175804  6459541 1311829514132698 5933071 6189580  7999524  9525260  5200329  2955111 5937172  7237860
            2048     128 1271301 3885431  4923146 1164254313467949 6154104 5986827  2248199 14514788  3407614  3122697 4796687  6759439
            2048     256 1518244 3160613  6149699 1162678412470765 5521212 5095447  6759439 12257227  4569586  3696494 5549749  5920802
            2048     512 1251118 4056054  5119743  5689430 9708272 3757946 5659442  6440169  9944290  4686767  3079044 3946119  9400176
            2048    1024 1318727 3955204  6895083  5937172 8431376 4983122 5596757  5953632  7969835  4707314  4001263 4338776  5884299
            2048    2048 1014782 2540795  7393606  5852228 7477273 4204968 3650932  2868277  5306340  3230749  3871422 4697018  3828288
            4096       4 1116750 2476268  4370571  5006072 4723889 2405199 4592558  5659080  3881749  2344476  2545616 5312585  6510471
            4096       8 1207146 2730514  5497899  7355007 7123239 3667146 5828019  5910222  7108502  3961410  2981164 5777065  6041154
            4096      16 1457180 2989984  4516494  4520059 4592558 2852469 4390677  7111444  4515307  2942864  2938334 5454263  7683972
            4096      32 1428227 3119752  4842392  5225329 5580043 3419011 5728903  6542703  4461370  2560030  3192806 5462935  5969780
            4096      64 1093436  753080  5818150  4729091 5032468 3213108 4941279  8447153  7225093  4496399  2977031 5526195  7314299
            4096     128 1308662 3222752  4096486  5299475 3931494 3284363 5920406  7697744  7342434  3878244  3374022 4659824  5007531
            4096     256 1297004 3095580  5389246  5319164 7289472 4628439 4617244  6782940 11252164  3049966  3012001 4876757  5649775
            4096     512 1210463 2743596  4457897  5926533 7925004 4275933 5601877  6703539 11609543  3589754  2948925 5075585  5284803
            4096    1024 1155430 2339050  5885924  6883496 5835938 4386193 3624593  4922872  7012747  3519162  3527834 3778448  4399673
            4096    2048 1070343 1899838  5565581  2907010 3527834 2500415 3640724  3810292  5627567  2828983  3110150 4496399  5306022
            4096    4096 1001694 2303609  3935097  4654774 4019805 3049966 3949571  2215383  3889659  2534724  2862450 4108241  4183268
            8192       4 1229645 2634180  5224380  5607184 5201445 2594008 4943985  5056765  4778952  2886449  2649414 5248321  4992112
            8192       8 1308603 2768534  5457560  4878700 4017364 2474272 4092001  6385612  5439416  3185053  2921297 5361332  5501249
            8192      16 1422186 2840632  4971166  4602281 4415961 2642689 4437634  7049878  4490996  2789210  3083027 4359373  6206817
            8192      32 1299300 3869424  5268439  5330557 5343822 3412155 5333039  8079310  4607218  2966955  2987594 5789530  4334626
            8192      64 1388732 3810210  4807033  5123115 5817959 3593060 4346140  7117050  4911476  3017504  2992016 4995741  5022761
            8192     128 1483017 3551098  5035275  4662863 5557305 3668636 4282224  7515572  5315713  2912136  2846279 4853203  5107124
            8192     256 1487511 3597951  5056765  5035275 5136133 3611945 4968291  7386322  5110922  2715367  2765637 4770989  5162371
            8192     512 1421009 2831736  4318282  5633847 5966469 3969101 4368796  5382328  9834473  3116019  2350540 4563770  4213951
            8192    1024 1431190 2826843  5237920  5614514 6150158 3845605 4007992  5428245  4304757  1776633  1813197 5149219  5855636
            8192    2048 1371985 2393772  5475825  5133064 5041185 3048831 3571028  2583282  5741161  2823823  2257419 2536933  3898842
            8192    4096 1017499 1949067  4248864  3145975 4097857 2887420 4376030  2973631  3253206  2221945  2655351 2739834  2785592
            8192    8192 1075193 2156811  3230268  4298295 3163062 2613940 4299909  2686704  3382594  2362174  2663998 3211248  3496531
           16384       4  910978 2568875  5156872  5158807 4276576 2237049 5075741  5809993  4072553  2384204  2397764 5503367  4657114
           16384       8 1129775 2776902  5129541  5069376 4726949 2696488 4152282  7025952  4906849  2611437  2593304 5063026  6032360
           16384      16 1343284 2421165  5813926  4820117 5044073 2694796 4758701  6630078  3277380  1522504  2818011 1574913  1846910
           16384      32 1053691 2926748  4646722  5605266 5193114 2744409 4748835  7903509  6337794  3447902  3670362 5475740  5512638
           16384      64 1284817 3270361  4710748  5597504 5345819 3233430 4532407  8079126  6375425  3070464  3273633 5121895  6395004
           16384     128 1252980 3065397  5199794  5217956 4863096 3326079 6063765  7938202  5160357  3294033  3143501 5420027  6120472
           16384     256 1310419 3278005  4801929  5199401 4731180 2777913 5529493  7574225  4985884  2638712  3498455 5795294  5820327
           16384     512 1309046 2780273  4589312  4918791 5278477 3055040 4331021  7154697  5340419  3222060  2900926 5349148  5643473
           16384    1024 1162553 2051829  6134130  5151846 6099827 3756844 4874826  5477922  9875182  2154093  3135040 4383233  4527330
           16384    2048 1057030 3080926  3243044  4270994 5010239 3132182 5163459  4218298  3913007  1998309  2243475 3275505  5204520
           16384    4096 1151295 1662830  3053818  3026249 3406878 2253333 2857857  3046372  3478444  2530003  2179301 3203734  4445041
           16384    8192 1035387 2198896  3002842  3195094 3436179 2417163 3946264  2840022  2901293  1792566  3425559 3377574  3509891
           16384   16384 1125592 1876719  4286713  4438724 4415055 2687209 4325296  2340916  3467387  2110756  2550852 4283240  3493475
           32768      64 1182883 3673482  2300472  5289408 4270438 2075872 5832877  7911154  3706371  3199617  2807351 5587902  6224926
           32768     128 1412893 2814134  4929695  4964776 5235409 2787140 5366653  7841195  5161870  2205133  3281747 5294502  4830248
           32768     256 1258612 3095136  5166138  5987371 5786219 3873832 5359329  6618522  5302263  3192853  3530339 5293890  4107338
           32768     512 1239653 3774674  6012516  5892394 5975137 3960913 5696761  6328399  5241199  2725675  3449183 5132761  5975137
           32768    1024 1286329 3625228  2327114  4400749 5315182 2203331 5550217  4898770  4894409  2656040   893349 4134272  5348067
           32768    2048 1164344 2551601  4424550  5418063 5186609 3171194 3651037  2718881  6820857  2177567  1699845 2958679  2988140
           32768    4096 1116384 2347465  2966534  3161710 3732947 2484893 2603957  2178568  4229306  2129885  2347305 3029304  3973394
           32768    8192 1025443 2121174  2224406  3886210 3698790 2457874 2751541  2663452  3293228  1700034  2232935 2756176  2898833
           32768   16384 1089507 2060374  2869900  3407284 4080752 2607068 4321190  1894199  4255628  2225775  3429046 3514001  3933254
           65536      64 1001056 2100440  6042493  5318967 5213346 2633666 5405044  5352421  5005077  2977034  3665097 6128307  6090153
           65536     128  911816 3660996  4725358  5250891 4589727 2403581 5010095  4034679  4336926  3092344  2705309 4961802  5810413
           65536     256 1393820 3666563  4442844  3877647 3789286 2780819 5307875  5004348  4827347  2188033  2745188 5371352  4360317
           65536     512  974558 2861588  5130060  5891864 5049393 2907413 3664071  5872480  2209490  2445841  2488465 5587993  4443418
           65536    1024 1327933 3536553  5489783  3610363 3581760 2198973 5759402  6938591  4738064  1630811  1708358 3156983  3447790
           65536    2048 1284339 2327840  5103297  5071659 4985289 2964768 2683390  1752725  4988365  1750939  1489386 4708683  4794844
           65536    4096  981357 1966745  3766647  3162467 3105971 2556295 2757885  2078663  4206447  1457621  1770757 4287276  3002266
           65536    8192 1082538 2269808  4023341  3821793 3155787 1968351 2700525  1881967  4205096  1777582  1473680 4271951  3027496
           65536   16384 1261910 2026528  3489502  3321474 3009662 1975878 3185077  2771203  2727807  1820289  1801488 2971755  3244821
          131072      64 1229062 3034009  6122833  6351681 5727947 3089734 5957875  7698388  5798389  2141629  1906168 4449021  6037106
          131072     128 1312533 3082389  5826165  5959942 5459787 3061856 5507482  8100869  5597313  2724641    96923 5673387  5941648
          131072     256 1097718 1633742  5402113  4361348 5264558 3018218 2792271  1717065  3410759  1833999  2648994 4868205  5624686
          131072     512  981372 2632125  5510960  5580608 5515549 3227179 5324676  6818862  4937728  2742268  1860817 3458001  5417764
          131072    1024 1297435 2975741  5560007  5420916 5447722 3052862 5105847  6435853  3694153  1832789  2472125 5256957  5471851
          131072    2048 1187396  933574  4675796  4737321 4707385 1841211 4634447  3624497  4855779  1877710  1666225 4613910  4799734
          131072    4096 1150288 2314490  4000120  3988801 4081068 2319901 3831723  2566771  4031360  1806168  1744997 3702488  4132296
          131072    8192 1142837 2314295  2729470  4012851 4033608 2378929 3918212  2699953  3936336  1883868  1779952  847802  3944866
          131072   16384 1151762 1499885  3893074  3971053 4047923 2328597 3988656  2810960  3452246  1983268  1990521 2943257  3015569
          262144      64  119078   84943  5793983  6117308 5810825   88357 5218974  7118063  4055071   119407   128076 5687409  6252063
          262144     128  116657  111186  5470321  5815589 5671772   76015  903567  8020784  4874741   119244   115868 5300644  6124123
          262144     256  123906  110504  5016139  5531165 5448742   84664 4980037  7205527  5400914   106789   112542 1083213  4602724
          262144     512  103476  104570  5246342  5464964 5398368  108467 5335937  6891078  5502267   115275   100826  650052  4255919
          262144    1024  109008   75847  4772935  5060116 4746233   86501 5030298  6548851  5374014    89219   108815 4838658  3432961
          262144    2048  116317   81838  4373227  4763919 4736379  111080 4388080  3598952  4807158   120721   118200 4334591  4993993
          262144    4096  119841   94389  3899491  4044748 4042057  121482 3706004  2784146  4039755   124524   121117 3769959  4007714
          262144    8192  114511  116124  3797602  4090767 4169810  114484 3644377  2702905  4043246   128531   125305 3717092  4008488
          262144   16384  120151   86233  3917107  3976090 3925484  118559  531689  2767161  2674802   125821   119572 2089528  3914178
          524288      64   28295   45399  4016210  4476011 4374974   13777 4677471  5408376  4725608    51084    66784 1925949  5967582
          524288     128   78613   50356  5759880  5806633 5557133   22092 3542772  8095602  3693442    48258    77449 5477649  5560505
          524288     256   59051   45002  5395584  5423422 5452644   28105 1303135  6502546  5347535    75294    65624  462356  5396855
          524288     512   77851   72721  5068417  5355179 5444261   43157 1802556  6632857  5478386    77052    41760 4679929  5284832
          524288    1024   43323   58590  5229645  5529535 5573980   51815 5302750  4352968  3718751    77433    66227 5462355  5504744
          524288    2048   66523   42791  4679969  3649729 4570949   57871 4304216  3722918  4257277    77203    58839 4283924  4723233
          524288    4096   78336   65879  4021476  3766006 3079265   46351 3317879  2615920  4021535    78286    51931 3329049  3953166
          524288    8192   64127   44788  3902777  4085210 4043431   36921 3788017  1797094  3514232    66479    56727 3730554  2815799
          524288   16384   47110   70742  3182231  3405685 3858519   79122 1427185  2044135  2947674    75249    90463 4097893  4158934

iozone test complete.
