	Iozone: Performance Test of File I/O
	        Version $Revision: 3.420 $
		Compiled for 64 bit mode.
		Build: linux-AMD64 

	Contributors:William Norcott, Don Capps, Isom Crawford, Kirby Collins
	             Al Slater, Scott Rhine, Mike Wisner, Ken Goss
	             Steve Landherr, Brad Smith, Mark Kelly, Dr. Alain CYR,
	             Randy Dunlap, Mark Montague, Dan Million, Gavin Brebner,
	             Jean-Marc Zucconi, Jeff Blomberg, Benny Halevy, Dave Boone,
	             Erik Habbinga, Kris Strecker, Walter Wong, Joshua Root,
	             Fabrice Bacchella, Zhenghua Xue, Qin Li, Darren Sawyer,
	             Vangel Bojaxhi, Ben England, Vikentsi Lapa.

	Run began: Sat Oct  5 10:05:40 2013

	Auto Mode
	Command line used: iozone -a
	Output is in Kbytes/sec
	Time Resolution = 0.000001 seconds.
	Processor cache size set to 1024 Kbytes.
	Processor cache line size set to 32 bytes.
	File stride size set to 17 * record size.
                                                            random  random    bkwd   record   stride                                   
              KB  reclen   write rewrite    read    reread    read   write    read  rewrite     read   fwrite frewrite   fread  freread
              64       4  603489 1232453  3541098 1290201710821524 4274062 2444640  4897948  4274062  3363612  2561267 2923952 10821524
              64       8  640954 1330167  7100397 2096219112902017 4564786 4897948  4564786 12902017  3363612  2662899 5389653 15972885
              64      16  168954  627470  1279447  1452528 2467108 1163036 1210227  1163036  1421755   821391   627470  477808  5389653
              64      32  666414 2561267  6421025 1082152410402178 5283570 4274062  4018152  6421025  3541098  4897948 4897948 10402178
              64      64 1066042 2923952 15972885 2096219115972885 5283570 4564786  4274062  5389653  4274062  3541098 5283570 10821524
             128       4  780556 2409592  5545860 10779307 8548124 4267461 4407601  5122535  7082197  3124872  2621367 5122535  9129573
             128       8  913347 3124872  6114306 1147020410779307 4889281 5122535  4717434 14200794  3445772  2367096 5325799 10779307
             128      16  919605 3297617  4267461 1588107814200794 3759450 5603747  7176872 12842051  5122535  4596273 6114306 15881078
             128      32 1007629 3759450  6406138 1636517314200794 6406138 4934216  6727225  4934216  5325799  2420455 3657016 12842051
             128      64  876086 2673584  7582312 1284205114200794 6406138 5122535  6406138  5325799  2843510  3785961 5325799 14200794
             128     128 1082825 3657016  9795896 1588107814200794 5784891 3468030  4135958  5325799  4934216  3657016 5325799 10567140
             256       4  898674 3605511  4652146 1281227710245071 4496299 1579483  4907284  8271916  3605511  1487577 5687020 11695808
             256       8 1147398 2371308  6107548 1516462412661199 4553502 5687020  7120034  4332998  5022044  3159869 5971678 14164395
             256      16 1093639 3236056  5687020 1416439513454450 5717301 5117791  7120034 13454450  4070199  3245838 5217259 13454450
             256      32 1117543 2613746  4755158 1495343513454450 5428265 5971678  1826695  4840911  4755158  3368013 4264168 14164395
             256      64  927393 3236056  6936061 1607260814164395 1098113 5242734  7314033  7735574  5810112  4840911 4332998 14164395
             256     128  759469 3511189  7791708 1495343513454450 5687020 5687020  6936061  8888172  3994490  5687020 5569035 13454450
             256     256 1237306 3705040 13454450 1345445013454450 5428265 5320671  5687020  1506359  6107548  4281170 6107548 14164395
             512       4  925717 2991733  4571003 12797441 4742616 4000485 5115422  5453155  7988981  3768799  3437042 5699180  3081897
             512       8 1201856 3239989  6395018 1462806711683444 4784885 5699180  7410080  4457157  5019764  4296637 5331314 14240069
             512      16 1218910 1537424  6551087 1387212213109944 5624545 4882800  7620440  6395018  5453155  3604335 5566231 13783088
             512      32 1036527 3884698  6395018 1462806713783088 6571132 5067142  6821616 13783088  4973263  4447925 5699180 14628067
             512      64 1368865 3970896  6571132 1503780114240069 6736026 4827914  7647578 10235583  3527371  4271001 5822804 15037801
             512     128 1395552 3970896  7115451 1424006913522711 5822804 5684095  7758090  9859630  4447925  4927617 6018636 14240069
             512     256 1375881 3533174  7513788  487172312215097 5760329 5744919  6909408  8140399  4447925  4195896 1940253 12215097
             512     512 1176828 3634839 12215097 1249949013109944 4660280 5807059  6319739  6018636  6319739  5019764 5968453 13438092
            1024       4  977060 2202766  5983467 12348754 7472033 3232201 5251818  5630486  8391792  4079544  3591693 5720477  7472033
            1024       8 1117955 3521025  6280976 1442204512639479 4211554 6093831  5782087  8610501  5018624  4211554 6102490 13818817
            1024      16 1158358 3923040  6355328 1442204513102174 4898425 6364746  7369466  7826025  5336651  4374559 4339202 11018226
            1024      32 1387798 3970183  6393168 1482016113818817 6163794 6093831  7537599  8474583  4995276  4451639 6317933 14422045
            1024      64 1322828 4356809  6918376  547963213863422 6059442 6128613  8076196 10906310  4287225  4130547 6235382 14618393
            1024     128  990352 4079544  6650556 1423090213686709 6244448 5917516  7941793 10454984  5593820  4199201 5690162  6692005
            1024     256 1281771 3937426  6874084 1314226512790037 3722435 5853003  7113161  9402175  5451810  3659010 5660167 12071103
            1024     512 1420384 4142499  8326715 1326402613142265 6025439 3778101  4762630  8122014  4451639  5623115 5417427 13102174
            1024    1024 1233900 2370545 12173747 1298335313472053 4762630 5950309  5983467  4550690  5175871  4356809 4898425 12492426
            2048       4  868564 3245396  5937172 11187641 9808036 3351769 5447681  5785224  8398403  2311728  2202092 3892474  6738230
            2048       8 1207501 3419824  5376082 1124623012187663 3465352 5816563  7368238  9898453  3786104  4162181 5704543  7159438
            2048      16 1298003 2942962  5953632 11440955 4717655 4818211 6041567  7262337  8036946  4146110  4319142 5626082 13038646
            2048      32 1330575 2767549  6024617 1392648313836752 5723548 3555722  6261772  9990553  4948672  3999400 6420913 12959958
            2048      64 1294677 3230749  5492967 10037248 4441984 5735012 6340344  5719737 10131961  5225638  2828608 6440169 13138359
            2048     128 1183218 3287628  5200329  4839929 6317030 2512554 4653758  8059569 14417342  3549844  3744839 6097316 12561952
            2048     256 1209031 2920945  3465352  7817519 6440169 3819776 5640860  7159438 10555264  3657149  3555722 3384788 11706006
            2048     512 1364390 2695468  6738230 1234530612959958 5820505 5386195  6802261 10084382  3792790  4432815 5704543  6167360
            2048    1024 1007403 2274993  7582884  628008310351742 4293237 5277002  4122233  4394265  3407614  4001263 5832361 10889797
            2048    2048 1077945 2260029  6280083  3630870 5535444 2715922 3938881  3007884  4365235  4104506  3003677 5172149  6717153
            4096       4  818876 3005151  5404504  5542240 5063617 2439696 4607338  3918939  5625724  3515562  2227447 3589754  4171080
            4096       8 1327368 2561557  4270618  5178081 7405736 3656998 5802430  6195843  5382492  3343163  3360164 5777065  7209932
            4096      16 1370354 3199942  4325455  5777065 5447345 3258820 5306022  7568872  4389555  3266255  3253266 5198450  5001700
            4096      32 1316182 3806915  6024207  6815229 6169144 3817065 6186918  7572208  5468151  3456849  3647681 6178018  7799085
            4096      64 1272035 2739658  6049663  7234220 7392988 3838385 5910222  7954358  5375755  3084464  3382659 5883908  7473388
            4096     128 1321751 4108241   835726  1588844 1100793 1365779 5843879  7249484  5396016  2851995  3849566 6005255  4969868
            4096     256 1281237 3337967  5681538  6967243 8344580 4417775 5649775  6430059 13007113  3054304  3054847 5704175  4819300
            4096     512 1262686 2455738  5312585  6978564 8463799 4298399 4977067  4990078 11601703  4104315  2459958 4315676  5454263
            4096    1024 1061678 2067670  3867766  5369035 5284803 2993631 5642353  6131713 10215133  3799338  3263773 5674032  4438318
            4096    2048 1012617 2128907  4864330  3456849 3743865 2597184 3253266  2708986  5601877  2807257  4214051 4911613  4339659
            4096    4096  930714 2597184  4701910  4708354 4623457 2864359 4054910  3091680  4063542  2182178  2248142 4175134  3250804
            8192       4  848036 2362174  4464155  4137332 3840447 2114600 5268439  5350479  5233930  2368362  2254161 4813767  4732873
            8192       8 1143350 2778833  5312425  5161595 5461897 2531513 5728718  7598676  5237920  2995146  2686914 5414558  5741161
            8192      16 1283190 2867420  4576535  4201070 4893987 3024144 4295608  7735533  6244039  3375284  3233004 5351312  5923270
            8192      32 1306115 2951156  4654021  4568624 4770989 2805379 6287458  8200795  6385612  3917512  3145975 4855947  4919916
            8192      64 1432144 3763056  6108608  6072979 6709830 3880787 5417973  8054689  5546540  3032953  2912136 4700499  4882166
            8192     128 1421480 2884511  6122759  6127127 4466476 3878597 5596225  7453619  6248582  3682003  2954201 4275829  5368033
            8192     256 1294941 2747283  4203126  5876668 5712526 3801358 4914286  6872214  5075439  2979046  3446379 5465373  5772993
            8192     512 1238018 2494571  4325349  5970616 5732541 3703433 4444522  4617744 12298542  2792837  3715447 5439416  4291316
            8192    1024 1051598 2890577  5094251  5145363 4931921 2496746 5337181  6883228 11131163  2786269  3216057 4235769  4965419
            8192    2048 1009369 1988893  4493932  5542066 4098346 2982148 2871493  2266652  2904014  1995593  2813188 3808099  5298499
            8192    4096 1270051 1858910  2727871  2760083 3041006 2175795 2741583  2104885  4250966  2485368  2691334 3180042  4320998
            8192    8192 1140806 2005845  3648767  3593060 4170981 2787400 3986600  2476412  4177574  2875338  2702765 3135354  3340825
           16384       4  861861 2388016  4687931  5681264 4739337 2450520 4142521  5371728  4842876  2484272  2581322 5686906  5714809
           16384       8 1273035 2648067  5064519  6473317 4887654 2315751 5927769  7451038  5902312  2835569  2695113 5816386  5550036
           16384      16 1204784 2352938  5049262  5659741 4700115 1817407 5804105  6857679  5992382  3186945  1762498 6179917  6542963
           16384      32 1263439 3712598  4760019  5368371 4659956 2736213 2208365  5365018  4874826  2522944  1989285 5847069  2073936
           16384      64 1074567 2776454  4544696  6082012 5975188 3305918 3879649  7865515  4703976  2674970  3190644 6001802  5870546
           16384     128  578978 3557865  5201369  5370049 5498083 3389402 4524648  7095596  5048891  2750340  2894206 4250126  5066012
           16384     256 1291384 2889581  4407692  4460622 4280039 2928868 3983320  6606494  5268360  3173991  2610148 4804615  4945339
           16384     512 1430290 2502912  4135291  4477770 4768276 3299885 3640804  3776873  4043319  2217057  2392505 4131314  4026499
           16384    1024 1459731 2856906  5319336  6189379 6131941 3499345 3261824  2431617  7713657  2174680  1616441 3508278  4235979
           16384    2048 1071267 3006258  3918809  3853326 3896367 2566476 3205677  2613921  2864408  1565156  1902279 3126197  3441341
           16384    4096 1304474 2250529  4372356  4491232 4478938 2108101 2858808  1956994  2781623  1787437  1906184 3117263  3579548
           16384    8192 1288841 2346271  3537899  3975715 3975945 2576580 3816517  2630732  3456574  2286396  2818936 3687694  3463891
           16384   16384 1168622 2686788  3414835  4178541 4137532 2737521 3167846  1669455  3177073  2092439  2099984 3141776  4088788
           32768      64 1023267 3653075  6480888  6330731 6317346 3634047 5613922  8281048  5552908  3228327  2960081 6382473  6506661
           32768     128 1315346 3703375  5982940  5144288 5426834 3249162 5730728  6676394  4944593  2808383  2994194 4391188  4597726
           32768     256 1284118 3084647  5137558  5199756 5151422 3528073 5658530  6157988  4671806  2892915  2577924 4344686  5678168
           32768     512 1439651 2579763  4890055  4400749 4309808 3297574 5107203  7262370  5389381  2767386  3359149 4714756  5180744
           32768    1024 1175316 2133323  4654402  5387691 5685920 3679284 3374324  6039200  5807981  2724757  2207790 5649691  4593884
           32768    2048 1007441 1850685  5009473  5229433 4641983 1449200 3459167  2749009  4534022  1295630  1718119 5021920  4808280
           32768    4096 1133565 2064521  2192889  2475315 3108296 2264389 2429073  2526831  3536698  1677479  1791977 2899567  2823325
           32768    8192  853489 1894434  2992760  4262227 4015652 2514626 3858606  2707206  4225925  2272251  2274921 2181646  3613219
           32768   16384 1173009 2590802  3978110  3669069 4027538 2550654 4082207  2852329  3937536  2169798  3050754 4030490  3168416
           65536      64  871292   71169  5177895  5475458 5722711 3465525 4656516  7715696  5378393  3140679  3440411 5121553  5894012
           65536     128 1363909 3212699  5657925  5694260 5633228 3200467 3389169  5872856  4561849  2692642  3611833 4728040  5981743
           65536     256 1419480 3056141  2185042  5863460 5273254 2923896 5616767  7289875  4371342  2541945  3314425 4440762  4216707
           65536     512 1257885 3736388  5154205  5667725 4733169 3014382 4777012  6892831  4510350  2564116  2137367 4281666  5369568
           65536    1024 1325269 2766072  3183822  1888432 5632189 2284503 5253802  5914684  3346219  1468303  1500541 4014937  4989361
           65536    2048 1128274 2469884  5186394  4660147 3268628 2291378 4893608  3721516  2653471  1478038  1647417 3067292  3146215
           65536    4096 1241842 2271778  4294309  3129380 3214915 2411192 2724644  1965451  4003418  1845142  1549456 2970920  3021506
           65536    8192 1254492 2046458  2701614  4300221 2853004 1623712 2704298  2039519  2739907  1713181  2268384 3286016  4224029
           65536   16384 1275069 2181400  4301432  4349072 4298271 2605704 4223769  2968257  4240974  2429413  2378190 4023341  4248380
          131072      64 1139241 2968575  5608333  5888192 5631197 2968927 1177732  4537406  4652410  2311395  2792214 5812735  4143134
          131072     128 1317027 3081939  5665552  5618938 5507482 3074493 5666019  7707886  5397657  2753448  2708386 5724189  5626586
          131072     256 1308833 1179873  5493174  4546073 4011035 2942863 5501254  7338413  5636046  2850516  2963885 4256268  5512784
          131072     512 1054776  389934  5473158  5586562 5280233 2977288 5529307  7164734  5475938  2788475  2503911 5455452  5597997
          131072    1024 1284476 2998333  5449288  5577041 5531643 2914531 4298399  6703047  5494052  2487945  1759591 5230946  5534651
          131072    2048 1013149 2340115  3552178  3374850 4037340 1784505 4672457  3839028  4871484  1378892  1284050 3659067  4653394
          131072    4096 1064473  597852  4143789  4098562 4303648 1870294 3948663  2821549  2866464  1484695  1408511 3591419  4024690
          131072    8192 1141671 2219416  4094197  4341269 4210210 2318668 3325770  2477160  4088321  1878981  1728999 4151268  4040456
          131072   16384 1156062  251850  3965639  4117502 2779242 1870287 2482182  2776238  4177862  1536567  1672409 3752732  3984320
          262144      64  125717  108083  5538158  6077409 5804781   84608 3870936  7918769  5975093   110620   101445 5357961  5988436
          262144     128  118674  110708  4930859  5769146 5542485   82696 4725102  7669701  5919219    88966   102455 4059023  5324232
          262144     256   80586  103197  5031748  5417866 5412505   99275 4970963  7083851  5438232   107339    91185 3780822  4471307
          262144     512  106801   92029  5194981  5540055 5506759  108952 5098290  7193882  5620943   110969   118695 4581416  5560142
          262144    1024   93746   63331  5258964  5539106 5599217   92553 5069401  6857212  5519392   111705    92730 4816529  5448607
          262144    2048  103658  111500  4379219  4576687 4657352  102999 4172928  3740639  3985227   110897   108101 4480637  4292790
          262144    4096  115043  109710  3789683  4056328 3946945  106109 3872026  2741399  3901068   114685    87427 3611494  4018817
          262144    8192   93322   88873  3625391  2664088 2575802  136425  662913  2642924  3953132    91447    83199 3099208  3260296
          262144   16384   97383   96976  3818003  3946406 3897653  121294 1315126  2791887  3977788   138139   124763 2684087  3280285
          524288      64   31658   40833  4890926  4506400 4278997   12955 4243729  8183575  5586270    75169    76874 1570143  6071801
          524288     128   51786   44542  5527728  5577288 5588343   19121 5091206  8108767  5544970    45752    64586 3712748  4438115
          524288     256   67410   64584  5418932  5575223 5492055   46029 3739035  7346145  5278350    54151    75511 5414515  5558734
          524288     512   75887   41657  5251802  5579014 5287921   27764 5032575  7098894  5507101    77099    51336  873809  5248280
          524288    1024   75519   63425  4524834  5143254 5173042   58763 3829991  4900343  3012679    59923    67608 5210315  5451725
          524288    2048   53295   56633  3022007  3761819 1819352   38230 3808763  3377356  3359765    62174    41600 4639917  4081306
          524288    4096   43674   44198  3985797  4062861 4004399   63675 3718801  2718603  3975219    76161    50586 3768084  3937636
          524288    8192   77555   38816  3924635  4056820 3834893   64849 3243632  2692397  3418205    48133    86500 4057516  4152580
          524288   16384   88649   83686  4007245  4025739 4175526   88731 3981164  2826348  4200049    91822    92106 4099773  4010651

iozone test complete.
