	Iozone: Performance Test of File I/O
	        Version $Revision: 3.420 $
		Compiled for 64 bit mode.
		Build: linux-AMD64 

	Contributors:William Norcott, Don Capps, Isom Crawford, Kirby Collins
	             Al Slater, Scott Rhine, Mike Wisner, Ken Goss
	             Steve Landherr, Brad Smith, Mark Kelly, Dr. Alain CYR,
	             Randy Dunlap, Mark Montague, Dan Million, Gavin Brebner,
	             Jean-Marc Zucconi, Jeff Blomberg, Benny Halevy, Dave Boone,
	             Erik Habbinga, Kris Strecker, Walter Wong, Joshua Root,
	             Fabrice Bacchella, Zhenghua Xue, Qin Li, Darren Sawyer,
	             Vangel Bojaxhi, Ben England, Vikentsi Lapa.

	Run began: Sat Oct  5 10:05:39 2013

	Auto Mode
	Command line used: iozone -a
	Output is in Kbytes/sec
	Time Resolution = 0.000001 seconds.
	Processor cache size set to 1024 Kbytes.
	Processor cache line size set to 32 bytes.
	File stride size set to 17 * record size.
                                                            random  random    bkwd   record   stride                                   
              KB  reclen   write rewrite    read    reread    read   write    read  rewrite     read   fwrite frewrite   fread  freread
              64       4  261427 1947927  3363612 1290201710821524 4018152 2662899  4897948  3738358  3541098  2561267 2662899 12902017
              64       8  809014 2561267  4274062  586030710821524 4274062 5283570  6421025 10402178  4274062  2923952 3738358 12902017
              64      16  603489 1599680  6271021 1290201712902017 5283570 3165299  5283570  4564786  2298136  3406295 3203069 10402178
              64      32  695778 1484662  5389653 2096219115972885 5860307 3203069  4643754  4018152  3363612  2379626 3363612 12902017
              64      64  703068 1553394  9318832 1597288515972885 5860307 3363612  5860307  3958892  4564786  1734015 5389653 15972885
             128       4  700139 2066432  4889281 1420079410779307 4557257 4934216  5325799  3560017  4104338  2027414 3468030 11470204
             128       8  809997 2420455  5325799 1588107814200794 5325799 3560017  6406138  6114306  4267461  1885042 5784891 12842051
             128      16 1114289 2464907  6406138 1588107814200794 5784891 4596273  4407601 12842051  4267461  3277486 5122535 10779307
             128      32  908709 2420455  6406138 1284205114200794 6406138 5784891  6045455  4596273  5325799  2511022 3895854 15881078
             128      64  889145 3560017  7476717 1636517314200794 6114306 6114306  6727225  7582312   947186  5784891 5074121 14200794
             128     128 1059322 2843510 14200794 1588107814200794 6406138 4934216  6406138  6114306  5847904  2211113 5847904 15881078
             256       4  859127 2223962  5569035 1281227710651598 4572895 5022044  3879045  8024634  3823789  3326279 4477549  9778562
             256       8 1052888 2747508  5569035 1435374412812277 5687020 5938650  2102055 11091721  5117791  3756894 6249745 14164395
             256      16 1201314 2903529  5717301 1516462414164395 6107548 4819184  7120034  9434868  3935921  3197509 5971678 13454450
             256      32 1197295 2880164  5810112 1516462414164395 6398720 3823789  5971678 12228612  3557725  3994490 6107548 14953435
             256      64 1158540 3557725  6936061 1607260812812277 6107548 5022044  5347168  8271916  5540300  4181144 5938650  2665657
             256     128 1076103 3368013  4572895 1222861211569783 5455847 4998665  6398720  6107548  4009406  5810112 5242734 14164395
             256     256  985259 4054829 11207494 1281227712228612 5687020 5428265  5810112  5022044  5938650  2228578 5938650 11695808
             512       4  996139 3279573  5886650 11374040 9145790 4091959 5115422  5344582  7647578  4061007  3604335 5227492 10694336
             512       8  986529 3415178  6086873 1462806712215097 2347475 5624545  2132967  9997331  4195896  4068701 3158966 12499490
             512      16 1316016 4061007  6571132 1310994413109944 1683237 5886650  7115451 11138071  4827914  4420457 4420457  5624545
             512      32 1030064 3464769  6551087 1424006913109944 5822804 3325278  7435738  8844453  4742616  2055390 6104175 13783088
             512      64 1336492 3580298  3849877 1503780114240069 6246213 5886650  7091952  9681823  5384786  4375425 6319739 14628067
             512     128 1286067 3580298  6821616 12797441 3029721 5886650 5760329  7115451 10856530  5164632  4827914 5886650 13872122
             512     256 1057974 3304808  7620440  1917728 7988981 5227492 2975154  3012719  4732165  2187279  6395018 6104175 13109944
             512     512 1375881 4262523 13190469 1279744112215097 5278892 5398323  2424328  6086873  5886650  1625889 5760329 12499490
            1024       4  979064 2993413  5564829 11132462 8610501 3518141 4949226  3808251  8000971  3483896  2182617 5245404 10255274
            1024       8 1186518 3369115  5925680  494353012071103 4470172 5564829  5885083  8542002  4146499  2884840 5917516 12037272
            1024      16 1304348 3458646  6208343 1298335312348754 4966395 4110780  6744549  3618930  4493556  4433259 6441107 13472053
            1024      32 1329791 3337696  5529011  387700411132462 2409105 6244448  7869040  8525047  5018624  2783867 6059442 14422045
            1024      64 1361836 3271594  6280976 14230902 9765601 5925680 5885083  7685976 14618393  3684119  4033569 6402699  4783849
            1024     128 1160862 3506651  6650556 1404475813643232 6393168 6128613  7699755 13305116  5042191  4550690 6093831 13818817
            1024     256 1328146 3725664  6364746  628097611614118 5536137 4720752  6479979 10039528  2553783  4356809 5917516 12492426
            1024     512 1009913 3529706  4654248 11903823 8542002 4715569 5169641  6393168  7699755  1917562  5048117 5690162 12492426
            1024    1024  926676 2852271 12208350 1314226511903823 2300703 5451810  3251778  5853003  5885083  4854136 5958564 12790037
            2048       4  899393 2027455  5303064  5359311 7940367 3592903 5068389  4796687  7311791  3899542  3180508 5430461  9308497
            2048       8 1178348 2384234  5659442 1295995811706006 3604966 5986827  5222461  9101380  4697018  4038890 4674016  5578583
            2048      16 1266614 3180508  4653758 1170600611380325 3483621 5937172  7286980  8292998  4796687  2937929 5685664  7733066
            2048      32 1350023 2727131  4196751  403889010240672 3221057 6114678  7698414  8949659  4023754  4356379 3507805 11440955
            2048      64 1295263 3418463  6114678  520979111835033 5172149 6149699  8190205  9887060  5044577  4385291 4204968  9898453
            2048     128 1227167 2941954  5937172  9898453 6243566 5578583 5804771  8029434 10439809  4934459  3611028 5184636  8357547
            2048     256 1314489 3483621  6261772 1107227512204980 5804771 5626082  4356379 12187663  4601407  4048407 5920802 10660056
            2048     512 1255506 3020577  6670210 11202231 7189398 5131978 4276140  6759439  7529708  3060395  3324528 3878414  3946119
            2048    1024 1158327 3065856  4994712  6041567 7336772 3624742 4490751  6097316  7670915  4531020  4358590 4086930  5937172
            2048    2048  956157 3482209  4293237  7444871 3386122 3690142 5264067  4265523  5319484  4146110  2701402 5006356  6359119
            4096       4  972933 2499324  4880914  4681411 5713661 2266531 4587653  5374073  6058196  2934319  3014114 4311344  4922872
            4096       8 1211487 3450600  5649775  4807163 7261741 3360164 5409609  7111444  5171846  3402085  3433360 5769304  5404504
            4096      16 1142901 3070133  5389246  4613524 4882301 2212815 5244471  7585581  6978564  3740604  3022599 5286429  5211065
            4096      32 1324298 3394019  4899008  5601877 5542240 4664886 5312585  7683972  4994430  3494822  3806915 4952675  4784405
            4096      64 1300736 3849566  4934183  5810280 7200866 4433736 4871226  7969117  4842392  3527834  3384658 4801789  5902100
            4096     128 1307368 4007615  5151685  5826043 5744227 3931494 4592558  6041154  5278308  4385074  3225172 5038371  5062125
            4096     256 1293781 3324403  5894001  5447345 7906767 4452120 3750403  7380284 11252164  4248440  3360164 4389555  5542240
            4096     512 1232963 2786313  4565707  6661947 6500617 3565171 4248440  6761583  2307631  1552658  3436107 5025108  6204794
            4096    1024 1202919 2537719  4546375  4271680 6625976 4043458 4357270  6628532 10190895  3782607  2782703 4043458  5926533
            4096    2048 1065563 2124432  5291314  5178081 5402804 3326978 4576653  4223375  3846119  2298370  3782607 3057021  3689988
            4096    4096  997333 2769246  4638436  3421735 2531736 2790386 3656998  2359610  4467170  2996241  2846325 3441614  3305851
            8192       4  974528 2246203  5630154  5626466 4953250 2635594 4445097  5126937  4112571  2398785  2161424 4852518  4751854
            8192       8 1225610 2884511  5773964  5041185 4667297 2530581 5309142  5468852  3930957  2664825  2688596 4607218  5392464
            8192      16 1378425 3665505  5948908  6429825 6019780 3342125 5041185  7019632  5323125  3113478  3339526 4946832  5350479
            8192      32 1466246 3311524  4967573  5971654 5440277 3792546 5217241  7563550  4299909  3132781  3627963 6370221  5940679
            8192      64 1321741 3710232  5948908  4699856 4815791 3058057 4479286  8119403  5333039  3468296  3710232 5406890  6164502
            8192     128 1163994 2862403  5164698  4095903 5305863 3541946 4964702  7334293  2568029  2488428  3430209 5464503  4427912
            8192     256 1403939 3472502  5003744  4835445 4743326 3552199 4971166  6827153  4112571  2982148  3336931 4323172  4194403
            8192     512 1471773 3738897  5793435  5164698 4821197 3629496 2286258  5724900  8856046  2646965  2867180 5554610  5171695
            8192    1024 1433160 3560297  4644585  4853203 5305863 3049913 3932757  3424738  8224350  2811117  2730689 4768340  5461029
            8192    2048 1154607 2151813  4670469  5038228 4796296 3282106 3972772  3358786  3915726  2117859  2529090 3519092  3340825
            8192    4096 1080026 1932080  4447398  4248864 4209820 2038330 3380930  2311482  4162392  2381989  2701703 2771213  3041813
            8192    8192 1026190 2683347  3305789  4445097 4251492 2670002 3566209  2537683  4280090  2898869  2229153 3813593  2814110
           16384       4  957458 2523685  4080776  4514541 4058363 2181376 4593300  4863441  4168908  2722015  2583846 5123041  5061534
           16384       8 1139365 2862380  5058554  5365018 4939296 2643381 4933268  7195903  5630526  3049887  2834984 5016457  4790547
           16384      16 1232066 2933619  6145651  6260425 5778725 3106553 5368371  7488387  5417891  2562457  3285999 5643473  5181367
           16384      32 1332785 3694435  4495933  4638880 5251451 3431888 5916541  8241913  6330788  3105430  3216329 5417891  6519994
           16384      64 1271951 2905464  6460536  6463575 6347747 3759516 5492370  8780015  6382531  3764665  3356786 5426876  5964297
           16384     128 1295987 3922388  4863096  5514407 5118080 3338845 5042962  8582633  6104162  3360233  3227659 4924430  5477486
           16384     256  567747 2921646  4636064  4332113 4786210 3959451 5171619  7617042  4979742  3658832  3267096 4971096  5887143
           16384     512 1449906 3186353  6010201  6065906 6045627 3248102 5064519  6127020  4274448  2423642  3373429 5613049  1676133
           16384    1024 1132269 1989342  4178541  5180196 5509102 3815458 5531719  7043957 12355605  3103607  2459378 5032253  5194684
           16384    2048 1134475 2168914  3875273  3360726 3685914 2575325 5115033  4316331  3489749  1794719  2565614 3829704  3869600
           16384    4096 1071551 2538977  3628884  2993555 2892257 2363865 3698412  2998649  4352693  2518321  2203620 3576381  4263310
           16384    8192  965353 1881292  4405431  4399509 4425860 2649394 3583468  1751180  4114493  2330279  3454315 3090765  3409075
           16384   16384 1012862 2731536  3071013  4267546 4453106 2536260 4407692  2435927  3192571  2302097  3007310 3581974  2763835
           32768      64  957230 2676002  4320647  4345785 4496199 3091933 4209616  7757984  4531630  2949156  3679382 6408663  5461337
           32768     128 1363524 3328721  5523894  5393822 5864986 3804032 5138518  8408723  4806094  3216691  3220762 5431552  5848514
           32768     256 1278944 3189149  4375948  5148913 4397229 3020649 5059821  6296508  5168470  3087766  3090126 5470467  4922985
           32768     512  709908 2871398  6066122  5857487 5995991 3909312 5218710  6116878  5360374  2899323  3481158 5079456  5573625
           32768    1024 1226620 3271825  5322798  6139558 5897704 3881052 5157028  4851561  5291240  2348628  3144998 4640729  4173821
           32768    2048 1161539 2087538  5356822  4814512 5352649 2805975 3744032  1743268  6487619  1999757  1644561 3039958  5117472
           32768    4096 1136828 2684155  3550953  3249162 3432986 2336054 4350599  2713246  2124748  1185873  2162764 4144120  2747141
           32768    8192  979260 2558441  4297948  3147158 3247243 2457127 4287891  1996591  2787367  1876304  2322003 2933607  3333485
           32768   16384 1202053 2428902  4417866  3542076 3589439 2249638 2004044  1660817  2670802  1549309  3105417 2794280  2678870
           65536      64  984333 3458375  6361617  5386825 5196297 3679964 5979661  8324133  5881401  3418505  2979195 5637965  6229696
           65536     128 1361274 3732735  5021169  5273659 5379762 3533688 4389842  7845852  5758920  2946494  3007620 5711771  5995966
           65536     256 1085050 2260791  5453190  4467031 5790340 3850542 5397403  7454759  4669171  2813178  2600109 5644332  5011100
           65536     512 1378547 3617775  5857713  4620743 5851976 3852376 4588731  6281659  4528779  2717210  2671783 5695793  4558369
           65536    1024 1108187 2669914  5188450  4771456 4025815 2147604 4503256  6940168  4268634  1929295  3237483 5234891  5887195
           65536    2048 1145273 2473240  5277101  3105235 3147872 1932985 3146539  2796606  4988636  1789234  1910283 4200212  4865973
           65536    4096  931543 2239407  3185372  2778346 2740480 2033514 2737614  1907671  2752555  1566230  2102673 3854375  2944222
           65536    8192 1220546 2110260  3339430  2780960 2711340 1997734 2611621  2184243  2729649  1684726  2084148 2667867  3537144
           65536   16384 1123322 2041625  2840122  2969604 3122838 2469063 2721595  2240174  2827502  1916369  1929688 2812228  2914379
          131072      64 1157605 1501155  5997588  6074327 5767487 3081784 5778217  8501228  5894316  2964429  2907287 2592150  6390889
          131072     128 1351283 3135409  3147814  5490869 5717165 3035902 5629755  8010802  5596116  2921345  3035349 5451557  5889516
          131072     256 1316008 3098039  5610966  5726157 5591563 3243707 5481671  7256371  5407480  2824884  3011489 5017860  5416430
          131072     512 1323119 3130820  5344657  5609249 5452963 3194159 5418192  6767824  5344398  2720515  2975194 2238703  5575627
          131072    1024 1275219  780729  5456318  5610508 5346581 3007815 5260982  6637574  5364737  2521447  2244993 5072259  3939523
          131072    2048 1162523 2538680  3564454  4890552 4678501 2482799 4678780  3869399  4491219  1839787  1232910 4633822  4719387
          131072    4096  908072 2310939  3921734  2689426 2605344 2175030 3994627  2426805  3812115  1809313  1342964 3923497  4027668
          131072    8192  942379 2343047  4022717  4013466 3841147 2337945 4021834  2616890  3930426  1715152  1722277 4110145  4001227
          131072   16384  998697 2252176  3922070  3981637 4114144 2315718 3407039  2552660  3936702  2030643  1562668 3998287  4120063
          262144      64  115328   89890  5698906  5966371 5711339   84743 1970578  7900163  5877421   119719   122045 5697665  6186283
          262144     128  128918   89250  5130716  5763309 5571469   78809 1653956  7824713  5398686   124733   115370 5226764  5786726
          262144     256  126808   95725  5109330  5617812 5426074   77161 4105369  7276339  5707722   101893    86585 4996648  4344079
          262144     512  103588   97024  5212121  5556714 5543100   97258 4983355  6862777  5486590   116835   107157 5345510  5494514
          262144    1024   70002   89053  5124404  4980872 4386172   76265 4975597  6835896  5566053   117016   123452 3038434  5526383
          262144    2048  127555  111190  4325587  4748201 4769622  121332 4314706  3551178  2961641   122671    76683 2498107  2764913
          262144    4096   84472  111012  3692798  3899920 3987656   86717 2620287  2531280  3766498    84450   110260 3752307  4051381
          262144    8192  132096   62365  3880855  4018773 3926675  119180 3711609  2732033  4001821   125704   131899 3824178  4207033
          262144   16384  123901  114869  3826027  4156538 4164646  128093 3884489  2714409  3966595   138580   131365  249306  4073022
          524288      64   24469   73647  5426514  5694136 5822068   22127 5527492  7949163  5679034    78798    79556 5832553  6156145
          524288     128   73007   55816  5344910  5724166 5493783   23875 4861989  8091611  5296262    78576    76359 4229453  5740843
          524288     256   79723   41546  5369209  5679958 5533612   38157 4592772  7065207  5432412    79262    79943 5487861  5482853
          524288     512   70715   53819  5381231  5476790 5525561   56885 5244187  6891355  5591924    37563    35970 4268300  4442966
          524288    1024   69063   54142  5008961  5547852 5754514   60832 4713292  6562548  5629761    77087    77644 5131025  5342092
          524288    2048   69422   37048  4720718  4966818 4959168   33552 4245146  3493269  3946554    77048    40674 4618789  4782077
          524288    4096   79507   79440  3571856  3980984 3996982   73815 2644341  2593494  3917796    39266    75677 2995076  3467124
          524288    8192   45553   66040  2857578  4086007 3894490   44217 3838830  2675445  3864316    43778    44627 3609252  3876264
          524288   16384   63457   54348  3852705  4012180 3926814   77908 2852851  2765187  3977815    77329    66226 3742885  2736040

iozone test complete.
