	Iozone: Performance Test of File I/O
	        Version $Revision: 3.420 $
		Compiled for 64 bit mode.
		Build: linux-AMD64 

	Contributors:William Norcott, Don Capps, Isom Crawford, Kirby Collins
	             Al Slater, Scott Rhine, Mike Wisner, Ken Goss
	             Steve Landherr, Brad Smith, Mark Kelly, Dr. Alain CYR,
	             Randy Dunlap, Mark Montague, Dan Million, Gavin Brebner,
	             Jean-Marc Zucconi, Jeff Blomberg, Benny Halevy, Dave Boone,
	             Erik Habbinga, Kris Strecker, Walter Wong, Joshua Root,
	             Fabrice Bacchella, Zhenghua Xue, Qin Li, Darren Sawyer,
	             Vangel Bojaxhi, Ben England, Vikentsi Lapa.

	Run began: Sun Oct 27 23:18:36 2013

	Auto Mode
	Command line used: iozone -a
	Output is in Kbytes/sec
	Time Resolution = 0.000004 seconds.
	Processor cache size set to 1024 Kbytes.
	Processor cache line size set to 32 bytes.
	File stride size set to 17 * record size.
                                                            random  random    bkwd   record   stride                                   
              KB  reclen   write rewrite    read    reread    read   write    read  rewrite     read   fwrite frewrite   fread  freread
              64       4  762118 2575592 15586066 3264532416546818 453263812648456  5807427 32645324  1729356  338836111081940 32645324
              64       8  737008 3225504 29105686 6356836063568360 702291721961891  7843764 32645324  5344893  453263832645324 63568360
              64      16 1015943 3187207 32645324 1600000063568360 721158921961891  8079860 63568360  4950602   62685932645324 63568360
              64      32  719236 3346124 32645324 1600000063568360 721158921961891  2551115 63568360  6357597  5807427 7211589 16000000
              64      64  512063 2678387 63568360 1600000063568360 807986021961891  7211589 29105686  8079860  495060232645324 63568360
             128       4  853228 2654848 14045834 2128515613023645 4428795 4741721  5579457  9901205  2603354  412271113023645 18371655
             128       8  961750  991959 15687528 2529691218371655 608539914045834  7537909 25296912  5151185  328919016159720 21285156
             128      16 1092927 5102230 18371655 2529691218371655 645100815687528  7986442 26547824  5759009  582145616159720 21285156
             128      32  984681 5102230 18371655 2529691221285156 669224914423179  6692249 18371655  6085399  645100816159720 21285156
             128      64 1205847 5579457 21285156 2529691218371655 355019816159720  7537909 21285156  2914248  906527617763780 25296912
             128     128 1077571 3999849 21285156 2529691218371655 704344416159720  6776723 18371655  7137078  637441418371655 21285156
             256       4  785345 3506407 12170799 1338449910713550 441464310204461  5957858 10204461  4126240  400317111642912 12902017
             256       8 1061825 4663925 14274156  776819713553447 555701412748828  6743644 12748828  5012267  456478614274156 15972885
             256      16 1196739 5012267 11642912 1621408414274156 579702813553447  7712400 18130552  5336084  530969714274156 15972885
             256      32  885762 5232079 15075819 1725640915075819 638285613553447  7999698 18130552  5704632  567448414274156 15972885
             256      64 1138375 5444309 15075819  776819715075819 653832413553447  7147662 18441952  6127866  340629514086888 15972885
             256     128 1164297 5336084 14274156 1217079915075819 657838112748828  4746391 15972885  5035774  915983814274156 15972885
             256     256 1305901 5336084 13384499 1486707815075819 638285612902017  6234609 14274156  3417135  627102113384499 15075819
             512       4 1059845 3682098 12186186 1284205110071548 425899710024534  5062160  9840785  3997380  384700111409265 11849965
             512       8 1254941 4267461 13834848 1468638112765712 522219013156763  7425015 11409265  3607865  3967836 8976919 14200794
             512      16 1228380 3847001  2666943 1509943413487288 575389212469219  7105631 13156763  4168068  403493312469219 15999397
             512      32 1249101 4027366  7298835 1542480014200794 640613813487288  7859826 17013439  4416666  434517312842051 14295325
             512      64 1379933 4922905 14586625 1599939714686381 266694313487288  8006343 17013439  2813704  537916114200794 15099434
             512     128 1313266 1862158 11656992 1420079413156763 6079686 9129573  7012814 11114029  3707526  609694713156763 12765712
             512     256 1379933 4606131 11656992 1348728812842051 607968612186186  6483502 13403110  4834249  854812412842051 13487288
             512     512 1347041 4968464 13076648 1383484813487288 4922905 8686430  6096947 13076648  6311992  618474213156763 13834848
            1024       4  990257 2797618 11632454  5849678 9212263 2687339 9668498  5504796  9232065  3682801  234412911149307  8981101
            1024       8 1262771 4632076 13800298 1440187512661199 483002312623984  3939531 12056969  4264168  447288613454450 14211262
            1024      16 1280084 4879409 13625180 1459767013287947 524914112623984  6687659 13125514  5173270  514846511385757 13496730
            1024      32 1365552 5223605 13625180 1459767014025629 628633412812277  7694002 13668541  5504796  496974513800298 11149307
            1024      64 1202996 5394177 13329185 1505828914211262 648568313454450  8319987 16762628  5561824  5307521 5881721 14258441
            1024     128 1356495 4413138 11006449 1402562913625180 644674312333964  7877453 16255098  5387411  562004610245071 13844783
            1024     256 1402565 4510464 12333964 1296700410245071 6168955 5627409  6825829 13454450  2797618  386508211632454 12812277
            1024     512 1385373 4395074 11759855 1247728912812277 542141310678080  6475904 12774170  4431351  6515198 8815202 12812277
            1024    1024 1354356 4781628 12967004 1189007813125514 5414578 9646782  6098875 11006449  5889787  588978710343765 12513642
            2048       4 1010791 2621901  4695947  5446240 9478833 2506383 8226151  3703798  6246213  2925505  3448079 8709933  8945772
            2048       8 1231492 3954444  7674910 1312998311573256 4239383 7586788  6442985 11196141  3798800  521163410091288 11495814
            2048      16 1331520 4377655  9985709 1331312912267430 509418710897851  6757222 10897851  4921970  456129411254819 12043830
            2048      32 1429220 4480405 10284602 1391707312197751 575261410346541  1941130 12874162  4947484  471657511181567 13565422
            2048      64 1188552 4377655 11066326 1403073312971366 6006011 9893698  7560079 13313129  5118470  477424710721031 12337910
            2048     128 1441210 3952624 10284602 1233791012971366 546356010667773  7474559 15989520  4774247  4622661 9985709 13210756
            2048     256 1418365 3729528  9304292 1131411512249936 5562626 9573914  6870723 13375318  3842988  3827576 6343073 11635965
            2048     512 1417428 4266758  9314381 1095343612111757 5331314 8605227  4947484 12267430  3282080  3744158 7814552  7500666
            2048    1024 1404680 3800481  8908661  8124999 9573914 5058190 5566231  5609852 127783083  3453624  4874488 6827037  9489304
            2048    2048 1352698 3277071  4827914  4958908 5070132 2836625 4492120  3413821  5170850  3246111  3518701 5771941  5783600
            4096       4 1139080 1687573  3853524  4437840 4807947 2189292 4836371  5375053  5817329  3209856  2270600 4266994  5901255
            4096       8 1264972 2592318  4665624  2888721 5705280 3141190 5610261  6280976  6371828  5875020  2673816 4685986  5462210
            4096      16 1159061 3641173  5768496  5935918 7313001 3495237 5511274  6715548  7420395  3070453  2429203 4807947  5284125
            4096      32 1396484 3703178  5793786  5658303 6283273 2253031 3803192  4357914  7641533  3788933  3194933 4536271  6594395
            4096      64 1384220 2026591  8645165  5183679 6124244 4024121 5703385  7462296  4970706  2794282  3070453 3831181  6694613
            4096     128 1327325 2668417  5001093  5068970 6511909 4221904 5579287  7002979  6726065  4852764  2280547 5239006  4577364
            4096     256 1277672 2929607  4418437 10092609 5658303 2884356 4310893  6534200 12519737  3180148  3335105 5051086  5617598
            4096     512 1418742 3424861  4680879  3029840 7136800 3047576 5120336  7861838 11536131  3820106  2963976 4329361  3999762
            4096    1024 1519236 3047576  2318088  4959227 5688278 3900772 4329361  5770434  8445421  3245635  1753365 5006923  4231262
            4096    2048 1117591 2322161  2245669  3561168 3803192 2620391 3853524  2902876  4818736  1884124  3754159 3778101  4634161
            4096    4096 1338494 1877946  3009670  3546465 3673877 1844278 3002831  2569827  3905205  2548857  2260442 2926114  3453779
            8192       4 1105233 2748070  5435615  4399328 4383054 1993576 5354300  5316192  5626082  2829773  2101098 3862283  5285119
            8192       8 1118509 2105347  5145812  6634149 4790000 2372382 5336835  6512184  5661307  3463954  2936171 5692258  5650136
            8192      16 1136038 3514263  5100742  5194826 5745561 2995298 6320516  6611172  4913993  3450388  2804596 5490334  5818533
            8192      32 1485169 2894616  4718951  4870113 3790698 3446235 4932334  6404158  3998004  2926917  3241722 3919560  5165928
            8192      64 1455105 3605344  5629769  5897429 5418472 2822799 3304385  7960603  5953632  3101836  3284485 5689430  5889342
            8192     128 1340542 2444624  4530423  6045819 4256012 2705443 4304532  7073947  4612526  2408636  4051271 5653855  4496039
            8192     256 1088359 3312349  4251273  4620590 4816185 2719792 4684211  5868220  4908377  2049587  3034180 4970866  5268102
            8192     512 1261267 3330005  4316429  5410792 6234503 3882797 5258427  7135648 12279128  3761237  3238056 4425963  4888127
            8192    1024 1075919 3615207  4779339  5534553 5595845 3508522 5016589  4759478  4646835  2403750  2439590 2726049  4610051
            8192    2048  986747 1406616  2142232  2745216 3820625 2256171 3764533  2567949  3728989  2039247  2055226 3953383  3711668
            8192    4096  943554 2007788  3346546  3411674 3460814 2032252 3474111  2188626  3623213  2153645  2305060 3496383  2823959
            8192    8192  952130 2301663  3840697  3301845 3312668 2077093 3508522  2641792  3871422  2314064  2541734 4284671  3351769
           16384       4 1031928 2385908  5077085  5178471 4251331 2104265 4156196  3804807  4070523  2274332  2027708 4679498  5191381
           16384       8  966950 3107759  6110992  4669006 4886467 2379382 3501589  6359838  5199630  2616467  2389393 4091852  5092888
           16384      16 1058603 2306934  5181595  5396440 6345158 2717020 5209484  5898048  5576420  1965254  2884558 4634682  4016516
           16384      32 1093002 2457846  5457728  5766884 5951169 3019544 3406976  7377115  4644079  3162391  2979483 5538667  5075585
           16384      64 1125511 2769023  5563328  6633011 4855737 2846443 5219376  6651630  4685241  2481723  3236717 4990440  5004614
           16384     128 1069243 2322685  5286836  4426882 5305612 3338778 5261335  5826537  6164164  2676698  2662800 5135899  5474249
           16384     256 1283415 3245584  5018136  3897159 5665145 2853298 4927461  3918715  4587959  1921673  2917872 4072452  4603634
           16384     512 1076698 2783492  5771243  4412668 5688593 2853890 5216207  5876863  4731044  2282870  3182603 5291721  5317518
           16384    1024 1307169 2497507  4026400  3792628 4657298 2930440 3733897  5949108  9758208  2163491  2652010 4633432  3751017
           16384    2048 1041374 2218315  4108241  3651557 4143665 2333886 3836028  3437654  4137428  1743165  1941490 3748357  4254490
           16384    4096 1118513 1912208  3793465  3518982 3984379 2303995 4197833  2657548  3373857  1949752  2189479 3624020  3603307
           16384    8192  963655 2001952  4316218  3803122 3644972 2468618 3982301  2200697  3261759  2402760  2730623 3513584  2961635
           16384   16384 1090020 1948370  3098371  2880930 3258511 1901099 3024462  2605159  4092095  2819928  2576443 3541835  3376675
           32768      64 1098859 3208100  5166834  6005838 4379516 2879193 5723708  6757667  4484987  2575923  3301581 4529030  5342991
           32768     128 1090696 2878409  5046738  5031219 4363249 2736834 4413834  6440069  4675872  2528997  3242155 5378116  5536039
           32768     256 1086789 2890577  4210207  4770492 4105201 3228674 4616503  6421413  4613249  2893194  3110729 4470399  4475348
           32768     512 1181638 3040535  4117623  4488649 4484402 3031815 4251229  5254541  5473208  2504435  3183799 4733198  4185972
           32768    1024 1159194 2801661  4279957  4960401 4870401 2837582 4642702  5538716  4547461  2157217  2575054 4101648  4135837
           32768    2048 1194163 2138055  3710532  3833377 3768111 2383311 3884297  3475663  4364357  1756987  2057123 4145193  4330938
           32768    4096 1091684 2247489  3639588  3442409 3123738 2040206 3514323  2276488  3097130  1826037  1697023 3384093  3323697
           32768    8192 1106164 2354042  3299520  3115383 3440254 2175244 3475224  2765692  3391107  2232158  1888099 3615936  3757809
           32768   16384 1072985 2277582  3267359  3449667 3306505 2213464 3753909  2408538  3148931  1958399  2986490 3567968  3657993
           65536      64  354099 2687419  4999305  5664873 4546350 3061266 5170841  6977088  4763484  2468389  2926498 4849113  5730655
           65536     128 1194538 3136900  5008049  5235747 4894007 3399714 5159485  8157286  5177366  3038559  2858481 4772830  4707037
           65536     256 1321266 3038291  4600295  5079493 4438008 3342987 4327544  5835897  4376045  2433921  3092921 4327544  3548266
           65536     512  715170 2683483  4728820  4334094 4704378 3141238 3678663  5516953  4404302  2626057  2805099 4938231  4876901
           65536    1024  927904 2916191  4629193  4676446 4758289 2931586 4979922  3461449  3844434  1356067  2208400 4953895  4859915
           65536    2048 1035519 2229103  4443676  4035958 3861663 2406329 3573173  3036176  3658394  1749263  1818069 3494496  4252822
           65536    4096 1027887 2233758  3242585  3676596 3734032 2154802 3572245  2253481  3122859  1586439  1703694 3871235  3130149
           65536    8192 1105475 2121442  3576707  3629603 3642299 2453429 3246951  2390612  3435706  1955949  1974566 3180418  3270906
           65536   16384 1072814 2324387  3412969  3770966 3734895 2269800 3293954  2239017  3500682  2023597  1881163 3267990  3718323
          131072      64 1152851 2788540  5118806  4924573 5259501 2886732 5237604  6645323  4882759  2253797  2676458 5134007  5326615
          131072     128 1085130 2712255  4852889  4986572 4819154 2480733 4808028  6498739  5007922  2327026  2407290 4619749  4978624
          131072     256 1117082 2413228  5024261  4023205 4511919 2596614 4758298  5739224  4310585  2869974  2472966 4452321  4076879
          131072     512  995805 2331951  4483548  4756939 4946862 2523723 5128404  6587513  5051313  2291305  2460019 5074205  4684664
          131072    1024 1124762 2334734  4602422  4882368 4989786 2476843 4682151  5855366  4592081  2070579  2515719 4469333  4710434
          131072    2048  998393 1936726  3930302  3927241 3874433 2002445 3803374  2957803  4028157  1463937  1504291 3707821  3648808
          131072    4096  965545 1877663  3504682  3329145 3271066 1816232 3465403  2390209  3183129  1456757  1505243 3410856  3329246
          131072    8192  918012 1964682  2956197  3008861 3420470 2227109 3246361  2320758  3204223  1462609  1436611 3299731  3367049
          131072   16384  989626 1906721  3327472  3283217 3459841 1845076 3287399  2496085  3230357  1657902  1606588 3291276  3365648
          262144      64  150579  128562  5074702  4884000 4550012  112755 4767463  7221408  5178138   150424   148956 4925482  4898338
          262144     128  157905  145283  4783808  5131616 4869680  120092 4686406  7187561  3413018   152878   152043 4664991  5262779
          262144     256  136521  139111  4424590  4647698 4651827  128903 4619773  6385818  4703647   162631   127994 4583337  4763993
          262144     512  160205  148800  4521125  4911072 4627998  137924 4949004  6499977  4862982   165198   160576 4521348  4461177
          262144    1024  155949  146702  4440870  4513571 4712780  149394 4377224  6041995  4799679   140526   161211 4784870  4614654
          262144    2048  156077  147630  3916989  3655604 3596875  146157 3891164  2847256  3739845   169900   153590 4119375  4242905
          262144    4096  154256  129645  3344611  3334913 3317095  142273 3537030  2416677  3395427   171274   157371 3259645  3050671
          262144    8192  148058  140705  3308401  3246162 3272227  158376 3374968  2387076  3647769   180108   177555 3513150  3567847
          262144   16384  151958  137283  3099807  3376316 3283366  160434 3539479  2492385  3548961   188486   166816 3575784  3415871
          524288      64   57654   68067  5329205  5475816 4838300   26888 5148198  7306229  5372956    78110    80544 5218818  5517182
          524288     128   81996   76585  4997505  4714318 4969316   46910 4974262  7015005  4968564    83975    83061 5064164  5449125
          524288     256   80888   70628  4594620  4705129 4799419   55462 4819088  6843329  4823252    81013    81170 4558399  4632016
          524288     512   78591   77653  5002996  4593411 4652479   62492 4569197  6511452  4919655    82008    78886 4446700  4486390
          524288    1024   79891   76270  4763262  5091271 4863210   60362 4843757  6377266  4744353    81958    79466 4429717  4641853
          524288    2048   77159   66436  3913269  3906421 3814416   69812 4142704  2935529  3926804    79096    81024 3862589  4010128
          524288    4096   77586   70899  3373691  3608563 3477567   70417 2871487  2073030  3297973    79836    79357 3282544  3319474
          524288    8192   78385   74931  3365095  3398467 3356517   80056 3462951  2513510  3321726    83527    78401 3293493  3212723
          524288   16384   79452   75130  3347794  3530343 3453830   82594 3447473  2495350  3374861    85212    87586 3578491  3720862

iozone test complete.
Timer resolution is poor. Some small transfers may have 
reported inaccurate results. Sizes 64 Kbytes and below.
