	Iozone: Performance Test of File I/O
	        Version $Revision: 3.420 $
		Compiled for 64 bit mode.
		Build: linux-AMD64 

	Contributors:William Norcott, Don Capps, Isom Crawford, Kirby Collins
	             Al Slater, Scott Rhine, Mike Wisner, Ken Goss
	             Steve Landherr, Brad Smith, Mark Kelly, Dr. Alain CYR,
	             Randy Dunlap, Mark Montague, Dan Million, Gavin Brebner,
	             Jean-Marc Zucconi, Jeff Blomberg, Benny Halevy, Dave Boone,
	             Erik Habbinga, Kris Strecker, Walter Wong, Joshua Root,
	             Fabrice Bacchella, Zhenghua Xue, Qin Li, Darren Sawyer,
	             Vangel Bojaxhi, Ben England, Vikentsi Lapa.

	Run began: Sun Oct 27 23:18:36 2013

	Auto Mode
	Command line used: iozone -a
	Output is in Kbytes/sec
	Time Resolution = 0.000001 seconds.
	Processor cache size set to 1024 Kbytes.
	Processor cache line size set to 32 bytes.
	File stride size set to 17 * record size.
                                                            random  random    bkwd   record   stride                                   
              KB  reclen   write rewrite    read    reread    read   write    read  rewrite     read   fwrite frewrite   fread  freread
              64       4  546928 2203800  7940539 15972885 9006179 3791156 7100397  4564786  3791156  3363612  2923952 7100397 12902017
              64       8  666414 2561267 10821524 1597288512902017 489794810821524  2689580 15972885  4564786  354109810821524 15972885
              64      16  743988 2662899 12902017 2273779115972885 489794810821524  5860307 12902017  4897948  427406212310336 20962191
              64      32  983980 2662899 12310336 2273779112310336  40807710402178  5735102 12902017  4274062  246710810402178 22737791
              64      64  969761 2379626 15972885 2096219115972885 586030710821524  5860307 15972885  5735102  320306912902017 20962191
             128       4  883293 3199360 10567140 14200794 9977956 4104338 8548124  4934216  8548124  3657016  3359523 9977956 11720614
             128       8  508012 3657016 11720614 1588107811470204  79090510779307  6114306 15881078  4759253  459627312842051 14586625
             128      16 1243315 4596273 11720614 1588107812842051 554586010567140  6406138 15881078  4934216  493421611720614 14200794
             128      32  914904 3445772 12842051 1420079412842051 512253511720614  6727225 14200794  5325799  584790411720614 14200794
             128      64  592699 4934216 14200794  803630412542043 584790410567140  6727225 12542043  4407601  803630412842051 15881078
             128     128 1185654 4759253 12842051 15881078 7917784 554586010779307  5847904 12842051  5784891  554586011470204 14200794
             256       4 1008392 3557725 10245071 11091721 9114515 4132864 8534922  5022044  8815202  3935921  387904510245071  9518507
             256       8 1070737 4422226 10758322 13625180 8534922 511779110245071  6554972 10651598  4840911  411701812228612 12812277
             256      16 1213534 4672389 12228612 1416439512228612 556903510651598  6398720 12812277  3667079  492981511695808 12812277
             256      32 1158540 4572895 12228612 1416439512812277 584172211695808  3705040 15164624  5347168  405482912228612 13454450
             256      64 1237306 1740810 13454450 1516462412812277 607300412228612  7314033 14953435  5569035  624974512228612 13625180
             256     128 1292410 1300235 12228612 13454450 8534922 593865011569783  1790149 13454450  4332998  853492212228612 13454450
             256     256 1175022 4929815 11569783 12812277 2261434 568702011207494  1778290 12228612  5810112  581011212228612 12812277
             512       4 1096322 3533174 10235583 11138071 8992598 4091959 8701110  4650188  8844453  3970896  387768410284602 10911694
             512       8  851903 4228947 12215097 13109944 3736016 501976411374040  6909408 11374040  2463259  462017412499490 13109944
             512      16 1075998 4457157 12797441 13522711 3736016 534458211620224  6909408 12146009  2474613  488280012797441 13522711
             512      32 1293037 4068701  8844453 1387212212797441 601863611943357  7647578 15037801  4305250  497326313109944 12499490
             512      64 1289930 4030519  9145790 1424006913438092 617437712215097  7620440 10434519  5453155  497326313109944 14240069
             512     128 1279935 4457157 11943357 1343809211943357 4155301 8018812  7435738 15143846  4340054  4742616 8955098 13109944
             512     256 1111070 3842988  4784885 1249949011138071 568409511138071  5822804 12215097  4701087  5822804 7871843 12215097
             512     512 1325766 4784885 12215097 1249949011138071 265185011138071  5624545 11620224  5398323  449447010485468  8992598
            1024       4  827258 3324778  7644933 10329265 8895850 2528227 8262639  5096034  8680108  3643490  3567824 9300377  9855234
            1024       8 1245710 4317393 11398360 1310217411614118 4195100 9946527  7066349 11398360  4265934  428295011249091 12790037
            1024      16 1181297 4854136 11773301 1347205312173747 463416110796646  6355328 12173747  4550690  492651811520658 12944224
            1024      32 1360111 4995276 11903823 1381881712944224 575111711520658  7319232 12790037  5277632  5144870 9464330 13305116
            1024      64 1343938 5151040 12492426 1442204513643232 359169311773301  6441107 16280798  4720752  520094112037272 13818817
            1024     128 1359680 4570058  8137402 1347205313102174 620834311249091  6776473 15516181  3671521  343650810878686 13142265
            1024     256 1321200 4339202 11249091 1003952812173747 588508310354166  6744549 12790037  4832290  562311510454984 12173747
            1024     512 1410588 3229770 11520658 1190382312492426 5720477 8391792  6059442 11368190  4374559  6963241 9142007 12037272
            1024    1024 1063425 4270175 10990032  559382011645609 3532609 8061038  3495237  8750850  1432225  4634161 6650556 11645609
            2048       4 1174321 3070239  4170264  4697018 4643695 2756005 5611381  8357547  8531869  2774700  3012103 7183386 10084382
            2048       8 1206145 3611028  8531869 1218766311015480 4250747 7556202  6243566  9268323  4257067  3638560 5578583  6759439
            2048      16 1105695 3070239  5582208 12345306 7503399 5626082 8793903  6670210 11072275  4519101  4293237 8431376 11900619
            2048      32 1282308 4358590  8749118 1241668612050878 5083385 9308497  6945257 11579763  3722122  4414590 9796850 10834854
            2048      64 1399740 4460436  9653719 1150223412959958 5403134 8903279  7817519 12257227  4623699  4653758 6523312 12345306
            2048     128 1211247 3717289  9441504 1101548012416686 542018110037248  7969835 15623582  4453499  4312636 8498106 11835033
            2048     256 1437211 3850597  8253158 1118764110289741 5144271 8987113  6780783 12959958  4330028  4023754 7562855 10555264
            2048     512 1404546 4023754  8987113  979685010726615 4971585 7969835  6003564 12118884  4432815  4293237 5461535  9796850
            2048    1024 1394287 3723735  9189005 10439809 8531869 4643695 7183386  5674397  6711905  2076967  4886737 6518362  8159088
            2048    2048 1333259 3112514  5754221  6003564 6114678 3542524 4762117  3567536  4807425  3554251  3215029 5251194  5596757
            4096       4 1144119 2165946  4154939  5367357 5454263 2158056 4452120  4917236  5744227  2968287  2409246 4795088  5257310
            4096       8 1211914 3013586  5151685  6131713 5633102 2754594 4982841  6545196  1795591  1723017   939879 4271680  5211065
            4096      16 1248373 3086681  4807163  5007531 7392988 2215383 5928578  5095153  5802430  3785942  3918939 4691638  6595451
            4096      32 1395058 2641104  5125556  5980170 4307020 2788122 6693092  6007355  6828774  3172758  2692851 4128976  6370451
            4096      64 1194888 3703511  6243125  5980170 7816828 3737349 5672159  5396016  7447471  3889659  3419011 5382492  4796426
            4096     128 1098962 2934319  2803592  5666546 5859825 4171080 4485833  6391782  6401308  2944881  2633815 4352854  4476482
            4096     256 1188934 2449785  4149921  3767675 6420447 4116116 5127086  6389405 12958059  3602551  2734426 5618365  3874745
            4096     512 1185161 3263773  5389246  588390811973655 1990298 4784405  6058196 11539362  3667146  4267436 4865707  6330545
            4096    1024 1151557 2452583  5877869  6186918 2763900 3634562 7711565  4824714  9846293  2972395  2251678 3477139  5431844
            4096    2048 1281237 1640896  3988078  3817065 4540367 2914902 3271230  2752828  4079948  2139778  3243439 2179963  3730856
            4096    4096 1070810 2093113  3673419  3222752 3387995 1919365 3949571  2712408  2185788  2858639  2832248 4671228  2840208
            8192       4  905399 3083303  4090052  4974045 3910378 1723173 3721887  4406334  4007992  2843453  1960298 4023480  4425630
            8192       8 1043423 2345886  3597574  4710810 5204597 2796702 4345590  5084451  5375591  3334341  2675407 3503662  5700206
            8192      16 1053889 2544825  5019093  4574098 5382328 2125589 4461836  5162371  5142283  2705532  2395941 4676190  4289173
            8192      32 1292749 3488721  4844308  4120462 4582028 2374417 5633847  9547539  6077276  3241544  3373958 4248864  4120956
            8192      64 1132273 2613940  4311239  5248321 4439927 3535750 5654243  7699133  6091282  3158120  3203763 5672914  3842165
            8192     128 1184009 3336931  5560902  5558204 5505657 3406066 5432536  7481208  6395120  3183872  2815032 5505657  5435974
            8192     256 1161319 3394960  4392814  4471708 4479286 3139938 4433053  6404656  3944496  3299124  2851476 5704938  4715983
            8192     512 1242495 3418945  4112571  4599201 3938618 2945590 5696426  6334986  6233844  2893742  3000901 3893540  4110603
            8192    1024 1098569 2209372  4615263  4445097 5104089 3402019 4173008  6659114 11604860  2468229  2648597 4108637  5081444
            8192    2048 1132459 1704875  3978292  4787608 4343393 2506764 4209304  4155847  5204597  2478734  2691123 2763857  3882541
            8192    4096  819028 1843847  3600968  4318282 3923327 2327137 2713438  2412935  3021750  2226120  2267998 3752371  4850463
            8192    8192 1079008 2505119  2747942  4035293 3915726 2474806 3263713  2636808  2856217  2013721  2616528 3740525  3913942
           16384       4 1024764 2404056  4500939  3824376 3846855 1843788 4065325  4604688  4316060  1870742  2405823 5032253  5153778
           16384       8 1143099 2319659  6458108  4917383 5665340 2368346 4184902  8000120  5170063  2518321  2502912 5271594  5236246
           16384      16 1256922 3041383  4493582  5357489 3769828 2377605 4707843  5791875  5620394  3218890  2538227 5726715  6171037
           16384      32 1055391 3371278  5900285  4851766 4742281 2503641 4678675  4273119  5242637  2535043  3193758 5669546  6353028
           16384      64 1321406 3101786  4841852  3980552 6303494 3423340 4678356  7713657  4349387  2684584  2567627 5295561  5343741
           16384     128 1147815 3120803  5544215  5457475 6265562 2795428 4596987  4804615  4665018  2442768  2821366 4814376  5028939
           16384     256 1306756 3312611  5432023  5636067 4584108 3268339 5483167  6561706  5316044  2674450  3394257 3889751  4827227
           16384     512 1092766 2981606  4557355  4335393 6243929 3006258 4808986  6551072  5285379  2687629  2996427 5309062  5321396
           16384    1024 1192098 3238611  5338759  4679950 3963333 2546127 5605266  7053355 11482323  2218560  2484272 4440158  4894966
           16384    2048 1201876 2312478  3932038  3378072 3935641 2150453 4398382  3543189  5426876  1913082  2081789 4571300  4608703
           16384    4096  991883 2095437  3624673  3654745 2961177 2708604 3432574  2682384  3578802  1858900  1870945 4095123  3362206
           16384    8192 1045754 2383791  3452232  3444791 3439102 2640841 3785611  2583069  3101926  2230079  2509035 3537899  2653281
           16384   16384  932284 2096204  3354001  3500950 3453620 2225241 3280039  2359725  4057404  2074186  2671850 3474926  3534806
           32768      64 1100896 2972951  5363721  5846026 5550217 2786858 5684038  7299786  5226053  2635110  2667277 4653929  5241199
           32768     128 1100737 3170609  4432255  4680556 4195609 2788724 4398918  5578602  4674507  2712817  3183240 4989831  6040262
           32768     256 1188324 3319316  5192291  5260457 5651550 3244330 4803910  5325480  3897672  2603365  3042245 4989831  4539713
           32768     512 1267620 2721843  5025777  4252205 4531630 2982758 4341803  5565275  4574618  2980558  3121994 4454666  4700727
           32768    1024 1198583 3042245  3893035  5107203 4909795 2774817 4682470  5228637  4296873  2213301  2827798 5423408  4496787
           32768    2048 1211248 2418856  3852333  4004420 3489998 2227001 4341255  2776499  4813163  1712916  1771444 3578039  3727480
           32768    4096 1087223 2310566  3610751  3554442 3256013 2012790 3756003  2381016  2877892  1925136  1814380 3405173  3403739
           32768    8192 1050525 2211058  3263745  3260880 3416516 2307927 3216992  2248202  3465709  1844847  2043282 3324052  3403739
           32768   16384 1096285 2449595  3736398  3798775 3159530 2059849 3369113  2147590  3093952  1928783  2604796 3255011  3338911
           65536      64 1126143 2902133  5745798  4855573 4909778 2785920 5148991  4653914  4234636  2762902  2778851 5349504  5367052
           65536     128 1079367 3043519  4919004  5071192 4872874 2769332 4785078  6589298  4711831  2540254  3032941 5190605  4874689
           65536     256 1074099 2854723  4982216  4594484 4636800 3277279 4858147  5863460  4620433  2552236  2178203 4956165  4410833
           65536     512 1153786 2881597  5191782  4738718 4470663 3163705 4687485  5576996  4914167  2851258  3176427 5279229  4991716
           65536    1024 1097239 2703181  4215284  4347971 4440404 2809440 4692126  5224941  4423682  2170789  2470528 4582306  4928617
           65536    2048  998521 2474553  3844456  3829140 3610600 2159974 3694009  2879454  3569110  1589791  1823320 3913030  3756917
           65536    4096 1016489 2414136  3492828  3212548 3065274 2087535 3485210  2222460  3605438  1621815  1910389 3207675  3353936
           65536    8192 1001837 2281810  3219170  3202480 3416168 2012404 3427798  2439178  3526842  1819530  1917104 3190363  3143193
           65536   16384 1026438 2320275  3302756  3249001 3121952 2146899 3639908  2248603  3172724  1950362  1954898 3214126  3197042
          131072      64  628546 2361019  5143105  4870405 4494928 2254106 5034817  6033793  4637105  2189609  2412957 4970676  5144308
          131072     128 1063697 2528196  4510676  4839834 4450822 2579913 4931571  6230600  5112827  2363872  2541085 4861017  5146571
          131072     256 1147498 2350520  5019234  4332237 4444920 2443556 4588073  5867954  4382067  2466768  2381392 4304355  4665835
          131072     512 1032299 2560650  5283837  4645451 4986003 3237632 4623689  5501419  4212759  2209648  2373639 4216571  4476044
          131072    1024 1064257 2281420  4705693  4542280 4956961 2413540 4520207  5350796  4484185  2145339  2297092 4388223  4315269
          131072    2048  928312 1948156  3923973  3695817 3807442 1988743 4021834  2901808  3607326  1584448  1566029 3887650  3795901
          131072    4096  910166 1886525  3293591  3333898 3229245 1875244 3518892  2291271  3144807   398615  1420004 3401284  3280561
          131072    8192  947250 1974486  3415039  3400569 3375534 2100984 3365986  2374828  3164994  1551975  1679957 3231010  3223054
          131072   16384  924310 1731101  3408433  3381618 3319625 1947694 3198508  2356980  3586311  1716657  1669301 3310728  3435355
          262144      64  136830  131441  5192626  4935396 4798787  109471 4855324  6868521  5194760   147921   144980 5359737  5507670
          262144     128  139740  140767  5156970  5367954 4928074  126988 4857319  7322081  4822190   158327   149523 4958745  4941451
          262144     256  152531  113244  4827695  5139782 5112490  140616 4540156  6758040  5100963   157634   148115 4570238  4982497
          262144     512  154336  137926  4465660  4500794 5051537  141607 4593052  5325315  4934554   155392   146659 4494998  4503817
          262144    1024  156561  132439  4647117  4636847 4840192  148222 4565778  5586585  4361068   153064   146546 4572081  4431999
          262144    2048  155064  133882  3704905  3861650 3708304  140367 3609052  3001491  3610557   137179   147801 3729461  3883391
          262144    4096  151116  127140  3355742  3405844 3529134  148065 3221475  2299753  3495997   168514   150756 3256453  3202540
          262144    8192  144489  122104  3599553  3221428 3484519  149849 3349189  2331846  3390908   165679   150029 3399831  3674472
          262144   16384  156690  139248  3324169  3337802 3313999  154462 3249745  2374151  3248976   173996   174069 3330301  3429010
          524288      64   59678   68924  4768596  5451847 5302853   26366 5277122  7364005  5052846    74664    79751 5172227  5078038
          524288     128   79403   72655  5345897  5371754 4638322   47269 4863161  6585305  4728687    76041    78970 4823701  5551367
          524288     256   79504   72915  4545269  4574857 4787231   53545 4907495  6414329  4703865    79626    78366 5016628  4711807
          524288     512   77297   70430  4975685  5240413 5215605   56345 4805885  6465741  5136694    77916    76833 4741176  4485845
          524288    1024   78075   73552  4753937  4372130 4869482   57392 4739327  4970928  4343802    74524    73136 4733257  4699643
          524288    2048   77823   71436  4002591  3887069 3608411   65246 4105973  3131892  3881998    76097    78612 4005924  4009539
          524288    4096   79407   66278  3393560  3456927 3530555   75997 3362133  2530335  3437387    79055    74869 3338815  3412598
          524288    8192   78048   66689  3376252  3679703 3623824   76982 3296516  2523465  3472358    81377    80190 3410492  3499078
          524288   16384   79190   72384  3394634  3453192 3083523   78458 3522163  2330800  3325500    81521    82264 3405395  3329236

iozone test complete.
