	Iozone: Performance Test of File I/O
	        Version $Revision: 3.420 $
		Compiled for 64 bit mode.
		Build: linux-AMD64 

	Contributors:William Norcott, Don Capps, Isom Crawford, Kirby Collins
	             Al Slater, Scott Rhine, Mike Wisner, Ken Goss
	             Steve Landherr, Brad Smith, Mark Kelly, Dr. Alain CYR,
	             Randy Dunlap, Mark Montague, Dan Million, Gavin Brebner,
	             Jean-Marc Zucconi, Jeff Blomberg, Benny Halevy, Dave Boone,
	             Erik Habbinga, Kris Strecker, Walter Wong, Joshua Root,
	             Fabrice Bacchella, Zhenghua Xue, Qin Li, Darren Sawyer,
	             Vangel Bojaxhi, Ben England, Vikentsi Lapa.

	Run began: Mon Oct 28 06:13:48 2013

	Auto Mode
	Command line used: iozone -a
	Output is in Kbytes/sec
	Time Resolution = 0.000001 seconds.
	Processor cache size set to 1024 Kbytes.
	Processor cache line size set to 32 bytes.
	File stride size set to 17 * record size.
                                                            random  random    bkwd   record   stride                                   
              KB  reclen   write rewrite    read    reread    read   write    read  rewrite     read   fwrite frewrite   fread  freread
              64       4  645579 2379626  9006179 12902017 9006179 4018152 7940539  4564786 10821524  3203069  2892445 7100397 12902017
              64       8  666414 2561267 10821524 1597288512902017 4564786 9318832  5389653 15972885  3958892  336361212902017 15972885
              64      16  653436 2772930 12310336 1597288515972885 4897948 9006179  5735102 12902017  4207076  379115612902017 15972885
              64      32  710511 2662899 12902017 2273779115972885 538965310402178  5860307 12902017  4018152  489794812902017 20962191
              64      64  746056 2662899 15972885 2273779115972885 5389653 9006179  5389653 12902017  5389653  401815212902017 15972885
             128       4  881842 2367096  9795896 12842051 9795896 4267461 8414153  4934216  8548124  3657016  3657016 9977956 12842051
             128       8  847059 2905056 12842051 1588107812542043 512253510779307  6114306 16365173  4557257  440760112842051 14200794
             128      16  976473 4407601 12842051 1588107814200794 512253510567140  6114306 14586625  4934216  475925311720614 15881078
             128      32  992724 4557257 12842051 1636517314200794 584790410779307  6406138 14200794  5379161  554586012842051 15881078
             128      64 1024942 4934216 12842051 1588107814200794 584790410779307  6406138 14200794  4267461  758231212842051 15881078
             128     128 1162547 4934216 12842051 1863766414200794 611430611720614  6114306 12842051  4596273  578489112842051 15881078
             256       4 1007446 3605511  9868433 11695808 9192546 3950402 8888172  5022044  8815202  3605511  355772510245071 11091721
             256       8 1093639 4132864  5687020 1345445012228612 490728411091721  4840911 11091721  4404088  360551112228612 12812277
             256      16 1148625 4734192 12090911 1169580812812277 554030011207494  6719046 15164624  4907284  475515812812277 13454450
             256      32 1157291 4929815  6719046 1416439512812277 593865011569783  6936061 14353744  5217259  521725912812277 14164395
             256      64 1254656 5022044 13625180 1516462413454450 607300411695808  7073132 14953435  5687020  610754813454450 14164395
             256     128 1286217 4907284 12812277 1416439512812277 581011210651598  6554972 13625180  4264168  545584712812277 13454450
             256     256  699594 3009318  6554972  8271916 6719046 3326279 5971678  2639446  6437081  3159869  3368013 5455847  8271916
             512       4  559560 1741948  5951911  5684095 4237291 1975959 4620174  2381315  5624545  1700565   684390 4827914  5331314
             512       8  706221 3768799 12146009 1319046911620224 497326311138071  5453155 11080601  4610256  434005411877300 12797441
             512      16 1101383 3768799 11877300  985963012215097 4571003 5886650  6736026  8109658  4099771  4091959 8992598 12797441
             512      32 1242896 4375425  9304292 1343809212797441 601863612215097  6174377 15037801  4296637  2597325 8140399 12797441
             512      64 1254513 4571003 12215097 1378308813109944 6035551 9510316  7211022 14628067  5019764  434005412499490  9681823
             512     128 1130370 4195896 10856530  963836912499490 2427068 6843354  5624545  9145790  4228947  478488510044089 11138071
             512     256  717069 3366987  4237291  9681823 9304292 3913012 6652558  3877684  7758090  3795443  596845310911694 11943357
             512     512 1293037 4784885 11877300 1221509710641343 556623110911694  5744919 11683444  5760329  568409510235583 11620224
            1024       4 1189146 3544270  6569179 11249091 9485232 3261656 5853003  5507740  5690162  3849207  384920710557785 11249091
            1024       8 1185209 4079544  9485232 1314226511614118 481064010429596  6819511 11368190  4095102  5917516 4609294  8680108
            1024      16 1271902 4949226 11614118 13643232179101971740222111645609  7113161 12492426  4926518  455069012828238 10557785
            1024      32 1265531 3518141 12492426 1386342213305116 565271712639479  7644933 12828238  3414650  353260912944224 13643232
            1024      64 1279861 3518141 13643232 1442204513686709 4146499 5024495  8000971 16280798  5336651  559382012790037  8183918
            1024     128 1354535 4451639 11018226  852504712348754 602543910134284  6609617 15027577  4249053  485413610689164 12790037
            1024     256  631352 2039583  7420395  4972145 8474583 3804877 6692005  6102490 12037272  4720752  4634161 8246774 11489839
            1024     512 1316341 4215688  4451639  7066349 6441107 2110750 7420395  5623115 11018226  4265934  5950309 8000971 11489839
            1024    1024 1258117 3684119 11645609 1124909111645609 4470172 7644933  4949226  8137402  4741598  4876180 7883484 11645609
            2048       4 1077269 2828608  6127764  8574451 7933034 4006862 5916724  4900677  7013303  1545840  2976615 5852228  8498106
            2048       8 1219848 3271351  6917293 1118764110780463 3683812 6583305  6359119  8940345  3819776  2872113 7286980 10289741
            2048      16 1221930 3677503  9898453 12805399 9015410 7999524 6873016  5735012 12050878  4071433  3871422 9944290  9062970
            2048      32 1209542 3379461  5567735 1060740210903620 431263610037248  5489457 12204980  3871422  3857514 4321315 10401883
            2048      64 1216910 3738320 10289741 1191712913748169 5403134 7262337  4521480  7754008  4031308  373832010289741  8190205
            2048     128 1195569 3644736  4994712 1263586712101811 4540600 8261095  7393606 15652050  3261415  3675930 9525260  7940367
            2048     256 1121576 4023754  6321679  778916412187663 4338776 5689430  4997618 13138359  9610516  3108009 5970183 11380325
            2048     512 1180291 3413030  8793903 11187641 7643611 6303124 8464610  4829046 11900619  1794877  3611028 7903836  7293167
            2048    1024 1413328 2582813  6041567 10660056 6967792 3841986 5345969  4330028  6939647  3757946  3991965 5303064  6670210
            2048    2048 1087635 2719361  4794010  4980233 4223576 3219850 4014352  3205431  5029807  3093459  2662880 4094723  4709895
            4096       4 1052958 2380206  4270618  5211065 3886139 2111377 4032070  4035859  5475122  2642729  2019781 3857345  4591331
            4096       8 1101357 2461720  7289472  6379914 4676314 1798787 3972402  3930595  4675041  3867766  2856263 4977067  4587653
            4096      16 1160346 2280673  4602401  5810280 5389246 1799729 4521249  5151685  6693092  2974969  2614177 4581535  6330545
            4096      32 1203341 3341213  4643451  4417775 8177752 1904049 5454263  7185807  6105563  2745350  2917377 4785737  5721272
            4096      64 1234824 2204580  4438318  5369035 4334185 2846325 4280194  4192455  4911613  2856738  3785942 4982841  4496399
            4096     128 1244574 3032202  5178081  5851841 6225028 3341213 4490523  4515307  6068897  2908979  2577699 3937802  4817948
            4096     256 1323482 2693273  4324366  4116116 5955295 3086681 4740836  4019805  8146729  2848213  2439350 5198450  5145513
            4096     512 1179384 2517268  4516494  4612286 5594580 3228203 4055868  5556581  9394037  2987384  3212508 4535572  3713116
            4096    1024 1386165 2773270  5411313  6015769 4835578 2797657 4520059  5063617  6480999  2765680  2663212 3509816  4357270
            4096    2048 1068612 1970212  3697135  4035859 3122019 1553922 3413576  2744911  3686820  2254337  2874423 4128976  2998333
            4096    4096 1309460 2102591  1946770  4592558 3509816 2109303 3366089  2186900  3327622  2437965  2080188 3506950  3968731
            8192       4 1007386 2304969  4271046  4275297 2821968 1991775 4350542  4304757  4209304  1969625  2406008 4122934  4905166
            8192       8 1154801 2761192  4917099  4628318 5764277 1977333 3988451  4456628  4847725  2443827  2701066 4694719  5333039
            8192      16 1078602 3153193  5923270  4329710 3382261 2314129 3049913  5301769  5198297  2959544  2603048 4304757  5319828
            8192      32  955450 3176514  4729615  3819104 4793620 3090236 4551075  5712526  4870401  2717085  3075025 3961322  5752696
            8192      64 1134291 3121964  5516264  6127127 6425016 2449053 3860295  6936028  4280090  2881366  3143385 4754484  5450634
            8192     128 1077452 3021750  3154351  3588182 3865941 3190080 4387765  6006101  5047109  2968237  2738088 4757117  5129233
            8192     256 1247820 3247058  4798976  4481039 4324805 3132781 3689911  5565406  3558453  2435857  2595576 3945854  3108970
            8192     512 1238197 2326507  4385525  4664763 4938300 2361525 4081792  5044886  8471741  2358122  2606405 4670469  4124914
            8192    1024 1075630 2700004  4392814  5435974 4551075 2337905 3271793  5432536  7899143  2304969  2596557 4678737  3050997
            8192    2048 1040674 2120080  4124914  3940424 3785443 2475698 3036437  1975968  3503662  1573262  1575065 3691893  3843884
            8192    4096  957340 1986938  2567262  3429182 3355834 1743016 2174005  1842562  2917329  1689119  2648597 3571028  2599897
            8192    8192 1038252 2224967  3372633  2633171 3455043 2430000 1964558  2173593  2465926  1148164  2345886 4205183  2604824
           16384       4  988231 2416908  5484918  3964248 4395007 2026716 4866196  4564923  3899905  2114327  2365900 2671019  2940901
           16384       8 1179879 2511786  3411275  4483906 4721428 2344990 4275512  4829942  3745786  2177574  2168025 4265427  5259490
           16384      16 1117066 2719322  5392805  4244351 5172008 2373827 4721753  5860033  4806295  2482029  2647251 4666602  4961764
           16384      32 1150486 2984325  4917031  5847567 4131065 2722986 3871562  6253589  4735092  2254516  2756408 5058554  5011701
           16384      64 1122797 2677576  5035203  4934685 4892178 2692051 4482736  6778535  4810332  2484722  2680187 4670408  4141522
           16384     128 1044626 2690365  3676842  4905448 5201369 2796907 4255654  5534838  4848685  2809370  2870870 4216227  4224781
           16384     256 1186397 2246262  4590538  4621721 4742281 2756850 4167897  4577695  4216227  2873872  2343950 4360980  3659611
           16384     512 1150390 2507112  4419882  4472816 4738030 2796907 4620167  5555870  4599449  2772309  2695641 3512941  5121513
           16384    1024 1130462 2408015  4876209  3354656 4029568 2363133 3479325  5004402 10304615  2358753  2247144 4548607  3667815
           16384    2048 1033767 2165156  3555472  3301153 4000014 2183663 3371278  1970179  4534799  1691689  2260151 3315328  4326386
           16384    4096 1024901 1937790  3031188  3254563 4082715 2476841 3554001  2424069  3567099  1817600  2157746 3585899  3071013
           16384    8192  922114 1932558  3486032  3174578 3082585 2038076 3087848  2380653  3222664  1907348  2746712 3558602  3014566
           16384   16384  981723 2006360  2748470  3471942 3027315 2079710 3706790  2132502  3253484  2593304  2177574 2962198  2911742
           32768      64  210782 2787819  5169442  4789847 4907516 2756618 4746343  6352677  4905414  2484533  2873379 5729773  5276614
           32768     128 1136715 2984636  4702013  4931995 4107829 2740021 4572183  5760754  4992913  2453267  3155033 4380830  4388384
           32768     256 1122768 3310281  4524172  4488857 4492525 2948080 4026594  6545707  5025777  2575895  2676262 4670377  4591275
           32768     512 1147458 3087835  4667839  5306563 4356805 2748734 4268979  5403790  4254442  2470821  2710570 4506076  3957491
           32768    1024 1122612 2784994  4703301  4228135 4526556 3096880 4241837  5162839  4374973  2281416  2464839 4704750  4783679
           32768    2048 1047706 2122845  3820847  3611131 4178516 2477323 3513642  2752919  4179660  1712553  1771718 3724450  3940358
           32768    4096  994840 2383328  3351531  3217896 3534424 2087284 3460212  2227434  3480012  1792374  1798943 3547836  3382046
           32768    8192 1017668 2134715  3231515  3206859 3492215 2029104 2365403  2461572  3279085  1794504  2004511 3122278  3309245
           32768   16384 1007721 2094473  3312595  3191889 3304233 2127511 3235395  2256433  3419746  1973512  2811256 3249546  3046494
           65536      64 1065299 2834353  4780501  5059151 4552028 2719226 4381655  6668264  4557462  2619436  2778851 4874775  4941642
           65536     128 1188883 2885015  5197082  5587084 5204561 2706188 4392788  6477041  4511016  2555700  2701401 4571104  4292364
           65536     256 1197287 3201883  5053292  4523785 5229911 3091023 4896920  6322258  4677832  2545877  2927135 4405814  4327572
           65536     512 1071202 2701401  4357137  4521925 4501118 2914534 4318394  5222062  4963325  2754403  2578645 4913815  4912674
           65536    1024 1139103 2747026  4425391  4414375 4787495 2865585 4435889  5250891  4573005  2301296  2615996 4890386  4882742
           65536    2048 1082414 2158142  3771867  3947251 4248971 2516464 3547461  3002233  3751585  1802279  1774793 3432292  3431735
           65536    4096 1077750 2005137  3169505  3765563 3644541 2306471 3233789  2292582  3354468  1734948  1735002 3283504  3356188
           65536    8192  996140 2016005  3267307  3757328 3470995 2270971 3246584  2424933  2944506  1716004  1752625 3112760  3329238
           65536   16384  991437 2047998  3588493  3367371 3283543 2025214 3281896  2247611  3229989  1873207  1818026 3554617  3255620
          131072      64 1047537 2306024  4721414  4995518 4728073 2438408 4947994  6144664  4850894  1237999  2218252 4773561  5025934
          131072     128 1045722 2403274  4714328  4518795 4831285 2509752 4834471  6356234  4720076  2235963  2438776 4126031  5113398
          131072     256 1105299 1698991  4562220  4507939 4758974 2416118 4516902  6513169  4617825  2093065  2313594 4461405  4590946
          131072     512 1061682 2383860  4528958  4486784 4452011 2390431 4763304  5500759  4588571  2097017  2354446 4692198  4503249
          131072    1024 1063705 2473950  4764377  4406054 4524709 2333440 4462600  5355122  4478341  1608405  1980083 4358616  4553152
          131072    2048  948525 1841161  3651848  3732223 4033726 2244388 3642098  2773423  3631224  1624973  1736744 3693210  3697482
          131072    4096  911056 1782035  3276162  3206811 3310489 1880086 3358829  2357374  3219166  1475023  1407209 3667464  3254017
          131072    8192  926191 1850981  3098493  3309652 3274523 2069273 3238032  2126412  3345116  1585024  1668243 3289807  2960135
          131072   16384  813960 1704427  3307482  3262030 3354280 1889813 3592780  2321468  2574633  1538566  1655682 3060425  3152508
          262144      64  123274  152744  4579890  5039775 4620169  123361 5108832  6427945  4641271   149601   155253 5265108  5004267
          262144     128  166864  156235  4926771  4747094 4622927  131666 4580138  6585526  4490225   163307   146831 4583001  4818724
          262144     256  150688  136143  4378835  4541563 4463249  137935 4621062  5637254  4371558   151631   158946 4756397  4607739
          262144     512  158489  134884  4511857  4687333 4481860  146033 4455815  5453039  4385962   159342   155932 4580138  4565285
          262144    1024  163547  133279  4751381  3865452 4724331  156018 4837764  6032396  4736216   154098   149862 4396326  4633896
          262144    2048  159079  130767  3698363  3721786 3630550  147850 3659649  2783110  3673023   168030   154874 3598257  3700354
          262144    4096  141565  132410  3353081  3318571 3338218  163084 3444371  2306589  3288841   161730   163790 3326321  3253822
          262144    8192  152101  153902  3239786  3377098 3278524  170516 3527232  2322389  3267447   173139   168268 3299896  3352478
          262144   16384  163427  154413  3310866  3362978 3371930  162493 3338137  2401840  3217478   205618   195647 3296285  3352059
          524288      64   60090   74455  5096007  5223658 4623275   37050 5130726  6880423  5269964    79256    84596 4943827  4981355
          524288     128   85194   71834  4993072  5025571 4885048   43042 4832319  7292719  4751092    82646    83306 4766602  4960242
          524288     256   81482   74085  4591248  4486266 4702386   55086 3920436  6462947  4948822    80437    80645 4456255  4534229
          524288     512   84315   60921  2228034  2538848 4148436   65411 4108812  5431178  4083428    76515    74458 3069478  4223393
          524288    1024   75899   67111  4531332  4331345 4351668   65897 3692041  5361695  4269410    77969    77595 4220637  4440938
          524288    2048   74518   66656  3467469  3440797 3588333   63594 2095701  2525131  3570643    79334    79207 3796244  3882814
          524288    4096   72096   72823  3124634  3164386 3086279   63708 3143380  2534260  3231278    78567    77183 3294215  3197092
          524288    8192   76453   72733  3229451  3211683 3132642   66073 3254163  2188501  3089644    73708    77297 2234187  3431808
          524288   16384   75279   73098  3193507  3214618 3271178   75595 3129142  2192581  3081112    81823    75015 2594880  3239365

iozone test complete.
