	Iozone: Performance Test of File I/O
	        Version $Revision: 3.420 $
		Compiled for 64 bit mode.
		Build: linux-AMD64 

	Contributors:William Norcott, Don Capps, Isom Crawford, Kirby Collins
	             Al Slater, Scott Rhine, Mike Wisner, Ken Goss
	             Steve Landherr, Brad Smith, Mark Kelly, Dr. Alain CYR,
	             Randy Dunlap, Mark Montague, Dan Million, Gavin Brebner,
	             Jean-Marc Zucconi, Jeff Blomberg, Benny Halevy, Dave Boone,
	             Erik Habbinga, Kris Strecker, Walter Wong, Joshua Root,
	             Fabrice Bacchella, Zhenghua Xue, Qin Li, Darren Sawyer,
	             Vangel Bojaxhi, Ben England, Vikentsi Lapa.

	Run began: Mon Oct 28 06:13:48 2013

	Auto Mode
	Command line used: iozone -a
	Output is in Kbytes/sec
	Time Resolution = 0.000003 seconds.
	Processor cache size set to 1024 Kbytes.
	Processor cache line size set to 32 bytes.
	File stride size set to 17 * record size.
                                                            random  random    bkwd   record   stride                                   
              KB  reclen   write rewrite    read    reread    read   write    read  rewrite     read   fwrite frewrite   fread  freread
              64       4  800303 2546413 10561219 2161822916350978 451781510561219  5324295 16350978  3758700  3559345 9125153 20006983
              64       8  940502 2453322 20006983 6077204121618229 578311713147587  6987397 31891725  5324295  398171216350978 31891725
              64      16  985384 2546413 31891725 6077204131891725 6328474 9125153  7174140 31891725  5324295  459515221618229 31891725
              64      32 1015197 2904608 21618229 6077204131891725 6328474 5910450  7174140 21618229  6328474  578311716350978 31891725
              64      64  957272 2784106 21618229 6077204160772041 632847416350978  6328474 31891725  6987397  278410621618229 60772041
             128       4  920218 3113791 12962546 1825030710648590 442170810648590  5346409 10648590  4421708  376970812656948 16065759
             128       8 1134033 4572340 16065759 2198750715598963 529369212656948  6760143 21122439  4951903  514160014348281 21122439
             128      16 1153526 4951903 16065759 2506740918250307 607202614348281  7118690 21122439  5346409  556821316065759 21122439
             128      32 1197257 4906645 18250307 2506740918250307 643598213974794  7118690 18250307  5809216  643598216065759 21122439
             128      64 1208033 5141600 18250307 2506740918250307 676014314348281  7118690 18250307  3545642  846571316065759 21122439
             128     128 1267948 5092826 18250307 2198750711566234 643598215598963  6359742 18892537  6359742  607202615598963 21122439
             256       4 1032030 3884498 11618433 13520287 9903806 4339804 8493644  5227130  9903806  4339804  324965511618433 12282974
             256       8 1268572 4659992 14237381 1616665012719484 533093712719484  6953516 12144053  5031189  512728814237381 15034802
             256      16 1219583 5031189 11618433 1592684913520287 569874912719484  7333446 15034802  5330937  533093714237381 16166650
             256      32 1333150 5330937 12282974 1592684915926849 622758313520287  7539417 17202690  5551432  569874914237381 15926849
             256      64 1368840 5330937 15034802 1807126315926849 637549214237381  7757292 16931427  1840436  657056015034802 16931427
             256     128 1339804 5227130 15034802 1592684915034802 626391313520287  7091285 15034802  4916015  884341614237381 15034802
             256     256 1355021 4916015 13520287 1503480213352159 569874912719484  1882380 13520287  5822355  595144113520287 14237381
             512       4  951722 2161714 11397499 11902883 9122038 4158428 9484635  2710042  9279710  4166496  228597411397499 11644710
             512       8  859193 4343465 13470849 14182571 3995934 496623212242157  6578955 11902883  2640076  461410513470849 14276859
             512      16 1053505 4614105 13817551 14666892 3818311 568994812527827  7008367 12827147  2636835  502432811902883  3327280
             512      32 1113021 4736221 14276859 1466689214182571 557184313470849  7658176 170666666  2737680  523244213817551 14567399
             512      64 1135383 4876022  9007255 1551458414276859 5958329 8969633  7196248 16593509  5169463  328152114276859 12172764
             512     128 1403201 5169463 14182571 1466689213817551 616354212527827  2188145 15514584  5270970  233824413141120 14276859
             512     256 1148130 4789031 12455167  399593412827147 561555311969225  6326975 12750984  2611185  800054712750984 13470849
             512     512 1145069 2484314 13141120 1314112013061195 289255611902883  5750898 12455167  2827805  189637112172764 13470849
            1024       4  997109 2752448 10143585 11379896 4900597 3967941 9072269  3445850  9228211  2983824  406559810567880 11260552
            1024       8 1021779 4509544 12506562 1383611711626336 487279711379896  7013140 11114848  4785921  463610511379896 13446266
            1024      16 1250202 4759403 12766792 1406262912653951 3776070 5596653  6911569  4046446  5020904  509838512804855 14016735
            1024      32 1125392 5197094 12959402 1420213113279964 398265812327085  7817316 13279964  3542483  506830312616779 13836117
            1024      64 1261216 4828968 12766792  652317113488494 635898512653951  7947504 16749926  3604923  3850548 6062766 13660095
            1024     128 1314483 4945742 10143585 1388083413660095 5332600 9578063  7374384  9841427  5203390  5420084 9932464 13660095
            1024     256 1284988 4828968 11785855 12804855 6020275 647400711143686  4096620  5746413  5306247  578511311000971  5824339
            1024     512 1284604 2660382 10541941 1295940212804855 4358527 9664271  3997486 12470250  4807348  678063010363875  6088550
            1024    1024 1165079 3159418 11501796  592068612653951 3669604 8903016  3792743  9578063  3779393  3617067 9752045 12959402
            2048       4 1019405 2199492  4162965  6646410 7813171 1452372 7215903  5173359  9657937  4520025  3637618 7848867 15273246
            2048       8 1149244 2977016  6585266 12495957 7473296 3806891 6026260  5249233  7185721  3765175  2698337 9476801 11841373
            2048      16 1179706 3131107  9435164  800242012125532 568712710088985  4580279 11696261  4000123  3763525 6398856 12569095
            2048      32 1234644 3765175  8824515 1296756111632903 5533264 9352977  7090815 12569095  4830101  4461337 7447379 13046342
            2048      64 1224960 3820436  9902888  832828413647444 463464710184681  7339208  7943220  4171051  3893159 9983454  8393385
            2048     128 1216116 3730833  6610606 12793738 8328284 5951110 6919458  5767313  8981368  3937777  3697112 8526691  8459513
            2048     256 1248098 3556294  6186854 11311221 7728812 4386161 5751865  6740285  8162101  3210689  3605554 8256241  7155791
            2048     512 1448453 3961384  8092892 1077219710184681 5226874 8459513  6094671 11508223  4247360  4179168 6245330  9745595
            2048    1024 1210460 2831768  5988449  8752583 8002420 4442877 6740285  4541533 10136607  3690758  4395138 5019194  8673047
            2048    2048 1148630 2503319  4541533  5988449 4995841 4024487 1858723  3482758  4022602  3079472  3007241 3923388  4664850
            4096       4 1064664 2264257  5107861  6025028 6022916 2844623 2275353  3915713  4877295  2670411  2464683 2409377  4714023
            4096       8 1114894 2459742  4946100  6409401 4409145 2747277 4306360  5326402  5170894  2436716  2728948 4596722  4779598
            4096      16 1194172 2754765  3965423  5025679 6848888 2179794 4807686  5341306  6586319  2657605  2545762 5107861  5183375
            4096      32 1231495 2904744  4740036  4515769 7487683 3390930 4266788  6234943  6292031  3586299  3330453 5346292  9224501
            4096      64 1376766 3082466  5139953  8257896 5277317 3803029 4917783  5082174  6121637  3430884  2684179 4648966  5152285
            4096     128 1441334 2157078  4745273  3370970 4188764 3683176 4813074  5588008  5927328  3327228  2852179 4428466  4560118
            4096     256 1260314 2705313  4124405  6031374 4015473 3509378 4236276  4201055 10091457  3175331  2654730 4724394  5333016
            4096     512 1280033 2790562  4217557  5550098 5313223 3537560 4857987  5498583  4043828  2828699  2814795 5018339  5076167
            4096    1024 1167950 3803029  4796947  5650497 4923420 3200174 3618020  4166415  8309822  2870287  2782427 3953560  4196950
            4096    2048  886546 2124534  3407746  3930944 2199609 2564765 4154325  2449571  2449571  1976875  2732420 3376269  5633820
            4096    4096  983425 1668528  3828453  3561763 3207942 1715171 3086896  2288081  3424729  2189238  2542372 3571388  3068153
            8192       4  934084 2264320  4449926  4617985 2858448 2001450 4423573  4188466  3576004  2262381  2340674 4853469  4752110
            8192       8 1225452 2642768  4604371  4861710 3408901 2541698 4615504  7379007  6191594  2366305  2582581 4558556  5744414
            8192      16 1137648 2761944  3183692  5527257 4914559 2607273 4154032  6872748  5645314  3155622  2773313 4181839  4858960
            8192      32 1166658 3167842  4683449  5051107 4721419 3376740 4413912  6495940  5053335  2903864  2812126 4622956  3591328
            8192      64 1105368 3147240  4928659  4007706 4955671 2718029 4649228  6118822  4882435  2781620  2813278 4672621  4881742
            8192     128 1100941 2744515  5075730  4935030 3597721 2794970 4793211  6002312  3122075  2765501  2937378 4757373  5378443
            8192     256 1100941 2916435  4548899  3241968 4520770 3201192 4773898  6019135  4673257  2539256  2564079 4428133  3028512
            8192     512 1335478 3376740  5805562  4361802 3597721 3161720 4469026  3778528  9858142  2724278  2742544 4288846  5289028
            8192    1024 1264368 2701998  3431712  6178234 5117307 3889744 4033109  4929366  9287879  2603125  2269255 3068267  4244868
            8192    2048  983662 2265514  4878969  2916187 3853536 2695638 4262245  2778022  5491041  2025161  1785532 2770406  3258571
            8192    4096 1089629 2075563  4392470  3782272 4399782 2815122 3313884  2994203  3301783  2403044  2584329 3555283  3356289
            8192    8192  940527 2103260  2983026  2854411 3389397 1677359 3331234  1894098  3706785  1915427  2535508 3366813  3090344
           16384       4  919208 2246511  4644018  3861422 3752616 1971105 3787362  4178639  3726164  1971558  2240140 5118228  5219299
           16384       8  962505 2438121  4837213  5092814 4209612 2102129 4431679  4371352  4523572  2507971  2474913 4831772  5740775
           16384      16 1035596 2640475  4603574  5574975 3842421 2314455 4575375  6425132  4990370  2439160  2550794 4925980  4914355
           16384      32 1083093 3091931  5758574  4191383 4677207 2693886 5102268  7098813  4477884  2615949  3047100 3949073  5572715
           16384      64 1128279 2381758  5049035  5161670 4122735 2794563 4515843  6517143  4164711  2910187  2701405 3950662  5033502
           16384     128 1209585 2852920  4928806  5432190 3963194 2976748 3715084  7739187  3955665  2615651  2578938 4838916  5694630
           16384     256 1229099 3434185  4679755  3915992 5191305 2479825 3705869  5908599  4317250  2730276  2613065 4799041  5283505
           16384     512 1126744 3061353  3711874  4850187 3781110 2708966 4701205  6168483  5505302  2297586  2608502 4385299  5013671
           16384    1024 1134707 2506691  4481388  4114589 5226444 3087347 4033444  4435398  8600236  2294364  2354421 4856013  3690940
           16384    2048  999942 2217943  3376809  3671811 3309163 2454142 3842421  2845477  4662609  1748924  1861387 3367047  3959540
           16384    4096  960380 2067098  3814693  3401210 4349219 2357733 2902444  2150076  3461516  2063746  2059848 3110686  3666130
           16384    8192  942583 1916037  3376809  3652296 3554808 2009787 3033514  2345261  3551684  1922146  2416856 3076842  3418298
           16384   16384  986096 2062197  3822757  3898221 3297888 2272663 3648224  2067347  2950420  2065544  2049283 3310598  3147733
           32768      64 1167949 2605358  4759227  4884909 4584138 2887287 4527210  6017093  4557989  2604371  2848155 5247079  5365687
           32768     128 1161494 2694965  5246278  5252895 5735604 2876891 4434599  6050203  4673774  2562800  3059269 4858832  4469208
           32768     256 1235035 2782141  4863818  4693886 4839328 3076457 4202072  5578464  4507315  2495060  2703180 4523336  4428027
           32768     512 1153801 2553610  4190286  5070160 4752480 2876410 4862442  5977577  4229747  2451228  2391639 4720973  4198350
           32768    1024 1107098 2778148  5286028  4078256 4262278 2611596 4267175  5018141  5167768  2568452  2189514 4373774  5323703
           32768    2048 1116578 2073660  3248578  3788136 3775544 2003909 4231440  3264395  5016493  1758488  2011917 3563695  4038353
           32768    4096 1073763 2058288  3306251  3253345 3205018 2278557 3044833  2361152  3503466  1719482  1926279 3266335  3314624
           32768    8192 1097611 1957947  3490032  3801758 4018633 2353027 3617250  2316578  3168444  1857398  2073785 3208460  3700921
           32768   16384 1031247 2115180  3342678  3289633 3562494 2358235 3129415  2354357  3207187  1951193  2521796 3276458  3521148
           65536      64 1125062 2707212  5209531  4971618 4793455 2785310 5086242  6433290  4593515  2561187  2900981 4859898  4915255
           65536     128 1185378 2969168  4653866  4755145 4763467 2749702 4771157  6171010  4615497  2690096  2739016 5092555  5509522
           65536     256 1130591 3063579  4331827  4513860 4876538 3011488 4451289  6075399  4340994  2539066  2961394 4491291  4478631
           65536     512 1130238 2690307  4431412  4690235 4562484 2823012 4574252  5550687  4251428  2327670  2676372 5157433  4266672
           65536    1024 1246004 2838052  4910163  4581342 4548216 2764775 4624661  5816116  4381053  2510749  2368485 4474039  4417666
           65536    2048 1098898 2294044  3709732  3816401 4278094 2270603 3704283  3094690  3758221  1588371  1747159 3687833  3823355
           65536    4096 1017702 2216678  3491736  3758221 3699895 2437651 3295407  2636101  3304559  1646849  1770089 3346072  3235250
           65536    8192  993963 2052041  3538665  3451617 3547479 2303637 3558455  1895848  3509658  1861390  1973146 3481696  3477248
           65536   16384 1126200 2226391  2830308  3541537 3493555 2363353 3426362  2538480  3526272  2121177  2257994 3464931  3612564
          131072      64 1013586 2401116  4868740  5115796 4701965 2308294 4739543  6366420  5287312  2288947  2503049 4253087  5149772
          131072     128 1074254 2407994  4844456  4744533 4962796 2360546 4965037  7212048  5151171  2334187  2425952 4767822  4637081
          131072     256 1118009 2395101  4791843  5382142 4828034 2446007 4472198  5781218  4383408  2501705  3020712 4826084  5010789
          131072     512 1068770 2429243  4541806  4968447 4573203 2524057 4484602  5512750  4439837  2060265  2695615 4839850  5146108
          131072    1024 1109753 2212667  4624521  5175808 4998170 2711410 4801175  5550150  4711233  1993397  1743886 4687333  4734400
          131072    2048  989199 2021403  3854705  4231416 3642807 2018449 3873991  2946829  3670975  1478802  1587039 3952108  4302112
          131072    4096  997382 1851744  3241801  3252157 3294921 1780583 3205640  2352123  3344371  1647897  1506591 3191496  3210038
          131072    8192  900435 2006646  3325757  3350097 3267990 1703425 3597138  2481525  3272386  1716005  1446552 3291036  3327287
          131072   16384  966016 1832229  3468153  3578081 3324510 1907361 3479568  2386502  3521357  1656956  1668918 3269603  3270089
          262144      64  140714  137650  4810952  5056494 5031343  110711 4553721  7636854  5096031   156523   148241 5250435  5539117
          262144     128  152788  127558  5017796  5316262 4755191  127414 4633806  7240707  5171728   129937   150386 5053566  5010501
          262144     256  155178  138979  4538814  4816263 4678127  135337 4985895  6783573  5185411   142075   145947 4739020  4576523
          262144     512  147216  148928  4511549  4983364 4295530  138258 4486073  5632068  4697414   156679   148875 4616026  5052312
          262144    1024  147632  117904  4630879  5145733 4810510  153034 4751143  5356875  4671965   147066   140713 4371043  5170172
          262144    2048  143734  128895  4006726  4130266 3975923  145995 3676639  2948816  3697224   154182   156078 3640991  3989339
          262144    4096  154601  154941  3271485  3583462 3371200  157217 3496369  2301261  3313364   167319   150681 3372017  3466452
          262144    8192  129790  129681  3356258  3385910 3498939  157084 3290538  2374922  3275773   160016   164820 3586934  3725056
          262144   16384  148846  140308  3328188  3319707 3416760  145882 3284600  2470122  3229408   187147   169451 3305107  3447810
          524288      64   57129   72646  5109226  5016724 5184964   27779 4713083  7114107  5347748    78166    77408 4940188  5249437
          524288     128   77902   73623  4745590  4808043 4592057   46817 5125051  6813871  5086864    79306    80038 4912422  4860467
          524288     256   76577   72300  4531448  4628047 4976771   54876 4414757  6831929  4784037    74482    65014 2379883  2421507
          524288     512   68018   69129  4620045  4587870 4870478   62703 4409525  4846082  4373698    75046    74968 3883872  4540468
          524288    1024   70377   66301  4402189  4242356 4506052   60605 4315513  4935775  4118881    74973    75913 3453584  4534345
          524288    2048   69598   65386  3700642  3480010 3818780   64471 3610724  2449372  3333447    74808    75486 3395297  3565008
          524288    4096   73941   65573  3330317  3543037 3417915   72875 2106419  2293783  3341455    75708    74149 3234431  3175753
          524288    8192   71843   71066  3184279  3105511 3126252   64306 1966675  2406348  3192749    75250    76207 3476846  3128378
          524288   16384   74400   65609  3511922  3412865 3464810   63197 3456793  2435130  3377815    73222    77543 3384250  3293077

iozone test complete.
Timer resolution is poor. Some small transfers may have 
reported inaccurate results. Sizes 32 Kbytes and below.
