	Iozone: Performance Test of File I/O
	        Version $Revision: 3.420 $
		Compiled for 64 bit mode.
		Build: linux-AMD64 

	Contributors:William Norcott, Don Capps, Isom Crawford, Kirby Collins
	             Al Slater, Scott Rhine, Mike Wisner, Ken Goss
	             Steve Landherr, Brad Smith, Mark Kelly, Dr. Alain CYR,
	             Randy Dunlap, Mark Montague, Dan Million, Gavin Brebner,
	             Jean-Marc Zucconi, Jeff Blomberg, Benny Halevy, Dave Boone,
	             Erik Habbinga, Kris Strecker, Walter Wong, Joshua Root,
	             Fabrice Bacchella, Zhenghua Xue, Qin Li, Darren Sawyer,
	             Vangel Bojaxhi, Ben England, Vikentsi Lapa.

	Run began: Sun Oct  6 03:51:52 2013

	Auto Mode
	Command line used: iozone -a
	Output is in Kbytes/sec
	Time Resolution = 0.000001 seconds.
	Processor cache size set to 1024 Kbytes.
	Processor cache line size set to 32 bytes.
	File stride size set to 17 * record size.
                                                            random  random    bkwd   record   stride                                   
              KB  reclen   write rewrite    read    reread    read   write    read  rewrite     read   fwrite frewrite   fread  freread
              64       4  546928 1363961  4564786 15972885 9006179 4207076 4564786  3791156  4274062  3363612  2662899 4274062 10821524
              64       8  681644 1460430  5860307 1597288510821524 4897948 4897948  4564786  5389653  2801873  1679761 6421025 16983463
              64      16  679917 1429325  5860307 1082152410821524 5283570 4564786  4207076  4274062  2662899  3363612 5389653 10402178
              64      32  801764 1599680  7100397 1290201712902017 5283570 3203069  5860307  4018152  4274062  5860307 5735102 20962191
              64      64  866463 1553394 10821524 1597288512902017 6421025 3022727  4564786  5389653  4564786  2006158 5283570 12902017
             128       4  743788 1755594  5847904 11720614 9977956 4596273 2905056  5545860  3297617  3982553  2098744 3867787 12842051
             128       8  895074 2035099  4759253 1420079412842051 5603747 3445772  6727225  6406138  3445772  2211113 3982553 16365173
             128      16  857887 2202044  3657016 1636517315881078 5784891 6114306  6727225  4135958  5122535  2511022 3759450 14200794
             128      32  955616 1967960  4557257 1801235914200794 6114306 5122535  6727225  4407601  5325799  2175277 5325799 11470204
             128      64  927549 1939522  9129573 1588107814200794 6406138 3359523  7176872  7582312  3982553  3468030 4135958 14586625
             128     128 1206978 3867787 11720614 1863766414200794 6114306 3657016  6045455  4267461  6045455  2673584 6114306 15881078
             256       4  917880 2345409  4819184 1281227710245071 4652146 4929815  5841722  4070199  4197489  3197509 1790149 11695808
             256       8 1062263 2747508  5347168 1495343513454450 5569035 3994490  7120034  4496299  5022044  3159869 6249745 14353744
             256      16 1123389 1924938  6073004 1516462412812277 5971678 6437081  7314033  4819184  5117791  3275543 5455847 12812277
             256      32  817898 2943325  6398720 1607260814164395 6554972 6249745  7518900  6595234  5455847  4929815 4404088 14953435
             256      64 1137672 2911402  6437081 1709624914953435 6554972 6398720  7791708  7120034  6107548  3511189 6107548 15164624
             256     128 1274008 3245838  7965107  827191614164395 5841722 5841722  6936061  7965107  4054829  6719046 5687020 14353744
             256     256 1319408 3770085 12812277 1416439513454450 6249745 5841722  6398720  5242734  6249745  4840911 5971678 13454450
             512       4 1082507 2879414  5807059 11943357 9510316 3580298 5453155  5760329  5566231  4163357  3556580 5699180 11374040
             512       8 1105920 3264616  6571132 1503780112797441 5624545 5951911  7540170  7647578  4030519  4228947 6395018 13783088
             512      16 1264113 3459188  5019764 1462806713190469 6035551 6086873  7540170  6472112  5331314  4660280 5067142 14240069
             512      32 1292259 3628697  6931711 1462806714240069 6571132 6472112  7988981  7758090  5551840  4296637 6652558 14240069
             512      64 1306409 3877684  6551087 1503780114628067 6551087 5566231  8265729  8394979  5624545  4882800 2991733 15037801
             512     128 1402845 3736016  7022379 1462806713438092 6571132 6104175  7540170  8140399  5822804  4610256 5951911  2613128
             512     256 1230786 3970896  8109658 1310994412797441 6156675 5951911  6736026  7540170  5067142  7115451 6035551 13109944
             512     512 1442420 4375425 12797441 1343809213190469 6086873 5886650  6319739  6104175  6246213  2708713 5968453 13438092
            1024       4 1166538 2188177  5991815 11614118 9765601 4321737 5507740  5991815  7160597  4249053  3751699 5782087 11368190
            1024       8 1314327 3818408  6327241 1399898112492426 5277632 6128613  7356843  7941793  4634161  4339202 6355328 13818817
            1024      16 1398645 3981224  6402699 1399898112983353 3894582 6355328  7590887  7306780  5169641  4614246 6559147 13643232
            1024      32 1336827 4507705  4146499 1423090213686709 6364746 6479979  3764854  7472033  5363307  3291652 6327241 14044758
            1024      64 1410588 4130547  6441107 1003952814044758 5991815 6093831  8457895  9832672  5690162  4654248 6317933 14422045
            1024     128 1396825 4146499  6692005 1399898113643232 6290174 5917516  8000971  9402175  5479632  4550690 6093831 13472053
            1024     256  311256 4531485  6918376 1314226512790037 6317933 5950309  7113161 10354166  5444898  5048117 5991815 12639479
            1024     512 1309518 4396951  8061038 1310217412983353 5991815 5983467  6441107  8199542  4904018  6355328 5991815 12639479
            1024    1024 1444266 4339202 12348754 1347205313102174 5991815 5983467  5024495  6128613  6163794  4972145 6128613 12348754
            2048       4 1204623 3423913  5884299  6851089 9441504 3899542 5251194  5920802  7165410  4223576  3649381 5640860  9898453
            2048       8 1288849 3341339  6464402 1211888412345306 4945823 6097316  7609754  9567698  4818211  4293237 6420913 11626784
            2048      16 1430986 4248644  6401772 1205087812882215 5596757 6024617  5674397  8830061  5083385  4293237 6321679 11835033
            2048      32 1461916 4481379  6629029 1248889713660713 6041567 6459541  8159088 11072275  5345969  4462754 6378005 12488897
            2048      64 1439137 4581773  6732948 13058467 8261095 5461535 6543188  6917293  9752360  5489457  3723735 6207471  7582884
            2048     128 1464907 4441984  6420913 1183503313574363 6207471 6092991  7999524  7159438   395761   479407  836915  2485653
            2048     256 1444219 4358590  6359119 1124623012580349 6041567 5596757  6945257 11917129  4540600   819196 5521212 10351742
            2048     512  221214  440423  5626082  7726111 5280246 4223576 5475461  6321679  9664580  4301837  3764533 4741090  6895083
            2048    1024 1360715 3567536  7013303  9140117 8229438 4376355 5461535  4934459  7698414  4293237  4697018 5159722  2805512
            2048    2048 1274507 3657149  6962145  7817519 7503399 3786104 5372719  4451191  4472047  4349761  3777778 4367454  6939647
            4096       4 1193145 3195181  5527974  5657217 7261741 3185110 5299475  6013663  5572803  3263773  3160500 5019235  5642353
            4096       8 1290476  639089  6122971  7418527 8770583 3516281 5818150  6049663  6930704  3682869  3831537 6131713  6379914
            4096      16 1424674 4019805  5664678  7261741 9312562 4294102 5784846  7683972  7173805  4357270  3744681 6186918  7447471
            4096      32 1421256 4244242  6410863  7697744 9679859 4235870 6195843  8240513  7261741  4371684  3977000 6254490  6585338
            4096      64 1460276 4176149  6351609  6430059 9267351 4035859 5980170  6169144  7326777  3984379  3788446 6252213  6114255
            4096     128 1464009 4293029  6077484  7209932 9327731 4562069 5894001  8224733  7405736  4076076  3720353 5969780  7035723
            4096     256 1458169 3849566  5912256  6919538 7237268 4757904 5411313  7261741 11186225  3937802  4038705 5713661  5572803
            4096     512 1501499 4196552  6178018  6379914 8373048 4664886 5713661  7001316  9202815  4175134  3682869 5744227  5918366
            4096    1024 1404179 3849566  6532752  6471234 6919538 3730046 5461198  6714018  9287391  4019805  3474326 5572803  6142675
            4096    2048 1367518 3082251  5304384  6302675 4031124 3624593 4801789  4294102  6103394  2998333  4149921 5178081  4841028
            4096    4096 1245748 2694963  4686519  4675041 4551192 2784507 4339659  3052133  4068354  2880688  2919856 4179197  4654774
            8192       4 1180714 2998544  4890505  5152307 5145363 2618123 5082195  5062726  5059743  2825681  2886449 5497729  5357152
            8192       8 1318495 3416226  6310553  5996667 6054786 2891550 5633847  7915520  5863631  3347986  3403367 5797345  6262248
            8192      16 1350045 3740932  6072979  6192276 5880691 3427471 5665431  7537004  5780764  3430209  3465148 6186701  5936574
            8192      32 1447834 3856828  6374949  6010303 6527546 3849483 5765244  8393104  6359610  3759351  3632950 5789530  6461262
            8192      64 1451688 3936361  6340832  6234975 6330318 3940424 5732541  7600357  6205696  3742154  3764705 6036702  6325656
            8192     128 1387330 3596445  5264403  4667297 2625725 3080815 5596225  8039611  5728718  3459566  3377938 4697286  5368033
            8192     256  845490 3423373  3929159  3583691 5038228 1639393 5411147  7530397  5893805  3497955  3600968 5546540  5843686
            8192     512 1448628 3777121  5504775  5417973 6131500 4035767 4770989  6623173 11098803  2978787  3547798 5210911  5785631
            8192    1024 1426200 3502591  6150158  5657036 6186701 4025365 4341197  5847664  9682056  2865268  3339851 5728718  5278151
            8192    2048 1313053 2936276  3917512  5126172 5285458 3314080 4855947  4420506  5919188  2881366  2864312 4852518  4844991
            8192    4096 1249135 2608186  4483378  4224832 4284360 2770319  597874  1166484  2808359  1555949  2709800 4257814  4190311
            8192    8192 1150201  270773  3698251  2507496 3603989 2557706 3815711  1359661  3995873  2738088  2405839 3571028  3130212
           16384       4 1136031 2671538  5435890  5572991 4527330 2337253 3117829  3382229  4899502  2082042  2164338 5010605  5274831
           16384       8  979024 2606781  4243565  4415055 3804052 2216699 4751790  7080244  5019755  2914212  3113591 5264728  5708638
           16384      16 1009306 3057758  4059561  4079564 4097077 2850389 5512638  7281298  5463116  3071013  1292015 5738671  5893706
           16384      32  418751 3663513  6173255  6193842 5626377 3399799 5820327  8012245  6155008  3307827  2262309 4249864  5893201
           16384      64 1108757 3702596  6115570  5862033 6070193 3441341 6028127  8529369  6357730  3320614  3631952 6189379  6177694
           16384     128 1418774 3491168  5880593  6030242 5822300 3820761 5323045  8027220  5883111  3335604  3553266 5843092  5522384
           16384     256 1444663 3739875  5620854  5675165 5529493 3509174 5443210  6849477  5702953  3596973  3632144 5611216  5584313
           16384     512 1375412 3834405  5806066  5777267 5602981 4191283 5628681  6993063  5111989  3504700  3527366 5601154  5702479
           16384    1024 1382385 3649893  5766602  5857536 5975188 3750079 5510869  6826343 12199866  2992512  3169599 5834658  5968441
           16384    2048 1366251 3006784  5409361  5512638 5355819 3118961 5219542  4159571  6379568  2589103  2455687 5199401  5309062
           16384    4096 1274026 2761947  4472816  4198966 4440158 2953668 4421873  3016286  4439872  2551610  2620599 4064604  4464389
           16384    8192 1280794 2740687  4430711  4431568 4418461 2668426 4045461  3056670  4429283  2571181  3346487 4413637  4428142
           16384   16384 1249154 2722554  4454549  4451087 4446191 2909031 3599234  2768512  4429283  2768512  3000744 4422158  4419882
           32768      64  387709 3692232  6255811  6265507 6055698 3538610 6105465  7396824  6197698  3336479  3564491 6254672  6300260
           32768     128 1373170 3782986  5855740  5933093 5642038 3674759 5469596  8094736  5947985  3418300  3529885 5798425  5979556
           32768     256 1384011 3738126  5661327  5633250 5697705 3679776 5676291  7552086  5624490  3252084  3487430 2751100  5678168
           32768     512 1405869 3695906  5846275  5829413 5691806 3911649 5382416  6703748  5776977  3324695  3447799 5760029  5723807
           32768    1024 1386538 3604879  5583135  5695816 5724761 3463089 5455917  7184545  5928486  2969995  3020383 5953396  5611859
           32768    2048 1317729 3041639  5376100  5392976 5400180 3136242 5231224  4365524  7160962  1738901  2392164 4823129  5334160
           32768    4096 1277755 2528784  4352253  4452790 4289631 2770622 4278947  3059855  4454521  2272063  2314768 4394839  4345922
           32768    8192 1264832 2733373  4366772  4317932 4425690 2761714 4395401  3044200  4410210  2537234  2520252 4302522  4412051
           32768   16384 1274969 2617445  4325270  4419712 4335503 2757558 4308187  2954735  4412051  2608701  3437279 4324726  4353355
           65536      64 1135095 3628568  6249809  6333766 5818161 3085922 5896161  8202420  5060269  2730788  3517005 6254075  6300954
           65536     128 1392218 3693810  5954016  5970310 3720005 3725955 5806363  7941967  5864962  3339268  3574354 5849859  5969791
           65536     256 1398102 3648169  5808939  5894012 5899325 3847147 5773556  7630239  5804278  3225365  3638222 5903632  5603828
           65536     512 1477299 3837479  5605656  5762904 5676151 3475955 5805872  7163165  5928717  3279782  2864839 5529095  4899102
           65536    1024  764563 2508266  5219979  5633689 5519769 2886651 5445412  5980182  3820199  1662844  2892635 5621017  5647695
           65536    2048 1323718 3019945  5330727  5285625 5300608 3100681 5150631  4154442  5272445   688706  2323727 4794509  5059151
           65536    4096 1229291 2615274  4184101  4192908 4218066 2665255 4202139  2939373  3986348  2085476  2193814 3238246  2867858
           65536    8192  870967 2239389  4151305  4236333 4135317 2549253 4195660  2927914  4180919  2176323  2161978 4195148  4243461
           65536   16384 1249253 2643748  4315817  4297128 4342407 2741273 4328935  2980940  4343025  2520039  2640015 4222991  4280333
          131072      64 1253259 3083685  6385321  6532362 6150439 3068230 6137735  8426305  6176489  2772654  3048122 6301879  6509390
          131072     128 1328080 3197187  5980364  6200173 5880822 2998055 6043012  8514527  5970557  2871240  3134640 5325707  4500926
          131072     256 1323797 3104284  5657739  5690888 5559782 2963342 5540061  7268459  5620776  2724141  2850383 4164160  4435453
          131072     512 1094765 1986357  5872154  5899376 5857451 3418500 5826967  7253595  5934849  2786751  2897587 5826412  5984726
          131072    1024 1317888 3078608  5910538  6045736 5945375 3115508 5845679  6793415  5902036  2436366  2598681 5799858  6001451
          131072    2048 1211631 2561748  5130003  5377962 5308736 2473427 5131823  4228962  5303103  1788057  1973621 5268544  5283278
          131072    4096 1200039 2402875  4355129  4386613 4327531 2459275 4315573  3042875  4372691  1877903  1956121 4281593  4321103
          131072    8192 1154787 2404115  4249523  4348343 4370084 2464876 4308032  2924609  4277229  1880356  1956998 3447981  4280593
          131072   16384 1166702 1983440  3102585  3890649 4098562 2387421 3670966  2270584  3207054  1584256  2084810 4211274  4235380
          262144      64  159678  166859  6079829  6328131 5940422  120978 5794900  8376541  6166230   139362   155813 4899701  5831102
          262144     128  162501  168053  5838131  5947684 5787731  125845 5530441  7925276  5738314   166388   160392 5788127  5987490
          262144     256  164274  159074  4919299  5046969 5126004  132801 5385042  7685946  5730299   164908   166375 5502157  5677805
          262144     512  161436  161595  5446907  5665284 5665547  149899 5309680  7073689  5642375   160244   165521 5763189  5972075
          262144    1024  163956  171419  5576244  5841667 5701151  167100 5525217  6754221  5770539   169144   165905 5538632  5767118
          262144    2048  147767  158112  4806381  5140383 5103141  169900 4973527  4178590  5233133   162170   162395 4890461  5070663
          262144    4096  160220  167549  4032673  4258292 3985588  173095 4199673  2968221  4293846   177156   173071 3936220  4130337
          262144    8192  163860  163952  4060162  4128244 4010901  184135 4224377  2942358  4325094   183649   184731 4062743  4183518
          262144   16384  139903  158729  4215614  4231335 4350146  166709 4081322  2950577  4132293   206677   198028 4013903  3961136
          524288      64   71924   87614  6127362  6318400 5807553   30290 5668348  7602452  4716213    85228    85883 6026359  6258429
          524288     128   91963   87740  6006080  6175352 5912929   50636 5711440  7877517  5950787    90209    84295 5045693  5288836
          524288     256   86605   87835  5512209  5657585 5437651   54839 5587988  7435744  5769264    92580    89120 5783025  5881694
          524288     512   91430   88113  5279998  5268221 5208242   66441 3962455  7210768  5677861    92543    90128 5762929  5948952
          524288    1024   91879   87692  5625110  5746694 5774293   79384 5602267  6734752  5746874    92206    91213 5602252  5812373
          524288    2048   90632   88362  4670427  4970489 4959548   86230 4973660  3712015  4670219    93755    91939 4866820  4670715
          524288    4096   91053   85618  3593969  3544857 3494835   92144 3954894  2752454  4167636    92507    90427 4152251  4114093
          524288    8192   91764   86954  3375625  3973811 4060566   93789 4039078  2764972  4069711    93587    93882 4089229  4106334
          524288   16384   91377   86676  4019382  4040637 4113385   85665 4091649  2907592  4207732    95281    88953 4073088  4169856

iozone test complete.
