	Iozone: Performance Test of File I/O
	        Version $Revision: 3.420 $
		Compiled for 64 bit mode.
		Build: linux-AMD64 

	Contributors:William Norcott, Don Capps, Isom Crawford, Kirby Collins
	             Al Slater, Scott Rhine, Mike Wisner, Ken Goss
	             Steve Landherr, Brad Smith, Mark Kelly, Dr. Alain CYR,
	             Randy Dunlap, Mark Montague, Dan Million, Gavin Brebner,
	             Jean-Marc Zucconi, Jeff Blomberg, Benny Halevy, Dave Boone,
	             Erik Habbinga, Kris Strecker, Walter Wong, Joshua Root,
	             Fabrice Bacchella, Zhenghua Xue, Qin Li, Darren Sawyer,
	             Vangel Bojaxhi, Ben England, Vikentsi Lapa.

	Run began: Sun Oct  6 03:51:51 2013

	Auto Mode
	Command line used: iozone -a
	Output is in Kbytes/sec
	Time Resolution = 0.000001 seconds.
	Processor cache size set to 1024 Kbytes.
	Processor cache line size set to 32 bytes.
	File stride size set to 17 * record size.
                                                            random  random    bkwd   record   stride                                   
              KB  reclen   write rewrite    read    reread    read   write    read  rewrite     read   fwrite frewrite   fread  freread
              64       4  551422 1204796  4897948 12902017 9006179 4274062 4643754  3791156  4274062  3165299  3057153 4564786 12902017
              64       8  688639 1492919  5860307 1597288510821524 3791156 4988978  4274062  4897948  2892445  3541098 3165299 12902017
              64      16  703068 1492919  5860307 12310336 9318832 4988978 4274062  6421025  4274062  3057153  4274062 4897948 12902017
              64      32  769584 1518251  6271021 1290201712902017 5735102 4643754  4274062  3791156  4274062  4564786 6421025 15972885
              64      64  866463 1679761 10402178 2273779112902017 5860307 4643754  4564786  6421025  5389653  3541098 4564786 20962191
             128       4  752124 1732927  5603747 10567140 9129573 4596273 4759253  5325799  3277486  3867787  1911894 5603747  9795896
             128       8  841746 1911894  5847904 1172061411720614 5122535 3380677  6406138  5122535  4596273  3036502 3560017 12842051
             128      16  836500 1878447  5545860 1172061412842051 5784891 5122535  6114306  4717434  3867787  2132084 3359523 12842051
             128      32  902598 1997245  4557257 1284205114200794 5847904 4889281  6727225  4407601  5325799  4135958 3759450 10779307
             128      64  883293 2132084  5325799 1588107815881078 6330599 3867787  6727225  8414153  4407601  5784891 3982553 14200794
             128     128 1196221 2098744  9795896 1588107814200794 6406138 3657016  6114306  5603747  5325799  2784517 3657016 14200794
             256       4  826078 2170027  4819184 11695808 9778562 4652146 5142301  5687020  3368013  3879045  3159869 5569035 11569783
             256       8 1023775 2975955  6073004 1435374412228612 5455847 5938650  7314033  4422226  4755158  3465855 5687020 13454450
             256      16 1099237 2726577  5569035 1345445012812277 6107548 5117791  7314033  7314033  4929815  3316006 5347168 14164395
             256      32  785010 2754556  4264168 1416439514353744 6213578 6249745  7518900  6249745  5347168  4496299 5569035 14953435
             256      64 1158540 2665657  6761355 1516462414164395 6554972 6249745  7314033  6891544  5569035  3245838 1907837 11569783
             256     128 1118707 2975955  8024634 1516462413454450 6595234 5569035  6936061  8024634  4572895  6398720 6249745 13454450
             256     256 1340826 3368013 10651598 1345445013454450 6107548 5810112  6249745  6107548  6249745  3770085 5938650 13454450
             512       4 1075459 2830083  5870558 12146009 9468384 4411377 5439343  5566231  5453155  4123387  3504346 5684095 11620224
             512       8 1350783 3064306  6246213 1424006912146009 5453155 6174377  7309196  6395018  4882800  4091959 6104175 13783088
             512      16 1267097 3970896  6395018 1378308813109944 6018636 6246213  7435738  6156675  2317080  4457157 6395018 13872122
             512      32 1325766  148401  4650188 1414626513438092 5278892 2483197  1326585  9859630  2894940  2891043 6174377 14240069
             512      64 1462061 3533174  6472112 1547114914146265 6736026 6246213  7988981  8265729  5019764  4650188 6246213 15037801
             512     128 1293037 3822466  7022379 1462806713872122 6736026 5760329  7758090 11620224  5822804  5331314 6104175 14240069
             512     256  991998 4305250  8140399 1319046912797441 6174377 5951911  6652558  7647578  4580754  7309196 5951911 13190469
             512     512 1426135 4457157 12797441 1343809213109944 6246213 6035551  6338392  6104175  6319739  5019764 6018636 13522711
            1024       4 1177088 2976816  5751117 11773301 9485232 4282950 5417427  5623115  6402699  4249053  3631168 5782087 11520658
            1024       8 1372717 3722435  4317393 1404475812037272 5175871 5917516  4451639  7369466  4972145  4282950 5821271 13305116
            1024      16 1427940 3951918  6441107 1404475812983353 5782087 6244448  4433259  7420395  5194651  4550690 6441107 13643232
            1024      32 1460969 4110780  6317933 1442204513818817 6280976 5219904  8000971  9220512  5507740  4488860 6355328 14230902
            1024      64 1568189 3984917  5175871 1263947913643232 6317933 6364746  8262639 12828238  5536137  4700088 6327241 14422045
            1024     128 1301187 4095102  6874084 1404475813686709 6692005 6093831  8199542  9402175  5601115  4762630 6128613  6208343
            1024     256 1532928 4079544  6863100 1282823812790037 6317933 5950309  6974549 10134284  5536137  5219904 6093831  5925680
            1024     512 1535119 4142499  8246774 1314226512983353 6172653 5991815  6569179  8076196  4926518  6519323 5983467 12639479
            1024    1024 1444266 3984917 11903823 1279003712639479 6059442 5789881  6128613  6059442  5983467  5042191 5950309 11489839
            2048       4 1099890 3277593  5517666  9653719 9308497 4048407 5416763  5345969  7999524  4122233  3611028 5735012  9472740
            2048       8 1343057 4112366  6440169  883006111642543 4831762 4897882  7444871  9228493  4923146  4196751 5032754 11440955
            2048      16 1515833 4104506  6420913 1177016613038646 4643695 5884299  7311791  9441504  5020987  4038890 6420913 11440955
            2048      32 1573015 4248644  6670210 1234530613836752 6225466 4934459  7698414 10568250  5461535  4550221 6608629 12345306
            2048      64 1478778 4031308  6732948 1263586714514788 6543188 6225466  8229438  9218589  5306340  4432815 6340344 12398764
            2048     128 1462911 3702868  5200329  7670915 9990553 4707314 5769681  7698414 14441580  3169944  3915540 5582208 12979541
            2048     256 1277730 4403275  6378005  499471211187641 5970183 5937172  7183386 10555264  4957240  4500161 5900467 10903620
            2048     512 1513696 4347560  6829301 11015480 9841749 5769681 5986827  6873016 10096235  4572018  4796687 5719737  8029434
            2048    1024 1376414 4130162  7846081 1101548010240672 4633675 5719737  5056455  7262337  3841986  4432815 5564129  6114678
            2048    2048 1109408 1930406  6041567  6851089 6479029 3043048 4684211  2879817  3717289  3169944  2656292 3573472  3638560
            4096       4  998318 3040789  5032468  5087609 6680080 2944377 4466009  5818150  5527974  3568133  2240811 3126565  5347310
            4096       8 1400859 3513405  5926533  7421732 8730470 3646906 5859825  6410863  7237268  3810292  3919833 5996870  7237268
            4096      16 1477608 3771811  5627567  6086096 7408930 3416292 5875858  7670249  7670249  4476482  4153935 6178018  6368089
            4096      32 1521580 3653887  6410863  7784948 9756822 4325455 6114255  7138037  7639552  4266376  4087714 6281934  7200866
            4096      64 1135198 4280194  6420447  7784948 9685316 4659824 6105563  6894546  7421732  4214051  4117102 6178018  7642951
            4096     128 1474944 4240052  5988509  7314299 9353122 4214051 5835938  8228672  6724530  4456740  4104315 6032669  7237268
            4096     256 1456685 4079948  5319164  6815229 8240513 4348447 5689064  7185807 13299112  4297324  3817065 5657217  5265366
            4096     512 1548460 4244242  6186918  6169144 8032459 4740836 5704175  6122971 11664722  3831537  4121052 5244471  6510471
            4096    1024 1567534 3980686  5961494  7286380 7170810 3930595 5664678  6714018 10239486  4125010  3956848 5674032  6379914
            4096    2048 1433231 3276846  5928578  5431844 5603704 3308398 4712228  3872125  5944991  3091680  3598778 5139356  4481152
            4096    4096 1200146 2858164  4307020  4011358 4648477 3052133 4352854  3086681  4487004  2907010  2909472 4617244  4623457
            8192       4 1036436 2969263  5561803  5591672 4844308 2667514 5309142  5657036  4867641  2532446  2996191 5450634  5704938
            8192       8 1230041 3357474  5905961  5855636 5653313 2989933 5312425  7320230  5361332  3180042  3291539 6122759  5847664
            8192      16 1400106 3661989  6345516  6090202 6354905 3414868 5732541  6995337  5724900  3622990  3429182 5901904  6215800
            8192      32 1205443 3084410  5531360  5347148 6032463 3449147 5984134  7944805  6258825  3464100  3653812 5974769  5893805
            8192      64 1479759 3848189  5780764  3023878 2195677 3723500 5814021  8119403  6262248  3810210  3331431 6277120  6019780
            8192     128 1540394 3754421  5752696  5769116 6321001 3683582 6032463  8444674  6248582  3715045  3705031 6032463  5765244
            8192     256 1466559 4031505  5884720  5645881 5756551 3995873 5708730  7262978  5665431  3554036  3749505 5120061  5361332
            8192     512 1516530 3852936  5988306  5649594 6164502 4057690 5429103  6611703 12010511  3634487  3670204 5472336  5885728
            8192    1024 1447590 3616888  6215800  5834754 5914094 4233681 5396699  7057118 11488455  3409108  3303247 5184962  5580773
            8192    2048 1355210 3016180  5282208  5241116 5315713 3354524 5129999  4139824  5825851  2876542  2708091 4003788  4266803
            8192    4096 1283621 2662347  4336814  3990304 4359927 2899848 4408595  2866224  4316113  2468229  3455043 4300447  4262040
            8192    8192 1250272 2719881  4284360  4309076 4302601 2839693 4334079  2417859  4447398  2952170  2834539 4275829  4137332
           16384       4 1053902 2907554  5701060  5688789 4672948 2533828 4876209  5781155  5010605  2927745  2878446 5366275  5529938
           16384       8 1289058 3250868  6246199  6215129 5421738 2883519 5742507  7498192  5674696  3038022  3263063 6198870  6177694
           16384      16 1438464 3556392  6168821  6414703 6075022 3310536 4898106  6522470  4989142  3195094  3424876 6019150  5409361
           16384      32 1401642 3414835  6155008  6306387 5986118 3515817 6058953  7884466  6250745  3585899  3554920 6157214  6134130
           16384      64 1434560 3666836  6196634  6315660 6056817 3930914 5224700  8184002  6173255  3635219  3620662 6101994  6005999
           16384     128 1495859 3786446  5966368  5979347 5923170 3904780 5900285  8208441  6037129  3640225  3690863 5895729  5817863
           16384     256 1423948 3771690  5746830  5777267 5696807 4087815 5667209  7252863  5716711  3385228  3654745 5674696  5716711
           16384     512 1497913 3710994  5885126  5847567 5870546 3774176 5645791  6875519  5719090  3512223  3393419 5605266  4900900
           16384    1024 1214515 3649699  5834658  5986118 5736755 4012861 5047407  6968951 11392853  3234039  3188127 5587946  5626377
           16384    2048 1344388 2956336  2549244  4914218 4661221 2912730 4933268  3878773  6335457  2318407  2405486 5007319  5096067
           16384    4096 1284216 2684165  4151028  4188218 4164865 2626910 4164865  2880497  4285644  2447553  2574842 4118686  3989333
           16384    8192 1273342 2676220  4210802  4181846 4122886 2660987  775791  2934622  4118686  2444332  3323344 4220629  4144769
           16384   16384 1225343 2518598  3896367  3887110 3416193 2353986 3845994  2566764  4146770  2622700  2310534 3931813  3011792
           32768      64 1172009 3760319  6505429  6340661 6300549 3732542 6301415  8082834  6172092  3420768  3640882 6487619  6285852
           32768     128 1506365 3864573  6280969  6288153 5979556 3888079 6043715  8560078  6194346  3426481  3750059 6256950  6150272
           32768     256 1503876 3816815  5845280  5983722 5794514 3900105 5724522  6894075  5806754  3417195  3609139 5843044  5917001
           32768     512 1533783 3800981  6013569  3325661 5990503 3872741 5665294  6713244  5992592  3369774  3345738 5879790  5755687
           32768    1024 1461668 3625132  5970724  6139832 5904291 3925278 5688979  7228757  6037078  3003748  2012259 5957783  6035752
           32768    2048 1411196 3054144  5124914  5409958 5327337 3118381 5227842  4269509  6792876  2278693  2376035 5187392  5285339
           32768    4096 1312770 2722921  4319018  4196634 4451059 2757337 4198300  3084370  4474098  2274131  2336411 4302522  4381808
           32768    8192 1296657 2765938  4391890  4414460 4282814 2777677 4327449  3042784  2366951  2351481  2524696 4325814  4411909
           32768   16384 1296461 2726811  4352804  4423980 4417866 2772243 4313325  2982434  4399481  2528226  3325339 4161562  3971442
           65536      64 1168823 3704663  6154239  6340048 5998190 3586527 6077765  8328420  6042493  3336552  3505701 6102592  6222504
           65536     128 1458889 3692371  6000940  5983436 5976281 3709713 5905281  7436205  5913157  3373446  3594970 6005266  6008548
           65536     256 1413727 3735322  5575186  5654550 5599832 3804706 5630228  7518993  5519325  3335338  3527793 5699218  5856215
           65536     512 1502772 3594735  5690959  5772101 5760972 3706162 5656063  7068122  5669712  3160177  3447834 5754339  5709280
           65536    1024 1419568 3698880  5776104  5801706 5614817 3793260 5574281  6782786  5733693  2941733  3114982 5591858  5818161
           65536    2048 1304068 2876290  5051342  5180725 5059989 3032238 4802551  3984441  4891518  2156923  2243080 5067732  5066144
           65536    4096 1283104 2670148  4335285  4411754 4358934 2761487 4332688  3002102  4379909  2138964  2100970 4211538  4282000
           65536    8192 1286756 1882676  4328662  4362116 4326414 2759186 4257791  2994155  4339254  2254505  2365074 4303924  4355687
           65536   16384 1321313 2762181  4311891  4360939 4287343 2781888 1495268  2730571  4338980  2549845  2584220 4301365  4351895
          131072      64 1313452 3018069  6128294  6295817 5962980 2914191 5970816  8006836  5778156   379936  2807830 6122015  6027376
          131072     128 1335821 3077815  5904191  6001975 5844623 3031767 5928449  8216248  5862135  2852927  3030998 6184410  6240006
          131072     256 1376878 3222412  5776942  5900959 5843070 3114237 4764501  5421825  5646002  2387649  3023779 5813289  5902859
          131072     512 1400160 3320386  5938888  5974060 5928449 3246446 5849847  6966711  5743746  2783957  3000722 5802735  5890905
          131072    1024 1382470 3070304  5920978  6023281 5990530 3304221 5818457  7039685  5974904  2572669  2763650 5750775  5973606
          131072    2048 1256984 2545969  5084455  5138682 5221606 2658447 5108456  4073327  5075771  1780096  2007779 4913499  4974454
          131072    4096  842907 2151965  4177577  4174119 4280327 2299792 2937454  2399875  3040065  1476350  1965893 4356578  4392501
          131072    8192 1226370 2383601  4246044  4327088 4268760 2377293 4197256  2889272  4242931  1923542  1860861 4274735  4318692
          131072   16384 1216829 2295998  4178529  4227433 4239757 1955571 4083644  2942139  4087956  2002193  1525049 4160347  4226881
          262144      64  149087  139701  4807158  6218999 5741460  118264 5658927  8240374  5998858   159194   150825 5939331  6206817
          262144     128  148657  138915  5864380  5902156 5770145  100423 5664671  8391053  6047692   158354   153704 5857195  6050487
          262144     256  157885  129433  5344315  5707218 5521388  125751 5533141  7273884  5779973   164097   148083 5483826  5720550
          262144     512  132213  132220  4763052  5778424 5674962  141076 5396328  4923991  5647446   131725   154184 5331823  5733945
          262144    1024  151214  141472  5521859  5806989 5749026  151165 5502598  7138999  5906119   162010   155144 5493827  5778059
          262144    2048  153692  119558  4769374  4956867 4975778  154639 4631691  3926016  4071137   158343   154409 4956018  5243389
          262144    4096  146909  130214  4070489  4107225 3373140  161521 4154936  2926499  3390333   132909   158119 4077962  4074728
          262144    8192  136988  143038  4009716  4101189 3903160  163168 4031800  2822823  4204523   175857   168317 3939887  3982066
          262144   16384  153558  136307  4026175  4076072 4113802  165027 4049620  2863797  4116266   181245   151607 3816717  3685310
          524288      64   64706   82519  6122073  6391101 5936778   27254 5934888  8075031  6052316    85464    87080 5890817  6234387
          524288     128   85593   78854  5866489  6102620 5764696   43910 5736949  7870553  5976779    82617    83088 5822053  5996794
          524288     256   88503   83335  5603823  5717483 5621371   54835 5461284  7331157  5754198    85548    88365 5615701  5797265
          524288     512   87690   79816  5612519  5671169 5730296   64214 5336427  7080768  5874498    88913    83643 5631448  5811144
          524288    1024   83368   80493  5593346  5801761 5748452   63133 4248788  6326635  5797784    88959    86643 5684392  5780213
          524288    2048   86229   83678  4932482  5080596 5007239   70652 4920761  3734165  4984437    89159    79779 4958698  4950170
          524288    4096   86978   81241  4073564  4110417 3979723   86842 4037210  2650342  4115933    89325    87350 3999781  4044092
          524288    8192   87925   82122  4170315  4346893 4251827   85613 4152674  2746386  4004888    90334    89476 3587472  4176430
          524288   16384   87221   82837  4063552  4111578 4101256   88955 4030380  2834129  4081487    91995    87843 4067242  3957670

iozone test complete.
