	Iozone: Performance Test of File I/O
	        Version $Revision: 3.420 $
		Compiled for 64 bit mode.
		Build: linux-AMD64 

	Contributors:William Norcott, Don Capps, Isom Crawford, Kirby Collins
	             Al Slater, Scott Rhine, Mike Wisner, Ken Goss
	             Steve Landherr, Brad Smith, Mark Kelly, Dr. Alain CYR,
	             Randy Dunlap, Mark Montague, Dan Million, Gavin Brebner,
	             Jean-Marc Zucconi, Jeff Blomberg, Benny Halevy, Dave Boone,
	             Erik Habbinga, Kris Strecker, Walter Wong, Joshua Root,
	             Fabrice Bacchella, Zhenghua Xue, Qin Li, Darren Sawyer,
	             Vangel Bojaxhi, Ben England, Vikentsi Lapa.

	Run began: Sun Oct  6 03:51:51 2013

	Auto Mode
	Command line used: iozone -a
	Output is in Kbytes/sec
	Time Resolution = 0.000001 seconds.
	Processor cache size set to 1024 Kbytes.
	Processor cache line size set to 32 bytes.
	File stride size set to 17 * record size.
                                                            random  random    bkwd   record   stride                                   
              KB  reclen   write rewrite    read    reread    read   write    read  rewrite     read   fwrite frewrite   fread  freread
              64       4  532815 1363961  4988978 1290201710402178 4274062 4897948  4897948  3738358  3541098  2662899 2772930 12902017
              64       8  679917 3738358  6421025 1597288510821524 3791156 3203069  5860307  5389653  2358717  2067979 5860307 12310336
              64      16  718114 1526887  6271021 1290201712902017 5283570 3057153  5283570  4207076  3541098  3541098 5860307 15972885
              64      32  889431 1599680  7100397 1290201712902017 5860307 5735102  6421025  3958892  4018152  2358717 3203069 10821524
              64      64  821391 1734015  9006179 2096219115972885 6421025 5860307  5860307  3541098  5283570  2561267 5283570 12902017
             128       4  680612 3380677  3759450 12842051 9977956 4557257 5122535  5603747  7582312  3895854  2905056 4934216 12842051
             128       8  819893 2027414  3895854 1420079412842051 5325799 3445772  6812590  6114306  4267461  2132084 4557257 14200794
             128      16  853794 2058509  4135958 1420079414200794 5847904 3657016  6406138  4934216  4717434  2098744 5603747 10567140
             128      32  895074 2326073  5784891 1172061412842051 6330599 3277486  7082197  4407601  4596273  4012317 5122535 12842051
             128      64  877518 2066432  7176872 1636517314200794 6406138 5122535  6406138  4267461  4135958  5847904 5325799 10779307
             128     128 1142750 2202044 11720614 1588107814200794 6045455 5325799  6045455  5379161  5122535  2499332 4012317 14200794
             256       4  980760 2131261  4264168 12812277 9778562 4652146 3823789  5810112  3935921  4332998  3043436 4132864 11695808
             256       8 1062263 2557711  5455847 1345445012812277 5217259 4422226  7314033  4422226  5022044  2903529 4264168 13454450
             256      16 1062263 2665657  6249745 1516462412812277 5971678 5117791  7314033  5117791  5217259  2812272 4332998 13454450
             256      32 1103757 3043436  4755158 1516462414353744 6437081 5217259  7735574  4496299  5455847  2943325 4734192 13454450
             256      64 1118707 2943325  6719046 1495343513454450 6719046 5455847  7791708  6398720  5810112  3275543 5455847 14353744
             256     128 1076103 3123106  8271916 1495343512812277 6595234 4496299  7120034  5938650  4907284  4496299 5938650 13454450
             256     256 1235882 3511189 12812277 1362518013625180 6249745 5569035  6107548  5938650  6249745  4404088 5938650 13454450
             512       4  975328 2678309  5886650 12427157 9859630 4485083 5278892  5822804  5699180  4375425  3158966 4838792 10694336
             512       8 1026126 3068685  6571132 1462806712499490 5624545 5177083  7309196  6571132  5115422  4030519 5566231 14240069
             512      16 1355045 2991733  6395018 1424006913438092 6018636 6338392  7309196  6652558  5278892  4271001 5699180 13783088
             512      32 1322500 3550700  5822804 1462806713872122 6319739 4882800  7758090  7022379  5566231  4742616 5624545 14628067
             512      64 1368865 3736016  6228097 1462806714240069 6414119 2722449  7647578 14240069  5495016  4927617 6632013 15037801
             512     128 1333173 4494470  7334159 1462806713438092 6395018 5331314  7620440  8528336  5870558  5278892 6319739 13872122
             512     256 1096322 4228947  8140399 1310994412797441 5951911 5684095  6571132  6736026  4532414  6999490 5870558 13109944
             512     512 1430887 4447925 12499490 1343809212797441 5951911 6035551  6035551  6156675  5951911  4375425 6035551 12797441
            1024       4 1179674 3112733  5917516  9485232 9743447 4265934 5390231  5821271  6874084  4126579  3618930 5782087 11018226
            1024       8 1329791 3735385  6529233 1364323212492426 5251818 5564829  7524394  8326715  5065980  4195100 6128613 13472053
            1024      16 1307923 1418039  6609617 1347205312944224 4589593 5821271  4451639  7524394  5303701  4634161 6559147 13472053
            1024      32 1442326 4114719  6918376 1404475813643232 6128613 6519323  7941793  8988941  5444898  4594502 6280976 14044758
            1024      64 1442326 4287225  6489770 1442204514422045 6692005 6199382  8122014 15743686  5720477  4550690 4634161 10557785
            1024     128 1390944 4178773  6519323 1364323213643232 6519323 5821271  8000971 10454984  5564829  4674510 5917516 13472053
            1024     256 1205839 4249053  6918376 1263947912790037 6128613 5853003  6963241  9464330  5417427  5120336 6059442 12208350
            1024     512 1470977 4433259  8137402 1263947912639479 5853003 5194651  6529233  8262639  4898425  6559147 6025439 11903823
            1024    1024 1229309 4232305 11520658 1203727212208350 5660167 5950309  5958564  5958564  5690162  4783849 5853003 11773301
            2048       4 1082973 3093459  5852228 10503637 8830061 3975338 5420181  5884299  7582884  4102546  3592903 5704543 10037248
            2048       8 1296240 3812993  6440169 1239876412710657 4730646 6185123  7556202  8678404  4911886  4188565 6420913 11983630
            2048      16 1417292 4006862  6543188 1256195213118295 5119743 6041567  7609754  8987113  5238385  4312636 6340344  8678404
            2048      32 1413560 4284671  6420913 1313835914109484 6003564 6359119  7782107  9179186  5349298  4540600 6041567 12729493
            2048      64 1501525 3103517  6401772 1366071314514788 5836323 6261772  8190205  9525260  5475461  4451191 6298503 13118295
            2048     128 1523630 4349761  6440169 1271065714109484 5754221 6097316  8190205 11015480  5131978  4112366 6149699 12118884
            2048     256 1539744 4405533  6317030 1162678412882215 6207471 5916724  7262337 10240672  4983122  4162181 5953632 11129659
            2048     512 1564421 4376355  6851089 1177016612488897 5868220 5970183  6851089 10143926  5083385  4807425 5974336 11015480
            2048    1024 1448358 4104506  7556202 1150223411015480 5238385 5785224  5864214  7705319  4643695  5447681 5719737  9990553
            2048    2048  286237 1586379  5974336  7470770 7311791 3024831 4829046  4301837  5433896  4293237  4048407 5403134  6543188
            4096       4 1061678 3146031  5230102  6585338 7073381 3049966 5196878  5687181  6041154  3322474  3271230 5497899  5885924
            4096       8 1375401 3436107  5689064  7460407 8699523 3470816 5867831  7642951  7249484  4266376  3859945 5902100  7264812
            4096      16 1476465 3637640  6302675  7756829 7087972 4140919 6060333  6839648  7447471  4162994  4027344 5826043  7502762
            4096      32 1510343 3778448  6178018  6186918 8642630 4496399 6013663  7599002  6510471  4352854  4149921 6342230  7802627
            4096      64 1037506 3927001  5468151  6430059 6894546 4059701 1582114  7185807  5808315  3442303  2553562 5565581  5978090
            4096     128 1480282 3765198  5928578  6930704 7111444 4556020 5802430  6420447  6542703  3904688  3571100 5696610  6565206
            4096     256  952965 3555579  5565581  5347310 5818150 3459633  936038  7038605  9353122  3574071  1486301 5025108  5217395
            4096     512 1419260 3897601  6066754  7001316 7725436 4659824 5681538  6254490 10612681  4196552  4091608 5769304  6086096
            4096    1024 1407516 3846119  6389405  7085049 6510471 4302706 5390937  6103394  9545402  3871253  3911800 5542240  6094733
            4096    2048 1382818 3300770  4218190  5784846 5159420 3660895 5190597  3882626  6169144  2944377  3664018 5157871  4958393
            4096    4096 1205790 2848685  4676314  4701910 4612286 2874423 4227532  2904553  4628439  3084464  2992067 4442909  4669958
            8192       4 1042505 2639036  5254742  5425673 5184962 2578629 5234728  5467982  5097274  2915349  2968237 5592582  5396699
            8192       8 1237662 3363060  6286308  6067617 5520695 3015121 5382328  6825797  5822889  3417585  3458173  285995  2845337
            8192      16  773488 3044239  6090202  6451556 6014511 3540122 5923270  5817959  3098317  3163062  3292485  719171  1258376
            8192      32  789973 3276785  5497729  5347148 5218033 3330140 5135366  7055669  5230743  3076402  3322090 5472336  5838720
            8192      64 1257640 3551098  3783776  3768008 4346140 3718664 5630154  7543623  6024002  3479888  3201375 5889763  5821902
            8192     128  932730 2095641  5665431  5622783 5527801 3618412 5553712  7627351  3427813  1985445  3423373 5793435  5802240
            8192     256  990542 3560297  3887813  3893540 3642578 2395941 5421393  6206817  5305863  3225114  2803547 4850463  4997921
            8192     512 1283382 2630550  4099813  5442863 5257958 3166561 5361332  6182248 11236730  3129072  3060236 5181834  5078440
            8192    1024 1201691 3130212  5396699  6060126 5158495 3119697 4589372  5649594  9052027  2828705  2803547 4873164  5435974
            8192    2048 1220299 2571296  4313945  4873164 4627695 3041813 4166935  3656923  4926264  2486267  1837536 4137332  4838850
            8192    4096 1194838 2449053  3610427  3757706 3777121 1913146 3569544  2003856  4411425  2578629  3324662 4248864  4345590
            8192    8192 1241418 2668343  4287033  4271046 4097857 2660492 4411425  2846515  4085675  2958525  2807442 4457206  4376030
           16384       4  974594 2745286  5732448  5706741 4789546 2518229 5256271  6014936  4952824  2721584  2765726 5492370  5593859
           16384       8 1228541 3283330  6291951  6270136 5565318 2956336 5730536  7423670  5734361  3079132  3109505 5984033  6407526
           16384      16 1432168 3390740  6473317  6435127 6059488 3239222 5994996  7255927  5704373  3263838  1986927 6077171  6336041
           16384      32 1411807 3622380  6217941  6249039 5986118 3369129 6227520  7827884  6040844  3552531  3427609 5407233  5983512
           16384      64 1421092 3788116  6201667  6246199 6246199 3989333 6127020  8453822  6226956  3464590  3733778 6032360  6203907
           16384     128 1442147 3512223  5934423  5981949 5897753 3962191 4952824  8245869  5651363  3391409  3616851 5839120  6032360
           16384     256 1438554 3735402  5756940  5744908 5649969 3750898 5439333  7278984  5661139  3509174  3441341 5601611  5741068
           16384     512 1399872 3819912  5815894  5933911 5853544 3875055 5590219  6866587  5744908  3471240  3498633 5593859  5626377
           16384    1024 1428180 3601686  5716711  5997088 5789435 3914790 5284972  6003900 10363669  2790207  2984843 5550485  5557667
           16384    2048 1309046 3013509  5170452  5331717 4990591 3288043 4726949  3130327  4571604  2104034  2457092 4782213  5047407
           16384    4096 1289470 2699666  4303626  4310375 4128087 2704553 4208481  2924630  4274448  2502456  2491478 4168908  4201020
           16384    8192 1251155 2651234  4331021  4232588 4153035 2646843 3811014  2768958  4227120  2543676  3320614 4155295  4201020
           16384   16384 1176687 2621499  4215193  4221407 4291264 2867875 4319587  2776454  4300125  2637497  2908046 4286713  4196659
           32768      64 1137854 3635200  6285565  6227465 6174587 3693820 6161577  8140764  6316184  3403402  3638857 6224926  6047970
           32768     128 1409618 3735078  5922355  5939503 5876521 3667307 5964506  8065284  5980597  3417960  3636066 5368330  6033368
           32768     256 1432225 3671421  5726669  5772125 5581321 3746685 5683803  7614850  5646674  3336236  3526172 5642038  5716665
           32768     512 1422648 3653852  5723807  5830650 5741741 3816073 5641806  6948448  5784271  3271280  3452129 5708592  5738624
           32768    1024 1413882 3224615  5813140  5860734 5785245 3693026 5595637  6862406  5706695  3006245  3133596 5751833  5626332
           32768    2048 1345596 3103593  5326305  5394034 5346403 3100723 5208624  4309403  7120523  2286502  2410456 5232818  5323004
           32768    4096 1297992 2720927  4418576  4357496 4441278 2755678 4384744  3116048  4471041  2255656  2100780 4406110  4355701
           32768    8192 1303420 2740021  4310349  4422699 4409078 2727731 4372468  3031509  4388384  2560585  2637284 4393013  4359708
           32768   16384 1310817 2706513  3421534  3846511 3815543 2560395 4371495  2938311  4413893  2542726  3420087 4352804  4320647
           65536      64 1154048 3778400  6092988  6155341 5943716 3614778 6047412  8438877  5983306  3289161  3324647 5890349  6270196
           65536     128 1418499 3611169  5936784  5989433 5873483 3678044 5829018  8216640  5860210  3286173  3618776 5850357  5908455
           65536     256 1420060 3541337  5622052  5749284 5619064 3691330 5493843  6782954  4366134  2818977  3495048 5554794  5677089
           65536     512 1437632 3211122  5490661  5447354 5447354 3355492 5583226  6865287  5506720  2970663  3169066 1904565  1803118
           65536    1024 1226368 3488174  5226928  5700755 5787414 3552045 5395284  6937190  5748202  2973523  3083014 5617686  5575186
           65536    2048 1291374 2873254  5156622  5344719 5330727 3087100 5148509  4197262  4676161  2209579  2272717 5055243  5251292
           65536    4096 1264761 2654035  4374055  4364124 4381306 2725562 4314395  3039581  4393069  2127162  2250481 4355411  4358588
           65536    8192 1301685 2432121  4333849  3654085 3569481 2685146 3654717  2993732  4325529  2263453  2386863 4329276  4362670
           65536   16384 1303079 2718419  4349347  4383681 4356309 2728972 4316088  3006929  4346458  2516832  2614329 3848278  3600102
          131072      64  856232 2618086  6108343  6294519 5953487 2749524 5828759  8015708  5975749  2741926  2949684 6162849  5888192
          131072     128 1299054 3021967  5955938  6052725 5849349 3087599 5910284  8334204  5847793  2851995  2895344 5877176  5969195
          131072     256 1326023 2607766  5695074  5773544 5617215 3050169 5240320  6736146  5293911  2393835   848120 5816672  5917218
          131072     512 1356685 3127916  5885859  6030219 5659894 3126796 5939465  7184021  5917473  2888635  3049390 5959683  5932479
          131072    1024 1343723 2990341  5765189  6007288 5915626 3221317 5822832  6842030  5909713  2452823  2580216 5795822  5977893
          131072    2048 1209161 2562249  5128806  5317517 5161115 2584279 5105420  4216701  5179690  1874464  1995521 5135226  5229056
          131072    4096 1180935 2328755  4328826  4364845 4246208 2367118 4207213  2964493  3976827  1828881  1901217 4181326  4258213
          131072    8192  933535 2257568  4164318  4265978 4256400 2302701 4283829  2545627  3980656  1918300  1802047 3486886  3324945
          131072   16384 1012154 2343117  4257652  4145758 4190569 2254263 4189898  2995049  3890181  2033099  2115162 4346039  4300416
          262144      64  157170  168748  6096651  6364726 6000659  118603 5616951  8393679  6015926   165980   166233 6109864  6216362
          262144     128  160074  152126  5846854  6091011 5804383  122447 5808768  8344311  5984068   176698   165428 4658931  4719059
          262144     256  168777  159814  5558006  5785843 5674230  141836 5513829  7419466  5819991   169890   164284 5531527  5770024
          262144     512  164718  155992  5608442  5725793 5698669  137666 5447042  6882796  5673030   176027   162588 5548498  5939331
          262144    1024  166415  153541  5518810  5737715 5678655  171123 5527439  6614287  5712318   140262   159133 5586670  5962295
          262144    2048  161841  168662  4777124  5055997 4910533  177837 4712627  3894284  4953138   167067   164452 4830453  5119894
          262144    4096  163759  134702  3988249  4202306 4079747  177762 4075815  2767335  4200829   181094   169224 4075558  3955336
          262144    8192  159699  163026  3308724  3421807 3584731  180031 4111664  2891155  4247304   164389   177100 4171076  4306476
          262144   16384  162063  150397  4157182  4060042 3918154  172637 4084961  2988552  4095750   208122   201290 4122795  4191620
          524288      64   63504   90866  6007721  6242635 5907544   28880 5797784  8291229  5942618    90203    87970 6069706  6235731
          524288     128   91815   87315  3584116  5995764 5777085   48019 5165047  6337867  5171351    92591    87550 5810377  6057985
          524288     256   93489   87418  5599029  5781672 5563854   57380 5652699  7503974  5778998    91787    92765 5098394  5006053
          524288     512   93001   85811  5496722  5788947 5571593   60344 5481431  6974034  5602795    93184    86436 4199648  5662407
          524288    1024   91892   86453  4760153  3615376 4983251   64669 4618702  6850053  5696555    92965    87978 5429327  5700942
          524288    2048   90401   77419  4850342  5000453 4958609   87873 4826761  3704954  4895031    89150    88687 4773544  4896731
          524288    4096   91652   86545  4104916  4353141 4341821   91902 4099368  2808079  4131834    93275    92409 4097664  4153961
          524288    8192   91341   82449  3192594  3438317 3537780   86331 4050431  2801732  4154188    91301    93529 4035069  4121990
          524288   16384   92868   86383  4081518  4167857 3535510   93092 4133752  2164314  4022624    96168    81534 4113354  4185125

iozone test complete.
