	Iozone: Performance Test of File I/O
	        Version $Revision: 3.420 $
		Compiled for 64 bit mode.
		Build: linux-AMD64 

	Contributors:William Norcott, Don Capps, Isom Crawford, Kirby Collins
	             Al Slater, Scott Rhine, Mike Wisner, Ken Goss
	             Steve Landherr, Brad Smith, Mark Kelly, Dr. Alain CYR,
	             Randy Dunlap, Mark Montague, Dan Million, Gavin Brebner,
	             Jean-Marc Zucconi, Jeff Blomberg, Benny Halevy, Dave Boone,
	             Erik Habbinga, Kris Strecker, Walter Wong, Joshua Root,
	             Fabrice Bacchella, Zhenghua Xue, Qin Li, Darren Sawyer,
	             Vangel Bojaxhi, Ben England, Vikentsi Lapa.

	Run began: Sun Oct  6 03:51:52 2013

	Auto Mode
	Command line used: iozone -a
	Output is in Kbytes/sec
	Time Resolution = 0.000001 seconds.
	Processor cache size set to 1024 Kbytes.
	Processor cache line size set to 32 bytes.
	File stride size set to 17 * record size.
                                                            random  random    bkwd   record   stride                                   
              KB  reclen   write rewrite    read    reread    read   write    read  rewrite     read   fwrite frewrite   fread  freread
              64       4  500060 1304314  4988978 12902017 9006179 4274062 3541098  4897948  4274062  3363612  2662899 2801873 12902017
              64       8  725882 1421755  5860307 15972885 9006179 4018152 3057153  5860307  5283570  2358717  1492919 3541098  4274062
              64      16  703068 1452528  3958892 1290201712902017 5389653 4564786  4274062  3541098  3406295  3363612 4988978 12310336
              64      32  998622 1518251  7100397 1290201710821524 5735102 4897948  5735102  3738358  4018152  1828508 3791156  4988978
              64      64  695778 3057153 15972885 2096219112310336 4988978 4564786  4274062  4274062  3363612  3406295 5283570 10402178
             128       4  942199 2558895  5603747 10567140 9129573 4407601 4889281  5325799  7582312  3124872  2784517 5325799  9977956
             128       8  505620 1827299  6330599 1801235914200794 5325799 5122535  5325799  6406138  4135958  3124872 5847904 11720614
             128      16  847059 1939522  4407601 1420079414200794 5545860 6114306  7082197  4012317  5122535  2098744 3536566 12842051
             128      32  927549 2004703  6114306 1284205115881078 6114306 5122535  5122535  4407601  5379161  3895854 5325799 10567140
             128      64 1155043 2511022  7082197 1801235914200794 6045455 3759450  7082197  3867787  4267461  5545860 3867787 14200794
             128     128 1196221 2367096 11720614 1588107814200794 6406138 5122535  6406138  6406138  6114306  2464907 6114306 14200794
             256       4  941213 2413957  5971678 1281227710245071 4652146 5428265  5687020  5569035  4117018  3052087 5687020 11569783
             256       8 1075025 2588541  6398720 1516462412812277 5687020 4264168  7314033  9518507  4672389  3197509 6107548 12090911
             256      16 1084800 2872459  5022044 1495343514164395 5971678 3935921  7314033  5142301  5217259  2639446 6554972 14953435
             256      32 1137672 2872459  6398720 1583556915164624 6398720 6398720  7791708  5569035  5569035  3654598 5320671 14164395
             256      64 1195962 3052087  6891544 1709624914164395 6719046 6249745  7735574  5971678  5687020  5022044 4652146 14953435
             256     128 1107172 3410808  8271916 1516462413454450 6398720 4572895  7120034  7571923  4572895  6249745 5117791 13454450
             256     256 1306564 4197489 12812277 1416439513454450 6107548 6107548  6073004  6398720  6107548  3994490 5971678 14164395
             512       4 1087440 2768068  5886650 11943357 9859630 4340054 4532414  5639315  8992598  4305250  3768799 5822804 11620224
             512       8  941133 2597325  4494470  9638369 7334159 3580298 4030519  7022379  8992598  4620174  4068701 6319739 13872122
             512      16 1169140 2782414  4742616  610417510044089 4061007 4228947  5177083  6319739  3970896  3437042 4375425  9145790
             512      32 1391032 4061007  6395018  866599713438092 5624545 4961773  7211022 10044089  4784885  4131319 5067142 13872122
             512      64 1365383 4131319  6086873 1462806713783088 6395018 5177083  7115451  9468384  4660280  3905895 5384786 14240069
             512     128 1339827 3196584  6652558 1424006913109944 5886650 5439343  6821616  6652558  3086326  3086326 3788747  6931711
             512     256 1270846 3580298  7871843 1249949012427157 5566231 5278892  5684095  5744919  3304808  3963567 4195896  9304292
             512     512 1221684 3963567 12797441 1310994412797441 5951911 5822804  6104175  5886650  5951911  4927617 6086873 13438092
            1024       4 1094034 3121783  6025439 12492426 9923546 4228138 5194651  5821271  7257394  3012308  3671521 5507740 11614118
            1024       8 1354535 3529706  4029784  904573612492426 4972145 5660167  7160597  8680108  4720752  4321737 6479979  6529233
            1024      16 1389145 4114719  6402699 1423090213142265 5813392 6402699  7485055  7644933  3646583  4507705 4287225 13472053
            1024      32 1438461 4531485  6874084 1461839313818817 6280976 5390231  8000971  9045736  2968586  4654248 5690162 14422045
            1024      64 1464956 4110780  6609617 1461839314230902 3951918 6529233  8326715 10990032  5682634  4594502 5751117 14422045
            1024     128 1436056 4249053  6733974 1423090213643232 6393168 5690162  8061038  5917516  5500686  4594502 6317933 13863422
            1024     256 1393200 4282950  6874084 1294422412983353 6244448 5853003  7054742  9855234  5593820  4995276 6025439 12790037
            1024     512 1505523 4428688  8262639 1310217412944224 3908759 6025439  6650556  8061038  4832290  6402699 5917516 12639479
            1024    1024 1301187 4321737 12492426 1347205313472053 6172653 5950309  6199382  5991815  3012308  4972145 5853003 12790037
            2048       4 1209031 2782790  5953632 10959265 9796850 4073364 5475461  5884299  7419150  3443127  2763987 5852228 10401883
            2048       8 1233688 3828288  5044577 1198363012327589 4818211 6132138  7293167  8498106  4945823  4196751 6440169 12033995
            2048      16 1476744 3525079  6464402 1225722712882215 4367454 6280083  7582884 11320334  5172149  4338776 6243566  3644736
            2048      32 1405465 4321315  6649556  812820613660713 6024617 5868220  8159088  8749118  5362657  4603874 6608629 12345306
            2048      64 1537539 4717655  6670210 1303864614321195 6459541 4900677  8565901  9664580  5549749  3757946 6303124 12654482
            2048     128 1443248 4394265  6225466 1196693513660713 6479029 6020395  8221561 13748169  5172149  4405533 6024617  7213548
            2048     256 1439137 4405533  6280083 1138032512729493 4674016 5900467  7213548 10452512  4550221  4472047 4697018 10780463
            2048     512 1569280 4423683  6851089 1144095512327589 5640860 5868220  5144271 10143926  5044577  4666399 4875642 10452512
            2048    1024 1302727 4213218  7817519 1177016611129659 5564129 5769681  6518362  6041567  4889518  5582208 5704543  8949659
            2048    2048 1325442 3683812  7106133  5611381 7088541 4374126 3779440  4223576  5332694  4284671  4154130 4367454  5769681
            4096       4 1095179 3232454  5792648  6847827 6225028 2714122 5327412  5312585  6263611  3143729  3165159 5657217  5603704
            4096       8 1337703 3479956  6293440  6532752 8734909 3730856 4990078  7728911  6349261  4192455  3660895 6204794  6186918
            4096      16 1447236 4117102  6358661  7585581 9267351 3775126 6103394  6585338  7111444  3915366  4141917 6024207  7326777
            4096      32 1478626 3828122  6243125  6451792 9571993 4773769 6245395  7954358  4946971  4540367  3897601 6186918  7572208
            4096      64 1502681 4266376  6451792  6351609 9461292 4988629 6245395  8324363  7277121  4253700  4201683 6351609  7515892
            4096     128 1478753 3886139  6058196  6358661 8695120 3945943 5257310  8177752  7298762  3761900  3653887 5996870  5020702
            4096     256 1483477 4342950  5936773  6883496 8173861 4441761 5736555  7367624 13126371  4270618  3743865 5721272  6659365
            4096     512 1510875 4167033  5196878  6389405 7073381 4245291 5461198  5818150 11099499  3447830  3552638 5468151  5549401
            4096    1024 1369917 3276846  6198078  5396016 6005255 3931494 5340661  6351609  8459632  3343814  3212508 5007531  5627567
            4096    2048 1244574 2675656  5063617  4796426 4835578 2811391 4344048  3256349  4735608  2788122  3583764 4581535  4864330
            4096    4096 1175270 2576153  3931494  4121052 3761900 2534724 3938705  2803592  3945943  2673574  2687375 3886139  4121052
            8192       4 1140314 2746404  5740202  5576245 5210911 2637415 1022708  5603526  4776295  2592443   837617 3846036  1109602
            8192       8  920239 3315359  6154564  5793435 5988306 2848403 5517150  6861236  5610847  3369657  3349292 6205696  5962328
            8192      16 1364846 3538663  6311712  6239504 5859631 3341150 5653313  7944805  5893805  3452266  3147128 6263389  5901904
            8192      32 1427148 3583691  5936574  4395061 6516405 3858994 6173362  8250021  6281710  3652258  3685162 5224380  6399884
            8192      64 1373576 3799676  6135880  5901904 6670750 3771731 6164502  8507400  6420214  3740525  3642192 5940679  6410631
            8192     128 1392220 3893540  6063334  5681356 6201216 4075498 5461029  7507362  5814021  3775046  3808521 6018726  5591672
            8192     256 1471773 3865941  5524246  5932474 5539386 4029614 5634770  7481208  5557305  3373958  3665505 5400092  5389927
            8192     512 1480333 3275536  5983092  5353814 5793435 4244664 5386547  6345516 12356037  3689911  3537206 5432536  5884720
            8192    1024 1437236 3558822  6154564  5748846 5761377 4190311 5165475  7134785 11554130  3468296  3055609 5644954  5353814
            8192    2048 1316626 2892524  5184180  5234728 4964702 3292485 4734829  4086161  6475875  2832670  2669379 4875931  4995015
            8192    4096 1246326 2673533  4268923  4255705 4295608 2865268 4179607  2847459  3104195  1777736  2784463 2970290  2775018
            8192    8192 1109889 2296650  4192356  4287033 4203126 2728954 4413692  2867420  4346140  2802404  2854319 4259926  4248864
           16384       4 1179049 2879894  5677040  5392805 4558867 2513623 4772581  5795294  4565227  2939895  2762391 5499843  5529493
           16384       8 1271763 3133896  6152253  6104162 5156872 2806846 5659741  7393320  5659275  3080926  3214975 5767086  6124836
           16384      16 1334415 3357442  6335457  6409917 6003375 3151430 6116114  7525288  6124836  3035204  3164782 6059488  5938013
           16384      32 1391651 2600566  3010209  3224630 4884875 2645926 5887143  6797981  6092797  3305123  3578057 6225263  5933911
           16384      64 1402501 3688486  6201667  5966368 6039252 3594527 5799696  8245869  6115570  3396942  3581974 6005999  5529493
           16384     128 1432676 3692450  5828720  5895729 5753084 3767348 5756940  7899874  5940066  3515996  3557128 5616719  5881097
           16384     256 1454817 3708391  5685024  5706267 5686906 4003976 5544663  7195149  5443210  3494896  3353182 4760019  5710535
           16384     512 1462994 3698412  5729102  5738671 5663005 4046414 3988175  6884473  4966426  2249939  2988088 5686906  5568926
           16384    1024 1412040 3550145  5880593  5818356 5769022 4058363 5529493  6773190 11951617  3036814  3186945 5649504  5435890
           16384    2048 1255269 2885577  5201369  5280100 4972175 2937758 4996760  4081745  6609036  2425780  2325311 5067506  5099470
           16384    4096 1261282 2331860  4032405  4285644 4165623 2505650 4237808  2905464  4322848  2538602  2518321 4232588  4199993
           16384    8192 1209768 2590372  4178541  4184902 4181846 2642161 4149775  2824845  2692473  2151261  3211820 3883376  4178287
           16384   16384 1215439 2592033  4328838  3777703 4226860 2583069 4082958  2756408  4155295  2707217  2845903 4381835  4262252
           32768      64 1416140 3578505  6063713  6116878 5878784 3474821 5998084  8227017  6123692  3318674  3506828 4806766  5091311
           32768     128 1118892 3602045  5977476  5833867 5803567 3663299 5802587  8442815  5586085  3309245  3385879 5870497  5900996
           32768     256 1440481 3602045  5672075  5618741 5658530 3724046 5636947  7260835  5718568  3311238  3487076 4514661  4710070
           32768     512  827891 3661640  5871250  5651782 5694872 3757852 5545514  6884061  5737666  3258561  3470084 5659462  5766071
           32768    1024 1407266 3578877  5714763  5874512 5904291 3804980 5670203  6926038  5750630  2911669  3184789 4045438  3819148
           32768    2048  857558 2863800  5025042  5179182 5158770 2934108 4948331  4073616  6602624  2163037  2301435 4938729  4976822
           32768    4096 1225243 2624794  4198300  4248393 4290702 2658660 4219438  2947258  4232562  2169216  1685337 3832994  4151506
           32768    8192 1234287 2681955  4392451  4417440 4403005 2703372 4261698  2971087  4279480  2422394  2482603 4243409  4266593
           32768   16384 1266487 2715980  4304139  4325134 4417298 2672515 3063812  1374254  3344029  2125997  3444947 4225405  4405545
           65536      64 1224537 3586339  6440920  6514496 6150108 3649186 2438897  3658560  3868751  2422497  3567164 6063687  6234924
           65536     128 1394054 3589618  5813485  5995443 5757955 3523858 5837808  8142164  5821734  3354468  3599112 5895023  5889844
           65536     256 1430413 3679521  5707620  5655597 5629190 3758253 5647695  7039342  5607143  3132375  3483753 5428313  4273944
           65536     512 1059305 3692768  4652260  5027321 4379909 2889078 5512794  6929845  5651179  3250653  3388291 5641436  5728675
           65536    1024 1401781 3584562  5528984  5804769 5673106 3721314 5581299  6986738  5722235  2826659  3082323 5741238  5685426
           65536    2048 1273480 2919456  4942708  5033121 5055243 3003611 5115644  4225653  4993167  2112417  2319218 5130826  5341188
           65536    4096 1270149 1606704  4350173  4369952 4370577 2742339 3139136  2327761  4374333  2134032  2227972 4341584  4374612
           65536    8192 1282302 2735544  4334123  4284803 4355756 2744064 4234636  2995820  4295181  2257449  2314843 2223143  3397799
           65536   16384 1012904 2627549  4198095  4188436 4128237 2650605 4144420  2878549  4196493  2441193  2533885 4227342  4224029
          131072      64 1258071 2915829  6161399  6193119 5845431 2852113 6149888  7145178  6083064  2883060  3027909 6138626  6374512
          131072     128 1354022 3030497  5844064  5983098 5803531 3083460 5565242  7716866  5602332  2351908  3017936 5816118  5957810
          131072     256 1288266 3213653  5586790  5685709 5581344 3059215 5555288  7262794  5573536  2703245  2947549 5624169  5763678
          131072     512 1377817 3158739  4460970  6014649 5855080 3244511 5825177  7268844  5916645  2794400  3021901 5917473  5936195
          131072    1024 1339878 3068659  5875292  6042680 5950523 3309652 5919321  7180830  5958327  1211823  2598104 3992074  3983945
          131072    2048 1146036 2448617  4799231  5136617 5060306 2026780 4878704  3985880  5093311  1955891  1963421 4878530  5037724
          131072    4096 1162697 2278244  4163781  4205057 4156007 2107678 4137241  2976482  4180118  1806299  1853577 4174119  4198474
          131072    8192 1143664 2274840  4092795  4206537 4115160 2304883 3130374  2632277  4144321  1873040  1956358 3222884  3085866
          131072   16384 1098775 2321958  3332867  2742200 2645348 2052646 4146540  2815177  4176276  1990348  1547832 4137116  4051563
          262144      64  160636  152328  6089560  6319148 5968671  111295 5653922  8361889  6168374   148059   159039 5995718  6237662
          262144     128  154190  156315  3760765  4624813 4557281  126957 5662454  8129788  5963265   165969   157926 5760381  5985436
          262144     256  152500  155631  5466894  5720044 5631191  139468 5291766  7297394  5621058   160417   161059 5593719  5836984
          262144     512  161396  148913  5447365  5670689 5721771  152043 5511176  7055758  5683440   157496   159335 4479341  4124218
          262144    1024  155391  156004  5523357  5788005 5764186  166493 5725793  7162391  5960517   160682   161967 5534088  5806191
          262144    2048  153518  159606  4767823  5110327 5092434  165633 4948167  4047622  5240890   159928   154911 4757776  5104041
          262144    4096  150306  151782  3947427  3990680 3982196  166868 4104649  2960444  4167108   163446   161522 4109481  4021037
          262144    8192  153554  162638  2895213  3691385 3946350  181447 4212917  2889818  2728737   169422   147642 3069128  2533181
          262144   16384  150726  151752  4075302  4067582 4046862  164831 4191748  2899052  4285295   191884   182706 4078158  4135666
          524288      64   64980   86268  6093117  6289522 5871408   30772 5740408  8515727  6000148    85386    87834 5771429  6022480
          524288     128   80258   76345  5565628  5473818 5476558   28343 4392680  7818170  5405983    79418    79971 5597005  5747265
          524288     256   86602   80384  5737952  5919678 5542091   53534 5495156  7259112  5640360    88198    87711 5655679  5744172
          524288     512   88972   81817  5658561  5788048 5649344   64093 5452536  5077405  5236021    89029    88764 5647835  5767494
          524288    1024   87419   83408  5558074  5827097 5785505   65846 5604708  6918456  5770157    88521    89758 5505323  5737892
          524288    2048   84549   86822  3910613  3645373 4586909   87001 4954196  3576195  4964889    89991    83713 4881275  4592647
          524288    4096   86237   84850  4101899  4081616 4235987   90273 4162602  2870765  4337471    91877    86131 4074704  4214296
          524288    8192   87414   84775  3962333  4030129 4159138   88975 4093477  2777464  2840576    92651    89793 4120522  4088332
          524288   16384   88786   84911  4138287  4063740 3971185   91571 4143559  2929227  3950659    93403    92271 4016364  4120298

iozone test complete.
