	Iozone: Performance Test of File I/O
	        Version $Revision: 3.420 $
		Compiled for 64 bit mode.
		Build: linux-AMD64 

	Contributors:William Norcott, Don Capps, Isom Crawford, Kirby Collins
	             Al Slater, Scott Rhine, Mike Wisner, Ken Goss
	             Steve Landherr, Brad Smith, Mark Kelly, Dr. Alain CYR,
	             Randy Dunlap, Mark Montague, Dan Million, Gavin Brebner,
	             Jean-Marc Zucconi, Jeff Blomberg, Benny Halevy, Dave Boone,
	             Erik Habbinga, Kris Strecker, Walter Wong, Joshua Root,
	             Fabrice Bacchella, Zhenghua Xue, Qin Li, Darren Sawyer,
	             Vangel Bojaxhi, Ben England, Vikentsi Lapa.

	Run began: Sun Oct  6 03:51:52 2013

	Auto Mode
	Command line used: iozone -a
	Output is in Kbytes/sec
	Time Resolution = 0.000001 seconds.
	Processor cache size set to 1024 Kbytes.
	Processor cache line size set to 32 bytes.
	File stride size set to 17 * record size.
                                                            random  random    bkwd   record   stride                                   
              KB  reclen   write rewrite    read    reread    read   write    read  rewrite     read   fwrite frewrite   fread  freread
              64       4  710511 1226821  2892445 1698346310402178 4564786 4564786  3738358  4274062  3541098  3057153 3738358 10821524
              64       8  651849 1452528  6421025 1290201710402178 4988978 3057153  5860307  5283570  2561267  3203069 5389653 12902017
              64      16  771797 1526887  6421025 1082152410402178 5389653 5735102  5860307  3791156  4018152  4564786 3057153  5283570
              64      32  901377 1599680  7100397 1231033610821524 5389653 4564786  4564786  4018152  3791156  2379626 5283570 10821524
              64      64  789967 1638743 15972885 2096219115972885 5860307 4897948  5283570  4018152  5389653  3738358 5735102 20962191
             128       4  776042 1755594  4012317 10567140 9795896 4444086 4934216  5325799  3359523  3982553  1939522 3468030 11720614
             128       8  826202 1967960  4012317 1420079412842051 5325799 5379161  6727225  6406138  3297617  2286447 3895854 14200794
             128      16  859260 2211113  4267461 1056714012842051 5784891 6114306  7082197  4934216  4717434  2175277 4104338 14200794
             128      32  902598 2238774  5847904 1077930712542043 6114306 3895854  7176872  4444086  5325799  2660335 5325799 10567140
             128      64  901083 2673584  7082197 1284205114200794 6406138 5122535  6812590  4267461  4267461  3445772 4104338 14200794
             128     128 1206978 3867787  9977956 1284205114200794 6114306 5325799  6114306  6406138  6114306  2784517 5784891 11720614
             256       4  966633 2435861  5810112 1281227710245071 4734192 5320671  5938650  4054829  4332998  3245838 5687020 12228612
             256       8 1023775 2563818  5687020 1435374412812277 5540300 4572895  7518900  5117791  5242734  3654598 6249745 14164395
             256      16 1173737 2812272  5810112 1495343513454450 5971678 6073004  7518900  5687020  5022044  3465855 4672389 14164395
             256      32 1099237 2911402  5540300 1607260814353744 6398720 5687020  7735574  5687020  5428265  4572895 5971678 14953435
             256      64 1208072 2984226  7735574 1607260814353744 6936061 5569035  7735574  8815202  5841722  5569035 6073004 15164624
             256     128 1213534 2984226  8271916 1516462414164395 6595234 4572895  7314033  6107548  4907284  6719046 5938650 14953435
             256     256 1405778 3810220 12228612 1416439512812277 6398720 5810112  6398720  5938650  6249745  3717869 6073004 13454450
             512       4 1125630 2860238  6018636 12215097 9859630 4411377 5453155  5684095  6319739  4131319  3653390 5886650 11877300
             512       8 1242896 3244885  6472112 1414626512499490 5624545 5951911  7435738  6395018  4961773  4163357 6246213 13872122
             512      16 1316016 3388236  6652558 1462806713190469 6018636 6395018  7435738  6472112  5227492  4411377 6736026 14240069
             512      32 1339827 3762197  5886650 1462806714146265 6652558 6571132  8018812  7758090  5566231  4610256 6156675 14628067
             512      64 1354190 3877684  6652558 1547114914628067 6821616 6395018  8265729  7309196  5684095  4973263 6246213 14628067
             512     128 1354190 3795443  6931711 1414626513783088 6414119 6174377  7435738  7758090  5684095  5227492 6156675 14240069
             512     256 1237168 3842988  8265729 1310994412797441 6319739 5951911  6821616  8265729  4916336  5624545 5639315 11877300
             512     512 1463057 4228947 12797441 1352271113109944 6246213 6018636  6246213  6104175  6246213  4961773 6156675 13190469
            1024       4 1221964 2976816  5917516 11903823 9677584 4321737 5390231  5789881  6830356  4249053  3696803 5120336 11398360
            1024       8 1354535 4199201  6519323 1442204512492426 5194651 6093831  7524394  8474583  5018624  1607514 6364746 13998981
            1024      16 1400926 3764854  6172653 1399898112208350 5821271 5330028  7420395  8525047  5303701  4531485 6479979 13686709
            1024      32 1438461 4130547  6441107 1461839313818817 6280976 6559147  8122014  8183918  5417427  4470172 6317933 14422045
            1024      64 1444266 4146499  7020149 1529515714422045 6569179 6489770  8326715 15743686  5564829  4550690 6479979 14618393
            1024     128 1472995 4018473  6650556 1442204513863422 3179559 6025439  8137402  9485232  5444898  4634161 6128613 14230902
            1024     256 1508167 4146499  6963241 1279003712944224 6280976 5917516  6963241  9320560  5507740  5042191 5950309 12456195
            1024     512 1542286 4300102  8199542 1298335313102174 6163794 5885083  6650556  8246774  5096034  6489770 6025439 12639479
            1024    1024  945651 4029784 12208350 1282823812639479 5991815 5917516  6093831  6128613  6025439  4972145 5991815 11936907
            2048       4 1261036 3145567  5868220 10555264 9697312 3938881 5444228  5735012  7529708  4079167  3567536 5800851 10037248
            2048       8 1424106 3828288  6416117 1211888412118884 4842658 6080053  7311791  8128206  4820915  4240255 6359119 12118884
            2048      16 1467159 4088876  6382745 1234530613138359 5433896 6225466  7582884  8565901  5044577  4394265 6503556 11983630
            2048      32 1519319 4240255  6696208 1280539914017386 6041567 6280083  7969835  8866519  5332694  4385291 6401772 12729493
            2048      64 1455722 3848872  1322992  2291378 2453001 4775354 6401772  8159088 10339282  5293261  4321315 6080053 13726200
            2048     128 1390225 3841986  5937172 1144095512398764 5640860 5836323  7670915 14970110  4321315  3669648 5754221 12118884
            2048     256 1444219 3751381  5916724  5970183 9268323 4581773 4983122  6670210 11900619  3969827  3606479 5611381 10903620
            2048     512 1466909 3512108  1210394  799952410673302 4983122 5553337  6363830  9697312  4164199  3922692 5582208 10780463
            2048    1024 1339497 3219850  4818211  7112016 5475461 2727131 5212953  2443928  6603549  4088876  4231899 4221501  6340344
            2048    2048 1194073 2128431  4900677  5416763 5332694 3154809 3938881  3012103  2334979  3483621  1716680 3885431  3690142
            4096       4 1090798 2861973  5069594  6032669 5332372 2632605 4935601  5483860  5808315  3354915  3061379 5611025  5674032
            4096       8 1386613 3422417  6311938  7612471 7061751 3640724 5978090  6532752  7161842  3726809  3546038 5978090  5751920
            4096      16 1386613 4023571  4988629  6309619 8360824 4071246 6005255  7529067  7515892  3882626  3817065 6309619  7038605
            4096      32 1488490 4240052  6471234  784538510136778 4055868 5334028  8276241  7301864  4633432  3737349 6370451  7701194
            4096      64 1421256  877069   997564   609522  918620  611801 2310114  4490523  2032686  1611347  3540193 6379914  7697744
            4096     128 1512604 4188367  5390937  7274040 9435311 4990078 5969780  6503078  6618318  4408705  4052041 5928578  7161842
            4096     256 1551537 3726809  5944991  7001316 8447153 4214051 5721272  7301864 11252164  4222337  3644585 5101205  6572741
            4096     512 1530663 3984379  6186918  5810280 8292220 4664886 5319164  7004170 11601703  4144915  3716329 5719367  6597984
            4096    1024 1488361 3501232  5867831  7173805 7135072 4145915 5618365  6672297 10136778  4063542  1835886 1520906  2182178
            4096    2048  684625 1899838  5483860  5794602 3802702 2876348 4505833  3441614  5794602  2900630  1561691 4768469  5279930
            4096    4096  507427 2550150  2125746  3462422 3942321 2545993 4132949  2544108  2034853  2017646  2344796 4161985  4047268
            8192       4 1165613 2460804  5003744  5084451 4985593 2215212 4971166  5287898  4224832  2757425  2731558 4792951  4899570
            8192       8 1159673 2987594  5059743  5607184 5400092 2647576 5228355  6420214  5261179  3001950  3005100 5113204  5483690
            8192      16 1295186 3305789  5958192  6173362 6001904 3221485 5461897  7229358  5368033  3335636  3101953 6028229  5851647
            8192      32 1226003 3462703  6099933  5389927 6140266 3422010 5527801  7930135  6063334  3449147  3407755 5732541  5948908
            8192      64 1396748 3422010  6014511  5842692 6108608 3586684 5534924  8086916  5607184  3376611  3319202 5622783  5501249
            8192     128  836516 3034024  5494212  5716328 5207752 3632950 4946832  7756488  5117011  2837582  3253206 5610847  5364680
            8192     256 1436936 3383927  4980534  5233930 5094251 3449147 4958969  6063334  5053790  3024144  2700004 5323125  5557305
            8192     512 1380307 3483062  5461897  5207752 5748846 3744193 5497729  6877717  4992112  1317888   950245 2063919  1780038
            8192    1024  317878 2815032  5615432  5927357 5595314 4098346 5254742  6345516  9965682  3186234  3049913 5696426  5295233
            8192    2048 1315114 2890577  5313247  5483690 4774304 3292485 4976927  3856828  5962328  2703616  2814340 4713395  5191229
            8192    4096 1136994 2668343  4196965  4277959 4320998 2925775 3882541  2799892  4295608  2502201  3449147 4253071  4201070
            8192    8192 1254884 2574379  4293461  4264155 4373801 2831736 3955393  2792156  4341197  2733296  2672702 4266803  4173008
           16384       4 1221032 2830197  5661139  5661606 4586862 2497182 5241438  5787485  4992041  2599386  2811209 5472251  5570732
           16384       8 1277318 3227811  4365412  6265562 5531719 2806387 5845080  7334141  5897753  3193758  3269739 6263278  6355378
           16384      16 1454294 3551613  6124836  6222445 5843092 3194352 5945205  7557565  5955510  3338197  2787378 6140708  5897753
           16384      32 1445696 3513659  6178250  6340718 5973110 3418402 3885132  8095305  6227520  3449287  3388566 6037129  6155008
           16384      64 1467304 3623908  6248471  6422497 6043501 3992114 6099827  8372454  5345819  3382395  3302581 4962122  6217941
           16384     128 1436419 3738857  6043501  5791387 5929815 3627160 5630526  7731883  5806066  3174578  3591521 5851550  5984033
           16384     256 1481252 3763016  5720518  5742987 5527714 3773347 5592038  7536843  5736755  3523568  3505415 5748753  5468768
           16384     512 1434680 3723662  5568926  5843092 5710535 4035247 5538853  7095596  5785536  3532443  3431203 5604809  5518393
           16384    1024 1413143 3480911  5815894  5906370 5902312 4108344 5529493  6829057 11729263  3086739  3078028 5236246  5799696
           16384    2048 1342943 2938889  5096067  4982992 5036679 3199259 3618375  3064166  5609384  2093777  2394673 4905448  4976857
           16384    4096 1284937 2584235  4178541  4364303 4165875 2531588 4228160  2872430  4334572  2481312  2540949 4223742  4296899
           16384    8192 1243863 2638307  4224781  4266751 4285644 2594871 4233631  2901783  4250126  2511694  3347792 4066528  4303896
           16384   16384 1113735 2595753  4307133  4314976 4169920 2785005 4243303  2692473  4161586  2601551  2818589 4332113  4211834
           32768      64 1384540 3454385  6283266  6186260 6183755 3567544 6151373  8480323  6101129  3260803  3612365 5831639  6197698
           32768     128 1449643 3546737  5875517  5990503 5750871 3418300 5958816  7924382  5977476  3288894  3357426 5928742  5956750
           32768     256 1438145 3645807  5711676  5636022 5501562 3693423 5509943  7181166  5138518  3301534  3553248 5685920  5724761
           32768     512 1444858 3669069  5733597  5803812 5704800 3736804 5782081  7185672  5826448  3204391  3354312 5722615  5833867
           32768    1024 1411254 3503431  5364768  5843044 5670203 3615976 5539926  7081997  5766797  2875123  3091308 5933861  6021473
           32768    2048 1380521 3060400  5234412  5286966 5222875 3067025 4975380  4149375  7192064  2235368  2336212 5049782  5193861
           32768    4096 1313510 2707420  4423268  4329221 4441278 2704969 4406675  3044807  4449618  2288749  2352850 4299696  4425120
           32768    8192 1320502 2661080  4386003  4415595 4329903 2720227 4394277  3013694  4398918  2493006  2652452 4220993  4411343
           32768   16384 1325724  613898  4340706  4372051 4426830 2712817 4239613  2818520  4277349  2489393  3365236 4221641  4291238
           65536      64 1102741 3248041  6357056  6324003 5873985 3512870 6187904  8653808  6135831  3315584  3239696 6232097  6244556
           65536     128 1422286 3385829  5982264  6119166 5897173 3611027 5914302  8083026  4355135  2295799  3578263 6015780  6046348
           65536     256 1465610 3559404  5600403  5716642 5570441 3607614 5710703  7532799  5840413  3308242  2204582 5731183  5951953
           65536     512 1484023 3741066  4404614  5189331 5352108 3429765 3817122  4773942  4055693  2362594  3182753 5154205  5254605
           65536    1024 1242061 2791040  5725214  5895655 5697801 3619776 5312183  6780779  5529095  2820683  2965983 5666206  5817176
           65536    2048 1293361 2790417  4209926  4335832 4368216 2432573 4885953  3910247  4875813  2121318  2192501 4804314  4813905
           65536    4096 1271412 2553421  4246215  4289015 4106467 2532694 4229489  2944096  3678880  1967632  2008081 4188117  4223445
           65536    8192 1274330 2576928  4184165  4175901 3949122 2611100 4147297  2954348  3081873  1857800  1959343 3877428  4239077
           65536   16384 1298825 2672978  4354307  4370230 4352584 2557508 4280600  3022868  4329208  2496987  2520409 4321789  4357137
          131072      64 1301142 2875460  5919321  5847482 4940701 2665640 5582535  8093355  5873973  2494232  2864030 6215736  6298485
          131072     128 1309516 1838421  5918237  6048796 5688356 2958065 5881892  8300981  5841518  2733800  2962544 5864261  6064477
          131072     256 1283963 3065442  4901540  5641888 5536100 2777178 5572801  6401232  5231992  2650488  2505429 5630966  5804021
          131072     512 1341480 2967309  5725680  5814826 5754086 3154190 5592302  7051875  5677078  2698336  2916603 5687356  5823079
          131072    1024 1304108 2822447  5773605  5822031 5786610 3020788 5564284  6875402  5701985  2368781  2455913 5641888  5806596
          131072    2048 1224501 1617495  4942211  5164606 5125411 2562249 5051890  4173581  5139307  1991156  1959489 4998152  5153181
          131072    4096 1191769 2223708  4164602  4251561 4127487 2145624 4152177  2966444  4183458  1803732  1882894 4154279  4021863
          131072    8192 1151420 2209497  4078403  3412072 4177323 1996253 3583950  2267606  3547960  1699363  1106645 4174278  4115406
          131072   16384 1150331 2216866  4194438  4257949 4264985 2330206 4269457  2970130  4326237  1663120  2097385 4293632  4344151
          262144      64  166649  166993  6111833  6335825 5833856  114779 5604240  8057816  6063768   161062   165576 6125726  6333672
          262144     128  162812  157895  5782617  6037397 5767512  117818 5261707  7491759  5316895   163541   162868 5822826  6190811
          262144     256  158741  151641  5430577  5623703 5592410  138381 5338554  7010501  5591443   169536   166722 5413971  5628539
          262144     512  168585  155230  5457342  5760260 5140071  145152 5091467  7038955  5665780   168240   163170 5663679  5965271
          262144    1024  161021  153222  4901710  5005041 5128802  153186 5441488  7044006  5797466   165198   162975 5447581  5716060
          262144    2048  167807  167286  4708470  4926131 4837955  160600 4731080  4062788  4892484   175938   156599 4723052  4330016
          262144    4096  162402  159391  4073399  4200411 4123769  175644 4168704  2983006  4305127   181386   174523 3388536  3383281
          262144    8192  168267  145362  4047309  4105952 4096513  173881 4171218  2954002  4345452   186733   181402 4003249  4172532
          262144   16384  169967  146871  4073656  4235638 4262568  168065 4072524  2974074  4090311   198822   211339 4100546  4198054
          524288      64   61508   82270  5741218  5765724 5324552   28604 3601420  8481274  6016894    88670    89163 6184105  6255759
          524288     128   89176   85789  5893532  6063648 5756276   45920 5787104  8550329  5964248    86270    88982 5777464  6055533
          524288     256   89399   87143  5769324  5906529 5782113   55624 5577401  7426703  5650317    86824    82895 5459169  5608082
          524288     512   84731   79531  5330683  5234712 5220892   57564 5657949  7361121  5851099    88468    87182 5378639  5731551
          524288    1024   87555   86762  5609527  5693900 5669444   61446 5521676  6675260  5676879    88928    89565 5611745  5726357
          524288    2048   89428   83433  4802747  4812185 4879455   85841 3796460  2717518  3926954    88633    83961 4600757  4831438
          524288    4096   88156   87916  3982289  4113970 3950006   89542 4067686  2766909  4002293    90740    82846 3537376  3568743
          524288    8192   88077   86883  4134366  4000094 3994819   89066 4042591  2818964  4132610    91915    87813 4096512  4156858
          524288   16384   89250   88185  3455178  3829377 3388994   90091 4076479  2839696  4076637    91736    83563 4142013  4125779

iozone test complete.
