	Iozone: Performance Test of File I/O
	        Version $Revision: 3.420 $
		Compiled for 64 bit mode.
		Build: linux-AMD64 

	Contributors:William Norcott, Don Capps, Isom Crawford, Kirby Collins
	             Al Slater, Scott Rhine, Mike Wisner, Ken Goss
	             Steve Landherr, Brad Smith, Mark Kelly, Dr. Alain CYR,
	             Randy Dunlap, Mark Montague, Dan Million, Gavin Brebner,
	             Jean-Marc Zucconi, Jeff Blomberg, Benny Halevy, Dave Boone,
	             Erik Habbinga, Kris Strecker, Walter Wong, Joshua Root,
	             Fabrice Bacchella, Zhenghua Xue, Qin Li, Darren Sawyer,
	             Vangel Bojaxhi, Ben England, Vikentsi Lapa.

	Run began: Tue Oct  8 00:58:10 2013

	Auto Mode
	Command line used: iozone -a
	Output is in Kbytes/sec
	Time Resolution = 0.000001 seconds.
	Processor cache size set to 1024 Kbytes.
	Processor cache line size set to 32 bytes.
	File stride size set to 17 * record size.
                                                            random  random    bkwd   record   stride                                   
              KB  reclen   write rewrite    read    reread    read   write    read  rewrite     read   fwrite frewrite   fread  freread
              64       4  614542 1310683  5389653 15972885 9318832 3958892 2561267  4643754  4564786  3541098  2662899 2923952 10821524
              64       8  686877 1421755  6271021 1597288510821524 4274062 2772930  4274062  5283570  3588436  3165299 4564786 20962191
              64      16  720041 1452528  4897948 1290201710402178 4564786 4897948  4274062  4564786  3791156  3363612 5860307 12902017
              64      32  852702 1421755  7100397 1290201715972885 5389653 4897948  4643754  4274062  3958892  6421025 4564786 20962191
              64      64  725882 1518251 10821524 2096219115972885 5735102 3541098  5283570  3958892  4564786  3541098 4564786 20962191
             128       4  785122 1858934  3867787 1420079410779307 4557257 3657016  5325799  3468030  4012317  1858934 3867787 11720614
             128       8  848397 2027414  4135958 1284205112842051 5325799 3560017  6406138  6406138  3380677  2166499 4759253 14200794
             128      16  927549 1997245  4759253 1588107814200794 5847904 3359523  6406138  5122535  4759253  2211113 3867787 10779307
             128      32 1220700 4135958  6406138 1172061414200794 5784891 6114306  6812590  8548124  4012317  4012317 6406138 15881078
             128      64  913347 2202044  7082197 1863766414200794 6114306 5122535  6406138  4759253  3657016  3277486 5847904 14200794
             128     128 1266785 2511022 12842051 1636517315881078 6114306 4012317  5847904  5603747  5784891  3106789 6114306 18637664
             256       4 1117543 2719671  5938650 1345445010245071 4422226 5347168  5569035  4422226  4350555  3159869 5810112 12228612
             256       8 1093639 2588541  6398720 1495343513454450 5455847 6073004  6891544  4998665  4734192  3654598 4422226 14953435
             256      16 1131677 2486631  5938650 1495343514353744 5687020 5455847  6249745  5569035  5022044  3421677 5841722 12812277
             256      32 1201314 2726577  5841722 1607260815164624 6437081 6398720  7518900  9518507  5117791  2943325 5569035 15164624
             256      64 1132871 2812272  6719046 1583556914953435 6554972 5971678  7791708 10651598  5938650  3499745 5841722 14353744
             256     128 1103757 2943325  7965107 1495343514164395 6398720 6249745  7120034  6107548  4998665  5810112 5938650 14353744
             256     256 1391207 3465855 12812277 1435374412812277 6249745 4929815  6249745  5022044  6107548  4404088 5938650 14164395
             512       4 1129775 2572435  6018636 12499490 9997331 4384358 4827914  5624545  6174377  4228947  3604335 5684095 11943357
             512       8 1251589 3029721  6736026 1462806712797441 5384786 5067142  7435738  6821616  4961773  4131319 5566231 14146265
             512      16 1316016 3104171  6571132 1462806713522711 5822804 6395018  7022379  6652558  5067142  4163357 6652558 14240069
             512      32 1296159 3481620  6395018 1503780114240069 6319739 5566231  7647578  7334159  5331314  4532414 6246213 14628067
             512      64 1309596 3346002  6018636 1503780114146265 6319739 6551087  7758090 12797441  5566231  4742616 6246213 15143846
             512     128 1320061 3481620  6999490 1462806713522711 6319739 5699180  7435738  7758090  5684095  5278892 6018636 13783088
             512     256 1260404 3913012  8394979 1310994412797441 6035551 5968453  6472112  8234036  4973263  6228097 6086873 13190469
             512     512 1467055 4195896 12499490 1352271113109944 5886650 6018636  6018636  5886650  5951911  4871723 6086873 13109944
            1024       4 1217806 3092561  6016997 1177330110039528 4178773 5417427  5720477  6830356  4265934  3618930 5782087 11132462
            1024       8 1351126 3518141  6559147 1364323212456195 5226256 6093831  7306780  8542002  4949226  3937426 6364746 13643232
            1024      16 1448650 3591693  6479979 1347205313102174 5660167 6402699  7755368  7644933  5144870  4474829 6317933 13305116
            1024      32 1448162 3941039  3951918 1404475813818817 6093831 5821271  7826025  8593274  5472650  4392454 5660167 13643232
            1024      64 1410588 4195100  5065980  609383114044758 6519323 6317933  8183918  9300377  3908759  4451639 5983467 14044758
            1024     128 1432225 4029784  6863100  595856413472053 6441107 6172653  8061038  9655828  3541348  4700088 6025439 13472053
            1024     256 1420384 4114719  6787181 1249242612313351 5885083 5821271  6692005  8183918  5356618  4876180 5917516 12173747
            1024     512 1262926 4232305  7941793 1263947912492426 6059442 5821271  6609617  7986094  5144870  6280976 5821271 12492426
            1024    1024 1354535 4142499 11903823 1279003712492426 5885083 5917516  6093831  6025439  5885083  4904018 5917516 12037272
            2048       4 1226291 2528082  5836323 10084382 9525260 3418463 5403134  5582208  7318020  4112366  3500658 5754221  9752360
            2048       8 1399056 3892474  6378005 1162678411851361 4633675 6024617  7189398  8456277  4794010  4154130 6225466 11502234
            2048      16 1440103 3885431  6459541 1156417412561952 5293261 5953632  7311791  8089930  4945823  4312636 6345027 11305435
            2048      32 1511299 4136128  6114678 1040188311851361 5131978 6340344  7425563  6298503  4960102  4293237 6189580 12033995
            2048      64 1465157 4265523  6280083 1225722713467949 6058611 6321679  7969835  9258333  5095447  4006862 6261772 11900619
            2048     128 1487227 4040790  4897882 1126097312488897 5754221 5986827  7846081 10713237  3690142  4162181 6024617 10945301
            2048     256 1484143 3771144  6321679 1055526412033995 5754221 5868220  6075753 11966935  4741090  4414590 5916724 10240672
            2048     512 1498120 4154130  5119743 1055526411202231 5521212 5884299  6759439 10037248  3984558  4686767 5868220  9944290
            2048    1024 1528239 3696494  7782107 10780463 9944290 5200329 5582208  6132138  8029434  4853603  5582208 5674397  6917293
            2048    2048 1355348 3065856  6990474  7503399 5492967 4172290 5345969  4240255  5376082  4188565  3960675 5345969  6829301
            4096       4 1248373 3192806  5681538  6140479 7158858 3202328 5299475  5877869  5963564  3686820  3091124 5603704  6060333
            4096       8 1388406 3268741  5609193  6605595 8224733 3425146 5928578  7460407  6737716  3867766  3465216 6077484  7476641
            4096      16 1444316 3664018  6379914  6500617 8944095 4262142 6112079  6480999  7502762  4019805  3988078 5736555  7639552
            4096      32 1417386 4067390  6351609  7969117 9419791 4361695 6105563  6780263  7355007  4344048  4133944 6263611  7774379
            4096      64 1516476 4183268  6389405  7892238 9440496 4971306 6122971  8393502  7921350  4596244  4158963 1603825  1409941
            4096     128 1487330 3723578  5445618  7237268 9000323 5000244 5526195  7831080  7326777  3984379  3938705 5928578  7339297
            4096     256 1506503 4099419  5978090  7099689 6745653 4817948 5713661  7173805 11106675  3842678  3703511 5726993  6086096
            4096     512 1517012 4035859  6186918  7001316 8193352 4713521 5721272  6905631 11570449  4196552  3522048 5424983  6532752
            4096    1024 1483605 3839243  6597984  7380284 7061751 4344048 5625724  6628532  9989424  4076076  3927001 5657217  6094733
            4096    2048 1354900 2989984  5777065  4954103 5418140 3286877 4659824  4158963  5963564  2801306  4132949 4773769  5375755
            4096    4096 1270530 2668590  4082857  4592558 4325455 3059199 4481152  3097813  4241099  2858639  2815077 4536770  4633432
            8192       4 1220646 2997498  5465373  5825851 5085204 2631557 5035275  5653313  5044886  3131639  2932017 5244315  5741161
            8192       8 1295576 3390940  6071906  6490555 5584401 2990714 5817959  7025373  6081578  3246751  3538663 6037763  6379683
            8192      16 1400106 3555875  6340832  6140266 6095604 3451919 5769116  7130343  5859631  3599459  3537206 6321001  6068689
            8192      32 1490285 3661989  6434642  6182248 6071906 3984289 6054786  7530397  6140266  3428839  3730372 6359610  6296676
            8192      64 1497625 3785860  5641246  6466126 6150158 4021596 6168929  8596799  6404656  3757706  3686744 6050521  6434642
            8192     128 1367399 3790873  5893805  6196743 5752696 4147820 5347148  8144423  5988306  3474258  3745826 5461029  5374750
            8192     256 1494044 3453654  4009863  4037189 5145363  857882 5464503  6628284  5439416  3387931  3386595 5146134  5851647
            8192     512 1457662 3708630  5672914  6010303 5830794 3734021 5094251  7167528 12031539  3459217  3554036 4703073  5708730
            8192    1024  746564 3268991  5610847  5817959 6127127 3795898 5378957  6311712  9603578  3317920  3347660 5550123  5784656
            8192    2048 1351851 3025209  5072442  5372229 5295233 3317920 4847041  4250966  5818944  2877505  2695768 4905166  4841578
            8192    4096 1251273 2609771  4325349  4300447 4354953 2574572 4373801  2794882  4286498  2466634  3320485 4295608  4318825
            8192    8192 1268879 2647780  4271046  4277959 4295608 2854319 4406899  2871493  4250966  2853370  2862165 4253598  4439927
           16384       4 1223249 2790094  5659275  5701060 4621721 2512061 5287006  5714809  5091536  2959519  2730668 5553625  5463116
           16384       8 1321507 3169745  5932374  6272998 5481418 2816625 5677040  7105134  5630064  2901416  3344370 6282173  6424899
           16384      16 1437832 3537899  6279303  6198870 5840609 3151285 5929815  7183116  5914504  3238001  3416193 6192167  6223008
           16384      32 1406232 3640804  6232038  6274716 6099827 3436866 5999706  7765083  6127020  3530447  3554001 5820327  6241661
           16384      64 1471515 3700802  6094958  6333122 6095499 3969973 5984033  8030973  6163841  3713400  3606411 6050418  6211196
           16384     128 1454294 3649117  5958092  5866537 5849558 4010753 5720518  7854726  5910943  3369790  3285371 5866036  5882607
           16384     256 1484612 3642541  5839120  5872553 5002944 3771690 5614884  7255927  5595681  3297194  3471240 5712434  5580232
           16384     512 1477494 3619327  5849060  5824273 5885126 3779573 5734840  7046846  5942635  3520500  3487447 5416182  5777267
           16384    1024 1442904 3477212  5678917  5942635 5968441 3967910 5477922  6350680 11643805  2918916  3076788 5472251  5731014
           16384    2048 1319477 2879411  5105532  5285379 5036679 3009022 4940717  3974796  6579926  2356408  2486160 4992041  5075741
           16384    4096 1228256 2628619  4281105  4403173 4266751 2838028 4204104  2962326  4252230  2494915  2585888 4166886  4228160
           16384    8192 1265276 2618502  4209770  4162595 4198966 2629021 4181846  2802610  3859602  2448687  3348444 4289121  4292336
           16384   16384 1266536 2314113  4273385  4316060 4375140 2809256 4235718  2895669  4289121  2738503  2670085 4289121  4250126
           32768      64 1379413 3390807  6258374  6246144 6149997 3553615 6250974  8333772  6311254  3417620  3608476 6466861  6313573
           32768     128 1495286 3634815  6182643  5792560 5983722 3693820 5898969  7775981  6114429  3331061  3591784 6130520  5941557
           32768     256 1490745 3722332  5989459  5880796 5960108 3827124 5882810  6181530  5860984  3362519  3460125 5796469  5966577
           32768     512 1488500 3251468  6058100  5414434 5630250 3769912 5741501  7352112  6025697  3287006  3551687 5975137  5945927
           32768    1024 1500035 3534424  5694872  5898969 6084922 3681748 5494304  6994417  5973060  2892184  3105347 5816338  6024640
           32768    2048 1387826 3046764  5400180  5152967 5327337 3129387 5198773  4323501  6904118  2245448  2358260 5088295  5310869
           32768    4096 1292511 2640679   805645  4129055 4346472 2731363 4323501  2979718  4433971  2207506  2345262 4394979  4308187
           32768    8192 1289419 2637892  4292444  4408937 4396104 2624994 2380521  2949156  4403146  2495450  2622490 4330858  4411343
           32768   16384 1290690 2666863  4325270  4347572 4119649 2710570 4390206  2885990  4345235  2553829  3349489 4376088  4417440
           65536      64 1427271 3579661  6311225  6330703 6010256 3502932 6004217  7867409  5998714  3290303  3476351 6141040  6184841
           65536     128 1393227 3527974  5978491  6006972 5794001 3565221 5827041  7827085  5826424  3211010  3525304 5620098  4114519
           65536     256 1363604 3574168  5721639  5811887 5659906 3670039 5714146  7059046  5651527  3275483  3563881 5677089  5769073
           65536     512 1241259 3564066  5836816  5919652 5755785 3746216 5757955  7119565  5702765  3239887  3432635 5814592  6055805
           65536    1024 1458851 3611976  5773071  6059143 5849859 3779699 5921820  6001988  5911631  2923865  3110963 5778654  6029107
           65536    2048 1346616 2923368  5083101  5144943 4022811 2646216 5032752  3988315  4795178  2026468  2202074 4973112  4963683
           65536    4096 1223208 2545594  4180664  4215026 3504048 2550531 4150490  2874756  3816910  1993605  2158702 4230009  4241497
           65536    8192 1248872 2443645  3904193  3768196 3765976 2301527 3901644  2429048  3914702  2078003  2170771 3834802  3599489
           65536   16384 1143115 2114822  3921236  3954861 3976027 2285396 3814633  2525272  3945098  2345678  2450682 3902087  3975739
          131072      64 1136937 2999151  6064477  6290630 5939979 2803134 5999552  7823388  5640904  2735854  2913419 6344204  6428854
          131072     128 1322225 3033858  6065614  6149544 5977113 2976080 5951296  8272253  5877679  2815422  3020025 5991836  6115137
          131072     256 1331615 3112527  5781194  5947819 5884788 3201004 5818703  6816072  5637780  2859159  2978434 5890084  5961363
          131072     512 1334829 2965836  5906792  6054659 5907363 3188934 5856141  7000244  5940813  2633449  1902013 5862135  6022424
          131072    1024 1313753 2955870  5882710  6007222 5975164 3108321 5903050  7108408  5938631  2593080  2344376 5856640  5959425
          131072    2048 1210983 2462370  5186434  5274509 5177446 2660171 5153615  4202486  5127180  1834281  1973911 5113969  5248976
          131072    4096 1165601 2350641  4307897  4368626 4369806 2305976 4197672  2870160  4247061  1754033  1870720 4207503  4259731
          131072    8192 1144564 2205226  4251462  4337946 4332237 2279793 4295879  2991969  4280193  1871656  1958288 4254061  4281593
          131072   16384 1179959 2310978  4306041  4358167 2849763 2253690 4309045  3041394  4310734  2048699  2218807 2611507  4371996
          262144      64  161292  151262  6099052  6282356 5932057  119369 5698285  8389388  6162290   167607   164514 6037795  6280239
          262144     128  162609  158076  5720163  5968800 5309449  122242 5647330  7445996  5887303   171076   160136 5705974  5949165
          262144     256  168562  157756  5522081  5784169 5671274  133099 5570763  7281784  5796947   166048   164589 5490398  5746892
          262144     512  161358  159356  5628539  5850526 5782131  145623 5572542  6938172  5859162   170050   170924 5636532  5844368
          262144    1024  160303  155515  5450660  5766211 5750168  160774 5706714  6978597  5904819   168595   152736 5453039  5815620
          262144    2048  162127  155821  4768857  5093826 5058928  173591 4273071  3149553  4236813   168461   163770 4733891  5057578
          262144    4096  166406  154603  4071876  4163195 4021169  172386 4080247  2975522  4224393   181218   167543 4112002  4259595
          262144    8192  162053  157073  4069992  4130399 4057136  140964 4100042  2959337  4316180   186458   181447 4048054  3920431
          262144   16384  173884  154169  4142803  4274682 4237760  171797 4105431  2910803  3827479   198622   196673 3981533  4103117
          524288      64   67145   88742  6120778  6292527 5808443   32995 5790685  8203541  5977120    89744    89733 6127447  5675091
          524288     128   84035   88265  5767736  5930118 5606580   40955 5749083  8274632  5929591    86678    88589 5854510  5997219
          524288     256   90776   89291  5274793  5814694 5573316   55254 5505888  7394438  5624750    90853    88456 5627226  5736066
          524288     512   89662   88050  5717677  5576397 5722855   64172 5585320  7201841  5768053    91709    90196 5677069  5813141
          524288    1024   88903   87432  5568997  5822253 5795492   62599 5615959  7082478  5749910    84295    90125 5650941  5794576
          524288    2048   85822   82673  4929519  4986279 4931874   85241 4828372  3596708  4979843    91513    86492 4872795  4985522
          524288    4096   89650   84300  4120074  4206951 4206959   85489 4015470  2712610  4015587    85600    88671 3503756  3936395
          524288    8192   89017   86702  4105138  4153435 4121928   89125 4120823  2408582  4166870    92146    85253 4042316  4067784
          524288   16384   89935   89764  4141101  3981474 4189950   90600 4177429  2815965  4196754    93364    93952 4139066  4183963

iozone test complete.
