	Iozone: Performance Test of File I/O
	        Version $Revision: 3.420 $
		Compiled for 64 bit mode.
		Build: linux-AMD64 

	Contributors:William Norcott, Don Capps, Isom Crawford, Kirby Collins
	             Al Slater, Scott Rhine, Mike Wisner, Ken Goss
	             Steve Landherr, Brad Smith, Mark Kelly, Dr. Alain CYR,
	             Randy Dunlap, Mark Montague, Dan Million, Gavin Brebner,
	             Jean-Marc Zucconi, Jeff Blomberg, Benny Halevy, Dave Boone,
	             Erik Habbinga, Kris Strecker, Walter Wong, Joshua Root,
	             Fabrice Bacchella, Zhenghua Xue, Qin Li, Darren Sawyer,
	             Vangel Bojaxhi, Ben England, Vikentsi Lapa.

	Run began: Sun Oct  6 15:03:51 2013

	Auto Mode
	Command line used: iozone -a
	Output is in Kbytes/sec
	Time Resolution = 0.000001 seconds.
	Processor cache size set to 1024 Kbytes.
	Processor cache line size set to 32 bytes.
	File stride size set to 17 * record size.
                                                            random  random    bkwd   record   stride                                   
              KB  reclen   write rewrite    read    reread    read   write    read  rewrite     read   fwrite frewrite   fread  freread
              64       4  576282 1392258  4897948 12310336 9006179 4274062 3057153  4897948  4274062  3541098  2662899 4564786 10402178
              64       8  302018 1562436  6271021 2096219112902017 4988978 5283570  7100397  7940539  3203069  1421755 5283570 12902017
              64      16  771797 1460430  3738358 12902017 9318832 4564786 2923952  5860307  4274062  3541098  3406295 3541098 10821524
              64      32  743988 1484662  7940539 2096219120962191 5860307 3057153  5860307  4018152  4018152  4564786 3203069 10402178
              64      64  746056 3165299  9318832 1597288515972885 5860307 4988978  4564786  3057153  5283570  2444640 3791156 15972885
             128       4  870405 1905110  3657016 11720614 9795896 4407601 2453642  5545860  3277486  4012317  2202044 4596273  9795896
             128       8  794416 2098744  6114306 1172061411720614 5122535 3199360  6727225  6114306  3359523  2367096 3657016 12842051
             128      16  853794 1997245  4012317  997795612842051 5847904 4717434  6406138  4934216  4135958  2202044 3468030 14586625
             128      32  876086 2027414  4717434 1588107814200794 6045455 3297617  7082197  7917784  4407601  4135958 5122535 10567140
             128      64  976473 3277486  7476717 1801235914200794 6045455 4557257  6727225  4759253  4267461  5784891 5545860 10567140
             128     128 1165070 2558895 14200794 1588107812842051 6045455 5325799  5847904  3759450  6114306  4759253 3759450 14200794
             256       4  910872 2261434  5540300 11569783 9114515 4422226 4929815  5810112  4197489  4264168  2783115 5687020 11569783
             256       8  996229 3705040  5938650  241395710245071 5455847 4132864  7314033  9192546  4840911  3197509 6073004 13454450
             256      16 1040643 2639446  5569035 1416439512812277 5810112 1884399  7120034  3159869  5022044  3087188 6249745 14353744
             256      32 1202660 2719671  5687020 1495343513454450 6249745 4054829  7518900  5455847  5455847  3950402 6398720 14953435
             256      64 1117543 2880164  6891544 1607260814353744 6398720 5810112  7518900  5217259  5687020  5217259 6554972 14164395
             256     128 1089202 2849590  7791708 1435374413454450 6073004 5938650  6936061  5687020  4755158  5117791 5687020 14353744
             256     256 1208072 3197509 12090911 1345445012812277 6073004 5810112  5938650  6073004  5938650  4009406 5810112 13454450
             512       4 1051242 1954379  5886650 11943357 9859630 4262523 5227492  5807059  5566231  4163357  3481620 4916336 11374040
             512       8 1242896 3029721  6395018 1387212212215097 5331314 5951911  7309196  7647578  4961773  2424328 6246213 13438092
             512      16 1354190 3388236  6395018 1424006912797441 5886650 6174377  7647578  6319739  5384786  2438090 6571132 13872122
             512      32 1336492 3366987  5760329 1462806713872122 2830083 4838792  7620440  8528336  5509113  4195896 6551087 14240069
             512      64 1320061 3409755  7309196 1503780114240069 6551087 5509113  8140399  8808176  5807059  3941742 6035551 14628067
             512     128 1292259 4068701  6909408 1424006913109944 6472112 6104175  7647578  9107004  5822804  5331314 6319739  4163357
             512     256 1422357 3822466  7988981 1319046912874162 6086873 5398323  6174377  6821616  4571003  7115451 6018636 12797441
             512     512 1098566 4384358 12797441 1343809212797441 6086873 5886650  2926501  6174377  6174377  4961773 5744919 12797441
            1024       4 1040748 3092561  5853003 11520658 9485232 4195100 5065980  5885083  7160597  3112733  3709575 5782087 11132462
            1024       8 1300793 3631168  4146499 1364323212208350 5089995 6016997  7319232  8000971  4095102  3591693 6290174 13643232
            1024      16 1349428 3808251  6519323 1399898112639479 5593820 5720477  7699755  8750850  5120336  3179559 6569179  6355328
            1024      32 1370527 3984917  5950309 1442204513686709 6364746 6479979  7941793  8914314  5536137  4474829 5751117 12983353
            1024      64 1446211 4249053  6918376 1461839314044758 6327241 6569179  7941793 10906310  5472650  4531485 6692005 14422045
            1024     128 1393200 4029784  6787181 1404475813643232 6519323 6128613  8000971 10354166  5507740  4574926 3923040 13643232
            1024     256 1416169 4029784  6918376 1279003712790037 6172653 5885083  7054742  9402175  5451810  4943530 6025439 12492426
            1024     512 1454537 4356809  8122014 1314226512983353 6059442 5950309  6650556  8310603  4805258  6609617 6059442 12492426
            1024    1024 1408275 4265934 12492426 1347205313102174 5789881 5991815  6128613  6128613  6025439  4876180 6137371 12208350
            2048       4 1128353 3250308  5447681  9400176 8949659 3702868 5184636  5689430  7754008  3946119  3357009 5336007  9024882
            2048       8 1224892 3871422  6340344 1138032511835033 4720248 6075753  7207495  9062970  4900677  4172290 6110328 11770166
            2048      16 1322992 3494960  6340344 1198363012959958 5461535 5953632  7529708  8423109  5156624  4511980 6359119 11770166
            2048      32 1348963 4248644  5083385 1225722713660713 6092991 5991003  7999524  8067138  5336007  3738320 6629029 12118884
            2048      64 1459680 4432815  5020987 1256195214321195 6284678 6543188  8292998  9664580  4338776  4358590 6280083 11983630
            2048     128 1389326 4284671  6459541 1196693513748169 6378005 6149699  8067138 11001372  5044577  4154130 6097316 11770166
            2048     256 1393156 4321315  6401772  729316712561952 6041567 5937172  7237860  5549749  4751580  4540600 5920802 10726615
            2048     512 1491617 4276140  5475461 1107227511966935 5804771 5953632  6829301 10240672  4994712  4707314 5920802 10503637
            2048    1024 1409617 4112366  7911115 11072275 9664580 5080379 5674397  6132138  8190205  4730646  5549749 4462754  8357547
            2048    2048 1333259 3472356  6917293  7477273 5264067 4204968 5306340  4276140  5430461  4136128  3917325 5319484  6807652
            4096       4 1113348 2732686  5490871  5190597 6690486 2888923 3660115  5769304  5461198  3349029  3007782 4835578  6522830
            4096       8 1343457 3292546  6186918  7656576 8829180 3441614 5157871  7367624  7001316  4171080  3795980 6096896  7473388
            4096      16 1387061 3726809  6311938  6261328 9183139 4208889 5875858  6281934  7197849  3872125   431613 6158088  6872481
            4096      32 1445775 4120064  6410863  4718699 9593374 4740836 6245395  8077780  7339297  4141917  4087714 6342230  7756829
            4096      64 1442861 4158963  6471234  7950677 9707206 4510565 6094733  8260324  6512939  4601168  3781775 6291135  6368089
            4096     128 1467010 4175134  6131713  7421732 9353122 4432592 5910222  8062616  7367624  4043458  4032070 5978090  6418048
            4096     256 1460773 4007615  5928578  6989921 6542703 3757786 5263753  7277121 13086376  3751222  3065750 5713661  6758923
            4096     512 1224439 4067390  6178018  6186918 8112108 4691638 5178081  6930704 11633127  4121052  3867766 5736555  5726993
            4096    1024 1430129 3727618  6562698  5928578 6905631 4274869 5019235  6480999  9989424  3828122  3799338 5611025  5565581
            4096    2048 1290476 3127134  5759634  5271829 5476867 3007255 5019235  4083827  5019235  3100608  4043458 4551192  5390937
            4096    4096 1126489 2589355  4639689  4681411 4622213 2807257 4461370  3036489  4556020  2844440  3034344 4587653  4059701
            8192       4 1124491 2921546  5282208  5717279 4773640 2624722 4681287  4158362  4190311  2777935  2656378 3744193  5560902
            8192       8 1279796 3275536  6127127  5875663 5826839 2893742 5732541  7427838  5958192  3406404  3147128 5638469  5825851
            8192      16 1324952 3569544  5757516  6006101 6131500 3350598 5531360  7772279  5633847  3594563  2968237 5665431  4594895
            8192      32 1408774 3904601  5826839  6485654 6145757 3775046 5688881  6495463  5834754  3775046  3628346 6370221  5697371
            8192      64 1266540 3088847  4899570  4949683 5026435 3346356 3336931  7067279  5814021  3582197  3875097 6296676  5859631
            8192     128 1362140 3380930  6077276  5988306 5948908 3933207 5864631  8409538  6186701  3788783  3523423 5550123  6154564
            8192     256 1401762 3806833  5497729  5482815 6028229 4033398 5406890  6763986  6114043  3602478  3567690 5357988  5319828
            8192     512 1398909 3713439  5944791  6045199 5649594 3713439 5752696  7287625 12356037  3673735  3566209 5457560  5859631
            8192    1024 1325565  987836  5752696  5016162 6150158 3951754 5672914  6758664 11393220  3338228  3217563 5224380  5842692
            8192    2048 1277180 2895693  4896777  5516264 5047850 2995146 5019093  3820802  6420214  2756540  2807442 4768340  4776959
            8192    4096 1210241 2693021  4320454  4488649 4469381 2832670 4158362  2815955  4284894  2356666  3427813 4288638  4207758
            8192    8192 1192433 2633978  4461836  4085675 4289173 2853370 4150325  2808359  4275829  2762079  2812958 3906821  4179607
           16384       4 1104640 2903377  5278477  5593859 4356280 2491117 4738030  4619236  4787877  2838966  2843901 5401707  5396617
           16384       8 1269578 3134468  6182697  6152253 5291891 2893719 5495884  7136122  5443210  3074035  3221456 5925213  5868040
           16384      16 1275019 3444791  5674696  6127020 5797739 3182517 3664490  7575060  5921129  3194500  3455878 5718614  6084166
           16384      32 1362946 3559339  6241094  6212881 5824273 3373926 6043501  7533538  6029713  3477916  3235409 5434171  6061091
           16384      64 1380163 3636180  6091177  6212881 6072338 3831626 5838624  7992676  6187150  3628692  3612098 6083627  5834658
           16384     128 1387184 3708591  5709112  5872553 5971034 4051424 5571184  8265706  5917050  3611149  3615899 5830698  5912977
           16384     256 1336050 3686903  5503807  5730536 5628220 3857869 5176684  7050461  5507336  3285214  3312451 5708638  5734840
           16384     512 1433543 3689278  5653687  5826249 5638379 3853326 5464853  7083163  5488422  3276286  3483734 5669079  5693031
           16384    1024 1264089 3494896  5714809  5921129 5738671 3651444 5593859  6630078 10737744  3161724  3126055 5550036  5643936
           16384    2048 1193900 2901416  4880365  5128010 4937877 3191978 4784877  3902784  6173255  2429812  2440252 4786543  4958900
           16384    4096 1209492 2622700  4212867  4161586 4320673 2830663 4277907  2916438  4209512  2541325  2576483 4037618  4177525
           16384    8192 1207176 2655024  4188218  4144519 4191283 2755855 4190261  2850980  3882498  1716836  3299885 4171185  4269933
           16384   16384 1095117 2670500  4300395  4192306 4243565 2626107 4254336  2760505  4180574  2906078  2895791 4190261  4247762
           32768      64 1284358 3511757  6151373  6350623 6095176 3487076 6080614  8214724  6167660  3311238  3493014 6049035  6208336
           32768     128 1380702 3614074  5393822  6020154 5667397 3626758 5878784  8216688  5844286  3250469  3534061 6005948  5940530
           32768     256 1364594 3678496  5599512  5655503 5654573 3728795 5575660  7167310  5555826  3268635  3459079 5593815  5654573
           32768     512 1361930 3442445  5773095  5685920 5740782 3784757 5478535  7001544  5625411  3168197  3426567 5941814  5817323
           32768    1024 1376401 3551687  5879790  6049301 5771155 3807615 5909368  6956889  5834858  3017002  3112731 5521231  5983722
           32768    2048 1295276 2564982  4839432  5240400 5019536 3050212 4913481  4145245  6827973  2241017  2356198 1446195  5141786
           32768    4096 1167995 2607860  4409644  4419144 4317796 2750109 4395401  3054687  4358602  2234132  2341905 4320104  4428685
           32768    8192 1242624 2644083  4320104  4358049 4412617 2716410 4321190  2974881  4343587  2490386  2603118 4221641  4384324
           32768   16384 1251347 2634757  4192921  4387263 4406534 2721142 4292444  2905452  4388944  2451779  3427250 4367327  4382507
           65536      64 1125659 3635864  6098125  6198369 6006972 3602083 5955693  8281998  5984478  3261491  3603264 6024614  6178585
           65536     128 1365162 3609367  5895149  6025143 5817176 3565823 5851976  8315571  5930380  3311749  3508162 5993351  6029636
           65536     256 1353486 3730000  5501760  5608516 5581866 3722776 5663287  7595871  3803811  3334812  3466968 5683428  5780234
           65536     512 1374122 3606620  5755785  5935630 6009730 3832289 5882408  7276945  5739680  3173164  3568924 5949634  6019074
           65536    1024 1408194 3691330  5878131  6113994 5825436 3774716 5894012  6643927  5967070  2948865  3145315 5964351  5894517
           65536    2048 1281154 2967456  5034319  5158267 5107184 3038036 5016495  3985886  4993984  2173741  2278878 5052456  5161948
           65536    4096 1231786 2670381  4266382  4387460 4375517 2710565 4252784  2984209  4244575  2089471  2234601 4345084  4351964
           65536    8192 1236669 2645478  4346802  4366204 4351068 2706748 4322400  2962754  4322128  2212122  2329102 4295181  4215608
           65536   16384 1246076 2683154  4243199  4343848 4368494 2704857 1064503  2359693  4264396  2453066  1754504 4116861  4216966
          131072      64 1177338 3070750  6150439  6189633 5941327 2874573 6056660  8173129  5818149  2739112  2972025 6234698  6191096
          131072     128 1241505 1946935  6081920  6227918 6026847 3104863 5999814  8430699  5961363  2920368  2971945 6083603  6142124
          131072     256 1310849 3264063  5791426  5879753 5617904 3142381 5613086  7359436  5564510  2893743  2809265 5690888  5670695
          131072     512 1270395 3170050  5688650  5708676 5603531 3000657 5508586  7096846  5672860  2749400  3033373 5886616  5979584
          131072    1024 1047311 2940408  4993022  4853592 5908887 3145239 5758124  6740358  5920149  2546075  2561903 5786854  6012215
          131072    2048 1203997 2506103  4945901  5074412 5087043 2700059 4918995  3893542  5105041  1841803  1868908 4957363  4367307
          131072    4096 1117590 2218324  4100091  4249917 4250049 2196362 3568318  2834716  4099724  1782463  1911563 4107657  4134098
          131072    8192 1114624 2401825  4176910  4204125 4180150 2284796 4257125  2943588  4268893  1898709  1967546 4317980  4350338
          131072   16384 1149261 2265363  4248407  4346177 4190282 2299667 4320831  2996894  4286334  2029354  2032287 4309856  4197929
          262144      64  161101  162195  6049389  6230699 5869891  112768 5729523  8139116  6154494   162158   155141 5972075  6221814
          262144     128  165037  149352  5691236  6059591 5682236  124506 5476642  8074621  5622754   167952   161933 5713565  5908944
          262144     256  165056  161330  5457694  5691707 5574095  135773 5522885  7140158  5746622   168273   163736 5480163  5735201
          262144     512  160920  150742  5444210  5767481 5727911  147339 5633269  7183964  5837759   169120   164026 5439712  5699880
          262144    1024  166451  150273  5490042  5768238 5751823  162580 5611820  6712369  5945947   167613   157949 5514741  5686291
          262144    2048  162161  163250  4643662  4906676 4299976  170738 4666227  3762167  5017306   166193   163200 4316977  4911366
          262144    4096  156193  150608  3987034  3983769 4085159  168742 4197189  2852208  4306831   176940   171890 4000539  4104848
          262144    8192  158414  164874  4076389  4166177 3965936  172745 4044555  2597667  4189752   183414   174555 4156789  4334386
          262144   16384  161457  143267  4059203  4061722 4045671  176705 4033161  2810412  4101648   212417   202342 4185525  4343152
          524288      64   64310   85030  6025467  6312143 5921814   37527 5321743  6893991  5946394    84019    85725 6114702  6306911
          524288     128   91088   84854  5909862  5980029 5719863   48412 5690364  8076662  5809931    91872    90325 6050001  6186871
          524288     256   91213   86503  5031942  4978997 5544970   56604 5624203  7197504  5787728    91383    89255 5606695  5743542
          524288     512   90702   86678  5621615  5745178 5691101   66952 5670248  7153998  5887316    90681    91849 5578844  5729610
          524288    1024   90908   86124  5651246  5734436 5725850   61305 5608439  6704629  5776447    90760    91101 5603409  5773975
          524288    2048   90095   87370  4778160  4861903 4885591   85555 4677421  3550976  4704962    92397    89157 4685873  4817529
          524288    4096   89799   87847  4007522  3493669 4095459   91102 3932819  2766589  4045618    88194    87309 4105008  3749708
          524288    8192   82915   81823  4043401  4024163 4226462   87619 4065257  2794132  4188768    93413    91749 3744970  4220670
          524288   16384   90637   86313  4072017  4164778 4058932   92439 4110870  2903626  4184090    94108    91678 4107523  3997992

iozone test complete.
