	Iozone: Performance Test of File I/O
	        Version $Revision: 3.420 $
		Compiled for 64 bit mode.
		Build: linux-AMD64 

	Contributors:William Norcott, Don Capps, Isom Crawford, Kirby Collins
	             Al Slater, Scott Rhine, Mike Wisner, Ken Goss
	             Steve Landherr, Brad Smith, Mark Kelly, Dr. Alain CYR,
	             Randy Dunlap, Mark Montague, Dan Million, Gavin Brebner,
	             Jean-Marc Zucconi, Jeff Blomberg, Benny Halevy, Dave Boone,
	             Erik Habbinga, Kris Strecker, Walter Wong, Joshua Root,
	             Fabrice Bacchella, Zhenghua Xue, Qin Li, Darren Sawyer,
	             Vangel Bojaxhi, Ben England, Vikentsi Lapa.

	Run began: Sun Oct  6 15:03:51 2013

	Auto Mode
	Command line used: iozone -a
	Output is in Kbytes/sec
	Time Resolution = 0.000001 seconds.
	Processor cache size set to 1024 Kbytes.
	Processor cache line size set to 32 bytes.
	File stride size set to 17 * record size.
                                                            random  random    bkwd   record   stride                                   
              KB  reclen   write rewrite    read    reread    read   write    read  rewrite     read   fwrite frewrite   fread  freread
              64       4  529661 2561267  4897948 1597288510821524 4274062 4897948  4897948  4564786  3588436  2537060 2772930 10402178
              64       8  633392 1304314  3958892  528357010821524 4897948 3022727  5283570  5283570  2444640  3738358 2923952 12310336
              64      16 1033216 1484662  5860307 12902017 9318832 3958892 2772930  4274062  4564786  2662899  3363612 2801873 15972885
              64      32  799377 2133730  7100397 2096219115972885 5860307 2662899  4564786  3958892  4018152  2298136 4988978 12902017
              64      64  801764 1690338  9006179 1231033612310336 5860307 3203069  5389653  3203069  4274062  1879725 5283570 10402178
             128       4  789741 1755594  4267461 12842051 9795896 4557257 3036502  5325799  3277486  3982553  1911894 5325799  9795896
             128       8  814915 2098744  4557257 1420079412842051 5325799 5325799  5122535  6406138  4557257  2464907 3895854 14200794
             128      16  853794 1939522  3445772 1588107814200794 5603747 4934216  6114306  4759253  4717434  2035099 5325799  9795896
             128      32  877518 2027414  5122535 1284205114200794 6114306 4934216  6406138  4407601  5379161  2784517 4135958 14200794
             128      64 1220700 3657016  7582312 1801235914200794 6045455 5122535  6727225  6727225  3277486  5545860 5325799 11720614
             128     128 1206978 3657016 10567140 1588107814200794 6045455 5122535  6114306  5784891  5545860  4104338 4759253 15881078
             256       4  927393 2557711  5938650 1222861210245071 4572895 5347168  5569035  4117018  4197489  2719671 5687020 12228612
             256       8 1062263 2842047  6398720 1495343512812277 5347168 5455847  7120034  4332998  5022044  3756894 4755158 14164395
             256      16 1137672 3654598  5022044 1516462413454450  495084 5217259  7314033  5117791  5242734  3756894 6398720 14164395
             256      32 1099237 3654598  5687020 1435374414164395 6398720 6398720  7518900  5217259  5347168  4734192 5455847 14164395
             256      64 1248819 3994490  6554972 1607260814164395 6719046 6398720  7735574  6936061  5810112  3654598 5938650 15164624
             256     128  831194 3087188  8271916 1516462413454450 6761355 4477549  7314033  7791708  4422226  1814348 6398720 14353744
             256     256 1407621 4070199 12812277 1345445012812277 6213578 5217259  6107548  4998665  6107548  4929815 4264168 11695808
             512       4 1101383 2768068  5951911 1221509710044089 4411377 5278892  5566231  6319739  4195896  3710197 5164632 11374040
             512       8 1182661 3659616  6571132 1462806712499490 5384786 6086873  7211022  6472112  4973263  2370799 6395018 13522711
             512      16 1279935 3580298  5822804 1414626513109944 5886650 6246213  7211022  4571003  5214798  4340054 6652558 13872122
             512      32 1233614 3556580  7022379 1462806713872122 6472112 4882800  7647578  7540170  5566231  4701087 6086873 14628067
             512      64 1347393 2297251  6491676 1514384614240069 6472112 6395018  2089386 10044089  5509113  3762197 6156675 14628067
             512     128 1372364 3437042  7435738 1462806713783088 4838792 6156675  5951911  9304292  5886650  5331314 6104175 14240069
             512     256 1422357 3684733  8140399 1310994412797441 6018636 5453155  6472112  7540170  4620174  6652558 2039772 12797441
             512     512 1479181 4305250  3877684 1319046912797441 6086873 5951911  6086873  6018636  6174377  1679288 6086873 13190469
            1024       4 1153381 2592318  5950309 12208350 9923546 4199201 4995276  5782087  7160597  4265934  3083680 5885083 11489839
            1024       8 1357961 2047361  3414650 1418390512492426 4995276 6093831  7066349 11368190  4949226  4215688 5983467 14044758
            1024      16 1430318 3808251  6650556 1364323213142265 5758828 6327241  7160597  8000971  5194651  4594502 6609617 14044758
            1024      32 1456510 3937426  6692005 1442204513863422 6137371 6559147  7644933 12037272  5303701  4474829 3984917 14230902
            1024      64 1490373 4018473  6355328 1502757714422045 6692005 6441107  8061038 10557785  5536137  4614246 6280976 14668318
            1024     128 1216082 4265934  6874084 1347205312983353 6479979 5925680  8000971  9485232  5479632  4550690 5885083 13305116
            1024     256 1495042 4182843  7020149 1298335312790037 6280976 5991815  6918376 10557785  5472650  3495237 6025439 13142265
            1024     512 1547286 4249053  8262639 1330511613142265 6025439 6025439  6479979  8246774  4826859  6355328 6025439 12828238
            1024    1024 1519371 4282950 12639479 1364323213305116 5983467 6025439  3684119  6163794  6172653  4995276 6025439 12492426
            2048       4 1215532 2786401  5852228 10726615 9567698 3901313 5403134  5433896  8097557  4196751  3663388 5735012 10439809
            2048       8 1413328 3993821  6440169 1263586712416686 4796687 6167360  7368238 10037248  5068389  4330028 6401772 12118884
            2048      16 1480817 4146110  6543188 1241668613138359 5521212 6243566  6967792  9179186  5293261  4540600 6382745 12635867
            2048      32 1473451 4396514  6397004 1295995813836752 6132138 6321679  8190205 10452512  5349298  4441984 6649556 13118295
            2048      64 1426234 4540600  6363830 1265448213748169 6321679 6479029  7882079  8903279  5549749  4460436 6303124 12710657
            2048     128 1515833 4310472  6459541 1256195214017386 6563185 6189580  7903836 10503637  5156624  3016334 4783331 12050878
            2048     256 1467159 4330028  6321679 1157976312805399 6003564 4676561  7213548 10607402  4911886  4432815 5937172 11202231
            2048     512 1536439 3598924  6807652 1177016612561952 5376082 4421406  6503556 10240672  4707314  4717655 5884299 11144098
            2048    1024 1467159 3362265  6623917 1138032510780463 5376082 5785224  6459541  8128206  5020987  5674397 5689430  9932791
            2048    2048 1376193 3585405  6649556  7733066 7343043 3736694 5359311  3624742  4720248  4172290  3821475 5416763  6939647
            4096       4 1072213 3153539  5689064  6748303 5969780 3100608 5211065  5362331  5869835  3637640  3394019 5544029  6500617
            4096       8 1379598 3501232  5833956  7249484 8677553 3689988 5891980  6122971  7286380  3886139   387625 6103394  7342434
            4096      16 1452375 4007615  6291135  7715028 4091608 4144915 5353976  7434579  7532368  4496399  4153935 6311938  7515892
            4096      32 1524956 4145915  6449370  7906767 8209013 4830139 6311938  7742845  6281934  4638436  3956848 6281934  7784948
            4096      64 1518755 3908241  6254490  7715028 9801354 5001700 6309619  5988509  7512605  4298399  4137927 6321227  7774379
            4096     128 1542759 4196552  5292944  7185807 9414629 4982841 5353976  8324363  7515892  4432592  4079948 6049663  7237268
            4096     256 1272789 4218190  5988509  7001316 8409937 4280194 5706070  7261741 11099499  3332786  3799338 5596402  6703539
            4096     512 1598751 4208889  6207035  7027089 8463799 4235870 5728903  6105563 11601703  3200538  3828122 5596402  6471234
            4096    1024 1519292 4003879  6649056  7298762 6015769 4408705 5711761  4366128  9920205  3747948  3486312 5689064  6243125
            4096    2048 1395058 3175690  5918366  6351609 4807163 3677350 4602401  4371684  5469892  3105091  4141917 5171846  5447345
            4096    4096 1261481 2844440  4669958  4676314 4633432 2870101 4491697  3119752  4617244  2864359  3026859 4540367  3667146
            8192       4 1160848  823563  5684175  5468852 4946832 2656378 5019826  5626466  5022761  2818033  3002999 5599873  5278962
            8192       8 1371054 2925526  5872650  5843686 6063334 2961585 5817959  7373641  6032463  3402019  3413510 5123115  5901904
            8192      16 1404915 3286187  6027172  6168929 6045199 3328849 5619105  7334293  5932474  3496531  3376942 5772993  6404656
            8192      32 1464184 3806411  6440672  6001904 6578789 3862030 5740202  8216483  5970616  3589681  3654200 6374949  6481984
            8192      64 1497103 3783776  6135880  5948908 6720329 3698649 6098850  8677127  6415419  3742154  3735645 5516264  6456406
            8192     128 1488929 3942233  5781736  6302451 5724900 4055296 4708228  5765244  5214865  3747460  3720275 6077276  5817959
            8192     256 1509534 3810210  5677601  5716328 5531360 3810210 5728718  7634130  5056765  3584813  3629496 5752696  5825851
            8192     512 1529764 3955393  6018726  5915112 6211306 3969101 5591672  6537482 12378293  3656923  3605502 5505657  5919188
            8192    1024 1463374 3653812  6186701  5817959 6155667 3740525 5744041  7124429 11569692  3301977  3007468 5519808  5884720
            8192    2048 1352915 3097200  5278151  5333039 5299316 3389267 4802330  4073566  6040947  2820115  2821968 4844308  5274909
            8192    4096 1302402 2710013  4376030  4297757 4378260 2758310 4430767  3024942  4196965  2490593  3350598 4462416  4476952
            8192    8192 1260315 2641673  4444522  4304757 4291316 2834539 4124914  2948876  4284360  2877264  2785366 4075498  4297757
           16384       4 1160413 2755082  5036679  5734840 4527330 2415124 4850396  5432453  4824516  2772757  2702745 5494566  5498083
           16384       8 1338339 3193758  6032360  6229778 5400009 2843901 5694918  6714292  5734840  3321256  3250868 6081474  6111219
           16384      16 1426668 3401313  6163841  6104704 5803614 3066491 5851550  7337273  5919089  3269583  3455878 6210635  6340718
           16384      32 1443631 3611908  6198870  6220192 5793340 3371939 5921639  7498192  6032360  3171501  3510608 6196634  6194400
           16384      64 1450671 3619899  6279877  6136321 6150051 3582721 6222445  8102942  6077171  3591521  3603197 6227520  6239394
           16384     128 1466647 3627926  5815894  6092797 5996565 3982628 5631910  8568720  5964297  3490458  3617613 6008099  5499403
           16384     256 1441874 3556208  5592038  5817863 5555420 4046414 5557667  7183116  5667209  3300519  3539357 5503367  5158807
           16384     512 1504768 3702596  5811959  5760801 5893706 3750079 5670950  7204956  5807538  3305918  3521943 5542427  5698696
           16384    1024 1477113 3514378  5861533  5957575 5830203 3941284 5624074  6812133 11152490  3015095  3177660 5498083  5726715
           16384    2048 1354937 2968597  4566440  5338759 5097579 3275505 4671678  3919479  6545456  2318720  2428695 4699794  5019755
           16384    4096 1294961 2619001  4299049  3953756 4199993 2878929 4170173  2947840  4399790  2245015  2584235 4243565  4384351
           16384    8192 1281104 2622299  4358767  4301471 4112277 2860355 4103192  2828683  4210802  2476037  3319973 4253283  4332113
           16384   16384 1195749 2533828  4306863  4314976 4185157 2632848 3500772  2701895  4143520  2632445  2717924 4268872  4295824
           32768      64 1441614 3666915  6214231  6265221 6054898 3449270 5900996  8225047  6216761  3324695  3617975 6029133  6161853
           32768     128 1439727 3651910  5673011  6088426 5720710 3590940 5767039  8029474  5857737  3244713  3505397 6093014  6060504
           32768     256 1423458 3064153  5734793  5826448 5770913 3680171 5511047  6939676  5145829  3229009  3304154 5710726  5760029
           32768     512 1451066 3544816  5797447  5689921 5772125 3597331 5633943  6775797  5730728  3126682  3229996 5703617  5692985
           32768    1024 1452093 3562458  3367709  5889364 5776977 3666524 5783298  7037755  6023584  2972179  3134812 5682863  6005685
           32768    2048 1381284 3066478  5183088  5418917 5181525 3130599 5224662  3834813  7270438  2241602  2364182 5193861  4964776
           32768    4096 1289528 2597117  4417866  4356391 4430398 2707420 4337282  2955243  4371495  2254250  2364752 4357496  4422130
           32768    8192 1321340 2701406  4290702  4276683 4406675 2733808 4400749  2970252  4355149  2540564  2650048 4289631  4373720
           32768   16384 1323809 2640020  4330449  4335503 4421419 2683892 4233084  2884778  4421561  2576281  3448145 4187683  4349911
           65536      64 1448343 3631397  6402514  6538048 6188462 3592010 6065293  8175584  6117941  3297882  3546683 6176780  6232662
           65536     128 1447534 3437529  5931404  6051273 5776589 3428311 5857213  8092783  5886061  3137524  3363087 5887195  5924500
           65536     256 1358879 3404279  5648740  5636924 5580959 3516465 5553896  7059046  5493404  3086823  3316624 5588448  5648160
           65536     512 1408252 3115547  5007722  5757352 6006447 3798765 4905747  5420606  5579033  3072469  3591775 4720651  5416654
           65536    1024 1490404 3710965  5898945  6111140 5839916 3791952 5912649  7168021  5923351  3033945  3279625 5997012  6041829
           65536    2048 1368097 2997028  5258023  5377131 5177895 3027763 5181897  4212055  5271535  2183081  1786640 4740025  5142922
           65536    4096 1320469 1444924  4311552  4362047 4346802 2725535 4307634  2998369  4354790  2105040  2179083 4308174  4375796
           65536    8192 1310903 2709656  2498303  4332415 4347077 2703314 4300288  2979583  4299414  2223664  2342240 4244838  4351964
           65536   16384 1321053 2713589  4335558  4357483 4365025 2661899 4322672  2993308  4326346  2523626  2623736 4302240  4370508
          131072      64 1306134 2219336  6287608  6500923 6129387 2895466 6255840  8117016  6195213  2915118  3041243 6357189  6475577
          131072     128 1378847 3087461  6037106  6260899 5859011 3069395 6025790  8318314  5998701  2832700  3057429 6190469  6295168
          131072     256 1376747 3142920  5743986  5921999 5784540 3076007 5696785  7028345  5698498  2831664  2843395 5767003  5881326
          131072     512 1398503 3053947  5708735  5759632 5662343 3043381 5655760  6796270  5677547  2805723  2837232 5676023  5755291
          131072    1024 1312637 2977224  5779189  5783323 5751558 3090811 5900959  7036711  5951876  2586224  2588513 5920404  5954519
          131072    2048 1280214 2471659  5113208  5175594 5273042 2570047 5061844  4194982  4828611  1897366  2000823 4983698  5248575
          131072    4096 1217473 2407600  4116824  4358892 4353818 2320106 4334663  2943793  4379588  1878846  1971158 4231142  4353956
          131072    8192 1217384 2297937  4215213  4343876 4282561 2382300 4290850  3013635  4225939  1908418  2017172 4249786  4101008
          131072   16384 1200018 2289029  4330531  4378542 4199661 2301525 4281027  2955329  4290549  2084976  2047417 4288975  4361798
          262144      64  152950  130351  6001609  6250890 5857570  117260 5758480  8255471  6052586   152633   151869 5899876  6264031
          262144     128  149153  154080  5779699  6018000 5780064  121310 5723171  7778106  6023506   157093   153329 5817558  5953062
          262144     256  148796  135583  5530330  5695334 5539106  115898 5318747  7369192  5768147   154198   150199 5445099  5684557
          262144     512  147347  142155  5535732  5691472 5681619  142276 5709945  7254207  5773569   156574   155742 5420804  5821655
          262144    1024  148131  144600  5526744  5793007 5299060  155907 5602098  6954497  5939459   147798   150693 5514410  5767723
          262144    2048  145710  122013  4696583  5062375 4840980  121270 4672215  3917735  4967864   157723   148832 4849499  4956309
          262144    4096  146440  149237  4050187  4169747 4050052  146571 4059533  2769056  4118193   166690   157318 4044867  4051679
          262144    8192  150875  139252  3961007  4132014 3949554  159052 3808349  3011999  4239819   167041   164759 4088713  3996453
          262144   16384  144283  141686  4088273  4078915 4161084  166582 4205408  3012073  4275031   179384   168244 4103561  4200556
          524288      64   65384   84267  6046674  6270046 5933398   25702 5895776  8307141  6129086    87741    87457 5839306  6381382
          524288     128   86793   83362  5913533  6014754 5756156   46262 5924095  8287948  6018261    87281    88184 5910402  6052449
          524288     256   86590   77929  5624736  5681176 5574333   56352 5626491  7204436  5732433    88310    87974 5575930  5705719
          524288     512   87307   80702  5653672  5819865 5752813   60123 5731566  7240445  5878062    85752    79450 5719357  5941205
          524288    1024   87624   80564  5594129  5768689 5715254   62689 5551017  6951942  5784668    83167    86838 5799772  5963779
          524288    2048   87893   83525  4890926  5048844 4943693   85299 4865506  3844030  4986098    87601    73654 4868404  4987761
          524288    4096   87980   79243  4056730  4147748 3973747   88726 4100614  2740199  4217076    88086    81830 4098336  4133589
          524288    8192   84571   83085  4022676  4111424 4083329   86897 4075368  2690990  4190245    89467    87776 3186963  4080253
          524288   16384   84358   80739  4098466  4161185 3946405   88820 4111285  2849701  4122732    89887    90363 4118523  4122477

iozone test complete.
