	Iozone: Performance Test of File I/O
	        Version $Revision: 3.420 $
		Compiled for 64 bit mode.
		Build: linux-AMD64 

	Contributors:William Norcott, Don Capps, Isom Crawford, Kirby Collins
	             Al Slater, Scott Rhine, Mike Wisner, Ken Goss
	             Steve Landherr, Brad Smith, Mark Kelly, Dr. Alain CYR,
	             Randy Dunlap, Mark Montague, Dan Million, Gavin Brebner,
	             Jean-Marc Zucconi, Jeff Blomberg, Benny Halevy, Dave Boone,
	             Erik Habbinga, Kris Strecker, Walter Wong, Joshua Root,
	             Fabrice Bacchella, Zhenghua Xue, Qin Li, Darren Sawyer,
	             Vangel Bojaxhi, Ben England, Vikentsi Lapa.

	Run began: Sun Oct  6 15:03:51 2013

	Auto Mode
	Command line used: iozone -a
	Output is in Kbytes/sec
	Time Resolution = 0.000001 seconds.
	Processor cache size set to 1024 Kbytes.
	Processor cache line size set to 32 bytes.
	File stride size set to 17 * record size.
                                                            random  random    bkwd   record   stride                                   
              KB  reclen   write rewrite    read    reread    read   write    read  rewrite     read   fwrite frewrite   fread  freread
              64       4  511494 1363961  4988978 1597288512902017 4274062 4988978  5389653  4564786  3363612  1392258 4564786 10402178
              64       8  598110 1304314  6421025 1597288515972885 4988978 4897948  5735102 10821524  1780008  2772930  998622 15972885
              64      16  156814  238015  6271021 20962191 2133730 1828508  983980  4897948  1255511  1553394   681644 1933893  1363961
              64      32  633392 1679761  5860307 10402178 7940539 2662899 4274062  3958892  6421025  2203800  4274062 4897948 10402178
              64      64  760859 3022727  9318832 2096219112902017 5389653 4274062  4018152  4897948  2379626  3203069 3541098  9318832
             128       4  814915 2453642  5603747 10567140 9129573 4267461 4557257  3895854  7176872  2920861  2608629 5122535  9795896
             128       8  969421 3560017  6114306 1801235912842051 5122535 5325799  6727225 15881078  4717434  3895854 5847904 15881078
             128      16  831319 3106789  4759253 1284205114200794 5603747 3895854  6406138  4759253  4759253  2326073 5074121 14200794
             128      32  889145 2098744  4934216 1284205114200794 6114306 3277486  6727225  4267461  4889281  2558895 5122535 10567140
             128      64  889145 2326073  5545860 1636517316365173 5847904 3895854  6406138  4557257  3759450  2985839 4407601 11720614
             128     128 1067750 2843510  9977956 1863766414200794 6114306 3785961  5784891  4889281  5603747  2608629 4557257 12842051
             256       4  836374 2187712  5569035 12228612 9868433 4197489 3810220  5971678  4496299  4197489  2975955 5455847 11091721
             256       8 1003679 2435861  5938650 1435374412228612 5022044 4197489  7120034  4929815  4652146  3087188 6107548 14164395
             256      16 1066483 2880164  5687020 1416439512812277 5687020 6107548  7073132  5841722  4929815  3935921 6595234 14164395
             256      32 1080434 2975955  5687020 1495343513454450 5810112 5022044  7120034  5540300  5022044  4652146 4404088 14164395
             256      64 1084800 2665657  6398720 1495343513454450 6107548 6249745  7518900 10245071  5347168  3368013 4734192 13454450
             256     128 1015065 3052087  8024634 1416439513454450 5971678 5569035  6398720  5810112  4350555  4755158 5217259 13625180
             256     256 1274008 3326279 12812277 1281227712812277 5810112 5320671  5117791  5971678  5841722  4009406 5971678 13454450
             512       4 1077618 2560168  2830083 1221509710044089 4375425 5439343  5684095  5760329  4099771  3533174 5699180 11620224
             512       8 1216149 3325278  6472112 1424006912499490 5384786 6104175  7211022  6999490  4973263  4061007 6156675 14240069
             512      16 1309596 3415178  6246213 1424006913190469 5684095 6018636  7540170  7410080  3822466  3279573 6551087 14240069
             512      32 1306409 3201349  6319739 1514384613872122 6395018 6472112  7620440  7540170  5278892  4610256 5886650 14240069
             512      64 1323315 3822466  6571132 1514384614240069 6319739 5019764  7871843  8394979  5509113  2975154 5624545 14628067
             512     128 1113374 3762197  6909408 1424006913522711 6395018 5744919  7410080  8018812  5699180  5115422 5331314 13872122
             512     256 1402845 3788747  8265729 13190469 4061007 5760329 6018636  6652558  7513788  4927617  6319739 5886650 13109944
             512     512 1471074 4163357 12797441 1343809212797441 5951911 5886650  6086873  3046915  6086873  4882800 6035551 13109944
            1024       4 1186518 3121783  5991815  9655828 9855234 4211554 5417427  6172653  9064828  4249053  3643490 5853003 11614118
            1024       8 1299219 2552265  6599461 1442204512492426 5144870 5983467  7269678  8199542  4720752  4162573 6479979 13818817
            1024      16 1321607 3849207  6692005 1404475812983353 5623115 5751117  7054742  7644933  5330028  4451639 6441107 13863422
            1024      32 1393200 3908759  6317933 1442204513818817 2877110 3615883  7755368  8822754  5444898  4114719 6355328 14230902
            1024      64 1352828 4199201  5120336 1482016114230902 6093831 6559147  7883484  9485232  5194651  4470172 3955557 14618393
            1024     128  388445 2516377  4304412 1330511612828238 5500686 5096034  5720477 10454984  4282950  3567824 4783849 12790037
            1024     256 1406431 3794792  6640274  640269912639479 4700088 5444898  6776473  8326715  5363307  5048117 5507740 12208350
            1024     512 1468964 1565902  8061038 13142265 6280976 5751117 5885083  6280976  8262639  4783849  6199382 3905205 12348754
            1024    1024 1194770 4195100  6918376 1298335312639479 5630486 3251778  5660167  6163794  5720477  4762630 5917516 12313351
            2048       4  172274  843572  1310279  1246579 2295665  319105 5403134  5719737  7393606  3991965  3336148 4441984 10240672
            2048       8 1383731 3165272  6479029 1256195210555264 4569586 6132138  7286980  9189005  4500161  3717289 6401772 12327589
            2048      16 1361578 4312636  6401772  910138013138359 5156624 6359119  6939647  8292998  5068389  4414590 6397004 12327589
            2048      32 1134613 3751381  6563185 1372620013836752 5836323 5868220  6303124  8067138  4697018  3458376 3835124  6243566
            2048      64  751867 3374151  6440169 1156417413748169 5389574 6167360  7582884  6440169  4403275  4146110 5904523 12654482
            2048     128 1409617 4071433  6284678 1288221513836752 5970183 5970183  4983122 10351742  4423683  3071337 4864597 12274742
            2048     256  428643 2687036  6225466 1225722712882215 5868220 5937172  7237860 12257227  4853603  4385291 5900467 11365268
            2048     512 1446164 4088876  6823876 1234530612959958 5750369 5900467  6717153 10289741  4875642  4741090 5986827 11260973
            2048    1024 1435290 4023754  7846081 1198363011202231 5238385 5800851  5032754  8029434  4741090  5362657 4772701  9567698
            2048    2048 1190103 3425279  5416763  7726111 7343043 4188565 5319484  2720222  4601407  3175804  3221057 5319484  6990474
            4096       4 1222696 1212941  4917236  5369035 5611025 2719708 5204750  2780451  4531983  3202328   873502 3938705  4214051
            4096       8 1358542 3276846  6263611  6207035 8883968 3667146 5969780  7558881  7087972  4204769  3522048 5875858  7173805
            4096      16 1427159 3813675  6370451  7585581 7656576 4128976 5409609  7529067  7770863  4376138  3897601 6068897  5851841
            4096      32 1473426 3911800  6309619  5851841 9593374 4576653 6302675  7615846  7760332  4389555  3969648 5761565  7447471
            4096      64 1493797 3839243  6272759  7728911 9914481 4209920 6330545  7515892  7656576  4007615  4027344 6321227  7599002
            4096     128 1465008 3957760  6140479  6103394 8638284 4649735 5664678  7935986  7434579  4039655  3931494 5944991  6659365
            4096     256 1469645 4104315  5618365  6737716 8272256 4047268 1358542  7209932  9593374  4018865  3605576 5640500  5833956
            4096     512 1482965 3640724  5438722  6836927 8393502 4068354 5244471  6649056 11601703  4052041  3878244 5777065  6449370
            4096    1024 1086246 3726809  6618318  7222056 5883908 4214051 5657217  6480999 10089154  3810292  3501232 5618365  5744227
            4096    2048 1360371 3000428  5902100  5996870 5587302 3222148 5139356  3491981  5926533  2866270  3817913 5107271  4835578
            4096    4096 1214656 2572681  4128976  4253700 4597474 2925823 4031124  2978579  4551192  2972395  1275624 4575434  4213018
            8192       4 1113017 2857404  5264403  5403489 5145363 2604627 4964702  1683821  4589372  2497472  2761857 5158495  5174810
            8192       8 1281371 3258451  5265210  2920552 2732426 2953185 5809106  7676771  5992483  3431922  3338228 5752696  5107124
            8192      16 1380529 3510105  5988306  6461262 5884720 3400672 5712526  7346838  5974769  3554036  3481651 6191160  6054786
            8192      32 1438440 3698251  6395120  6267959 6591409 3661989 6086965  7205103  6000856  3441891  3688723 6127127  6131500
            8192      64 1443031 3794641  5299316  6500378 6374949 3846036 5669170  8317926  6127127  3591558  1946748 6150158  6405850
            8192     128 1397714 3487658  5650523  5329730 5315713 3198990 5901904  8104083  5851647  3293747  3535750 4762392  5897851
            8192     256 1389911 3847758  5319004  5945819 5588034 3916172 5244315  7217210  4493345  1255113  3456781 5684175  5221205
            8192     512 1397714 3580703  5810089  5672914 6140266 3982442 5372229  6360787 11735662  3039661  3463751 5784656  5557305
            8192    1024 1407793 3311205  6154564  6248582 5797345 3578839 5247519  5936574 11408351  3073925  3251975 5410295  5868638
            8192    2048 1340302 2887662  5468852  5576245 5016894 3161898 4833405  4164410  5940679  2777036  2769426 4917803  4881472
            8192    4096 1146516 2567262  2239469  2331875 2508228 1858407 4291316  2950142  3590057  1934800  2608978 2723331  3276785
            8192    8192 1189832 2000939  3509746  4209820 4237859 2149524 2812037  2784463  3148570  2818958  2629946 4229512  4452008
           16384       4  960724 2814664  5614884  5211229 3972039 2496819 4918791  5618556  5121513  2759175  2973478 1020548  1075997
           16384       8 1230499 3270361  6350680  6382531 5673291 2818011 5661139  7599353  5828720  3104869  3059528 6038721  5696807
           16384      16 1374284 2572047  5557667  6306387 5822300 3280039 5921129  7765083  5394499  3439274  2149310 6166054  6120472
           16384      32 1400585 3552347  6210635  6138514 5912468 3438414 5665340  7617042  6054683  3392916  3372436 6177694  6097121
           16384      64 1253369 3615139  6272425  6201108 6077171 3821824 5866036  8261731  6068049  3295296  3513659 6208391  6193842
           16384     128 1407067 3345673  5970515  6017042 5744908 3632720 5840609  7706737  5767086  3213171  3382395 5350814  5434171
           16384     256 1388951 3689278  1063410  5244638 3092573 2738394 5145674  7344330  5417891  2995251  3413308 5576609  5645327
           16384     512 1454417 3633681  5720518  5822300 5772899 3937445 5571184  6942198  5732926  3385061  3357442 5631910  5742987
           16384    1024 1425188 3550145  5690674  5897753 5775325 3844057 5628220  6753885 12056459  2954176  1096724 4338951  5764667
           16384    2048 1319047 2855838  5093045  5056693 5129541 2981606 4836060  3979629  6574890  2448687  2433770 4987331  5039634
           16384    4096  805301 2622700  4158313  4317145 4309294 2805013 4182610  2860355  4265692  2481671  2497545 4302549  4290192
           16384    8192 1128439 2330595  4258819  4272056 4268872 2779711 4245663  2814664  3439791  1872016  3299251 4251178  4245663
           16384   16384 1175399  553605  4023434  4254336 3996060 2610148 4117698  2818936  4273385  2797363  2827286 3967223  4169920
           32768      64 1311868 3473767  6042386  6236791 5977476 3233796 6106550  8346424  6134077  3179484  3329447 5413581  6272656
           32768     128 1384778 3378471  6016991  6002538 5879790 3538246 5902009  7661544  5951334  3186635  3380965 5893657  6008048
           32768     256 1376911 3562181  5625411  5628175 5673245 3448577 5546409  7257768  5444246  3214735  3444515 5684744  5739583
           32768     512 1376401 3411851  5639722  5793537 5159544 3600535 5673948  6446538  5808963  3148095  3458296 5794514  5994945
           32768    1024 1455384 3554350  6087347  6145597 5854493 3767741 5652480  7056182  5638797  2665156  3100653 2001096  5849510
           32768    2048 1341079 2957151  5145829  5397423 5172554 3032111 5122431  4144620  7148298  2251960  2353495 5091311  5274994
           32768    4096 1277256 2094058  2819503  3440290 3629632 2318556 4048894  2965446  4426260  2184385  2199769 4309267  4338925
           32768    8192 1249356 2566610  4291908  4417440 4306432 2660822 4267256  2984377  4295664  2481886  2478663 4263946  4413751
           32768   16384 1122190 2647700  3517419  2343103 2861594 1506992 4392451  2362354  3931904  1986777  2849136 4241313  4136263
           65536      64 1098142 3388124  6047944  6221377 5865587 3446882 6108288  8065002  6081664  3215555  3467143 6117396  6169156
           65536     128 1251499 3544625  5517885  5775133 5767015 3554985 5643405  7958293  5904774  3199982  3417612 5658974  3878796
           65536     256 1353126 3562911  5584587  5467725 5633689 3647782 4780168  6017492  5409086  2994416  3433364 3113641  5721639
           65536     512 1127774 3344509  5964351  5989955 5991000 3623355 5825436  6270196  4406379  2513081  3292116 4736268  5710703
           65536    1024 1305704 3455288  5938323  2887045 5522541 3706162 5828030  7146775  5934605  2889837  3049191 5786805  6041298
           65536    2048 1315747 2773076  5034688  5359517 5085829 2971595 5250891  4217483  5108038  2150056  2277292 5045130  5240380
           65536    4096 1252434 2663628  4290421  4366412 4358865 2723995 4320973  2909875  4365857  2093944  2201333 4283935  4362947
           65536    8192 1249849 2157786  4171655  4355687 4267243 2658347 4266911  2789454  4320090  2147386  2288497 4345565  4334943
           65536   16384 1263128 2656831  4338090  4370508 4355687 2730679 4340967  3006929  4340419  2438637  2111411 4352791  4373428
          131072      64 1249769 2912971  6088724  6255840 5918811 2887300 6016623  6748964  3668100  2747325  2867645 5520700  6102037
          131072     128 1266666 3020091  6006434  5981470 5828265 2980743 4831794  6588177  3898650  2710161  2900844 5885103  5989094
          131072     256 1200854 3031065  5741466  5894884 5750054 3062351 5384388  7531127  5776881  2827324  2927474 5651632  4159434
          131072     512 1321490 2998529  5702517  5777670 5642120 2870101 5621523  7058213  5715679  2797158  2803863 4864070  5787585
          131072    1024 1264783 3057990  5649193  5828265 5793501 3012793 5576815  6907277  5764464  2358011  2538586 5619857  5755291
          131072    2048 1131003 1632728  4874897  4891857 4899356 2372420 4817398  2261338  3556429  1785264  1854646 4344185  4852179
          131072    4096 1026075 2233555  4123184  4102538 4195910 2244306 4183044  2525478  4313846  1829185  1836616 4195110  3998782
          131072    8192 1116255 2219865  3818337  3708782 2756389 2182897 4133850  2901487  4155316  1834073  1879649 4177196  4019364
          131072   16384 1058466 2201305  4155724  4138705 4221720 2247885 4101008  2909348  4194438  2034077  1974897 4139328  4226913
          262144      64  166381  157237  5429209  6317006 5865194  120618 5721533  8351981  6138620   171112   163761 5996372  6242585
          262144     128  163136  152512  5582019  5726927 4863335  119962 5650029  7752768  5944436   165013   167426 5704346  5962844
          262144     256  165926  156247  5478580  5603040 5559552  129057 5489795  7535453  5661841   173665   162708 4818556  5611562
          262144     512  167503  163396  5127917  5706211 5711428  146796 5281421  5340810  5734035   171006   158637 5535258  5749657
          262144    1024  130665  155925  4827250  5473316 3703645  163230 3714292  5843095  5523357   144254   126381 4671719  4736970
          262144    2048  126914  157147  3527288  4874374 4795731  167226 4709660  3237106  4209917   165409   169015 4441990  4356212
          262144    4096  162622  154398  4025615  4171551 4080837  172577 4211610  2769293  3758823   177058   169241 4002505  3865112
          262144    8192  160806  156461  4098116  3712198 3264565  169694 3994029  2879691  3512908   184579   185548 4075815  4325604
          262144   16384  164669  157791  3962578  3966881 4129546  161818 3934262  2830591  4105369   209655   195458 4002870  4107547
          524288      64   66570   86410  6044281  6230925 5770536   28427 5127615  7896129  5968198    90715    90258 4813385  6283878
          524288     128   90758   88782  5792912  5724538 5068966   48471 5751037  5451617  4818596    90531    84427 4970534  5880043
          524288     256   84736   87092  5501453  5550666 5492178   56107 5595154  7474667  5753505    89305    87701 5720979  5838407
          524288     512   89368   87857  5604366  5761027 5643762   60757 5529465  6924949  5695006    91646    90648 5740843  5898638
          524288    1024   90027   88273  5720785  5961887 5936233   63439 5559071  6797182  5728669    91356    87468 5571776  5758432
          524288    2048   90646   85720  3922814  4984573 4837272   86796 4828944  3746680  4913976    91269    89513 4858251  4465331
          524288    4096   90217   87125  3916422  4224748 4219722   92267 3987134  2750405  4079716    91335    90868 4068251  4033049
          524288    8192   89577   87546  4197692  4038544 4035995   91147 4010000  2845137  3718801    92180    90067 4057232  3803158
          524288   16384   88522   87567  4168797  4294591 4238347   77188 4018456  2832596  3924985    93641    91876 3613410  4195914

iozone test complete.
