	Iozone: Performance Test of File I/O
	        Version $Revision: 3.420 $
		Compiled for 64 bit mode.
		Build: linux-AMD64 

	Contributors:William Norcott, Don Capps, Isom Crawford, Kirby Collins
	             Al Slater, Scott Rhine, Mike Wisner, Ken Goss
	             Steve Landherr, Brad Smith, Mark Kelly, Dr. Alain CYR,
	             Randy Dunlap, Mark Montague, Dan Million, Gavin Brebner,
	             Jean-Marc Zucconi, Jeff Blomberg, Benny Halevy, Dave Boone,
	             Erik Habbinga, Kris Strecker, Walter Wong, Joshua Root,
	             Fabrice Bacchella, Zhenghua Xue, Qin Li, Darren Sawyer,
	             Vangel Bojaxhi, Ben England, Vikentsi Lapa.

	Run began: Sun Oct  6 15:03:52 2013

	Auto Mode
	Command line used: iozone -a
	Output is in Kbytes/sec
	Time Resolution = 0.000001 seconds.
	Processor cache size set to 1024 Kbytes.
	Processor cache line size set to 32 bytes.
	File stride size set to 17 * record size.
                                                            random  random    bkwd   record   stride                                   
              KB  reclen   write rewrite    read    reread    read   write    read  rewrite     read   fwrite frewrite   fread  freread
              64       4  571375 2444640  5283570 1597288510821524 4274062 2801873  4564786  4207076  3541098  2561267 2689580 12902017
              64       8  640954 1452528  4897948 2273779112902017 5283570 3057153  6421025  5389653  2662899  1526887 3541098 12902017
              64      16  703068 1553394  5860307 1290201715972885 5389653 2662899  5860307  4564786  2662899  3588436 5860307 10402178
              64      32  799377 1562436  9006179 2096219115972885 5860307 4988978  4564786  4018152  4274062  1879725 3203069 15972885
              64      64  831569 1638743 12310336 2096219115972885 5860307 3363612  5283570  3738358  4564786  1828508 5283570 12902017
             128       4  814915 1755594  3867787 12842051 9795896 4596273 3124872  5545860  3277486  3867787  1878447 3468030 11720614
             128       8  848397 1911894  4267461 1588107812842051 5122535 5545860  6406138  6114306  3445772  2248149 5784891 11720614
             128      16  870405 2004703  4596273 1172061412842051 5784891 3380677  6727225  4759253  4267461  2511022 4557257 14200794
             128      32 1015251 3536566  6114306 1588107815881078 6114306 5122535  6727225  4557257  5325799  4934216 3657016 14200794
             128      64  976473 2571150  4934216 2080435615881078 6406138 3468030  7082197  4557257  4407601  2905056 3895854 16365173
             128     128 1130717 2238774 10779307 1801235914200794 6406138 5545860  6406138  4267461  5545860  2920861 5847904 11470204
             256       4  930608 2114473  5428265 11695808 9434868 4496299 4197489  5938650  3935921  4350555  2699161 5540300 11091721
             256       8 1052888 2563818  5810112 1607260812812277 5455847 5938650  7314033  9434868  4496299  3078337 4496299 14353744
             256      16 1112909 2582316  5117791 1416439513454450 5971678 5217259  7314033  5217259  5217259  3368013 5569035 13454450
             256      32 1152323 2665657  5687020 1583556915164624 6249745 5320671  7735574  4907284  5569035  3823789 6073004 15164624
             256      64 1123389 3823789  6936061 1583556915164624 6761355 4819184  7735574  9114515  5810112  5455847 5687020 14953435
             256     128 1103757 3043436  9114515 1495343513454450 6554972 6249745  7120034  7735574  4755158  6249745 5217259 14353744
             256     256 1384034 3368013 12812277  239244213454450 5810112 5687020  5938650  5117791  5810112  3717869 4652146 13454450
             512       4 1100818 2438090  5870558 12146009 9638369 4340054 5278892  6018636  5227492  4091959  3409755 5744919 11138071
             512       8 1216149 3177664  6571132 1462806712215097 5453155 6018636  7513788  6395018  5067142  4068701 5744919 13522711
             512      16 1155924 3325278  2906696 1387212213109944 5760329 5127637  7513788  6821616  5214798  4296637 5127637 13109944
             512      32 1293037 3653390  6086873 13438092 9304292 6319739 2135087  7758090  7435738  4532414  4732165 5439343 14240069
             512      64 1242896 4030519  6551087 1547114914628067 6571132 6491676  8140399  9859630  5699180  4927617 6736026 15037801
             512     128 1357615 3653390  7309196 1462806713872122 6472112 5384786  7871843  7758090  5807059  5398323 5760329 14240069
             512     256 1354190 3795443  8140399 1319046912797441 5951911 5684095  6414119  7758090  4973263  5951911 6086873 13109944
             512     512 1451192 4457157 12797441 1352271113109944 6035551 5227492  5227492  6174377  6018636  4882800 6156675 13109944
            1024       4 1168760 3172513  5950309 11018226 9485232 4317393 4995276  5917516  6599461  4249053  3556008 5660167 11018226
            1024       8 1294520 4079544  6431462 1310217412037272 5096034 6025439  7811791  7699755  5024495  4249053 6327241 13305116
            1024      16 1412443 4003490  6599461 1386342212828238 5813392 6235382  7524394  7590887  5277632  4451639 5821271 13472053
            1024      32 1385560 4762630  5821271 1442204513643232 6244448 6479979  8061038  8391792  5564829  4531485 6733974 14230902
            1024      64 1437980 4317393  7008693 1508034114422045 3923040 6519323  8137402 10769573  5623115  4512441 6776473 14618393
            1024     128 1406891 4178773  6787181 1418390513863422 6441107 6093831  8199542 10354166  5564829  4674510 6355328 13305116
            1024     256 1270397 4300102  6963241 1294422412828238 6093831 5950309  6874084 10557785  5500686  4920874 6128613 12983353
            1024     512 1438461 4356809  8326715 1326402612944224 5821271 5958564  6519323  8262639  4854136  4634161 5983467 13142265
            1024    1024 1448162 4339202 12348754 1347205313305116 5885083 6059442  5363307  6128613  6025439  4898425 6093831 12639479
            2048       4 1194239 3351769  5626082 10503637 9111033 3982711 5349298  5836323  7159438  4081105  3569018 5626082  9796850
            2048       8 1294482 3946119  6284678 1311829510607402 4412322 6041567  6717153  8643474  4794010  4180412 6340344 11440955
            2048      16 1448358 4223576  6608629 1211888412959958 5332694 5848244  7789164  8059569  5009275  4462754 6523312 11900619
            2048      32 1449580 4284671  6738230 1272949313836752 5937172 6041567  7726111  7726111  5032754  4460436 5820505 12654482
            2048      64 1519319 4472047  6420913 1295995814514788 5640860 5986827  8325147 10503637  5264067  4385291 6359119 12805399
            2048     128 1482094 4162181  6345027 1248889713836752 6207471 6097316  8357547 10945301  4762117  4265523 5816563 11983630
            2048     256 1465907 4338776  6321679 1162678412635867 5852228 5974336  7286980 10620516  4785996  4096676 5884299  9400176
            2048     512 1415191 4347560  6397004 1157976312398764 5535444 5970183  5904523 10048990  4707314  4312636 5535444  8097557
            2048    1024 1511299 4172290  7969835 1144095510660056 5184636 5900467  6280083  8261095  5020987  5131978 5820505  9567698
            2048    2048 1418228 3549844  7183386  6732948 7183386 4240255 5376082  4180412  5444228  4162181  3878414 5461535  4983122
            4096       4 1050769 3126565  5556581  6520355 7197849 2959594 5192166  4796426  5988509  3402085  3346419 5504946  5558378
            4096       8 1314067 3724386  5792648  7225093 8518356 3568133 5490871  6608135  6850558  4104315  3838385 6068897  7301864
            4096      16 1335519 3972402  6361016  6086096 8847367 4244242 6086096  7845385  7035723  4395170  4051086 6013663  7460407
            4096      32 1486172 4227532  6430059  6872481 9636422 4696769 6261328  8127459  7447471  4560858  3592757 6410863  6748303
            4096      64 1470274 3985303  6291135  6894546 9414629 4899008 6131713  8586475  7499487  4638436  3995498 6420447  7639552
            4096     128 1505315 3796819  5468151  7197849 9222577 4824714 5961494  8224733  6964419  4293029  4012295 6086096  6672297
            4096     256 1450413 4133944  5934722  6964419 7261741 4801789 5696610  7326777 13299112  4271680  4016047 5744227  5512011
            4096     512 1517548 3911800  5928578  7012747 8393502 3980686 5389246  5996870 11570449  3893185  3915366 5445618  6545196
            4096    1024 1412840 3653887  5786794  7209932 7173805 4055868 5704175  5867831  9614850  4140919  3934195 5664678  5634950
            4096    2048 1365779 3170416  5926533  5101205 5565581 3217321 4869845  3859945  4958393  3096138  4140919 4691638  5431844
            4096    4096 1268092 2848213  4592558  4676314 4059701 2876348 4196552  3056478  4576653  2912925  3098371 4395170  4669958
            8192       4 1219779 2827774  5535816  5838720 4779617 2691123 5201445  5231540  5001558  3071726  3023079 5322300  5516264
            8192       8 1350469 3416226  6081578  6054786 6050521 3104195 5410295  7136266  5809106  3512617  3296592 5761377  5910025
            8192      16 1403480 3731993  6350207  6118398 6374949 3495109 5740202  7591960  6272536  3720275  3671773 6281710  6063334
            8192      32 1449667 3947668  6095604  6154564 6606618 3593060 6054786  8208631  6331484  3496531  3475663 5768148  6364322
            8192      64 1411668 3842165  5897851  6538726 6553692 3976911 5905961  8594649  6660405  3766356  3440513 5724900  6242905
            8192     128 1378425 3531027  5936574  5724900 5992483 3660429 5789530  7899143  6154564  3413171  3826334 6081578  5780764
            8192     256 1463685 3953573  5700206  5615432 6085887 4104220 5732541  7530397  6014511  3695070  3705031 5649594  5535816
            8192     512 1443031 3752781  6046263  5580773 6182248 3858994 5785631  7179509 12450057  3585187  3611945 5494212  5905961
            8192    1024 1471269 3695070  6150158  6141364 6210183 3984289 5599873  7092077 11538609  3443271  3404716 5745001  5626466
            8192    2048 1342974 2999591  5221205  5098030 5316535 2928768 5047109  3893540  6234975  2827774  2814110 5142283  5050818
            8192    4096 1247276 2690280  4329710  4430195 4257814 2878470 4325349  2796929  4447398  2576889  3341150 4331893  4316113
            8192    8192 1227843 2678744  4316113  4449702 4385525 2856217 4299909  2866463  4224832  2769649  2937280 4397311  4233681
           16384       4 1145729 2872791  5688789  5607095 4657114 2301481 4956039  5714809  4880365  2722015  2689522 5362924  5463116
           16384       8 1309146 3238001  6104162  6227520 5313989 2878929 5670950  7656078  5592038  3353182  3308623 5973110  5966886
           16384      16 1380385 3532443  6224699  6382531 5837136 3317248 5820327  7543462  5760801  3473346  3448421 6124836  6224699
           16384      32 1378419 3635219  6377792  6463575 5933911 3796067 3455878  8090540  6129206  3358098  3699208 6238827  6414703
           16384      64 1455587 3772519  6372469  6287346 6157214 3675073 5951384  8851261  6086321  3424705  3656301 6152804  6150051
           16384     128 1416580 3733778  5917050  6099827 5953446 3720437 5535284  8066797  5883111  3606411  3576567 5994996  6025484
           16384     256 1480710 3736418  5591583  5765150 5716711 4139277 5603438  3402660  5692559  3602441  3541728 5473995  5639767
           16384     512 1466929 3757050  5816386  5957575 5811959 4072553 5760801  7059152  5856038  3533352  3547946 5736755  5847567
           16384    1024 1433931 3370616  5949323  5797739 5927769 4021786 5631910  6968951 12020607  3036277  3241208 5761284  5795783
           16384    2048 1317353 2907062  5161907  5243037 5155324 3049346 4932206  3976636  6639046  2390425  2504463 4933623  5173176
           16384    4096 1264089 2678933  4397256  4362087 4310375 2701470 4285644  2963859  4196915  2531122  2581807 4299049  4215193
           16384    8192 1268804 2698182  4269933  4141522 4287783 2818011 4300395  2955701  4227120  2514451  3204331 4213125  4292336
           16384   16384 1191395 2627312  4183883  4305784 4155295 2672785 4221667  2688575  4237024  2848380  2837091 4284575  4310375
           32768      64 1385182 3632414  6272656  6402394 5973060 3545182 6030191  8406152  6107636  3327754  2980300 3558952  3257556
           32768     128 1273575 3620835  5795491  6106550 5853496 3712278 5919039  7874891  6035752  3346471  3589439 4677848  5977476
           32768     256 1102476 3604123  4496199  5004366 5026512 3462304 4405545  6099775  4343587  1844426  2643880 4957255  5314360
           32768     512 1311818 2641745  5141786  5428763 5342870 3381963 5268927  6777133  5681923  3039151  2824834 2625847  2424018
           32768    1024  346516 3756414  6072823  5991547 6114701 3868707 5032586  7380142  5622419  2886596  3064426 5130462  6010150
           32768    2048 1341904 3043054  5194646  5432196 5170998 3180440 5183870  4358602  2904715  2258621  2390957 5167692  5180744
           32768    4096 1282058 2697854  4358602  4347022 4261170 2647700 4418576  3088737  4393715  2256878  2341386 4413893  4469151
           32768    8192 1285571 2699655  4410210  4420281 4277216 2737729 4305353  2990546  4333179  2569634  2627302 4366633  4348259
           32768   16384 1279849 2724973  4291238  4357496 4421419 2783302 4285752  2977008  4341803  2448853  3461606 4258397  4422130
           65536      64 1407228 3625553  6243846  6290716 5906804 3496738 5886691  7600912  6135146  3161558  3489502 6229131  6312385
           65536     128 1397654 3383037  5955693  6066497 5898312 3613970 5966034  7740247  5830626  3201883  3479872 6023030  6001988
           65536     256 1421756 3071062  5734770  5979531 5819762 3798082 5757352  7471984  5828030  3385996  3585731 5806853  5857713
           65536     512 1470109 3752455  5908455  5917995 5917485 3802285 5832729  6807479  5856589  3359962  3568554 5959437  6024746
           65536    1024 1460540 3717489  5934605  6045151 5932428 3812252 5867591  7182068  5952984  2967296  3231546 5994789  6042360
           65536    2048 1334716 3033376  5207026  5264367 5234492 3108043 5238682  4173492  5190997  2175530  2337321 5128433  1079473
           65536    4096 1257643 2666884  4385709  4411117 4358035 2592703 3768351  2481770  4063007  2023470  2213832 4351964  4370230
           65536    8192 1258686 2692853  4312432  4376353 4369396 2661693 4330094  2991711  3798502  2069991  2267692 4272815  4356585
           65536   16384 1275838 2262913  4361770  4372872 4361770 2748509 4340145  3004990  4363501  2527222  2357588 3176244  3220452
          131072      64 1177623 2692692  6085017  6222842 5900959 2935023 6145832  8441573  5866639   382122  2720973 6101225  6037106
          131072     128 1297766 3066947  5963497  6037702 5690122 2925449 5263500  8157364  5905205  2730555  2928067 5912382  6035780
          131072     256 1333006 3103320  5684180  5703286 5508365 2976257 5498448  7297597  5592245  2300033  2826714 5495480  5919321
          131072     512 1350493 1078729  5704470  5857451 5608791 3036170 5650645  7246710  5645538  2774123  2787514 5705476  5755833
          131072    1024 1301801 2982781  5738949  5681008 5802980 3123296 5735417  7194644  5818950  2536864  2517372 2578134  5200022
          131072    2048 1057697 1732382  3995498  4236327 4154436 2145766 4837108  3869944  4777709  1815881  1829161 5137049  5279422
          131072    4096 1081256 1855259  4229092  3925486 4157578 2219040 4178656  2805237  4245126  1785966  1656855 4250903  4012118
          131072    8192 1135116 2232150  4191336  4166590 4152836 2276338 4015313  2874828  4070190  1854602  1925348 4201554  4220099
          131072   16384 1134980 2438278  4312425  4348755 4234695 2347690 4284096  2900323  4336954  2076291  2144360 4287470  4357165
          262144      64  162596  164426  6115845  6241522 5957416  119392 5763702  7610087  6179885   142025   163943 6064638  6343941
          262144     128  163146  144223  5807602  6079694 5762041  131216 5753689  7598360  5893109   163780   156253 5743230  5960517
          262144     256  160482  154399  5511977  5716654 5652702  141025 5556714  7570058  5736697   171407   166365 5498223  5669812
          262144     512  162170  170021  5436323  5731793 5622150  148590 5711695  7341735  5858225   173424   161967 5524079  5789255
          262144    1024  165460  151223  5638700  5860067 5761256  147273 5589425  7143823  5932217   167323   168318 5580744  5792335
          262144    2048  167703  166804  4895861  5039105 4948056  162841 4880453  3583889  5073120   162132   175151 4780510  5094817
          262144    4096  151548  148330  4216293  4148179 4370307  153532 3909446  2816936  3959396   171884   179243 4016424  4119181
          262144    8192  163670  157578  4069163  4008620 3217318  170288 4060027  2468822  4080065   179449   177314 4095552  4127996
          262144   16384  160203  154091  3975918  4167045 4184920  166822 3507462  2629933  3323194   211277   197545 4065251  4194371
          524288      64   66969   87623  5723987  6261049 5818494   29507 5570125  7871483  5711009    85757    85063 5999411  6092476
          524288     128   90877   85621  5888041  5991239 5708711   47033 5215654  8145411  5774475    89867    89139 5794836  5918929
          524288     256   84671   78555  5515984  5697987 5458830   51191 5601596  7556422  5402463    88771    82147 4917493  5663822
          524288     512   90603   83368  5575690  5738776 5652408   59245 5521718  7065775  5848173    88233    88695 5574870  5663020
          524288    1024   89762   84092  5585547  5747896 5684084   70551 5553708  6498280  5716800    89864    86022 5413902  5763865
          524288    2048   83519   85651  4676923  4969973 4906258   82257 4790380  3576119  4865969    87885    90355 4852183  4899742
          524288    4096   90461   79741  3586788  3512795 3377818   84950 4123056  2765493  4090279    89338    91033 4136069  4100713
          524288    8192   88797   84092  3996249  4098015 4056012   89637 3901358  2744878  3682445    91166    89813 4005683  3982952
          524288   16384   86275   77062  4082601  4140220 4180193   88093 4119974  2872025  4143910    93729    93199 4132975  4119233

iozone test complete.
