	Iozone: Performance Test of File I/O
	        Version $Revision: 3.420 $
		Compiled for 64 bit mode.
		Build: linux-AMD64 

	Contributors:William Norcott, Don Capps, Isom Crawford, Kirby Collins
	             Al Slater, Scott Rhine, Mike Wisner, Ken Goss
	             Steve Landherr, Brad Smith, Mark Kelly, Dr. Alain CYR,
	             Randy Dunlap, Mark Montague, Dan Million, Gavin Brebner,
	             Jean-Marc Zucconi, Jeff Blomberg, Benny Halevy, Dave Boone,
	             Erik Habbinga, Kris Strecker, Walter Wong, Joshua Root,
	             Fabrice Bacchella, Zhenghua Xue, Qin Li, Darren Sawyer,
	             Vangel Bojaxhi, Ben England, Vikentsi Lapa.

	Run began: Sun Oct  6 15:03:52 2013

	Auto Mode
	Command line used: iozone -a
	Output is in Kbytes/sec
	Time Resolution = 0.000001 seconds.
	Processor cache size set to 1024 Kbytes.
	Processor cache line size set to 32 bytes.
	File stride size set to 17 * record size.
                                                            random  random    bkwd   record   stride                                   
              KB  reclen   write rewrite    read    reread    read   write    read  rewrite     read   fwrite frewrite   fread  freread
              64       4  552557 1304314  4897948 12902017 7940539 4274062 4564786  4018152  4564786  3203069  2561267 2772930 10821524
              64       8  789967 2662899  5860307 12902017 9318832 3541098 4564786  4274062 10821524  3588436  3203069 5389653 12902017
              64      16  752329 2561267  7100397 2273779115972885 5283570 4564786  4564786  4274062  3738358  3363612 4988978 12310336
              64      32  703068 1599680  7940539 3048429715972885 5860307 4897948  4564786  6271021  4018152  2298136 3541098 10821524
              64      64  889431 1679761 15972885 2273779115972885 5735102 4897948  4564786  4988978  5283570  3738358 4897948 20962191
             128       4  794416 1885042  5784891 11470204 9129573 4557257 3053774  5545860  4135958  4012317  2132084 3657016 11720614
             128       8  895074 2098744  4934216  5122535 9795896 4407601 3560017  6330599  5847904  4135958  2286447 5325799 15881078
             128      16  883293 2132084  3982553 1056714012842051 6114306 3124872  6812590  4557257  4407601  2286447 3657016 14200794
             128      32  955616 2132084  4557257 1284205115881078 6114306 5784891  6727225  4135958  5325799  4407601 5379161 11720614
             128      64  983630 2248149  7582312 1863766415881078 6330599 3199360  6727225  4717434  4267461  3657016 4135958 12842051
             128     128 1133103 2558895 10779307 1588107816365173 6114306 6045455  6406138  4135958  5545860  4135958 4407601 14200794
             256       4  999940 2223962  5428265 12812277 9868433 4652146 5347168  5687020  4840911  4404088  2783115 5347168 12090911
             256       8 1090308 2754556  6398720 1516462412090911 5687020 4572895  7314033  4652146  5022044  3043436 6398720 15164624
             256      16 1142514 2880164  6719046 1516462412812277 5938650 5022044  7120034  5455847  5347168  3823789 5455847 14164395
             256      32 1175022 2943325  5841722 1583556914353744 6437081 4132864  7518900  9518507  5347168  4070199 4840911 14953435
             256      64 1195962 3454704  6398720 1709624914164395 6719046 4734192  7735574  6398720  5971678  5242734 4672389 15164624
             256     128 1437779 4264168  8815202 1516462413454450 6398720 4652146  6936061  5938650  4197489  6595234 5938650 14164395
             256     256 1430119 3770085 13454450 1362518013454450 6107548 5217259  6249745  5938650  6107548  4404088 6249745 13454450
             512       4 1143004 2655129  5951911 12499490 9681823 4532414 5453155  5886650  6104175  4340054  3431550 5495016 10911694
             512       8 1003588 3201349  6491676 1462806712215097 5566231 5177083  7540170  6571132  2665014  3905895 6246213 13872122
             512      16 1296159 3481620  6395018 1462806712797441 5744919 5067142  7435738  6174377  5227492  4262523 6018636 13872122
             512      32 1026126 3710197  5744919 1503780113783088 6571132 5278892  7900804  8265729  5684095  2942541 6652558 14628067
             512      64 1391933 3346002  7211022 1558341714628067 6821616 5115422  7871843 12797441  5744919  2039772 6104175 14628067
             512     128 1372364 3628697  7309196 1462806713872122 6652558 5886650  7758090 11620224  6035551  4871723 6104175 14240069
             512     256 1434711 4296637  8265729 1319046912797441 6174377 5951911  6652558  7988981  4660280  6821616 5951911 13109944
             512     512 1446306 4305250 12797441 1343809213190469 6174377 5807059  6246213  2860238  6174377  5019764 5067142 13109944
            1024       4 1098792 2443368  5821271 11368190 9300377 4396951 5330028  5845038  7008693  4282950  3495237 5630486 10662628
            1024       8 1349004 4079544  6244448  847458311398360 4736370 5958564  7066349  7811791  5144870  4232305 5917516  5751117
            1024      16 1416636 3794792  2450338 1381881712983353 5917516 5363307  7631350  8061038  5336651  4550690 3422814 12639479
            1024      32 1432225 4433259  5917516 1442204513643232 6280976 6479979  4470172  8183918  5623115  4550690 6599461 14044758
            1024      64 1264413 3735385  6137371 1381881713472053 5536137 5751117  6650556  9485232  4920874  3556008 5169641 13643232
            1024     128 1391395 4095102  3725664 1347205313102174 5821271 5983467  7826025 13305116  5251818  4762630 6327241 13643232
            1024     256 1309518 4265934  6874084 1282823812790037 6280976 5950309  6874084 10429596  3483896  5120336 6025439 12492426
            1024     512 1558516 4396951  8246774 1314226512944224 6137371 3970183  6559147  8310603  4949226  6650556 6050905 12492426
            1024    1024 1335165 3189002 12037272 1314226512790037 6128613 5950309  6172653  3433760  6025439  5042191 6128613 12313351
            2048       4 1189938 3194702  5804771  9898453 9441504 3542524 5172149  3792790  6939647  4178378  3112514 5071381  7237860
            2048       8 1349174 3960675  6321679 1203399511502234 4853603 6003564  7556202  9062970  3799501  3506373 6303124 11246230
            2048      16 1360931 4257067  6523312  832514712118884 5293261 5593112  5032754  6110328  4775354  4462754 6284678 11851361
            2048      32 1402711 2011785  5107566 1028974111129659 4807425 6207471  7999524 11015480  4188565  3791117 5852228  3089009
            2048      64 1349174 4006862  6543188 1305846713726200 5640860 5264067  7940367 11706006  5280246  4441984 5389574 12416686
            2048     128 1501525 4265523  4481379 1225722713836752 6420913 6207471  5549749 14944066  5107566  4421406 6114678 11706006
            2048     256 1372675 4180412  4493100  723786010945301 5754221 4983122  6717153 11502234  3630870  4138120 4540600  3885431
            2048     512 1412398 3690142  6738230 1234530612959958 5503525 5953632  6583305  7088541  4772701  4591569 5953632 11202231
            2048    1024 1430271 4048407  8059569  826109510889797 2488533 4971585  6321679  8229438  4875642  5403134 5800851 10037248
            2048    2048 1211931 2497941  2023634  5212953 4572018 3195891 4540600  4104506  5447681  4204968  3991965 4221501  6459541
            4096       4  308182 2526895  5761565  5969780 5580043 2983234 5291314  4941279  5013377  3138560  2929815 5556581  6575257
            4096       8 1392683 3700320  6169144  6638778 8962759 3726809 3419011  7173805  7073381  3904688  3640724 5145513  7061751
            4096      16 1439717 2550529  6389405  7788478 9658092 3977000 6122971  6690486  7111444  4125010  4068354 6225028  7629374
            4096      32 1494966 3782607  6410863  6234064 8127459 4691638 6293440  8142867  7774379  4623457  3872125 6158088  6186918
            4096      64 1506503 4171080  6281934  6964419 7339297 4835578 6311938  8093001  7460407  4576653  3835814 6178018  7831080
            4096     128 1453604 4235870  6122971  7502762 9545402 4408705 5986422  8308260  7642951  4409837  1848330 3000428  5777065
            4096     256 1504787 4184286  5007531  6793669 6471234 4740836 5713661  7274040 13247835  3904688  4000150 5810280  6826060
            4096     512 1360371 4192455  5454263  6916752 8356757 4270618 5230102  6886255 11601703  4104315  3574071 5278308  6430059
            4096    1024 1483477 2332698  5953231  6024207 6847827 4011358 5278308  6638778 10215133  4051086  3879120 5601877  6252213
            4096    2048 1412956 3091680  5944991  6024207 5513780 3321831 5165626  4153935  5447345  3042943  4196552 4623457  5468151
            4096    4096 1259169 2830382  4676314  4302706 4681411 2799480 3949571  3027393  4516494  2955012  3014114 4230655  4692920
            8192       4 1185030 2957506  5633847  5333867 5188093 2599700 5241116  5708730  4961834  2836645  2989933 5217241  5211701
            8192       8 1334627 3267748  6177802  6160081 5649594 3000639 5524246  6941633  5676663  3387931  3346356 5745001  6036702
            8192      16 1368052 3106440  5953031  5996667 5454094 1381195 5988306  7692239  6205696  3644124  3312482 5915112  6385612
            8192      32 1486739 3696660  6379683  6019780 6248582 4011735 5776876  7884642  6054786  3713439  3661989 6215800  6370221
            8192      64 1377706 2182706  6045199  6522590 6334986 3992159 6253130  8577485  6501608  3733615  3766769 5988306  6455193
            8192     128 1499259 3789200  6131500  5756551 6340832 4049561 1007356  4240474  5482815  3200182  3505092 5626466  6000856
            8192     256 1508673 3756063  5396699  5901904 5653313 4057690 5323125  6485654  6028229  3532842  3591182 5482815  5368033
            8192     512 1488607 3751142  5677601  5669170 6173362 4067297 5768148  6720329 12414071  3698649  3528126 5450634  5414558
            8192    1024 1455809 3644124  1363979  5793435 5044145 3466546 5728718  6879094 11240406  3411816  3308654 5483690  5442863
            8192    2048 1324237 3021750  5406890  5247519 4905166 3154351 4790946  4153837  6028229  2787400  2844630 5123115  4905166
            8192    4096 1221384 2679789  4240474  4471708 4468800 2799664 4192867  2856217  4235769  2474806  3328849 4320454  4211884
            8192    8192 1212762 2581729  4289173  4298295 4467057 2705319 4415961  2889605  4284894  2793064  2889605 4305296  4233681
           16384       4 1192077 2834633  5438041  5643936 4710748 2386937 5170063  5414475  4858627  2734798  2684060 4917383  4725649
           16384       8  652880 3155627  5990292  5531719 5444935 2716635 5637917  7399689  5582045  3325435  3368468 6161631  6222445
           16384      16 1354270 3238001  6453256  6017042 6036599 3392749 5090027  7281298  5902312  3230846  3394928 5853544  6222445
           16384      32 1435909 3585899  6311020  5826743 6171037 3396438 5672823  7430091  6131394  3296561  3530991 2930992  6309282
           16384      64 1443662 3681767  6106332  6217941 5534838 3593587 5977266  7835024  6201667  3605654  3681767 6124836  6115570
           16384     128 1476320 3721041  5868040  5726715 5509102 3949893 5724807  7757194  4889393  2851453  3015095 4416190  5824767
           16384     256 1009188 3634257  5158807  5793340 5679386 3872216 5525936  6939394  5455742  3193164  3463193 5637917  5569378
           16384     512 1444268 3738044  5851550  5760801 5734840 3768175 5591583  6814835  5755011  3419082  3417552 5677040  5746830
           16384    1024 1463773 3309898  5878581  5935961 5847567 3915013 5537068  6861103 11482323  3193758  3127905 5681264  5756940
           16384    2048 1287030 2971292  5168119  5291891 4963198 3239222 4909654  3857003  6529907  2319659  2365248 2806502  1925734
           16384    4096 1270869 1941897  4151028  4302549 4222704 2585401 3257340  2931492  4308213  1467963  2528049 4240161  4329929
           16384    8192 1250586 2674137  3827145  4161586 4187197 2813742 4268872  2896280  4134048  2509401  3292612 4182865  4312810
           16384   16384 1205397 2649394  4162595  4202048 4367909 2798274 4190261  2667598  4252230  2704553  2849916 4174226  4338951
           32768      64 1381979 3547836  5637178  5177426 5459601 3206560 5686155  4375530  5193861  2927297  2893889 6085191  6067997
           32768     128 1440164 3604029  6025961  6053564 5914709 3598085 5906321  8134982  5977476  3305187  3487872 6000441  6011464
           32768     256  980755 3668971  5744861  5774065 5730489 3784340 5441229  7193946  5035720  2946248  3504235 5912673  5917001
           32768     512  859107 3859148  5862734  6098692 5986067 3852873 5757858  7009042  5998084  3376396  3552146 5446835  5999394
           32768    1024 1223781 3695508  6082767  5847270 6098692 3627524 5756893  6363855  5208624  2592854  3151054 5886085  3478515
           32768    2048 1345491 2089506  5223669  5271554 5119187 3074503 5202118  3813320  7440874  2206018  2302553 5188763  5358702
           32768    4096  743919 2704969  4411484  4262756 4435831 2667950 4083177  2872359  3841029  2154661  2324949 4341255  4345785
           32768    8192 1049442 2372590  4416872  4422699 4301445 2701194 4217237  3014818  4412617  2501536  2464662 3371840  4307512
           32768   16384  886938 2666242  4335503  4360399 4428685 2669712 4275486  2143939  3462042  2493594  3439774 4408513  4417298
           65536      64 1411252 3585123  6217859  6216031 6020260 3394736 6053671  7995097  6002643  3111104  2457474 6210694  6149007
           65536     128 1425221 3535597  5944359  6096907 5799135 3573378 5775618  7859087  5851478  3100961  3475604 5956725  5966940
           65536     256 1140071 3606431  5630689  5654085 5652108 3676617 5687897  7228720  5598920  3249001  2198534 5679083  5542585
           65536     512 1453935 3589055  5730705  5743757 5697328 3737201 5615276  6843750  5724141  3272246  3446537 5622512  3164469
           65536    1024 1427464 3566794  5703712  5872981 5613899 3607046 5363910  7047644  5776104  2751976  2439720 5636578  5771495
           65536    2048 1274844 2886044  5049764  5163984 5108418 2861111 4231116  4220203  5113930  2141280  2285871 5131592  5284812
           65536    4096 1294951 2614204  4358035  4381585 4384800 2675788 4236072  2987192  4358035  2077673  2207875 4344741  4371968
           65536    8192 1300213 2695626  4323760  4354859 4374612 2705975 4297196  3013688  4332415  2234347  2322745 3559036  3810455
           65536   16384 1288886 2664945  4342750  4385150 4372524 2764876 4367036  2655650  4339322  2511245  2516256 4305879  4338364
          131072      64 1302088 3017091  6148994  6296682 5968936 2882485 5746748  8122892  4714490  2342787  2711913 5836556  6195492
          131072     128 1370703 3046839  5964597  5981731 5790450 2722779 5732665  8344323  5708201  2719048  3004100 6049662  6246316
          131072     256 1397625 3178646  5750775  5901212 5844871 3145689 5767003  7184772  5795516  2732550  3019262 5746508  5921489
          131072     512 1386448 3069464  5831665  5995691 5766943 3181902 5653318  7080393  5841269  2837789  3038083 5833460  5672626
          131072    1024 1381682 2966444  5935938  5995430 6011097 3159501 5784601  7225566  5914799  2428198  2641091 5896149  5985834
          131072    2048 1259920 2458076  4949285  5151587 4996835 2469660 4968789  4071426  5058723  1892519  1967546 4909594  5090953
          131072    4096 1156633 2258504  4142072  4224867 3981521 2276300 4284663  2977563  4311411  1843254  1944312 4285899  4183203
          131072    8192 1195847 2333153  4184381  4297861 3512686 2258347 4254753  2878486  4299979  1836898  2013581 2757841  3716655
          131072   16384 1072048 2312202  4189483  3998782 4072723 2245617 4145633  2943509  4152334  2016528  2010702 4294772  4083098
          262144      64  148477  151922  6001740  6258219 5954287  115650 5649303  8323655  6134612   147650   148050 5919219  6226253
          262144     128  143999  135569  5769388  6097091 5848036  123301 4799939  7424928  6047160   149868   148305 5759144  6043802
          262144     256  147606  136329  5463960  5743710 5634366  131572 5405906  7037964  5603526   148291   154175 5277922  5697547
          262144     512  148861  132330  5554244  5843871 5657967  140343 5414984  6944394  5650000   154226   147867 5418667  5773084
          262144    1024  146291  133843  5526744  5809812 5800433  148792 5488315  7115529  5767875   150901   146757 5611562  6020076
          262144    2048  148464  136018  4806738  5077853 5020376  152191 4854874  3929847  5030298   152689   150580 4793786  5035113
          262144    4096  146604  141723  3912771  4088333 3996642  150002 4088136  2791738  4212433   158834   156516 3923719  4006239
          262144    8192  135425  133071  4135091  4151406 4137892  166747 4013771  2883111  4176939   162397   159025 4013404  4221798
          262144   16384  141462  140871  4046058  4000307 4111617  165171 4087756  2798652  4111218   154663   146714 3962449  3958925
          524288      64   63224   83531  6116930  6277313 5849340   27329 5325481  8157951  5915538    85329    88357 6086254  6307978
          524288     128   86224   82507  5930390  5841446 5814509   36535 5420334  7315013  6002834    87954    88012 6094029  6223748
          524288     256   87592   82762  3832995  5660017 5508095   54177 5612705  6903513  5785825    86077    86695 5744367  5908941
          524288     512   87142   82969  5840019  5964329 5857442   60075 3700590  6996667  5731163    88914    87547 5664362  5732373
          524288    1024   87366   83740  5642473  5771247 5759065   62510 5026490  6400141  5912325    85214    83869 5558495  5765785
          524288    2048   85905   84181  4938852  5091359 4999123   84599 4876328  3725675  4873918    88342    84046 5108521  5196010
          524288    4096   86528   80251  4046116  4099712 4016761   86858 4046652  2781430  4231610    85957    87879 4049216  4205036
          524288    8192   87576   82890  4142247  4086038 4019257   86315 4108482  2818585  3917273    89850    88539 4132835  4111708
          524288   16384   86926   82578  4164889  4104816 4199175   83186 4009510  2857559  4102894    90993    89772 4139923  4168860

iozone test complete.
