	Iozone: Performance Test of File I/O
	        Version $Revision: 3.420 $
		Compiled for 64 bit mode.
		Build: linux-AMD64 

	Contributors:William Norcott, Don Capps, Isom Crawford, Kirby Collins
	             Al Slater, Scott Rhine, Mike Wisner, Ken Goss
	             Steve Landherr, Brad Smith, Mark Kelly, Dr. Alain CYR,
	             Randy Dunlap, Mark Montague, Dan Million, Gavin Brebner,
	             Jean-Marc Zucconi, Jeff Blomberg, Benny Halevy, Dave Boone,
	             Erik Habbinga, Kris Strecker, Walter Wong, Joshua Root,
	             Fabrice Bacchella, Zhenghua Xue, Qin Li, Darren Sawyer,
	             Vangel Bojaxhi, Ben England, Vikentsi Lapa.

	Run began: Sat Oct  5 22:26:20 2013

	Auto Mode
	Command line used: iozone -a
	Output is in Kbytes/sec
	Time Resolution = 0.000001 seconds.
	Processor cache size set to 1024 Kbytes.
	Processor cache line size set to 32 bytes.
	File stride size set to 17 * record size.
                                                            random  random    bkwd   record   stride                                   
              KB  reclen   write rewrite    read    reread    read   write    read  rewrite     read   fwrite frewrite   fread  freread
              64       4  450541 1163036  4564786 12902017 9006179 4274062 2662899  4897948  4207076  3363612  2203800 3588436 12310336
              64       8  598110 1310683  4274062 1597288512902017 4897948 4897948  4988978  5389653  3541098  2662899 3791156 12902017
              64      16  592827 1392258  6271021 2096219115972885 5735102 3165299  5860307  4207076  2923952  2892445 4897948 20962191
              64      32  688639 1599680  7100397 1290201715972885 5735102 2772930  5389653  4018152  3363612  4897948 4897948 12902017
              64      64  720041 1599680 10821524 1290201715972885 6421025 2892445  4564786  3406295  4897948  4018152 3363612 12902017
             128       4  695603 1885042  3867787 1147020410567140 4557257 3359523  5325799  3445772  4012317  1975201 3445772 10779307
             128       8  809997 1939522  4557257 1420079412842051 5325799 3277486  6330599  6114306  4012317  2132084 6114306 18012359
             128      16  962469 2367096  4407601 1420079414200794 5847904 3657016  6406138  4759253  4759253  2367096 3657016 10567140
             128      32  914904 2132084  4759253 1636517316365173 6045455 3445772  6727225  4135958  5122535  3124872 6406138 18012359
             128      64  836500 2202044  6406138 1801235915881078 6406138 3759450  6727225  4012317  3560017  4267461 5847904 11720614
             128     128 1114289 2409592 14200794 1863766414200794 6114306 5325799  6406138  5122535  5325799  2621367 4267461 16365173
             256       4  904732 2350543  5971678 1345445010245071 4734192 4054829  5938650  4496299  4422226  3326279 4929815 12090911
             256       8 1094754 2775920  5841722 1495343513454450 5687020 4652146  7120034  4672389  5117791  3236056 6249745 15164624
             256      16 1058076 2726577  5347168 1495343513454450 5971678 5428265  7314033  5569035  5347168  3950402 6073004 14953435
             256      32 1062263 2849590  5938650 1607260814353744 6554972 5347168  7518900  5142301  5687020  3123106 6761355 14953435
             256      64 1084800 3499745  6554972 1607260814353744 6761355 6398720  7791708  6249745  5810112  3557725 6213578 15164624
             256     128 1147398 3326279  8815202 1607260813454450 6554972 4652146  7120034  5810112  4197489  3879045 6249745 15164624
             256     256 1184092 4117018 12812277 1345445012812277 6249745 5540300  6249745  5971678  6249745  3994490 5841722 13454450
             512       4  975328 2991733  6035551 1279744110044089 4571003 5439343  5807059  5807059  4340054  3710197 5278892 11877300
             512       8 1216149 3158966  6652558 1462806712797441 5566231 6174377  7410080  7211022  5227492  4296637 6319739 14628067
             512      16 1289930 3325278  5951911 1424006913109944 6018636 4973263  7758090  6652558  5439343  4532414 6551087 14240069
             512      32 1279935 3604335  6999490 1503780113783088 6319739 4784885  7758090  7513788  3788747  4485083 6491676 14628067
             512      64 1286067 3504346  6652558 1547114914240069 6736026 6174377  8018812 12797441  5807059  3970896 6757222 14628067
             512     128 1239310 3504346  6931711 1462806713438092 6491676 6228097  7540170  9145790  5886650  5331314 6319739 13783088
             512     256 1219602 3934520  8234036 1310994412797441 6319739 5886650  6736026  7513788  4532414  6931711 6174377 13109944
             512     512 1340664 4262523 12797441 1310994413109944 5067142 5807059  6018636  6086873  6018636  4838792 6246213 13522711
            1024       4  271974 3029305  5991815 12173747 9855234 4392454 5444898  5885083  6974549  4265934  3696803 5885083 11368190
            1024       8 1291406 3631168  6569179 1442204512639479 5472650 6208343  7755368  8061038  5144870  4410497 6441107 13863422
            1024      16 1363133 3937426  6744549 1399898113305116 6025439 6208343  7883484  7826025  5472650  4493556 6650556 13818817
            1024      32 1400926 4099011  6874084 1442204514044758 6441107 5690162  8061038  8474583  5536137  4531485 5789881 14044758
            1024      64 1402756 4215688  6963241 1482016114422045 6609617 6441107  8326715  9569770  5720477  4570058 6599461 14230902
            1024     128 1387798 4356809  6559147 1347205313818817 6692005 5950309  8061038 10557785  5720477  4715569 6059442  8183918
            1024     256 1335165 4195100  6963241 1282823812944224 6244448 5983467  6963241  9381637  5564829  5151040 6025439 12348754
            1024     512 1505523 4415030  8246774 1310217413142265 6093831 5991815  6650556  8326715  4550690  6692005 6059442 12492426
            1024    1024 1352828 4339202 12492426 1347205313305116 6093831 5991815  6208343  6128613  6163794  5042191 6093831 12492426
            2048       4 1130283 3219850  5937172 10726615 6759439 3751381 5489457  5735012  7393606  3857514  3657149 5769681 10131961
            2048       8 1368084 3931669  6479029 1263586712729493 4850862 6220958  7636816  8830061  5032754  4330028 6440169 12050878
            2048      16 1441069 4188565  6440169 1256195213219235 5640860 6207471  7636816  8678404  4666399  4511980 5489457  9898453
            2048      32 1465907 4221501  6696208 1305846713926483 6243566 6523312  5238385  9308497  5433896  4441984 6440169 12654482
            2048      64 1454489 4259178  6359119 1303864614417342 6321679 6207471  8531869  9990553  5416763  4481379 6340344 12488897
            2048     128 1419165 4063729  6459541 1211888413836752 6523312 6092991  8229438 14613561  5209791  4423683  827801 10084382
            2048     256 1527152 4312636  6340344 1112965912805399 5293261 5659442  7444871 10555264  4945823  4403275 5884299 10834854
            2048     512 1475476 3819776  6280083 1118764112187663 5986827 5611381  6967792 10240672  5159722  4853603 5937172 10607402
            2048    1024 1459928 4104506  7874853 10959265 7013303 5306340 5816563  6459541  6780783  4276140  5629769 5689430  9062970
            2048    2048 1220541 3530875  6990474  7940367 7733066 4293237 5104531  4303993  5332694  3743207  3493539 5319484  6759439
            4096       4 1112195 3332786  5769304  6897314 6471234 3178040 5312585  5409609  6105563  3618486  3421735 5603704  6628532
            4096       8 1370354 3810292  6300364  7489679 8902382 3740604 5679660  7701194  7314299  4329816  3935097 5589120  7225093
            4096      16 1456068 4015108  6321227  6964419 9267351 4376138 6158088  7802627  7489679  4526013  4200656 6252213  7499487
            4096      32 1180762 4171080  6370451  7728911 9846293 4442909 6291135  7364466  7683972  4320017  4183268 6398924  7656576
            4096      64 1464883 3693161  6401308  7848969 9751284 4669958 6234064  7585581  8047509  4481152  3973321 6358661  7715028
            4096     128 1507031 4079948  5625724  6897314 9287391 5007531 5944991  7701194  7599002  4003879  3872125 5944991  6500617
            4096     256 1436107 4132949  5910222  6370451 8276241 4911613 5704175  7364466 13340420  4196552  3813675 5728903  6769576
            4096     512 1498749 4043458  5894001  6930704 8569343 4307020 5728903  5728903 11570449  4034911  3785942 5761565  6542703
            4096    1024 1488877 3871253  6595451  6522830 6975730 4462528 5603704  6311938 10136778  3618486  3886139 5603704  6160296
            4096    2048 1360371 2974454  5704175  5374073 5263753 3402085 4501111  3747131  5319164  3020473  3703511 4941279  5244471
            4096    4096 1169668 2654571  4638436  4666153 4576653 2846797 4562069  3047261  4376138  3061379  3052133 4623457  4526013
            8192       4 1096186 2944832  5461029  5748846 4751854 2586588 4782278  5838720  5041185  2941303  3112631 5439416  5708730
            8192       8 1329463 3338228  6091282  6470997 5681356 3091348 5897851  7721626  6077276  3593060  3503662 5944791  6385612
            8192      16 1414632 3291223  6196743  6527546 6196743 3427471 5843686  7307775  6085887  3511181  3658870 5871647  6450345
            8192      32 1399650 3762644  6036702  6558696 6296676 3932757 6238371  8350269  6404656  3853368  3764705 6292063  6140266
            8192      64 1439705 3820802  6360787  5911041 6708520 3683582 6145757  3025209  3864202  3496175  3619936 6305921  5936574
            8192     128 1475249 3835303  5007390  5772993 5992483 4295608 5948908  7669917  6032463  3749096  3723903 5802240  5830794
            8192     256 1455316 3893540  5681356  5992483 5765244 4049561 5542961  7447157  6099933  3618412  3771317 5645881  5414558
            8192     512  748744 3752371  5704938  5923270 5842692 3849914 5797345  6797439 12378293  3481651  3605502 5825851  5550123
            8192    1024 1457909 3627963  6192276  6114043 5834754 4156350 5676663  6983962 11427322  3387931  3390605 5688881  5798323
            8192    2048 1348720 3001950  5354648  5588034 4995741 3267748 4754484  4027724  6365501  2897647  2860259 4743326  5004472
            8192    4096 1289644 2685024  4404075  4175543 4304757 2826843 4367131  2837582  4316113  2271747  3371310 4284894  4332439
            8192    8192 1081896 2588342  4439927  4194403 4229512 2842512 4196452  2965931  4273702  2920552  2892768 4199016  4284894
           16384       4 1097530 2831713  5722900  5678917 4803271 2484272 5036310  5964297  5123041  2816048  2818936 5520166  5590219
           16384       8 1328251 3208221  5161907  5317690 5352482 2726118 5828720  7108073  5756940  3191236  2833581 6179917  6215691
           16384      16 1383776 3497208  6262707  6243929 5878581 3266320 5966368  7423670  6088478  3633681  1972554 6032360  5986118
           16384      32 1360571 3581974  4313892  6333122 6187150 3714404 6136321  8192783  6303494  3699208  3534806 6298872  6198870
           16384      64 1435159 3603386  5221128  6323215 5953446 3998152 4981547  7151718  5663005  3204331  3746603 6196634  6374834
           16384     128 1458182 3657079  5921129  6012304 6030242 3690071 5716711  7957506  5843092  3163471  3635988 5992904  5769022
           16384     256 1451958 3646600  5677040  5653687 5801655 3778742 5438041  7343546  5752602  3551796  3667032 5665340  5722423
           16384     512 1452081 3762192  5813926  5904340 5870546 4096100 5699169  7304517  5826249  3612098  3589833 5755011  5834658
           16384    1024 1421121 3619137  5430306  6014409 5866036 4020609 5609384  6846065 11924656  3059119  3212570 5421738  5595681
           16384    2048 1308423 2989258  5033359  5263115 5155324 2962709 4962122  4088788  6720201  2402627  2493738 4874480  5118462
           16384    4096 1257221 2642161  4299318  4273119 4244614 2677576 4196659  2957481  4252493  2548865  2580935 4352969  4227120
           16384    8192 1260311 2631538  4226860  4235718 4303626 2889581 4266486  2858808  4303626  2331227  2759729 4127096  4180829
           16384   16384 1100994 2661090  4208481  4317145 4239115 2636586 4230503  2721692  4100010  2906570  2927246 4206420  4207708
           32768      64 1293947 3646968  6295354  6371526 6111166 3601290 6139558  8562211  6174310  3404414  3653949 6235659  6229441
           32768     128 1386482 3668971  5811911  6052498 5940530 3637990 5963212  8136909  5783298  3267003  3631646 6211984  6152475
           32768     256 1487630 3876892  5953396  5985025 5796469 3939003 5867239  7802024  5929765  3425457  3701281 5896692  5928742
           32768     512 1490405 3746583  5725715  6070409 5873508 3860991 5909368  7297848  5890374  3354312  3588221 5965541  6005948
           32768    1024 1477571 3492215  6078194  5986067 6087347 3743624 5729773  7051476  5909368  3084093  3254625 5939503  6041324
           32768    2048 1340582 3019587  5227842  5416354 5148913 3055841 5153933  4310349  7124952  2257360  2383494 5049782  5290222
           32768    4096 1290630 2634908  4438267  4102679 4430541 2700027 4323501  2997198  4384884  2190513  2344582 4221641  4360399
           32768    8192 1222638 2649844  4377203  4385443 4329221 2749009 4309808  2973530  4326904  2465812  2571653 4380132  4281079
           32768   16384 1291806 2702097  4362060  4341255 4419712 2697642 4377760  2905513  4379574  2480901  3475261 4353355  4393715
           65536      64 1217346 3632212  6279219  6303988 5982264 3498251 6132956  8318842  5977451  3237445  3520789 6217296  6264765
           65536     128 1404603 3612213  5826547  6005922 5884548 3562726 5986042  8035296  5857089  3327706  3544396 4066794  5873985
           65536     256 1251978 3056582  5668777  5658508 5167285 3519076 5625503  7084152  5608058  2826659  2730327 5340254  5576543
           65536     512 1045366 3394065  5691901  5802808 5917485 3910748 5624467  7438822  4826924  3321795  3639089 5704185  6004741
           65536    1024 1436280 3716032  5939478  6044088 5952984 3800708 5852973  7118827  5870849  3012895  3251922 5883541  6040634
           65536    2048 1331225 2936704  5209888  5261847 5320306 3117207 5184829  4346802  5302653  2150275  2351498 5229911  5190997
           65536    4096 1287539 2466626  4342682  4367661 4351619 2692510 4335558  3022602  4360040  2122219  2220575 4351619  4378444
           65536    8192 1272271 2628277  4309930  4021104 4337268 2678213 4288748  2994416  4314395  2237949  2357326 4311011  4335558
           65536   16384 1282027 2666470  4317851  4268899 4360040 2743133 3538100  3015506  4344466  2499371  2644485 4352515  4351619
          131072      64 1194005 3068436  6180656  6388735 5998701 2990325 5939979  7677960  5992162  2786680  3041680 6186429  6296393
          131072     128 1296946 3088848  5899376  6087308 5799613 3044645 5941648  7460810  6014386  2969601  3119132 6153881  6232295
          131072     256 1322463 3270666  5813289  5947755 5826720 3126031 5730932  7568973  5764403  2950080  3160264 5866827  5926851
          131072     512 1364267 3141644  5851653  6019061 5879250 3235231 5920086  7235170  5908379  1929436  3090220 5887183  5973866
          131072    1024 1330394 3087461  5749753  5908379 5835255 3187548 5682183  6978562  5809664  2435340  2626329 5759149  5856889
          131072    2048 1195137 2515483  4998561  5046093 5032144 2503660 4987315  4167380  5072680  1858075  1972906 4907929  5276433
          131072    4096 1175197 2294638  4082613  4233586 4218610 2267410 4217251  2917113  4236457  1795802  1872294 4182535  4258477
          131072    8192 1120638 2274963  4287905  4334389 4249786 2376687 4253798  2992229  4265978  1906803  2036420 4262075  4305771
          131072   16384 1193127 2413890  4268628  4081189 4179864 2341151 4269722  3048325  4309315  2073167  2196573 3557097  3678900
          262144      64  164365  161492  5986805  6275292 5950774  118929 5729045  7890185  6140951   161007   159155 5949712  6178392
          262144     128  164795  159296  5761135  6005575 5783013  125539 5520806  8031154  5901491   168098   165890 5722307  5930041
          262144     256  156605  141598  5318515  5619765 5499955  135843 5372701  7271911  5593605   163857   155953 5461110  5670426
          262144     512  165211  134850  5470103  5778424 5699142  152800 5645880  7260003  5902283   164635   161441 5520334  5816789
          262144    1024  161171  136854  5487274  5867009 5733437  165657 5589539  7121336  5886105   163726   161106 5478798  5749777
          262144    2048  160670  159548  4860475  5027791 5098574  156970 4968425  4192755  5115796   172189   158575 4853695  4981752
          262144    4096  160405  164365  4009541  4091970 4004211  174471 4198936  2941571  4341506   165920   173511 4049620  4031239
          262144    8192  163322  138452  4005932  3942077 3975257  180859 4134562  2889590  4317621   186505   176604 4091346  4172991
          262144   16384  160666  155478  4081974  4205070 4072826  173987 4212965  2963820  4266885   205888   201368 4088014  4208160
          524288      64   66634   87419  6159180  6313683 5853575   36139 5795798  8358927  5932214    87079    90641 6043733  6194400
          524288     128   91300   86015  5886638  6006966 5724911   48301 5764833  8239998  5958430    92511    86885 5754062  6004014
          524288     256   91664   86366  5450820  5709393 5241150   54383 5538462  7686828  5754574    88939    69563 5589238  5754318
          524288     512   90787   87453  5671710  5791966 5687097   62311 5524575  7139389  5711009    92810    87791 5655214  5751489
          524288    1024   91549   86890  5646008  5800231 5772565   79754 5580501  6826491  5786327    92505    90481 5524506  5763745
          524288    2048   90971   88443  4925434  5067296 5026973   89868 4863795  2997317  4951441    88323    91701 4882727  4956206
          524288    4096   87830   86726  4245654  4182188 4213884   91098 4085468  2656342  4189040    93135    89899 4090438  4151263
          524288    8192   91662   85892  4110648  4146410 4136621   93464 4054502  2849391  4169983    93363    91836 4026911  4157416
          524288   16384   91970   86350  4050625  4111255 4083238   92961 4060093  2814426  4048619    96256    94255 3431090  4021168

iozone test complete.
