	Iozone: Performance Test of File I/O
	        Version $Revision: 3.420 $
		Compiled for 64 bit mode.
		Build: linux-AMD64 

	Contributors:William Norcott, Don Capps, Isom Crawford, Kirby Collins
	             Al Slater, Scott Rhine, Mike Wisner, Ken Goss
	             Steve Landherr, Brad Smith, Mark Kelly, Dr. Alain CYR,
	             Randy Dunlap, Mark Montague, Dan Million, Gavin Brebner,
	             Jean-Marc Zucconi, Jeff Blomberg, Benny Halevy, Dave Boone,
	             Erik Habbinga, Kris Strecker, Walter Wong, Joshua Root,
	             Fabrice Bacchella, Zhenghua Xue, Qin Li, Darren Sawyer,
	             Vangel Bojaxhi, Ben England, Vikentsi Lapa.

	Run began: Sat Oct  5 22:26:19 2013

	Auto Mode
	Command line used: iozone -a
	Output is in Kbytes/sec
	Time Resolution = 0.000001 seconds.
	Processor cache size set to 1024 Kbytes.
	Processor cache line size set to 32 bytes.
	File stride size set to 17 * record size.
                                                            random  random    bkwd   record   stride                                   
              KB  reclen   write rewrite    read    reread    read   write    read  rewrite     read   fwrite frewrite   fread  freread
              64       4  561808 1330167  5389653 1597288510402178 4207076 2537060  4897948  3738358  3791156  2772930 4564786 15972885
              64       8  640954 2892445  5860307 1597288510402178 3541098 4988978  4274062 10821524  3406295  3738358 5735102 12902017
              64      16  647135 1460430  6271021 1597288510821524 4988978 5283570  5860307  4274062  3363612  3363612 3406295 12902017
              64      32  647135 1599680  7100397 1290201710821524 5283570 5389653  6421025  4018152  3203069  2379626 5283570 12902017
              64      64  703068 1638743 10402178 1290201715972885 5735102 4897948  4897948  5735102  4643754  3588436 3791156 12902017
             128       4  780556 2248149  3657016 11470204 9977956 4557257 3053774  5545860  3759450  4104338  1939522 3560017 12842051
             128       8  859260 1967960  5545860 1801235912542043 5325799 3468030  6727225  6727225  3982553  2035099 4407601 12842051
             128      16  836500 1911894  4135958 1588107814200794 5847904 3468030  6727225  1997245  5122535  2784517 4267461 12842051
             128      32  864797 2132084  4267461 1588107815881078 6114306 3759450  6727225  4444086  4596273  2409592 3895854 16365173
             128      64 1152564 2784517  7476717 1420079415881078 6406138 3867787  6727225  7082197  3297617  3036502 4407601 11470204
             128     128  992724 3759450 12842051 1801235915881078 6406138 4135958  6406138  6114306  5122535  2985839 5784891 12842051
             256       4  930608 2330140  5540300 1345445010245071 1775350 5117791  5810112  2754556  4422226  2672291 5455847 10651598
             256       8 1040643 2812272  5810112 1583556913454450 5569035 6073004  7314033  4422226  5022044  3207059 6249745 12228612
             256      16 1122215 2812272  5938650 1516462414164395 6107548 6249745  7314033  5938650  5022044  3823789 5810112 10651598
             256      32 1099237 2943325  5320671 1583556914353744 6398720 5242734  7314033 12812277  3368013  3197509 4907284 14164395
             256      64 1099237 2812272  7120034 1709624915164624 6398720 4496299  7571923  9114515  5455847  3654598 4572895 14953435
             256     128 1224606 3275543  8271916 1516462414164395 6554972 5569035  7120034  6107548  4197489  6891544 6107548 14953435
             256     256 1208072 3326279 12812277 1435374413625180 6073004 5971678  6073004  3557725  6073004  4755158 6213578 14164395
             512       4  992456 2575520  6018636 1279744110235583 4375425 4620174  4494470  5951911  4271001  3550700 5807059 11877300
             512       8 1221684 3158966  6571132 1462806712797441 5509113 6174377  7647578  6395018  5127637  4262523 6472112 14240069
             512      16 1264113 3122224  6491676 1462806713438092 6018636 5886650  7620440  6472112  5278892  2244430 6736026 14146265
             512      32 1319250 3604335  7022379 1503780114146265 2979282 6035551  7988981  7513788  5639315  4195896 6736026 14628067
             512      64 1293037 3610395  6571132 1547114914240069 6652558 6472112  7988981  7758090  5822804  4927617 6736026 14628067
             512     128 1391933 4228947  6909408 1378308812797441 6174377 2141475   226055 10911694  4340054  1322500 5886650 13438092
             512     256 1421416 4163357  8140399 1319046913109944 6104175 5951911  6491676  7758090  4447925  6736026 6086873 13109944
             512     512 1309596 4375425 12797441 1310994413109944 6086873 6018636  6086873  2860238  6086873  4882800 6174377 13109944
            1024       4  974400 3077052  6128613 1263947910039528 4374559 5390231  5917516  7883484  3999762  3709575 5950309 11903823
            1024       8 1352402 3606774  3984917 1461839312944224 5144870 6244448  7306780  9855234  5096034  4270175 6529233 14230902
            1024      16 1376236 3999762  4114719 1461839313472053 5782087 6489770  7755368  8988941  5226256  4512441 6559147 14230902
            1024      32 1446211 4178773  3937426 1508034113998981 6208343 5950309  7537599  8246774  5096034  4396951 6787181  9655828
            1024      64 1441842 4199201  7054742 1529515714871477 6692005 6609617  8391792 15743686  5758828  1283303 6137371 14422045
            1024     128 1422266 4099011  3970183 1423090213863422 6441107 6208343  7811791  9569770  5593820  4614246 6355328 13998981
            1024     256 1396825 4232305  6918376 1294422412944224 6280976 5720477  6918376  9569770  5690162  5194651 4060261 12492426
            1024     512 1532928 4215688  8137402 1330511613102174 5950309 4048778  6529233  8391792  4410497  6650556 6059442 12983353
            1024    1024 1370965 4304412 12790037 1347205313472053 5991815 6025439  6128613  6199382  6093831  3447541 6208343 12639479
            2048       4 1093450 2864451  6075753 1124623010084382 3407614 4257067  3573472  1396100  1849761  3048448 5800851  7343043
            2048       8 1318727 3864455  6629029 1263586712959958 4889518 2745435  1381950  4014352  4079167  3441748 6440169 12882215
            2048      16 1493692 4284671  6225466 12488897 9441504 5389574 5991003  5549749  8221561  4562305  4385291 6479029 12786337
            2048      32 1504681 4257067  6583305 1295995814109484 6114678 5769681  8159088 10555264  4221501  4412322 5222461 12635867
            2048      64 1529599 4441984  6483920 1313835914738933 6243566 6114678  6062888  8713618  5172149  4451191 6382745 13058467
            2048     128 1445434 4172290  6359119 1272949314017386 6416117 6189580  8128206 10726615  4971585  3630870 6041567  7882079
            2048     256 1522820 3637020  6359119 1130543512805399 6058611 5953632  7311791 12187663  4864597  4460436 5920802 11072275
            2048     512 1449336 4257067  6873016 1156417412345306 5611381 4820915  6945257 10192069  4180412  4751580 5937172 10780463
            2048    1024 1386635 4170264  7940367 1177016611129659 4086930  641384   548323  7999524  4086930  3127245 5704543  9898453
            2048    2048 1228571 3644736  5644567  7853254 7477273 4365235 5362657  3749743  4569586  4356379  4130162 5461535  7165410
            4096       4 1096087 3300136  5826043  6872481 7476641 3014114 5353976  5944991  6213770  3371374  3214912 5649775  6605595
            4096       8 1366756 3706707  5759634  7434579 9042961 3456849 5689064  7656576  7421732  4235870  3879120 6236327  6615769
            4096      16 1425619 3942321  6398924  7784948 7612471 4204769 6114255  7460407  7473388  4428023  3973321 5818150  7555557
            4096      32 1465508 4125010  5397712  7612471 9943171 4735608 6234064  8047509  6500617  4520059  3627654 5620203  7615846
            4096      64 1506371 4187346  4995882  6349261 9227530 4476482 6291135  8552280  7434579  4128976  4095510 5611025  7572208
            4096     128  748388 3268741  5424983  5642353 6682678 2675239 5769304  7845385  6207035  3768502   865231 6032669  7314299
            4096     256 1510343 4162994  5953231  6861502 8276241 4240052 5190597  7314299 13207098  3878244  4023571 5327412  6490793
            4096     512 1507428 4068354  6103394  5826043 8017464 4447510 4681411  6801738 11633127  3781775  4003879 5360658  6361016
            4096    1024 1429653 3923414  6572741  7173805 6575257 4307020 5184332  6690486  9482180  3148338  3558525 5603704  5833956
            4096    2048 1339372 3082251  5802430  6370451 5019235 3589754 4723889  4344048  6243125  2797657  4175134 4701910  5461198
            4096    4096 1180113 2563468  4257917  4128976 4618485 2938334 4015108  2970339  4352854  2789933  2712408 3194587  3828122
            8192       4 1064170 2058356  5673850  5421393 4813093 2523703 4638315  3156959  5075439  3045588  2989933 5592582  5634770
            8192       8 1148471 3235439  6345516  6108608 5859631 3021750 5935548  7663074  6077276  3497955  3452266 5704938  6334986
            8192      16 1429939 3054523  6374949  6081578 6440672 3339851 5996667  7074554  5665431  3407417  3549264 6340832  5936574
            8192      32 1411204 3749096  6404656  5821902 6605348 3923775 6224809  8299843  6450345  3406404  3614985 5760412  3710232
            8192      64 1449912 3715447  6258825  5864631 6225937 4069706 5728718  7128863  5814021  3413171  3639492 1978699  3262163
            8192     128 1430415 3705031  5997714  5561803 5793435 4156350 5056765  7656244  5677601  3575487  3624901 5893805  5527801
            8192     256 1484875 3735239  5454094  5838720 5572627 3929159 5313247  7379976  5424817  3289963  3586684 5569014  5406890
            8192     512 1502866 3768008  5486317  5996667 5569014 4001923 5396699  7187018 12320592  3589681  3538663 5316535  4774304
            8192    1024 1457106 3483062  6118398  6186701 6077276 3578839 5323125  6793408 11203754  3230572  3301977 5181053  5764277
            8192    2048 1347398 2988633  5221205  5241116 5278151 3123099 4917099  3783776  6224809  2758310  2738961 5101058  5228355
            8192    4096 1294161 2525373  4092001  4205183 4295608 2592443 3436040  2439489  2872454  2137756  3284616 4233681  4152331
            8192    8192 1137935 2596361  4130865  4126896 4264684 2781533 4228992  2874376  4201070  2758310  2710869 4371576  4266273
           16384       4 1047029 2757735  5466592  5467027 4477770 2463434 2128934  5484918  4792218  2572047  2867396 5609384  5568926
           16384       8 1323850 3233430  5994996  6217941 4926195 2808796 5448389  7301412  5722423  3040307  3147677 4811679  4010987
           16384      16 1365546 3378238  6122653  6127020 5787485 3152008 5953446  6168821  6034479  3280039  3280822 6191610  6058953
           16384      32 1433184 3505415  6320888  6304073 5834658 3590583 6043501  7660346  5912468  3525014  3507741 6150051  6065906
           16384      64 1465333 3685124  5959642  6161631 6097662 3827145 5994996  8636565  6248471  3608684  3501664 5801655  3720236
           16384     128 1168126 3678417  6027598  5870546 5929815 4068454 5889161  8453822  5948808  3331400  3596220 5808029  6050418
           16384     256 1444693 3699208  5509102  5377192 5494566 3832695 5586129  7148742  5752602  2286396  3512043 5616719  5460945
           16384     512 1468622 3690863  5775325  5845080 5855539 4053336 5665340  6878271  5649504  3500772  3480735 5557667  5716711
           16384    1024 1467179 3000089  5141054  5538853 5793828 3996060 5680795  6840613 11465082  3009549  3187536 5665340  5683144
           16384    2048 1292720 2429125  5084755  5313989 5134524 2975151 4929022  3943999  6679702  2460787  2428009 5041113  5163459
           16384    4096 1249086 2624803  4173212  4320673 4208739 2775108 4196915  2915325  4254336  2483195  2376208 4203076  4316331
           16384    8192 1259433 2615114  4210544  4204104 4270994 2783088 2895669  1398789  4153035  2376865  2308206 4103192  4196659
           16384   16384  779116 2608860  4230243  4242517 4173212 2636687 4218298  2838614  4159319  2870271  2779823 4276576  4224002
           32768      64 1279051 3594603  6113613  6081691 6067193 3403065 6126148  7290106  5906321  3380965  3559782 6213107  6214512
           32768     128 1446957 3082571  5943870  5995991 5851502 3719008 4952789  7634731  3732947  2947069  3377060 5748706  5906321
           32768     256 1434303 3722836  3928083  4416872 5381362 1259534 5429621  7018348  5709540  3302883  3491150 5662493  5643659
           32768     512 1430168 3606866  5713575  5798670 5733597 3695906 5650620  7179666  5764861  3263125  2539953 5614839  5699832
           32768    1024 1066974 3596202  5816092  5820279 5849510 3695111 5821265  6787173  6014621  2977846  3269335 5918020  5859735
           32768    2048 1243197 3010657  5237803  5472209 5246200 3156482 5039783  4287356  7126430  2244971  2343782 5284323  5051267
           32768    4096 1314616 2702734  4338925  4441278 4356944 2703426 4422699  3043930  4436547  2233842  2356400 4172680  4422130
           32768    8192 1287595 2637487  4394277  4393715 4282280 2705821 4187555  2987036  4385443  2464839  2306959 4366079  4389505
           32768   16384 1317578 2692515  4338377  4239090 4412617 2687041 4380691  2902139  4315627  2424745  3459428 3415836  3646581
           65536      64 1245460 3590790  6513261  6464398 6268480 3441445 6228990  8698721  6214906  3323642  3584936 6272628  6526871
           65536     128 1397988 3576121  3855727  6334934 5929740 3667199 6129947  8010942  5951309  3367206  3529287 6250520  6026199
           65536     256 1479239 3738472  5849859  5895149 5781814 3711165 5668192  7687429  5773071  1942149  3566794 5721163  5829513
           65536     512 1471361 3732988  5925522  5979011 5840537 3868261 5529985  4947245  5895655  3230444  2612565 5879891  5917995
           65536    1024 1481974 1873322  5902999  5973034 6003692 3789547 5831615  7060678  5927055  2982040  3014249 5947446  5916976
           65536    2048 1254778 2906245  5358159  5332485 5310951 3025663 5198753  4352239  4853429  2162625  2232913 5244579  5303983
           65536    4096 1241209 2487609  4347352  4373985 3356721 1812738 4327231  3003053  4101136  2093991  2154725 3515296  3777725
           65536    8192 1120296 2640243  4233267  4248709 4269960 2661049 4163378  2910368  4073604  2158973  1980048 3903750  4215608
           65536   16384 1243972 2568716  4207477  4227862 4240123 2662002 4189202  2916730  4219166  2411108  2538893 4168429  4237704
          131072      64 1056037 2945512  6166651  6243549 6005581 2959737 3868936  7891669  6059464  2756458  2811679 6411908  6275335
          131072     128 1323718 2725276  6132874  6218408 5615781 3053082 6151265  8707926  6046002  2936654  2173413 5307865  5276230
          131072     256 1159886 3133140  5703760  5788621 5830119 3152508 5754809  7271343  5789413  1439306  2805122 5753303  5906030
          131072     512 1258916 2298504  5712235  5795272 5639226 3026726 5557422  7073106  5538386  2689649  2860960 5704707  5767245
          131072    1024 1291704 2924469  5733443  5793501 5767971 2740833 5697789  7003989  5592757  2585105  2588611 5873158  5828821
          131072    2048 1209834 2599800  5290701  5387290 5238273 2422506 5120637  4285899  5327669  1872134  1943130 5304843  5258013
          131072    4096 1169138 2167876  4151393  4227596 4226491 2212637 4181580  2793761  4205636  1784627  1835359 4168422  4260424
          131072    8192 1148656 2209169  3366604  4147166 4155598 2238630 4211984  2987936  2913496  1834379  1897864 4161922  4190409
          131072   16384 1142896 2197012  3745879  4079675 4145227 2199227 4160756  2859472  4187218  1946018  1798040 3943196  4087318
          262144      64  164592  168405  5988044  6216924 5847134  114429 5635463  8194009  6137455   169066   177746 5996928  6305775
          262144     128  168492  146511  5775995  6070564 5823875  116077 5654039  7727160  5950002   175932   174220 5728568  6025057
          262144     256  163505  148559  5420564  5722307 5601956  135222 5400224  6960088  5774994   165533   156841 5543798  5643330
          262144     512  163459  152263  5491083  5740082 5784412  141478 5385280  7217209  5841760   172904   170751 5436645  5596082
          262144    1024  166887  150130  5146037  5655755 5113512  145414 5633384  7203922  5957836   164326   155241 5421473  5771023
          262144    2048  172619  144871  4749411  4169146 3965636  168976 3702024  3970562  5020192   171188   165183 4760289  4106918
          262144    4096  165135  151843  3905308  4149494 4140322  172579 4120925  2144606  3666507   184088   172739 4043425  4167424
          262144    8192  173143  163969  4064245  3990811 3983524  170426 4106074  2957132  4287534   156637   187699 4050754  4125192
          262144   16384  138571  144577  4055445  4167882 4170554  164569 4139076  2885298  4267912   190898   186970 4026057  4001835
          524288      64   78942   83178  6320452  6481100 6077910   31314 5962502  7965114  5423877    88075    88872 6261209  6450795
          524288     128   88370   83548  5913120  6046658 5749534   33885 5784348  8127348  5961806    89002    88991 4954710  6023734
          524288     256   87695   84426  5109019  5479260 5518932   55779 5387428  7350492  3833556    88602    88815 5592166  5606566
          524288     512   88482   85648  5586086  5791310 5732313   64121 5409321  7077691  5716740    90525    87725 4708468  5802404
          524288    1024   88926   82666  5748767  5593603 5236333   61985 4614921  6908241  5777980    88897    84810 5602267  5782113
          524288    2048   90107   85581  4929597  4897549 4962458   67519 4919429  3803710  5026835    89589    81518 4885504  3956089
          524288    4096   88433   83570  4030410  4072711 4093446   87345 4002956  2876499  4002256    90855    88347 4037706  4030964
          524288    8192   89562   84512  4015440  4075935 4176826   84490 2989201  2750970  4010556    91225    90725 3964877  3826139
          524288   16384   88241   83857  3581250  3972749 3966801   89045 4019749  2812554  4119426    93840    89275 4033914  4151138

iozone test complete.
