	Iozone: Performance Test of File I/O
	        Version $Revision: 3.420 $
		Compiled for 64 bit mode.
		Build: linux-AMD64 

	Contributors:William Norcott, Don Capps, Isom Crawford, Kirby Collins
	             Al Slater, Scott Rhine, Mike Wisner, Ken Goss
	             Steve Landherr, Brad Smith, Mark Kelly, Dr. Alain CYR,
	             Randy Dunlap, Mark Montague, Dan Million, Gavin Brebner,
	             Jean-Marc Zucconi, Jeff Blomberg, Benny Halevy, Dave Boone,
	             Erik Habbinga, Kris Strecker, Walter Wong, Joshua Root,
	             Fabrice Bacchella, Zhenghua Xue, Qin Li, Darren Sawyer,
	             Vangel Bojaxhi, Ben England, Vikentsi Lapa.

	Run began: Sat Oct  5 22:26:20 2013

	Auto Mode
	Command line used: iozone -a
	Output is in Kbytes/sec
	Time Resolution = 0.000001 seconds.
	Processor cache size set to 1024 Kbytes.
	Processor cache line size set to 32 bytes.
	File stride size set to 17 * record size.
                                                            random  random    bkwd   record   stride                                   
              KB  reclen   write rewrite    read    reread    read   write    read  rewrite     read   fwrite frewrite   fread  freread
              64       4  423529 1232453  4564786 1290201710821524 4018152 2561267  4564786  4564786  3541098  2772930 4897948 15972885
              64       8  571375 1421755  6271021 1597288510821524 4207076 3057153  5860307  5283570  3363612  3057153 3738358 12902017
              64      16  603489 1421755  4274062 2273779115972885 5283570 5735102  5860307  4274062  2689580  3541098 5283570 12902017
              64      32  863676 1599680  7100397 1290201712902017 5283570 3203069  5860307  7100397  3791156  5860307 4274062 20962191
              64      64  809014 1599680  9006179 1082152412902017 5735102 4564786  4207076  5860307  5283570  1828508 5735102 20962191
             128       4  715059 1727352  3867787  9977956 9287508 4267461 5122535  5325799  3380677  3759450  2035099 3445772 12842051
             128       8  800337 1852520  4407601 1172061411470204 5379161 3053774  6812590 16365173  4407601  1885042 5122535 10779307
             128      16  901083 2066432  1152564 1588107814200794 5603747 4889281  6406138  3759450  4934216  2202044 3657016 12842051
             128      32  976473 1000121  3759450 1588107814200794 5847904 5122535  6727225  4759253  5122535  2464907 4012317 14586625
             128      64  881842 2409592  7082197 1420079414200794 6114306 5784891  6406138  8548124  4267461  3199360 3759450 14200794
             128     128 1152564 2367096 10567140 1801235914200794 6045455 5122535  6114306  5545860  5784891  2673584 4407601 14200794
             256       4  901693 3511189  5142301 11569783 9868433 4477549 5217259  5687020  4929815  4070199  2747508 5687020 11695808
             256       8 1099237 2582316  5455847 1345445012812277 5455847 5347168  7073132 10245071  4840911  3078337 4929815 12812277
             256      16 1048775 2783115  4819184 1345445012228612 5810112 5938650  7120034  4819184  4907284  3368013 4197489 13454450
             256      32 1058076 3159869  6213578 1495343513454450 6107548 5347168  7314033 13454450  5347168  3410808 6249745 14164395
             256      64 1044693 2943325  6719046 1495343513454450 6073004 6213578  7120034 11569783  5569035  5117791 5810112 14164395
             256     128 1040643 3705040  8534922 12228612 7518900 5971678 5971678  6761355  5841722  3879045  6249745 5569035 13454450
             256     256  310257 4070199 11091721 1281227712228612 5687020 1453348  1098113  5687020  5810112  1382252 1570244  2480886
             512       4  152154  608730  1809465  3372274 2497638 1169140 1645826  1645826  2471765  1340664  3580298 2942541 11620224
             512       8 1207261 3259661  6551087 1424006912499490 5384786 6018636  7410080  6491676  4871723  4091959 5278892 13872122
             512      16  779258 3459188  6652558 1462806713109944 5822804 6246213  7309196  6319739  5177083  4375425 6632013 13872122
             512      32 1264113 3393590  6843354 1462806713783088 6246213 4827914  7540170  3388236  5177083  4420457 6174377 14146265
             512      64 1251589 3527371  7211022 1514384614240069 6395018 5509113  7871843 13872122  5624545  4871723 2782414 14240069
             512     128 1286067 1834193  7309196 1424006913438092 6319739 6018636  7091952  9107004  5684095  5214798 6174377 13872122
             512     256 1340664 3822466  8234036 1319046912797441 6086873 6018636  6571132  7647578  4457157  6571132 5951911 13109944
             512     512 1289930 4228947 13190469 1310994413109944 5886650 5951911  5951911  6018636  5968453  4827914 6104175 13438092
            1024       4 1080004 3151562  3984917 12492426 9946527 4228138 5536137  5782087  7319232  4195100  3696803 5885083  5789881
            1024       8 1289855 3029305  6402699 1423090212492426 5251818 6093831  7472033 11132462  4926518  4361233 5991815 13818817
            1024      16 1333507 3594699  6327241 1386342212983353 5751117 6317933  7420395  7420395  5120336  4550690 6559147 13472053
            1024      32 1387350 4195100  6692005 1423090213686709 6025439 3778101  7644933  9743447  5424269  4433259 6163794 13142265
            1024      64 1450117 4162573  6787181 14618393 6059442 6364746 6402699  7941793  9946527  5330028  4570058 6317933 14422045
            1024     128 1426043 4110780  6609617 1381881713305116 6093831 6025439  7472033 11132462  5284125  4550690 6199382 13472053
            1024     256 1450117 4162573  6963241 1279003712828238 6093831 5950309  6963241  7524394  5330028  4995276 5751117 12790037
            1024     512 1475525 4178773  8199542 1294422412983353 5950309 5917516  6364746  8061038  5018624  6640274 5983467 12639479
            1024    1024 1183902 4178773 12492426 1326402613305116 5593820 5925680  5917516  6102490  5853003  4700088 6059442 12348754
            2048       4 1043759 3272598  5900467 10713237 9944290 3835124 4349761  5655716  7393606  3999400  3630870 5816563 10131961
            2048       8 1331606 3657149  6378005 12187663 8097557 4643695 6132138  7311791  8940345  4775354  4144109 6321679 11579763
            2048      16 1446407 4061807  6340344 1234530613038646 5209791 5820505  7286980  8059569  4948672  4327846 6340344 12187663
            2048      32 1171598 4330028  6401772 12580349 9400176 5626082 6523312  5704543  8912516  4968710  4128177 5209791 11690076
            2048      64 1378181 3567536  6759439 1295995814441580 6075753 4762117  7940367 12118884  5056455  4338776 6321679 12786337
            2048     128 1343897 4063729  4997618 1196693513660713 5816563 6058611  7503399 11072275  4423683  4122233 5800851 11966935
            2048     256 1358993 3777778  6243566 1157976312786337 5723548 5900467  7036283 12187663  4663865  4240255 5884299 11202231
            2048     512 1411470 4086930  6786139 1144095510401883 5489457 2243502  6420913 10240672  3984558  4623699 5800851 10452512
            2048    1024 1451540 3946119  7789164 1144095510660056 5056455 5738844  6041567  8128206  4276140  4367454 5719737  9697312
            2048    2048 1259557 3087898  7059413  7311791 5144271 3772800 5306340  4154130  5433896  3757946  3915540 4864597  6823876
            4096       4 1080508 3098371  5719367  6703539 7418527 2850576 5230102  5657217  5347310  3577793  3303309 5506711  6512939
            4096       8 1322056 3565171  5411313  7380284 8865630 3319264 5894001  6309619  7212959  3235498  3915366 6151473  7367624
            4096      16 1370791 3740604  5902100  7342434 9139172 4023571 6049663  7460407  6693092  4266376  3828122 6022095  7434579
            4096      32 1441650 4145915  3574071  7392988 9779037 4342950 5475122  7845385  8077780  4515307  3980686 6281934  7697744
            4096      64 1464384 4227532  6169144  7642951 9636422 4618485 6189146  8173861  7286380  4490523  4071246 6005255  7431363
            4096     128 1447358 4158963  6105563  7185807 9163546 4240052 5244471  5353976  7197849  3961410  3673419 5299475  7012747
            4096     256 1469142 3136268  5877869  6682678 8228672 4761860 5679660  7185807 13086376  4145915  3954116 5672159  6178018
            4096     512 1519830 4108241  5894001  6861502 8426437 4209920 5713661  6815229 10586522  4154939  3580030 5681538  6013663
            4096    1024 1418791 3860813  6575257  5810280 6649056 4252647 5627567  6565206 10059615  4133944  3580776 5625724  6094733
            4096    2048 1319214 3189841  5955295  6114255 5580043 3061379 5107271  4079948  5936773  2923832  4043458 5025108  5454263
            4096    4096 1139414 2788122  4526013  4587653 4055868 2751065 4510565  2822940  4565707  2966237  2965725 4031124  4638436
            8192       4 1041304 3078607  5159270  5621863 5000831 2708945 5188093  5911041  5265210  2924779  2852423 5428245  5123115
            8192       8 1255296 3367015  6135880  5756551 6028229 2921546 5519808  7563550  5264403  3540122  2752565 1999541  5716328
            8192      16 1389405 3397646  5708730  6384425 5962328 3383593 5975808  7502444  6001904  3176220  3608910 6077276  5846669
            8192      32 1386826 3815711  6364322  5948908 6164502 3942233 6104267  8024590  6325656  3639492  3561773 5822889  6173362
            8192      64 1419776 3938166  5777847  6439465 6287458 3942233 6112956  8350269  6350207  3262473  3197502 5859631  5893805
            8192     128 1346922 3710232  6059057  5588034 5838720 4039563 5435974  8000301  5618186  3554036  3590057 5992483  5728718
            8192     256 1440248 1055540  5364680  5177930 5553712 3771317 5350479  6538726  6063334  3325949  3544870 5741161  5516264
            8192     512 1427919 3754421  5509188  5897851 6108608 4029614 5204597  6296676 11783960  3686744  3586684 5393311  5569014
            8192    1024 1435675 3201375  5838720  5944791 6168929 3855097 5708730  6481984 11438735  3356162  3349292 5461897  5531360
            8192    2048 1316626 2895693  5091986  5271672 5309142 3225114 4844308  3868117  6010303  2652891  2725275 5145363  4239950
            8192    4096 1266540 2585031  4496285  4207758 4461836 2927769 4447398  3016180  4415961  2442437  3300391 4461836  4493932
            8192    8192 1178163 2614736  4464735  3391944 4464155 2875338 4421075  2888633  4433053  2820115  2789210 4411425  4255178
           16384       4 1028691 2857857  5746830  5685024 4779552 2497908 5198221  4508617  5089650  2904481  2558450 5510869  5373828
           16384       8 1289687 3220852  5824273  6104162 5398313 2784892 5696807  7403675  5699169  3080236  3047588 6120472  6208391
           16384      16 1357400 3393419  6048288  6134130 5706741 3164199 5893706  7360062  5953446  3205079  3317889 6093337  5496324
           16384      32 1383192 3518156  6320888  6246199 6001278 3609632 5783588  7529411  5923681  3349260  3568766 6320888  6198870
           16384      64 1407211 3189459  6179917  6106332 6176029 3813764 6234299  7929958  5949323  3308623  3610390 5981429  6138514
           16384     128 1383888 3498633  5182931  5953446 5851550 3470539 5783101  7727536  5927769  3343719  3534078 5864034  5912468
           16384     256 1388361 3582721  5685024  5058554 5678917 3585899 5680795  7167383  5771445  3492587  3190644 5310703  5582498
           16384     512 1446579 3717016  5704846  5838624 5669079 3971809 5686906  6701197  5760801  3280039   662274 5691145  5542427
           16384    1024 1387044 3630417  5872051  5734840 5862033 3589833 5499843  6119927 12384552  2895669  2892622 5565318  5481418
           16384    2048 1268804 3073898  5389422  5490615 5340419 3013905 5160357  4284308  5300872  2505558  2539352 4793555  5283347
           16384    4096 1084180 2578514  4454549  4291264 4448494 2739376 4423296  2919412  4451087  2559593  2571662 3996060  4098054
           16384    8192 1258188 2718462  4166633  4417325 4427856 2659751 2889096  1971649  4004910  2324996  3044752 2570797   916127
           16384   16384 1114114 2478627  4448782  4445041 4443604 2903377 4395007  2795883  3545566  2708177  2967571 4404302  3861554
           32768      64 1009928 2590557  6355321  6488538 6168491 3659982 6034692  7846567  6010413  3240811  3450742 6147796  6280969
           32768     128 1259962 3365648  5239600  5988415 5817077 3486015 5922355  6732647  5858736  3168124  3431957 5913691  5962177
           32768     256 1382146 3596955  5604079  5738864 5554928 3657936 5666229  7072522  5688979  3260184  3379551 1162315  2369849
           32768     512 1371676 3527168  5618512  4230868 4835857 3605636 4736039  6725728  5698650  1922900  3082364 5314360  5292871
           32768    1024 1375891 3459167  5883062  5841057 5833619 3585132 5636947  6839526  5804792  2886050  3082295 5725715  5708592
           32768    2048 1258612 2847660  4994364  5043667 5085847 2858321 5028903  3789558  6670885  2151692  2180469 4980068  5193861
           32768    4096 1196923 2618742  4241183  4239613 4286286 2565030 4125957  2896451  4246818  2151254  2293255 4196121  4178008
           32768    8192 1214127 2549613  4402018  4312783 4394839 2657170 4204851  2903672  4297410  2489574  2546684 4289631  4394839
           32768   16384 1251210 2672515  4354597  4407806 4272695 2664071 4253916  2891637  4313866  2390916  3416516 4264343  4386003
           65536      64 1110143 3538829  6369430  6344145 6183867 2706748 6224899  8302009  6189019  3321112  3560557 6391943  6481623
           65536     128 1430450 3633029  6190831  6019601 5775618 3644299 6002643  7998122  5932940  3281230  3188328 6056339  6085030
           65536     256 1430576 3658170  5794001  5948604 5787292 3758458 5676972  7332266  5681901  3292471  3534824 5898312  5865087
           65536     512 1435837 3749435  5960471  5995443 5894138 3735119 5831739  6969025  5866589  3309716  3496916 5829513  5928206
           65536    1024  643316 3018984  5962152  5818654 5901985 3716233 5944359  6910159  5921820  2864988  3154410 5867716  5893001
           65536    2048 1286358 2857602  5202886  5314340 5076342 2988979 5141286  3922187  5283491  2156923  2259082 5201705  5248385
           65536    4096 1241237 2611820  4347008  4352859 4269165 2663524 4298808  2956731  4304800  2017796  2140230 4316698  4355411
           65536    8192 1245432 2629132  4343299  4352791 4253047 2708882 4321789  2984468  4307296  2224960  2333908 4326414  4353135
           65536   16384 1253102 2699836  4304800  4360593 4349347 2670459 4297733  2951018  4330367  2439828  2475846 4300221  4332688
          131072      64 1166299 3137932  6286098  6401232 6069565 2951078 6237669  8209010  6121470  2928192  3066143 6340546  6437059
          131072     128 1323788 3224869  6080306  6161123 5910793 3280894 5987529  8159301  5920086  2841250  3120105 6059731  6102308
          131072     256 1321875 3242444  5753062  5885040 5754327 3154715 5752340  7425339  5794539  2825319  3057208 5786610  5826165
          131072     512 1324024 3065356  5933568  5933312 5844126 3196332 5904444  7074289  5885859  2930096  3084620 4271945  5973541
          131072    1024 1321208 3128344  5814334  5780708 5696785 3111347 5677781  6765658  5628545  2414155  2602951 5684239  5683475
          131072    2048 1159221 2441820  4709724  5093736 5014976 2445872 4852350  4001838  4981440  1871172  1939277 4996290  5045306
          131072    4096 1123028 2269572  4339693  4354266 4327088 2383694 4293933  2877793  4321103  1874196  1858018 1346207  3783830
          131072    8192 1140977 2243417  4035977  3963123 4081068 2303792 4103579  2769790  4128510  1834507  1935618 4119693  4101131
          131072   16384 1100280 2226463  4159560  4200912 4191208 2195547 4133197  2883498  4213598  1961621  2072151 4315845  4355405
          262144      64  167886  169147  5908944  6233666 5869483  122707 5486261  7829672  5940679   178267   173548 5947813  6191822
          262144     128  166233  155475  5682471  5919219 5623243  126711 5507228  7867489  5789651   158908   173266 5816789  6155631
          262144     256  165259  157745  5377878  5658316 5498333  136909 5378536  6970987  5456449   181468   177406 5414398  5740561
          262144     512  168893  167610  5252959  5129831 5426530  141810 5273062  6722177  5433932   174325   182300 5042294  5717189
          262144    1024  163938  163054  5488096  5763944 5654300  166762 5623099  6953617  5899338   179782   173623 5496244  5804781
          262144    2048  169590  155381  4935130  5226888 5178466  175589 4819802  3783828  4935773   174997   163585 4845439  4894030
          262144    4096  172587  140431  3568582  3788639 3780445  170921 3573290  2130804  3316388   184798   136231 4078733  3852058
          262144    8192  168594  166347  4048934  3947001 4041136  174054 4030500  2732834  4178590   194218   183989 4104404  4327392
          262144   16384  166893  158860  3888569  4167092 4151328  167368 4076193  2873091  4093067   204938   217443 3729992  3661989
          524288      64   61623   86682  6004703  6074971 5780593   36209 5694947  7997180  5895586    87771    91757 6116573  6203784
          524288     128   91117   86540  5768189  5939055 5702568   46535 5655446  8180378  5925899    89943    89638 5826017  6005867
          524288     256   92353   89133  5509723  5650128 5525214   57874 5480229  7075596  5727864    93232    91118 5717929  5832228
          524288     512   91379   85602  5772126  5959448 5873713   61494 5402689  6956098  5699774    92426    87791 5589962  5742852
          524288    1024   91175   87553  5597661  5725299 5740274   65489 5533500  6353780  5670014    92595    92008 5786388  5979558
          524288    2048   90734   86731  4878318  5039922 4946251   86686 4863655  3617327  4972288    91379    86212 4315865  4028829
          524288    4096   88859   77114  4015594  3824994 4225398   87758 3834198  2463828  3648845    90319    78814 4097985  4080094
          524288    8192   90607   87260  3991324  4017531 4092738   92531 4078414  2754798  4133231    93858    80591 4221593  4321709
          524288   16384   91662   86682  4103468  4088811 4160153   92368 4069079  2807824  4131601    94966    94888 4016269  3833743

iozone test complete.
