	Iozone: Performance Test of File I/O
	        Version $Revision: 3.420 $
		Compiled for 64 bit mode.
		Build: linux-AMD64 

	Contributors:William Norcott, Don Capps, Isom Crawford, Kirby Collins
	             Al Slater, Scott Rhine, Mike Wisner, Ken Goss
	             Steve Landherr, Brad Smith, Mark Kelly, Dr. Alain CYR,
	             Randy Dunlap, Mark Montague, Dan Million, Gavin Brebner,
	             Jean-Marc Zucconi, Jeff Blomberg, Benny Halevy, Dave Boone,
	             Erik Habbinga, Kris Strecker, Walter Wong, Joshua Root,
	             Fabrice Bacchella, Zhenghua Xue, Qin Li, Darren Sawyer,
	             Vangel Bojaxhi, Ben England, Vikentsi Lapa.

	Run began: Sun Oct  6 10:01:10 2013

	Auto Mode
	Command line used: iozone -a
	Output is in Kbytes/sec
	Time Resolution = 0.000001 seconds.
	Processor cache size set to 1024 Kbytes.
	Processor cache line size set to 32 bytes.
	File stride size set to 17 * record size.
                                                            random  random    bkwd   record   stride                                   
              KB  reclen   write rewrite    read    reread    read   write    read  rewrite     read   fwrite frewrite   fread  freread
              64       4  463774 1526887  5389653 1597288510821524 4274062 2662899  4897948  4274062  3363612  1638743 2772930 10821524
              64       8  603489 1357066  4564786 1597288512902017 4988978 3057153  4564786  5860307  3541098  3203069 5735102 20962191
              64      16  633392 1452528  3203069 1290201710821524 5283570 3022727  4274062  4274062  3541098  2892445 4564786 20962191
              64      32  735831 1991276  7100397 2096219115972885 3057153 3958892  4643754  3022727  3057153  2203800 3791156 10821524
              64      64  780776 1562436 15972885 3048429715972885 6421025 3363612  5735102  6421025   653436  2278628 4897948 12310336
             128       4  770474 1827299  4267461 1254204310779307 3867787 4135958  4135958  3359523  3759450  1878447 3560017 10567140
             128       8  859260 1975201  4267461 1420079411720614 5545860 3785961  4557257 10779307  2714132  2985839 3785961 16365173
             128      16  809997 2286447  6114306 1056714012842051 6114306 3657016  4934216  8036304  2784517  2464907 3895854 10567140
             128      32  814915 2286447  4407601 1172061412842051 6406138 4135958  6406138  8548124  3297617  3445772 5122535 14200794
             128      64  809997 2511022  8036304 18637664 9977956 6406138 3560017  7082197  7082197  3657016  5603747 5847904 11720614
             128     128 1093856 2464907 12842051 1863766414200794 6406138 4934216  6406138  5784891  5603747  4135958 5603747 15881078
             256       4 1003679 2392442  5810112 1281227710651598 1325925 2819657  5217259  4572895  4181144  2665657 4070199 11091721
             256       8  597916 2639446  6595234 1495343513454450 5455847 4422226  6554972  4734192  4819184  3087188 4907284 14164395
             256      16 1053922 2639446  5687020 1516462414164395 5938650 5810112  7073132  5217259  4819184  3605511 4496299 14164395
             256      32  876662 3052087  7120034 1583556915164624 6249745 5217259  7314033  6107548  5455847  2849590 5117791 11091721
             256      64 1103757 3557725  6554972 1607260815164624 6761355 4572895  7518900  9434868  6107548  4572895 5569035 15164624
             256     128 1040643 2943325  6761355 1435374412228612 5142301 5569035  5569035  5971678  3994490  6249745 5841722 14164395
             256     256 1112909 3557725 12812277 1345445013454450 5455847 5320671  5569035  5687020  5810112  4054829 6249745 14353744
             512       4 1030558 2622702  5807059 11943357 8992598 4091959 5177083  5624545  5886650  4131319  2678309 5509113 11620224
             512       8 1251589 3259661  6491676  289104312499490 5115422 5951911  6821616  6931711  4882800  4123387 5822804 14240069
             512      16 1237168 3325278  6228097 1462806712499490 4610256 5331314  2768068 11138071  4742616  4411377 5019764 13872122
             512      32 1248678 3220553  3481620 1424006913522711 5624545 6395018  7988981  9859630  5384786  3481620 5384786 14628067
             512      64 1355045 3604335  7022379 1558341714628067 5744919 6174377  7758090  7871843  5822804  4784885 6174377 14628067
             512     128 1239310 3201349  7115451 1462806713783088 5886650 2926501  7647578  8109658  5744919  5115422 5509113 14240069
             512     256 1057974 2405320  8109658 1310994413190469 6246213 5870558  6652558  8394979  4457157  7115451 5886650 13109944
             512     512 1248678 3822466 12797441 1310994413109944 6018636 2910635  4784885  5822804  5566231  4610256 6086873 13522711
            1024       4  510224 2432298  4715569 1234875410039528 4048778 5390231  5853003  9220512  4126579  2572135 5782087  4826859
            1024       8 1233900 2437821  6441107  473637012348754 4720752 2659742  7699755  8183918  4898425  3849207 6280976 14230902
            1024      16 1274922 2653170  6208343 1347205312208350 4178773 6402699  7869040  7420395  5169641  3908759 6569179 14044758
            1024      32 1383774 3345496  4589593 1330511613305116 3314514 6479979  6280976  8408221  5330028  3671521 6244448 14422045
            1024      64 1044799 3112733  5169641 1203727213305116 5623115 6441107  7927135  4654248  4972145  4162573 6640274 14618393
            1024     128 1328146 2155236  6441107 1423090213863422 6479979 4451639  6918376 13472053  3981224  4589593 6317933 14044758
            1024     256 1131503 4228138  6918376 12944224 7113161 6163794 5720477  6702448 10134284  5251818  3544270 5821271 13142265
            1024     512 1324868 3020783  7644933 1330511612944224 3671521 4379019  6137371  7869040  4433259  5652717 5991815 12790037
            1024    1024 1336827 2679655 10990032 1298335312790037 3818408 4095102  4079544  5194651  5479632  2547723 5144870  5853003
            2048       4 1144133 2726266  4829046 10555264 9841749 3618634 4128177  5626082  4284671  3669648  2779189 5475461 10452512
            2048       8 1276022 3136379  5349298 1211888412345306 3671217 4717655  7213548  5629769  4128177  2990085 4138120  9664580
            2048      16 1224892 2832339  5769681  815908812187663 4481379 3690142  6717153  8190205  4613765  3618634 6114678  8261095
            2048      32 1321364 2677822  5769681  914011712635867 5754221 4741090  7810411  8390200  5197183  3786104 6058611 12257227
            2048      64 1296240 4170264  4284671  9944290 6132138 5461535 4611288  7726111 11770166  5225638  3819776 5489457 10780463
            2048     128 1322178 3057127  3922692  9653719 4923146 5674397 5704543  8159088 11072275  4886737  2937929 5535444 11380325
            2048     256 1268859 3751381  6110328 1118764112561952 5765808 4621211  6225466 11001372  3292669  3915540 3189957  8793903
            2048     512 1371798 2929912  6440169  812820610780463 4889518 3489282  5785224  9308497  2687877  3282603 3709263  7013303
            2048    1024  394380 3841986  7726111 11129659 9990553 5107566 4994712  4310472  6167360  4170264  5144271 5461535  6922868
            2048    2048  983189 2398213  6780783  6939647 6990474 4204968 4653758  4213218  5225638  4178378  2917969 5159722  6629029
            4096       4 1142217 2511380  5334028  4887857 5666546 1969309 4893426  5396016  3527834  2712408  2864359 5489116  6114255
            4096       8 1147711 2698349  4723889  5424983 6941906 2762123 4929936  7367624  5409609  2850103  3456153 4240052  5081590
            4096      16 1422668 2981164  4761860  4824714 6243125 3185110 4358375  5062125  6615769  3693161  3677350 1639800   887949
            4096      32 1208674 3012001  4917236  5347310 5953231 3522048 5159420  7656576  5304384  3710710  3618486 5826043  4988629
            4096      64 1163332 3316061  5433562  5883908 8906998 4423462 6204794  6847827  7355007  4240052  2938334 5936773  5038371
            4096     128 1291252 2733991  5777065  5402804 4659824 3014114 5802430  6207035  6930704  3250804  2691164 4602401  4476482
            4096     256 1301623 2905044  4648477  4551192 4607338 2882622 4586428  7158858 13176709  2938334  3088901 5107271  4235870
            4096     512 1309859 2476268  4928521  6769576 7111444 4409837 5089116  6828774  8552280  2519114  3754501 4334185  4958393
            4096    1024 1009108 1935802  5800471  6140479 4941279 3897601 5095153  6389405  7774379  3332786  3800178 4133944  5601877
            4096    2048 1063913 3177452  2981164  2780901 4669958 1968406 4091608  3753681  5506711  2269226  3703511 4361695  4922872
            4096    4096 1045143 2628979  3170416  4132949 4613524 2767908 3874745  2311357  4124020  2734426  2400829 4311344  3474326
            8192       4  975220 1743369  5123115  5188093 4479286 1996637 4748571  4574098  4787608  2566495  2362174 5044145  3951754
            8192       8 1190202 3304518  2594792  6168929 5876668 2807442 5457560  6395120  4652131  2369015  2645945 4218089  4688953
            8192      16 1195378 2876542  4778952  6244039 5936574 3380930 5361332  6475875  5204597  2715367  2933018 5716328  5248321
            8192      32 1298907 3792546  6345516  6425016 6698058 3693481 5653313  7906413  5569014  3248286  2937280 5171695  5278151
            8192      64 1317484 2898625  5618186  6553692 5512724 3683582 6296676  8127085  6434642  3621463  3060236 5241116  5579867
            8192     128 1249953 3046398  5326425  5776876 6257686 4196452 4543252  6059057  6091282  3844314  3193638 5079190  5911041
            8192     256 1225828 2935273  5142283  5162371 6114043 3938618 4343942  6154564  5756551  3431922  3686744 5350479  5494212
            8192     512 1114714 2794882  5146134  5047850 5044145 2867420 5353814  5776876 12320592  3450879  3720275 4449702  5228355
            8192    1024  255402 2897647  5569014  4229512 4132853 2466811 3763056  3624519 11492298  3235439  3027341 4902367  4553488
            8192    2048  952326 1831366  4150325  3014063 2969263 2226697 4743326  3038317  2805379  2047928  2445392 3319202  4844308
            8192    4096  476610 1466747  3799676  3880349 3264953 1140806 2486087  2172356  2964907  1819630  2635797 3808521  4100302
            8192    8192 1006000 1802827  3785860  4133350 2534688 1869428 3204958  2536184  2631557  2718805  2080793 3532479  3671773
           16384       4 1044832 2776454  1602831  5091159 4235718 2256367 4280039  5137979  4122886  2363215  2399523 5014993  4654590
           16384       8 1216493 1066529  5457909  5498083 3230846 1642481 5324694  6767187  2938763  1609588  2651541 5862033  5828225
           16384      16  957018 2963348  4209770  4117698 5799696 3159253 4409106  7350615  4417325  2698288  2813626 4750148  5726715
           16384      32 1244787 3294033  5521940  4499761 4318230 3211820 5517949  6367745  5597504  2940901  3640033 5031885  5664873
           16384      64 1240181 3354001  5781642  5121513 5613049 3108943 5392805  7117644  5505130  3185763  2823917 4873097  5430735
           16384     128 1265253 3130327  5271594  5345404 5457475 3652997 4858970  7612823  5860033  3270984  2731211 5055205  5373828
           16384     256 1262047 3190644  5044443  4889393 5677040 3618375 5060044  6328456  5179805  2806387  3457269 4746211  4720455
           16384     512 1161806 3712799  5706741  4842876 5776782 3756228 4992041  6419497  4649237  2721584  2530283 4903698  4088788
           16384    1024 1155516 2789188  4960332  1469281 5580685 1814576 3352528  3540816 12045892  2895669  1652116 4995307  5394922
           16384    2048 1255751 2513256  4894966  5357907 4902648 2329884 4141522  1969219  3202539  2037049  1661986 4110310  3061846
           16384    4096 1220490 2631941  3452753  3553082 3543920 2502183 2842019  2885093  2830780  1749085  1850889 2722123  3097731
           16384    8192 1043769 2701788  3413986  3439963 3446346 2777464 4348011  2843430  3031723  2096204  2470075 3344370  2830197
           16384   16384  699813 1855687  4455994  4436432 2768958 2637902 3688288  2570412  3852246  2696064  2219706 3422658  4435287
           32768      64 1223007 3580836  5804792  6293048 5602251 3510680 6123692  8461006  6232266  2956070   906548 4665779  6262937
           32768     128 1336645 2848900  4969264  5197986 5349733 3600818 5265697  7017990  4626202  2504271  3406946 5742701  5280060
           32768     256 1096653 3148961  4297410  4370243 4401313 2900608 5564373  5966318  5190722  2561397  3248241 5401878  5929765
           32768     512 1383607 3612839  5471338  4472205 4480223 2957660 4272827  6272656  5992854  2585878  3086933 5833619  6021473
           32768    1024 1464019 3507902  4976822  5158770 5546409 3806244 3948396  3491860  4410776  1787851  2322984 4537915  4431112
           32768    2048 1061068 2911175  3784757  3764748 3855034 2518866 1612209  2289397  4112500  1906469  1705244 3865552  4437693
           32768    4096 1218907 2277900  4399622  4362060 4187045 2695631 2663658  1949549  3339560   922856  1656793 3507544  3765573
           32768    8192 1114663 2315939  4261038  3937987 2710784 1828574 4151506  2165320  2722005  2318361  2413292 2944354  3073060
           32768   16384 1143373 2172370  3097159  3670637 3843284 2333911 4240659  2413504  2735495  1916679  2659535 4321734  4309808
           65536      64 1228599 3151084  5392109  6021843 6108831 3600715 5690841  8217869  4983752  3090571  3056718 6351621  5944873
           65536     128 1305233 3294602  4538200  4921998 4860638 3248387 5805259  7299748  4906798  2618413  3397757 5898312  4190543
           65536     256 1271206 3332992  5540239  5138884 4746245 3205318 4238815  6057407  5144558  3003053  2973362 4503256  4151305
           65536     512 1214689 2983237  3671902  5017686 5098091 3201883 5870222  5905281  5151790  2924519  2514714 4704654  5135235
           65536    1024 1381623 2404022  5873985  5769436 5470881 3687369 5387248  6149007  5723188  2400495  2158142 4214250  4341858
           65536    2048 1235063 1898986  2816925  2563399 2474732 1755300 3959418  1626565  4565713  1592112  2065092 2902286  2941764
           65536    4096 1162462 2343678  3930937  3296577 3421568 2195496 4255022  2405516  2691429  1479964  2087392 2766155  3041397
           65536    8192 1229219 2100504  4332961  3468236 3355819 2033574 4320362  2644383  3891205  1561346  2008155 2609217  2904463
           65536   16384 1168620 2022353  4323760  4365857 4361493 2485248 4310471  2332422  4206962  2150410  2298237 4202910  2820915
          131072      64 1180020 2783858  6041551  6063340 5685944 1938470 5464780  6274977  4360621  2317358  2722671 5859761  5924169
          131072     128 1199777 1472917  5786610  5525139 5626874 3054796 5734220  5213881  4413801  1959398  3077971 5663334  5870774
          131072     256 1288734 3046906  5524362  5579645 5359037 3140873 5227862  6793751  5520478  2758422  1898270 3262998  4388398
          131072     512 1201568 2867780  5356478  5558377 5346165 3126724 5500318  6942342  5681008  2810055  2745994 5700270  5798389
          131072    1024 1333414 2000393  5637549  5545425 5573705 3149943 4071306  6098585  5449342  2504379  2547999 1873072  5562595
          131072    2048 1149179 2379845  3987470  3795874 4543856 2097153 4559836  3552867  5006983  1829562  1555862 3314161  2921671
          131072    4096 1114615 1779226  3348804  3502816 3535798 2279595 3320467  2664710  4001576  1840224  1326090 4015195  3882214
          131072    8192 1008493 2262390  3932422  3765584 3959641 2236718 3299640  2387296  4011621  1927075  1886337 3528943  3515314
          131072   16384  839279 1223245  3942150  4153087 4096516 1767585 3917737  2837730  3951274  1913380  1956504 3706257  3921846
          262144      64  123992   91533  5256324  6235717 5862410   93465 3040476  8272614  5513138   123783   123632 5420350  5971523
          262144     128  120748  122615  5374461  5688527 5569578   54732 5099283  8121681  5497288   123156   118032 2037555  5447015
          262144     256  104468  110083  5131028  5477870 5439819   98266 5021729  7196425  5518118   113843   105335 5042779  5631941
          262144     512  114296  111736  5210787  5683587 5141369   98738 5022899  6784101  5420697   101148   116139 5021247  5432374
          262144    1024  122779  108475  4947143  5595399 5613825  118738 4452404  5692356  4832852   119672   118607 5310423  5416745
          262144    2048   97114  110820  2826226  3416087 2872086   95797 4304993  3541478  4771278    80787   115248 3685211  2731211
          262144    4096   83873   93612  3717092  2526324 2804849  114803 3434848  2427146  3917623    89978   104867 3749581  3042529
          262144    8192   81386  104306  3868484  3917623 4179114  111901  551370  2671721  3968628   124608    80758 3642095  3093949
          262144   16384   92720   75532  2658144  2881185 3089784  119371 2981784  2321894  2994942    94237   144147 1781292  4083050
          524288      64   25744   72973  3921758  4569163 4827969   21549 4609002  8200971  5920268    47824    69422 5326616  5946266
          524288     128   77119   62753  5375549  5620825 5550078   19715 5202033  8177306  5473245    48790    79646 5635807  5796241
          524288     256   75106   50521  5276223  5564924 5361486   32099 5194365  7205617  5500407    75085    51135 4305589  4482626
          524288     512   36490   38702  5382720  5622032 5558257   51911 5267060  6920002  5634724    75889    78110 5553372  4464724
          524288    1024   40082   37938  4636963  5398736 5411171   34045 5304452  6665164  5696054    68704    43014 4501759  4546171
          524288    2048   49752   65165  4282739  4777195 4666433   55610 4329631  3580247  3701343    78872    60981 4088271  4624170
          524288    4096   52210   72247  3837309  3868054 3881224   52856 2895277  2177339  3703906    77429    51906 3056594  4033167
          524288    8192   77118   47266  2701988  3975615 3951497   60923 3863555  2623644  3956950    88638    59363 3190070  3675552
          524288   16384   56560   69829  2470491  2971376 2780793   40899 3806746  2684279  3993542    87892    78816 3887564  3947595

iozone test complete.
