	Iozone: Performance Test of File I/O
	        Version $Revision: 3.420 $
		Compiled for 64 bit mode.
		Build: linux-AMD64 

	Contributors:William Norcott, Don Capps, Isom Crawford, Kirby Collins
	             Al Slater, Scott Rhine, Mike Wisner, Ken Goss
	             Steve Landherr, Brad Smith, Mark Kelly, Dr. Alain CYR,
	             Randy Dunlap, Mark Montague, Dan Million, Gavin Brebner,
	             Jean-Marc Zucconi, Jeff Blomberg, Benny Halevy, Dave Boone,
	             Erik Habbinga, Kris Strecker, Walter Wong, Joshua Root,
	             Fabrice Bacchella, Zhenghua Xue, Qin Li, Darren Sawyer,
	             Vangel Bojaxhi, Ben England, Vikentsi Lapa.

	Run began: Sun Oct  6 10:01:10 2013

	Auto Mode
	Command line used: iozone -a
	Output is in Kbytes/sec
	Time Resolution = 0.000001 seconds.
	Processor cache size set to 1024 Kbytes.
	Processor cache line size set to 32 bytes.
	File stride size set to 17 * record size.
                                                            random  random    bkwd   record   stride                                   
              KB  reclen   write rewrite    read    reread    read   write    read  rewrite     read   fwrite frewrite   fread  freread
              64       4  470274 2379626  4988978 15972885 9318832 4018152 4274062  3541098  9006179  3057153  2379626 4018152 10402178
              64       8  735831 1553394  7100397 2096219115972885 5283570 3057153  5735102  5283570  2467108  3203069 3738358 12902017
              64      16  679917 2772930  5860307 2096219115972885 2067979  412466  5860307  8182586  3203069  1780008 5735102 20962191
              64      32  842003 4018152  6421025 1231033612902017 5860307 4564786  4564786  9006179  3057153  4564786 5389653 15972885
              64      64  863676 2923952  9006179 1290201712902017 5860307 4564786  4564786  5283570  4564786  3738358 5389653 12902017
             128       4  711270 2027414  4596273 1588107810567140 4444086 3468030  5325799  2905056  4135958  2727923 5603747 10567140
             128       8  895074 3895854  4596273 1588107812842051 5545860 3657016  6045455  6114306  3759450  3199360 5784891 15881078
             128      16  859260 2286447  5847904 1588107815881078 5847904 3445772  6727225  3657016  5325799  2409592 6114306 18012359
             128      32  843068 2175277  6406138 1588107815881078 6114306 3468030  6727225  4407601  5379161  2202044 3759450 14200794
             128      64 1123617 2420455  7476717 1801235916365173 6727225 5122535  6406138  4596273  3468030  3359523 5847904 11720614
             128     128  955616 2784517 11720614 1801235916365173 6406138 4889281  6114306  5784891  5545860  2905056 5545860 15881078
             256       4  933846 2325094  5841722 12228612 9778562 4572895 5242734  5687020  4332998  4197489  2719671 5810112 12090911
             256       8 1052888 2266207  6249745 1516462412661199 5540300 4652146  7120034  8024634  4652146  3770085 5347168 13454450
             256      16 1103757 2911402  6398720  502204412812277 5347168 6107548  7120034  5971678  5117791  4132864 6107548 14164395
             256      32  855703 2842047  6398720 1583556914353744 6398720 5117791  7518900  5687020  5320671  4819184 6595234 14953435
             256      64 1142514 3823789  7735574 1607260814164395 6595234 5810112  7571923 12228612  5971678  4929815 5938650 16072608
             256     128 1206714 4332998  8024634 1281227712661199 5938650 4840911  7314033  6554972  4197489  4264168 4652146 14164395
             256     256 1118707 3605511 12661199 1345445013454450 6249745 4819184  6437081  6107548  6398720  3756894 5971678 13454450
             512       4 1108203 2739816  5115422 11374040 9468384 3795443 5164632  5566231  6246213  4061007  3437042 4882800 11138071
             512       8 1163439 2753870  4610256 1343809211877300 1017858 5509113  7091952  9145790  1667552  4061007 6174377 13438092
             512      16  812577 3012719  5951911 1279744111943357 5019764 4650188  4532414  7871843  4571003  3913012 5115422 12499490
             512      32 1233614 4375425  6652558 1414626513522711 6174377 5822804  7871843  8992598  4447925  4123387 5067142  2750343
             512      64 1251589 4262523  2337255  8992598 8018812 1835760 5624545  7513788  7022379  3481620  3533174 3970896  7900804
             512     128  643960 3504346  6652558 1343809212797441 6174377 3822466  7410080  7988981  4620174  3459188 5115422 13109944
             512     256 1213400 3653390  7211022  270871312215097 5744919 5384786  6156675  7647578  2860238  4305250 4228947 12215097
             512     512 1316016 3849877 12499490 1310994412499490 5624545 5439343  5067142  2449212  5566231  4411377 5684095 12146009
            1024       4 1022902 2179295  3121783 10990032 9655828 2666347 4995276  5789881  7369466  4249053  3358576 5652717 11368190
            1024       8 1105865 3200886  6479979 1399898112639479 5065980 5720477  7054742  8610501  4810640   959810 5660167  9220512
            1024      16 1256277 4317393  6059442 1399898112983353 4810640 6059442  7472033  7472033  4832290  4512441 6163794 13863422
            1024      32 1226150 3200886  5623115 1442204513643232 5652717 5390231  7644933 10769573  4095102  3582705 5853003  9832672
            1024      64 1372279 4215688  6787181 1487147714422045 6172653 5758828  8061038 10158253  5175871  3880507 5885083 13863422
            1024     128 1418508 4018473  6280976 1418390513686709 6128613 3778101  7369466  9300377  4162573  3894582 5507740 11249091
            1024     256 1338911 4114719  4995276 1099003211132462 5330028 3401130  3222500  6787181  3074849  4300102 5169641 12037272
            1024     512 1456510 3003881  5390231  7101400 9655828 4949226 5593820  6327241  5593820  2716948  5751117 5917516 12790037
            1024    1024 1023145 2578312 12037272 1282823812173747 5593820 5885083  5845038  3461434  2679655  2023250 5144870  8750850
            2048       4 1115459 2972495  3002627  5083385 5475461 2632683 4875642  3938881  5080379  2473485  2622235 3126106 10607402
            2048       8 1274507 3374151  5937172 1112965912561952 3549844 5521212  7393606  7088541  3447273  3006831 5800851 10889797
            2048      16 1163032 3441748  4276140  728698013058467 5018054 3984558  7082696  6420913  3097921  3772800 5184636  6440169
            2048      32 1215360 3307884  6243566 1374816913836752 4853603 4540600  8029434  8292998  5071381  4188565 3650932 12257227
            2048      64 1331606 3975338  6649556  8749118 7698414 3730203 4552633  6829301  4796687  4472047  3407614 6132138 13038646
            2048     128 1463909 3043048  6340344 14321195 6058611 5336007 6207471  8261095 11015480  5122796  4046500 5503525 12327589
            2048     256 1268110 2687877  5970183  583632310401883 5553337 5704543  6464402 12257227  4481379  3880166 5868220 11770166
            2048     512 1187963 2955111  6675393 1211888412561952 5503525 5868220  6629029  9708272  3447273  4086930 3929871  4112366
            2048    1024 1166982 2589040  7754008 1177016611072275 5277002 5549749  5735012  7933034  4347560  4960102 4481379  9898453
            2048    2048 1017426 3459769  5159722  5372719 6623917 4223576 5131978  4267642  5306340  4146110  2623036 4349761  6075753
            4096       4  993181 3115226  5594580  5535098 7076294 2919360 4361695  4841028  5211065  3220336  2270425 4713521  6349261
            4096       8 1254847 3491981  4121052  6225028 5556581 2915397 4746074  5944991  5936773  3122019  3354915 4906002  5151685
            4096      16 1282002 3509816  5476867  5580043 8127459 3915366 5603704  7289472  5120972  3298235  3723578 4917236  6169144
            4096      32 1244665 3757786  6379914  7756829 7892238 4587653 5225329  7756829  5217395  3494822  2856738 4307020  4977067
            4096      64 1299850 4145915  6449370  5971855 9081201 4417775 6204794  8162211  6872481  4507015  3266255 5802430  5369035
            4096     128 1299457 3930595  5580043  5996870 6638778 3734100 4423462  7085049  6049663  3889659  3583764 4262142  4982841
            4096     256 1322158 4039655  5620203  6897314 8142867 3789282 4501111  6703539 12414943  3266255  1887523 5431844  5482110
            4096     512 1271659 3309035  5119446  5800471 6105563 3531460 5013377  5761565  8158335  3436107  2892328 3941416  4723889
            4096    1024 1475451 2819234  6562698  6189146 6941906 4284464 3319264  4490523  8312280  4007615  3143154 4325455  5589120
            4096    2048 1027086 2917377  5988509  4623457 3799338 3202328 3235498  2585847  5736555  2302374  3462422 3172758  4192455
            4096    4096  991519 2680666  3894067  4133944 4591331 2974454 4312426  1905105  3276846  2456792  2584291 3263773  3667146
            8192       4  964326 2353276  4112571  3987989 4055296 2288238 2708091  3520535  2354728  1498148  2574572 5389927  5264403
            8192       8  718465 2909178  6257686  6122759 6112956 3042891 5237920  6774655  5979968  3412155  1697799 5354648  4793620
            8192      16 1372643  962975  5315713  5382328 5944791 3013799 4071635  6741425  5181834  2770319  2874376 2768534  2966955
            8192      32 1032015 3540486  5772993  5542066 6331484 3403367 5188093  4031505  5919188  2434477  2977755 3132495  3764705
            8192      64 1183153 2055155  6112956  2798980 5516264 2576889 5389927  7427838  5598961  2887420  2833604 3145687  3046398
            8192     128 1359446 3402019  4170981  3429182 3992159 2627332 5110922  8265899  3178865  1788656  2925526 5872650  5901904
            8192     256 1190161 1901605  3475663  4009863 3875097 2391772 3655755  7373641  5915112  3270236  3166561 5784656  5859631
            8192     512 1515059 2693866  3688327  4108146 4746603 3043160 4887722  7044097   865423  1836358  3363060 4859380  5013966
            8192    1024 1167118 2232774  6141364  4525898 5139206 3185053 5689823  6390362 11041736  3089125  3324662 5123115  4746603
            8192    2048  790209 2127827  5400092  5580773 5329730 3198692 4253598  2907947  3531027  2005845  2486987 3338228  3693084
            8192    4096 1072407 2082306  3424738  4481039 4483378 2230890 3270236  2951156  4387765  2547278  3473906 3471099  3608910
            8192    8192 1108671 1906882  2830569  3422010 4151830 2364938 2801719  2464511  2836645  2049027  2785366 4464155  4496285
           16384       4  857612 2469631  4387991  4374861 4243303 2405149 4538393  4303626  4542293  2572047  2406581 5045925  5487108
           16384       8 1212009 2646435  4430711  4600988 4544696 2812130 5266745  7132419  5555870  2916933  2700514 5078742  4357661
           16384      16 1243953 2848971  4571300  6159422 5887143 2543770 5657411  7379822  5783101  3089653  3471065 5649969  5657411
           16384      32 1213464 3604898  5239439  5345819 4608703 2765281 4908251  7460745  4250126  2752654  3128475 5720518  5885126
           16384      64 1407701 2899824  5535284  4371522 4677083 3392079 4428142  7888086  6141257  3184434  2591544 4594528  3899905
           16384     128 1276108 3093687  4372634  4370409 4331021 2912730 4816063  6063765  5008779  2661914  2755855 5405531  4864818
           16384     256 1321076 2942538  5467027  5564868 5799696 3093687 4177271  6152804  4729877  2270231  2514819 4318501  4308213
           16384     512 1342077 3376081  4909654  5121513 5166953 3694236 4489765  5653222  4686333  2782186  2236102 5699169  4848685
           16384    1024 1276701 3289302  4629505  4886612 5246239 3676056 3972957  4172198  5997088  1772179  1871812 5503367  5567122
           16384    2048  870375 2249645  5309472  5426876 3928891 2072122 3157947  2771750  2982123  1794532  1767621 5155324  5266745
           16384    4096 1289881 1989515  2729367  3059664 3280039 2322325 2636687  2600566  1426431  1753996  1352484 4291264  4424435
           16384    8192 1077972 2762835  3027315  4398382 3998152 2760061 2796793  2821945  2751772  1906871  3455878 3482322  3438242
           16384   16384  966548 2118434  3212570  3245648 2767174 1997554 4245663  2808337  3454315  2360779  2766172 3069779  3488864
           32768      64 1110404 3144134  6058100  4771886 6003587 3608097 4008274  7293200  6191834  3271903  3611226 5458517  6451683
           32768     128  882303 3565230  4748311  6097610 6170983 3525358 5680984  8216688  5606136  3169073  3743624 5052195  5456783
           32768     256  574431 2804029  4740123  5168470 5279249 3836954 4276018  7720940  5353483  3196566  2885505 4793355  5428763
           32768     512  726852 2025366  3255627  4211809 4577818 2438642 5529673  7075799  5411662  2748734  3398857 5035167  5210401
           32768    1024 1000853 2759662  5978516  6125875 5070087 3898667 4790014  6819503  2997394  1161451  1826120 3742299  4048417
           32768    2048 1101707 2361136  3178528  3544359 4593270 2422779 4626825  2058677  2767776  1515283  1430794 3018924  2949915
           32768    4096 1112588 2358786  4256155  2731797 2826577 1830937 2649435  2338876  2697218  1631791  1576915 2158484  3125828
           32768    8192 1139949 1965806  2621039  3010064 3158949 2382791 4087792  2671217  2669038  1926863  1931032 3428276  3392816
           32768   16384 1134744 2234895  4143620  3304948 3114565 2448460 2533866  1993550  2701141  1961569  2499853 2536063  4333316
           65536      64  977493  122555  5905789  4553612 5112028 3240193 5758920  8045174  4969696  3008180  3458897 4829807  5200819
           65536     128 1113006 3518536  4631800  6121483 5533213 3667786 4778756  8430077  4941287  2920634  3539057 4020163  4361216
           65536     256 1244485 3025263  5314340  5242879 5251694 3196559 5409938  5246281  3485608  2576397  2621009 4770793  5054035
           65536     512  844155 3577704  5406426  5044389 4704654 3097466 2963170  3019514  3781623  2845297  3271273 5645260  4239861
           65536    1024 1331303 2420982  5291526  5194235 5144077 2869205 4409277  6509405  5296726  1407134  1817617 1806045  4701676
           65536    2048 1240251 2777167  4821336  4812473 3836087 2038944 4763518  3305894  2786626  1331948  2159906 3266025  4758241
           65536    4096 1204681 1502534  4286206  3513813 3683663 2260178 3892583  2797090  2666211  1481911  1616417 2696076  2729974
           65536    8192 1126785 1908214  2655445  2844060 3181353 1711165 3598122  1748555  2598045  1422153  2076559 2663189  2957272
           65536   16384 1154741 1867227  3422420  2684805 3390381 2133883 4137122  2777419  4131898  2326854  2366601 4005343  4080983
          131072      64  868107 1760442  6263252  6234415 5834202 3100538 5682946  8354341  5387290  2972829  1620953 6012478  5322923
          131072     128 1302177 2269684  5727708  6080777 5719961 2930424 2255891  5583952  4598819  2602027  2661897 2428745  5989160
          131072     256 1349382 3076438  5413283  5469999 5186042 3194549 5252738  7484272  5324624  2759225  2543896 4880523  5552034
          131072     512 1195956 2990390  4356302  5640210 5618938 3249843 4482942  6927383  5669935  2813492  2729416 1094664  5192998
          131072    1024 1078949 2931330  5243319  5739968 5544698 3114749 4003791  6270182  5464291  2446144  2240044 5361703  5688650
          131072    2048 1163224 2463242  4577834  4927902 4781574 2473193 4487699  3897711  4620270  1927758  1645001 4688356  4808760
          131072    4096 1133379 2304526  3678285  3500184 3600474 2246966 1579255  2836690  3582759  1813820  1821379 3974038  4068142
          131072    8192 1151176 2229913  3972832  4129410 4055687 2330008 4066126  2773185  3206979  1845618  1644917 3953206  4039684
          131072   16384 1160307 2231081  3565240  3960953 4142072 2282927 4042446  2917624  3975619  2014659  1817543 2242228  4173739
          262144      64  120335   85462  5737446  6201635 5628424   80133 3054794  8020082  5649507   104607   110682 2398324  4726037
          262144     128  110937   78867  5246242  5674992 5159003   68131 2341933  7799348  5254214   110472    90740  389362  4208047
          262144     256   97782  113173  4785378  5552842 5555310   93786 5069892  6034217  5482486   109005    90757 5238368  5375091
          262144     512   96574   84448  5019780  5514161 5667591   81310 2983718  6462476  4921413    88674   112301 5054649  5647969
          262144    1024  110544  106750  4707623  4542276 4381103  110927 1031007  6540359  5482924   110364   112793 4877184  5411174
          262144    2048  112752  116648  4395799  4735338 4233387  110001 4278025  3518664  4655282   117951   103348 1456793  4760618
          262144    4096  113141   52206  3978810  4018817 4016865  117072 3681324  2667754  4113479   115422   119398 3830786  4130539
          262144    8192  110994  107001  3905947  4042681 3841399  119845 3788965  2708431  4073399   120745    84970 3793855  4043439
          262144   16384  105042   87421  3785899  2612294 2839883  124025 1493358  2581990  3615984   118939   120855 3586543  4017599
          524288      64   37793   58581  5542273  5602195 5865832   15956 1125550  8280645  5783329    74007    72245 5657702  6133463
          524288     128   63489   51857  5215963  5841974 5758115   24333 5373171  2154327  5550778    62610    51638 5550905  5778755
          524288     256   59717   63893  5303172  5598430 5670438   38774 3222046  7368472  4455957    48805    32555  949742  5469134
          524288     512   49231   51362  5487696  5619504 5707333   34199 5158287  6719071  5721039    55919    48590 4915877  5570069
          524288    1024   52843   56233  5294821  5532039 5571551   37391 4276592  6911520  4560530    75616    55940 5232047  5281380
          524288    2048   61743   66424  3769221  3960835 3254606   59392 4497579  3487884  4729704    65104    45791 4574895  4747215
          524288    4096   72945   34280  4034477  2638471 2860180   41613 3738901  2770420  4074039    72772    41648 1549172  3230884
          524288    8192   53109   36689  3327589  3626328 3978996   34500 3911775  2758783  3788677    75413    67009 2567762  3976333
          524288   16384   68021   67646  3937784  4130786 4043460   71868 3918620  2840668  4049872    76148    74340 4087435  3966379

iozone test complete.
