	Iozone: Performance Test of File I/O
	        Version $Revision: 3.420 $
		Compiled for 64 bit mode.
		Build: linux-AMD64 

	Contributors:William Norcott, Don Capps, Isom Crawford, Kirby Collins
	             Al Slater, Scott Rhine, Mike Wisner, Ken Goss
	             Steve Landherr, Brad Smith, Mark Kelly, Dr. Alain CYR,
	             Randy Dunlap, Mark Montague, Dan Million, Gavin Brebner,
	             Jean-Marc Zucconi, Jeff Blomberg, Benny Halevy, Dave Boone,
	             Erik Habbinga, Kris Strecker, Walter Wong, Joshua Root,
	             Fabrice Bacchella, Zhenghua Xue, Qin Li, Darren Sawyer,
	             Vangel Bojaxhi, Ben England, Vikentsi Lapa.

	Run began: Sun Oct  6 05:11:42 2013

	Auto Mode
	Command line used: iozone -a
	Output is in Kbytes/sec
	Time Resolution = 0.000001 seconds.
	Processor cache size set to 1024 Kbytes.
	Processor cache line size set to 32 bytes.
	File stride size set to 17 * record size.
                                                            random  random    bkwd   record   stride                                   
              KB  reclen   write rewrite    read    reread    read   write    read  rewrite     read   fwrite frewrite   fread  freread
              64       4  582535 1879725  4897948 12310336 9006179 4018152 4274062  3738358 10402178  3541098  2379626 4643754 12902017
              64       8  746056  503814  6421025 2273779112902017 4897948 4988978  5735102 12902017  4564786  3203069 5283570 12902017
              64      16  789967 3363612  5860307 1597288516983463 4564786 4564786  4018152  7940539  3203069  3203069 5283570 12902017
              64      32  799377 3203069  7100397 1290201712902017 4897948 4564786  4274062   645579   201255    21227 4897948 12902017
              64      64 1105556 3588436 12902017 2096219112310336 4897948 4274062  5389653  6271021  1780008  3541098 5389653 10821524
             128       4  780556 2367096  5847904 11720614 8036304 3657016 4759253  3759450  3867787  3380677  2558895 5603747  9795896
             128       8 1152564 3445772  6114306 1588107812842051 5325799 5545860  6330599 15881078  4759253  3982553 6406138 15881078
             128      16 1076312 3657016  6045455 1172061412842051 5325799 4934216  6406138  8548124  2969325  2905056 5545860 10567140
             128      32 1048974 3359523  7582312 18637664 9129573 5379161 4759253  6114306 10779307  5325799  3759450 5545860 11720614
             128      64 1102844 3657016  9129573 1801235914200794 5545860 4557257  6406138  9129573  4135958  6114306 5784891 15881078
             128     128 1240443 3982553 14200794 1588107814200794 5847904 5545860  5847904  6114306  5545860  4267461 6114306 15881078
             256       4  852984 3043436  1911233  2943325 2943325 1148625 4734192  5569035  9114515  3756894  1942349 5117791 11695808
             256       8 1226004 2880164  5022044 12090911 2458168 3052087 5022044  6554972  9868433  3410808  3285566 5810112 13454450
             256      16 1094754 3326279  5217259  9868433 9114515 3410808 3499745  2533571  9434868  4197489  3159869 4264168  7518900
             256      32  669913 2943325  5687020 1516462414353744 6107548 4350555  5428265  9192546  4572895  3410808 4652146  9868433
             256      64 1260547 4264168  7735574 1583556913454450 6073004 5117791  6719046 11569783  3410808  4819184 6073004 14953435
             256     128  688381 2639446  7735574 1435374412812277 4070199 5242734  6249745  7314033  4197489  3159869 5810112 14164395
             256     256 1241598 3454704 11091721 1266119912661199 3935921 5320671  5347168  5687020  5569035  4132864 5971678 13454450
             512       4  934173 2826358  5624545 11877300 9814569 1434711 4061007  5439343  9145790  4123387  3366987 5384786 11374040
             512       8 1270094 2695115  6319739 14240069 7410080 4701087 5870558  6571132 10235583  3415178  3325278 5115422 13872122
             512      16 1293037 4030519  2244430  5127637 4961773 2141475 5684095  6571132  5807059  4030519  4061007 5278892 13783088
             512      32 1221684 2995907  6736026 1462806713872122 5699180 5019764  7211022 10044089  4827914  3877684 6174377 14240069
             512      64 1245780 3346002  7022379 1462806713872122 5760329 6246213  7540170  6319739  1459080  2691737 6104175 14146265
             512     128 1204552 2891043  7022379  775809013109944 5760329 4457157  7022379 10434519  4447925  1695195 5331314 13438092
             512     256 1326585 3346002  7988981 1214600911683444 5699180 5624545  6156675  7988981  4262523  4620174 5822804 12797441
             512     512 1316016 3762197 12499490 1310994412797441 1325766 5822804  5495016  5807059  5384786  4411377 5699180 13109944
            1024       4 1145383 3003881  5690162 10134284 9485232 3696803 5194651  5417427  8750850  3966517  2782064 5120336 11398360
            1024       8  605880 3458646  5720477  5751117 7927135 2835325 5821271  6918376 11773301  4715569  3631168 3696803  4356809
            1024      16 1391395 3908759  6364746 1087868612639479 5120336 4249053  6874084  5363307  2035716  2598591 4736370 13305116
            1024      32  660276 3461434  4282950  8391792 7826025 2547723 5284125  6874084  4232305  2182617  2861774 6059442 13305116
            1024      64 1247519 3121783  6290174 13305116 9655828 5564829 6059442  7811791 15295157  4550690  3659010 5690162 13142265
            1024     128 1448650 3271594  6364746 1364323213472053 5593820 5690162  7319232 12492426  3324778  3472628 4339202 10906310
            1024     256 1259592 3483896  5917516 1217374711645609 5219904 5336651  6364746  6776473  2783867  3894582 4805258 11132462
            1024     512  727861 2132761  7590887 1087868611278631 2934110 5303701  5917516  7755368  4634161  4182843 5536137 12037272
            1024    1024 1015885 1430318 10134284  976560110557785 4634161 4162573  4926518  5144870  4614246  3335105 5144870  9402175
            2048       4 1096241 2458618  5184636  8987113 5172149 2876923 4481379  5420181  4875642  3282603  3002627 4071433  8357547
            2048       8 1300361 2876923  4423683  5332694 9932791 3261415 4509611  7311791  6225466  3205431  3307884 5785224  9400176
            2048      16 1174321 2211731  4591569  853186910240672 4021870 5251194  7088541  3052781  1793378  3341339 4785996  4284671
            2048      32 1203273  634092  3819776  4550221 2901215 2441150 5362657  5848244  3494960  2072957  2998435 5884299  8325147
            2048      64 1331606 3476572  6062888 1019206911246230 4923146 5475461  6895083  5447681  4120256  3513544 6024617 11706006
            2048     128 1416357 2914009  4367454 10096235 8977721 4394265 4358590  7698414 14321195  3612546  3612546 5521212  9752360
            2048     256 1447382 3379461   802512  2646472 3573472  500759 3977179  3669648  9525260  1546675  3477979 4423683  2585923
            2048     512  529464 1756702   904603  5970183 8758039 4312636 4481379  4162181  9062970  2968386  2531808 3548378  2844532
            2048    1024 1183055 2370418  7582884 1101548010192069 4257067 5083385  5735012  7969835  4923146  5172149 5689430  9887060
            2048    2048  979489 1858566  6207471  4164199 5582208 3089009 3862718  3946119  4367454  3006831  2334979 5319484  5264067
            4096       4 1269685 2458549  4390677  3733288 4869845 2213956 4824714  5689064  5696610  3330202  2739658 4864330  5468151
            4096       8 1141230 2854365  5151685  4526013 4664886 2534724 5851841  7625987  4526013  3225172  2357991 4757904  5325760
            4096      16 1284494 2955520  4954103  7351860 9062041 3379332 5026578  5252488  4530788  3424463  2664865 4008550  5312585
            4096      32 1294561 3127134  6015769  5025108 9042961 4686519 6263611  5918366  5746149  4218190  3976080 4511750  6032669
            4096      64 1295341 3075079  6234064  5312585 6793669 4376138 4910209  8013724  4959824  3114661  2577699 4063542  5649775
            4096     128 1235979 3070682  5397712  7123239 6839648 3011473 4545172  7076294  4601168  3100608  3977000 5996870  7249484
            4096     256 1300736 3915366  5057654  5447345 5299475 3136268 4137927  7173805 13046624  3882626  3778448 3886139  5375755
            4096     512 1183446 2862450  5497899  5549401 8292220 4659824 5454263  6953144 11539362  4180214  3170416 5107271  6522830
            4096    1024 1121854 3558525  4399673  4091608 4546375 3504089 3968731  3133979  9242423  1924957  3330202 5649775  5527974
            4096    2048 1050769 2061220  4352854  4149921 5032468 2700046 4612286  4192455  5165626  2536221  4083827 3730046  4004812
            4096    4096 1276857 1825353  2842558  3693161 3984379 2382517 4140919  2712408  4035859  2811391  2457143 4617244  4104315
            8192       4 1086618 2988633  4578974  4343942 3910378 2205119 4128880  4875931  3888253  2549546  2368198 5126172  4543252
            8192       8 1246100 2664825  5374750  5184962 5851647 2424342 4299909  7224798  4902367  2985257  2822895 4483963  4818493
            8192      16 1260870 2725058  5432536  4203126 6182248 3465148 5442863  7097937  4452585  2975692  3133924 5149219  5534924
            8192      32 1507547 3842595  6006101  5961293 5802240 3386595 5748846  6879094  5657036  3472853  2989933 4583861  4478702
            8192      64  518287 3877284  5472336  5889763 6054786 3368335 5789530  8543361  6409435  3376611  2936276 5765244  6399884
            8192     128 1275047 2623119  1557078  3610427 3441891 3029744 5932474  8273861  6263389  3770075  2920552 5261984  5748846
            8192     256 1344708 2849348  5761377  5910025 5736369 3607016 5191229  7432659  4209820  3441891  3129072 4715983  5241116
            8192     512 1409294 3007204  4553488  5158495 5901904 3934558 5302587  6370221 11088058  2779732  2918320 4442798  4295608
            8192    1024 1411436 2287628  5261179  5534924 5329730 3597574 4164914  5642173  9319649  2085086  3026275 4047176  4571664
            8192    2048 1352223 2141086  4576535  3092461 3172701 2287019 2908931  2823823  6019780  2565728  2638225 3730372  3354524
            8192    4096 1304677 1822043  3990304  2824752 2972602 2334569 3912159  2736125  2786269  2314752  2975692 3449493  4112571
            8192    8192 1023744 2065036  3811901  4226911 4399563 2586004 4306915  2588342  4177574  2540122  2205685 3452266  2694711
           16384       4 1038014 2469010  4333206  5331717 4740972 2468566 4834359  5595681  4219593  2317782  2640943 4769600  4302549
           16384       8 1245463 1324922  4915976  5986118 4882098 2862261 4078596  7373488  4162595  2771303  2892622 5992382  4379601
           16384      16 1219061 2727958  4617684  6023899 5824767 3188275 4333206  7189127  4820455  2856312  3261050 6306387  5921129
           16384      32 1271645 3497031  4374861  5126480 5454010 3064166 5140669  7310733  6095499  2973992  3109505 5520166  6104162
           16384      64 1398789 3543189  5158807  5266745 5653687 3136328 4360703  7485124  5822300  3278787  3435491 5232657  5726715
           16384     128 1284721 3666836  4542293  4641387 4538393 3295928 3514378  6217941  4952824  2839553  2930492 4282439  4455994
           16384     256 1345388 1029415  4496228  5708638 5714809 3364181 4578915  5917050  5285379  3271607  2788282 4998214  5580232
           16384     512 1050984 3120803  4923019  5123422 5678917 4054532 5454010  7113960  4076660  2157813  2743423 5760801  5736755
           16384    1024 1294864 3197473  4975415  5089650 5938526 3644859 5634219  6641612  7772108  1953045  1904704 4548607  3609442
           16384    2048 1081025 2788735  4828584  5066386 5123422 2218918 4062682  3727905  3186206  1859453  2300479 2736104  3213772
           16384    4096 1066314 1875439  4324208  3996292 4275512 2365574 4248025  2717924  3657079  2433339  1851687 2720183  2697758
           16384    8192 1087199 2381395  3416193  3556392 3379567 2486970 1241212  2225818  2748140  1848152  2388348 3729523  3640033
           16384   16384 1102938 2555215  3488864  3301946 3268961 2450870 4131065  2692895  3183254  2512429  2102168 3232214  2221213
           32768      64  763699 3234405  5820279  5537024 5744621 3258870 5102463  7688115  5468725  3250776  2807408 5308202  5637178
           32768     128 1302741 2835324  4200481  5940530 4415595 3021778 4878253  7805569  5646674  3205363  2875183 5575660  5717616
           32768     256 1285980 3110688  4397792  3378471 3901876 2244678 4843014  6859666  5551114  3257556  2736639 5672075  5552010
           32768     512 1281795 2995500  5493425  4450338 4461173 3443825 4466827  6658926  5629097  3342321  2617645 4554909  4459436
           32768    1024 1314981 1025152  4282814  4506667 4926161 3155033 4311025  4391890  4380132  1904990  1795301 4241183  5973060
           32768    2048 1167906 2095399  3140183  3156192 3291572 2255804 2931480  3401297  3191296  2090332  2389710 3791648  3779969
           32768    4096 1212509 1992943  4268316  2787084 2767832 2070899 2721789  2863084  2804544  1839760  2268800 2876446  4258397
           32768    8192 1143887 2708327  2807179  2793769 2844242 2129588 2724973  2189187  4422130  2376405  2509621 3059038  3710975
           32768   16384 1284166 2288292  4341940  3202226 3552054 2609098 2743029  2930667  3247550  1909118  2460999 1922551  3506828
           65536      64 1320279 3051899  5982915  6091233 6104354 3611406 5376184  8364407  5937297  3299743  3408543 6131724  5387248
           65536     128 1355929 3396539  1696643  2952888 3788816 2167280 3155642  7567639  3285152  1467833  3034749 5492855  5937810
           65536     256 1435770 3410657  5688956  5157880 4841206 3301249 3677847  4318122  5552998  2297180  2772489 5413027  5722116
           65536     512 1423796 3186775  5668309  5036533 4159975 2752693 5474477  6210834  4678071  2160262  3307724 4961443  4104443
           65536    1024 1250497 1867227  4139739  4301971 3910692 2125106 4173428  7135829  4749608  1414644  3005548 5628268  4269430
           65536    2048 1214528 2354620  4857031  5061107 3552504 1819433 4782913  3873931  2962723  2053199  2077406 2999481  3577518
           65536    4096 1166264 2647491  3104814  4152309 4015934 2696076 2825932  1850620  2752803  1545110  1803556 2910645  2972816
           65536    8192 1229472 1886850  3210335  3460377 3403394 1849935 3086060  1703466  3260176  1211520  2147671 2780847  4326686
           65536   16384 1235335 1870047  4164702  4183082 4342133 2599913 4098263  2148863  2740016  1786547  1799648 3889113  2828375
          131072      64 1283232  961919  4057453  5599479 6065949 3050456 5642815  8046093  5963239  2963885  2344756 6054125  6057527
          131072     128 1354539 2623271  5430984  4934935 5856141 2707705 3253304  4930288  5335321  2701067  2132987 5621523  5890589
          131072     256 1177805 1828108  5350275  5349234 5362592 2382992 4238515  5675613  4550175  2438365  2393043 5217839  5591335
          131072     512 1153234 1879302  5590596  5573027 5644553 3163009 5550352  7365648  4485246  1381595  2512781 4480640  5375123
          131072    1024 1077488  372498  5373337  5500539 5669701 3080420 1108075  6535623  5606160  2503854  2448203 3798313  5687650
          131072    2048 1229785 2574729  4648751  4339110 4961838 2409056 3035198  3647365  4796760  1838624  1791115 4281027  4731491
          131072    4096 1145504 2144996  4103671  4051921 4053056 2187562 4108701  2914191  4159434  1694926  1750782 3862657  3857805
          131072    8192 1173323 2295116  2228892  4118119 3968645 2337568 4006359  2793633  3078315  1822339  1922580 3913303  4039832
          131072   16384 1172442 2269291  3552660  3736358 3655004 2187335 2265214  1684059  3548418  1703756  1428609 4009310  4078918
          262144      64  119454  115533  5499020  6033488 5725048   20292 1959575  8267700  5911072    77845    90708 3849563  4588069
          262144     128   94824   93953  5348448  5756098 5541005   88510 2702679  8282585  5424147    96373   100125 2694407  5136637
          262144     256  111499   86879  5352171  5550151 5411626  100330 4793013  7207511  5441812   122189   105381 5083346  5434066
          262144     512   90682   91022  5069518  4919761 3456270   78617 4227934  5782374  4485846    93458    92219 4048054  5569606
          262144    1024   79056  162738  4824941  5313554 5128515   99175 4540156  5826066  5163558   109162   104194 4897977  5529857
          262144    2048  114808   80271  4413709  4855946 4939032  109050 4298076  3716351  4806108   118704    85279 4194899  4854960
          262144    4096  105788   68443  2962407  3840152 3830506  103725 2956496  1858398  3183365    81122   102446 3528001  4023877
          262144    8192  114508  152949  3830106  3257900 3817671   85967 2869320  2059227  3945882    89753    99888 3588943  3469992
          262144   16384   92066   95741  3890013  3710619 3559271  116089 1482337  2762204  4060162   126887   125955  982084  4090311
          524288      64   32381   79969  5811667  5987487 5509309   14308 3795615  8398417  5971942    78627    79978 5268953  5394631
          524288     128   76033   68198  4204393  6007935 5699582   16062 5249871  8055301  5846603    73368    66441 5494181  5686671
          524288     256   58246   46057  5091701  5716993 5580855   18154 5213997  4472870  4144378    45965    40327 5300386  5542147
          524288     512   73423   39673  4972333  5453888 5629459   57976 5298943  6917912  5323689    76844    55102  223489  5541798
          524288    1024   69534   58433  5154732  5388695 5385317   31839 4910443  6811499  5493605    41293    66987 3174078  5128668
          524288    2048   72684   71672  4800733  4748127 4792531   48064 1252311  3247934  2821424    57427    41898 4524284  4986958
          524288    4096   57263   47946  3556812  3931138 3712109   75387 3515215  2636893  3677586    57203    46720 2166506  3402413
          524288    8192   70395   40229  3840828  4097534 3073666   33948 4004917  2733971  3443734    74442    42649  965114  3776853
          524288   16384   71628   64690  1342926  2876056 3345703   82383 3435609  2379591  2345512    92189    86266 4018831  4190988

iozone test complete.
