	Iozone: Performance Test of File I/O
	        Version $Revision: 3.420 $
		Compiled for 64 bit mode.
		Build: linux-AMD64 

	Contributors:William Norcott, Don Capps, Isom Crawford, Kirby Collins
	             Al Slater, Scott Rhine, Mike Wisner, Ken Goss
	             Steve Landherr, Brad Smith, Mark Kelly, Dr. Alain CYR,
	             Randy Dunlap, Mark Montague, Dan Million, Gavin Brebner,
	             Jean-Marc Zucconi, Jeff Blomberg, Benny Halevy, Dave Boone,
	             Erik Habbinga, Kris Strecker, Walter Wong, Joshua Root,
	             Fabrice Bacchella, Zhenghua Xue, Qin Li, Darren Sawyer,
	             Vangel Bojaxhi, Ben England, Vikentsi Lapa.

	Run began: Sun Oct  6 03:23:08 2013

	Auto Mode
	Command line used: iozone -a
	Output is in Kbytes/sec
	Time Resolution = 0.000001 seconds.
	Processor cache size set to 1024 Kbytes.
	Processor cache line size set to 32 bytes.
	File stride size set to 17 * record size.
                                                            random  random    bkwd   record   stride                                   
              KB  reclen   write rewrite    read    reread    read   write    read  rewrite     read   fwrite frewrite   fread  freread
              64       4  666414 1484662  4988978 1597288510402178 4274062 4564786  3738358  4564786  3057153  2772930 2801873 10402178
              64       8  695778 1648808  6421025 2273779112902017 4897948 3203069  5860307  5860307  2923952  1599680 3541098 12902017
              64      16  645579 1526887  6271021 1290201710402178 4988978 3363612  5389653  4274062  3363612  3363612 3738358 10402178
              64      32  752329 1492919  7293312 1290201710821524 5389653 2772930  4274062  4018152  4018152  2358717 3791156 12310336
              64      64  789967 1562436 15972885 3048429715972885 5860307 3165299  5860307  4018152  4274062  1599680 3738358 12902017
             128       4  870405 2511022  5847904 11470204 9129573 4267461 4934216  4104338  8036304  2969325  2608629 5325799 10779307
             128       8  927549 3536566  4889281 1636517314200794 5545860 1377278  6406138  5325799  4557257  2464907 3895854 14200794
             128      16 1185654 2464907  5122535 1172061412842051 5325799 4596273  6406138  4135958  5122535  2166499 2035099 11720614
             128      32  927549 2326073  4444086 1863766416365173 6330599 3277486  6727225  4557257  4557257  2367096 3785961 11720614
             128      64  992724 2286447  5074121 1588107814200794 6727225 5325799  6727225  4104338  4267461  5847904 4012317 12842051
             128     128 1254941 2784517 11720614 1588107815881078 6406138 4012317  6114306  4267461  5545860  2621367 4407601 15881078
             256       4  969251 2187712  5117791 1281227710651598 4652146 5117791  5810112  5428265  4332998  3197509 5687020 12090911
             256       8 1076103 2672291  6554972 1516462413625180 5687020 5841722  7120034  4929815  5022044  3123106 5971678 14953435
             256      16 1185399 2812272  5428265 1607260814353744 5938650 4332998  7073132  5938650  5117791  3756894 6073004 15164624
             256      32 1142514 2783115  5455847 1516462414953435 6398720 5971678  7518900  5717301  5569035  3935921 4652146 14164395
             256      64 1158540 3043436  6554972 1607260814353744 6761355 6398720  7518900  6107548  5687020  4572895 5217259 14953435
             256     128 1093639 3087188  7965107 1516462414164395 6073004 6107548  7120034  6936061  4652146  6595234 6398720 14164395
             256     256 1339154 3326279 12812277 1345445013454450 6249745 5810112  6249745  6249745  6249745  3823789 5810112 14164395
             512       4  115444 2845081  5886650 12146009 9859630 4411377 5453155  6035551  5684095  4375425  3527371 5699180 11374040
             512       8 1248678 3029721  6571132 1424006912797441 5384786 5886650  7334159  6821616  5019764  4030519 6174377  6228097
             512      16 1306409 3163620  6472112 1424006913109944 5951911 6395018  7540170  6472112  5398323  4532414 4973263 13783088
             512      32 1257451 3610395  6931711 1514384613872122 6472112 6472112  7871843  7620440  5439343  4784885 6174377 14628067
             512      64 1329871 3795443  6736026 1558341714628067 6491676 6246213  4871723  7540170  5684095  3905895 6246213 15143846
             512     128 1040545 3788747  6909408 1462806713783088 6652558 5760329  7871843  9304292  5951911  5227492 6472112 14240069
             512     256 1368865 4228947  8109658 1310994413109944 6156675 5439343  6571132  7211022  2681653  6571132 5870558  8955098
             512     512 1391032 2497638 13109944 1310994412797441 6246213 5886650  5067142  6086873  6246213  5019764 6246213 13522711
            1024       4 1177088 3012308  5983467 11936907 9743447 4232305 5120336  5950309  6863100  4300102  3271594 5417427 11132462
            1024       8 1345623 3684119  6402699 1386342212348754 5251818 6059442  7319232  8061038  5144870  4282950 6441107 13998981
            1024      16 1360111 3655895  6479979 1404475812983353 5885083 5782087  7644933  7631350  5330028  4550690 6650556 13643232
            1024      32 1363133 4162573  6441107 1461839313818817 6441107 6609617  8199542  8391792  5660167  4679604 6692005 14230902
            1024      64 1408275 4146499  7008693 1508034114422045 6650556 5782087  8391792  9765601  5472650  4550690 5821271 14618393
            1024     128 1374474 4270175  2875184 1368670913818817 6402699 6244448  8122014  9485232  5690162  4720752 6317933 13998981
            1024     256 1385560 4232305  6974549  938163712790037 6244448 5925680  7020149  9142007  5507740  5120336 1432225 10039528
            1024     512 1505523 4374559  8326715 1314226513142265 6128613 5991815  6609617  8262639  5018624  6290174 6093831 12944224
            1024    1024 1479591 4356809 12313351 1347205313305116 5950309 6059442  6317933  6163794  6244448  5018624 6059442 12456195
            2048       4 1245675 3136379  5888333 10240672 9708272 3862718 5071381  5820505  7286980  3757946  3459769 5704543  9483197
            2048       8 1374432 3821475  6132138 1177016612488897 4764758 6149699  7451329  8793903  4720248  3977179 6420913  7419150
            2048      16 1482862 4061807  6132138 1040188313301113 5489457 6003564  6738230  9062970  5184636  4301837 6202989 11983630
            2048      32 1458688 4330028  6786139 1258034911001372 6110328 6132138  8067138 11072275  5447681  4631177 5430461 12187663
            2048      64 1480817 4196751  6378005 1303864614539356 6401772 6225466  8456277  9567698  5349298  4170264 6440169 12635867
            2048     128 1515833 4215286  6321679 1198363013836752 6543188 6132138  8357547 10660056  5251194  4423683 5769681 12118884
            2048     256 1446407 4432815  6416117  890327912050878 5416763 5852228  7159438  8830061  4301837  4572018 5953632 10503637
            2048     512 1517976 4481379  6895083  812820611706006 5836323 5991003  6917293 10289741  5135046  4829046 5937172  7213548
            2048    1024 1486197 3937075  7419150 1144095511015480 5389574 5769681  6359119  6649556  3915540  5389574 5800851  9796850
            2048    2048 1446407 3649381  6873016  7112016 6759439 4282535 4611288  4338776  5376082  4248644  3999400 5433896  6867521
            4096       4 1190004 2961635  5746149  6142675 7225093 2856263 5151685  6041154  6339889  3630721  3427880 5580043  6727163
            4096       8 1364368 3699523  6302675  7742845 7697744 3726809 6058196  7161842  7380284  4240052  3647681 5996870  7476641
            4096      16 1484631 3882626  6086096  6149271 8712759 4043458 5969780  7816828  7499487  3901141  4125010 6140479  7788478
            4096      32 1456191 4271680  6225028  8013724 9823772 4456740 6361016  6975730  7599002  4380601  4230655 6451792  7831080
            4096      64 1513670 4280194  6449370  7802627 9353122 4977067 6151473  6883496  7954358  4307020  4120064 6420447  7859742
            4096     128 1526718 4095510  5625724  7555557 9105266 4904602 4112175  8256354  7351860  4452120  3973321 5402804  7326777
            4096     256 1493797 4280194  5978090  5713661 7906767 4842392 5572803  7326777 11222762  4196552  4108241 5506711  6883496
            4096     512 1504129 4100397  6225028  7289472 7639552 4740836 5810280  6978564 10860922  4218190  3410865 4969868  5483860
            4096    1024 1386613 3248345  6186918  5808315 6077484 3938705 5339001  6195843  9307517  3571100  3447830 5382492  4729091
            4096    2048 1275624 2714122  5036894  4535572 4842392 2892815 4623457  3407483  4725189  2661150  3543844 4586428  4735608
            4096    4096 1166650 2477696  4196552  4188367 4171080 2644356 3634562  2799480  4171080  2736168  2820623 4031124  3988078
            8192       4 1157875 2700853  5221205  5299316 4662231 1980753 4956108  5830794  4876623  2628135  2762968 5422249  5302587
            8192       8 1322148 3334341  5880691  6385612 5712526 2998544 5560902  7006749  5638469  3475663  3417585 6059057  5834754
            8192      16 1403709 3493332  6311712  6081578 6384425 2428798 5966469  7728574  6233844  3588182  3652258 6104267  6032463
            8192      32 1442728 3871168  5867636  6365501 6104267 3657312 6192276  8030217  6336155  3822503  3763056 6018726  5931450
            8192      64 1465996 1953722  4844308  3026275 5838720 3555875 5740202  7515572  5940679  3466896  3466546 6010303  6425016
            8192     128 1466559 3875097  6104267  5863631 6234975 4003788 5565406  7656244  5974769  3691497  3548164 5961293  5716328
            8192     256 1443758 3998198  5539386  5958192 5911041 4092001 5535816  7502444  6094523  3708630  3611945 5440277  5838720
            8192     512 1449912 3834875  5697371  5642173 6168929 3828039 5761377  7167528 12356037  3640649  3568061 5520695  5825851
            8192    1024 1440973 3629879  5936574  5948908 6131500 4065372 5712526  7025373 10356163  2620519  2541813 5696426  5519808
            8192    2048 1255663 2973374  5396699  5371390 5319828 2922540 5081444  3822503  6122759  2773002  2856217 4268923  4449702
            8192    4096 1061114 2377868  4508675  4266273 4255705 2829637 4128880  2736997  3964979  2543318  2615731 3188896  3494753
            8192    8192 1153173 2426568  3820802  3460959 3775046 2561520 4051471  2889605  4325349  2829637  2888633 4233160  4289173
           16384       4 1183822 2642161  5366275  5704846 4683777 2441379 5222715  5870045  5086636  2936126  2795428 5533055  5407233
           16384       8 1266349 3248870  6223008  6365386 5507336 2907554 5758869  7468042  4162595  2802153  3318049 5383933  5227880
           16384      16 1392723 3495607  6106874  6415302 5586129 3265078 5940580  7526113  5828720  3250868  3314688 6168821  6212881
           16384      32 1418159 3708391  6232038  6282173 5793340 3287257 6113394  8216292  6239394  3378737  3663708 6150051  6417699
           16384      64 1389288 3478620  6343059  6284471 6001802 3717820 6041375  8393930  6286771  3524110  3005732 6086321  6267848
           16384     128 1440726 3776043  6075022  5940580 5789435 3867857 5828720  8257760  5912468  3636180  3672716 5997088  5830698
           16384     256  547575 3801317  5750677  5728625 5762733 4059561 5640230  7173368  5678917  3292612  3301946 5753084  5568926
           16384     512 1399017 3760339  5882607  5783101 5931862 4092928 5712909  6956957  5828225  3282703  3515817 5148758  5096067
           16384    1024 1287127 3614378  5123422  4045461 5841105 3720236 4793555  4880712  8701084  2421848  2627714 5204520  5490615
           16384    2048 1293937 2742109  5178244  5290262 5134524 3311972 4909654  3910335  6499029  2373499  2160052 4933623  5160357
           16384    4096 1255567 2657591  4176255  4274448 4294751 2675803 4309294  2836037  4387710  2515924  2528049 4285644  4108344
           16384    8192 1249449 2693001  4193585  4269933 4219593 2643381 4193585  2963220  4256708  2574842  3383728 4321760  4263310
           16384   16384 1204615 2608562  4273385  4132059 4343614 2849916 4131065  2757292  4291264  2688575  2869791 4295556  4226860
           32768      64 1381284 3705871  6313863  6245009 6049035 3470434 6132982  8584673  6211703  3352594  3586255 6103296  6079269
           32768     128 1394968 3702178  5997038  5992592 5895680 3660372 5787438  8421088  5799648  3360463  3602517 5786219  6011464
           32768     256 1375065 3736398  5580414  5769217 5690864 3721525 5615757  7203372  5769944  3331465  3463089 5507293  5407404
           32768     512 1391775 3564860  5802832  5697705 5494304 3812474 5723569  6859324  5606136  3199021  3440893 5073269  5817323
           32768    1024 1402985 3511308  5786463  5958816 5632096 3811099 5671139  7074342  5797691  2881754  3198426 5871500  5685920
           32768    2048 1327722 2582574   934998  2967302 3735585 1796193 5196414  4280013  3779865  1761816  2346463 5149878  5008196
           32768    4096 1176765 2724757  2803514  2987556 3870995 2399556 2940637  1872546  4000457  1551881  1592538 3509515  3209330
           32768    8192  820512 2162594  3839204  3825739 3560981 2353011 3860123  1790110  3672304  2144507   941525 4253389  4290032
           32768   16384 1222822 2337047  4141498  4242885 4212455 2655886 4159421  2831643  4223847  2474558  3381297 4208069  4162570
           65536      64 1130380 3608372  6241436  6330120 6022898 3445975 6068104  8235349  6078168  3252731  3555169 6225604  6133503
           65536     128 1384190 3594171  5854095  5916976 5665739 3101556 5961117  7741119  5855591  3318947  3580034 6011307  6100290
           65536     256 1411202 3730202  5735249  5729630 5431961 1714923 5676503  7191463  5637502  3208124  3462164 5447678  5583680
           65536     512 1404331 3617775  5637040  5748202 5710229 3663289 5685897  6709935  5735249  3206590  3520203 5908963  5856714
           65536    1024 1453635 3738268  5993743  6110053 5908328 3794360 5822721  7108701  5919652  3020244  3282210 5860335  5880897
           65536    2048 1327285 3018420  5116024  5244479 5157106 3050307 5121649  4024519  5053292  2108496  2324965 5074749  5184829
           65536    4096 1295049 2723051  4359487  4397778 4398693 2723969 4376980  3030834  4312702  2140863  2259713 4324916  4376632
           65536    8192 1278223 2699862  4338980  4378723 4338364 2657036 4193228  3041532  4264992  2245994  2357669 4312702  4365857
           65536   16384 1289599 2642147  3618013  4347352 4357137 2627423 4313244  3033376  4357414  2496715  2634827 4280933  4368216
          131072      64 1272866 2923163  6142948  6253136 5937605 2948166 4722630  6100954  5335321  2519795  2592566 6295744  4203032
          131072     128 1323970 2650756  5937285  6106579 5957294 3020921 6111738  8243599  5974385  2782900  3195700 6004204  6154157
          131072     256 1333023 1436579  5405034  4547615 4868593 2658871 5269403  6818524  5107033  2310337  2763427 5403015  5416644
          131072     512 1002300 3229017  5696313  5751257 5668473 3075801 5538219  7134329  5701216  2039654  2914840 5832160  5929280
          131072    1024 1320878 3093437  5923594  6028764 5938118 3327360 5841766  7213998  5942098  2606060  2432033 5618134  5277750
          131072    2048 1092550 2454400  4853421  5023821 4952496 2471048 4850766  3787219  4950221  1855698  1727380 1713853  3240991
          131072    4096  935046 2260566  4157735  4253929 4195654 2302865 4140762  2868348  4236882  1223074  1772057 4245651  4304760
          131072    8192 1167430 2246846  4147322  4192710 4032217 2276545 4139982  2818641  4122813  1827604  1941949 4195270  4230329
          131072   16384 1147387 2162802  4201169  4014111 4270253 2169450 4117872  2952473  4243881  2019106  2117582 4225419  4333808
          262144      64  158771  131248  6070966  6333052 5905992  116568 5879778  7981251  6156217   158853   155353 4246139  4085143
          262144     128  158610  162492  5742600  6039785 5801045  130140 5558034  8122701  5870956   157766   161837 5716178  6049222
          262144     256  154369  159433  5501442  5721175 5388684  133235 5414611  6872858  5608556   153538   158130 5515903  5718676
          262144     512  152172  158786  4278425  4886548 5721414  129073 4625709  5171110  5485796   158972   167732 5581792  5708462
          262144    1024  158750  158865  5559327  5807970 5778059  162623 5683323  7000770  5893930   157922   163294 5569719  5773084
          262144    2048  158446  137233  4675553  5021706 4965037  171146 4792491  3877871  4892114   164204   157589 4766418  5028573
          262144    4096  160310  162210  4050440  3781980 4137098  139553 4202707  2958397  4118332   172768   169350 3764061  4056268
          262144    8192  157509  162192  4101250  4117499 3956646  159500 4204314  2777829  4293980   172435   170973 4088273  4180067
          262144   16384  158407  159332  4117546  4226634 4060657  176415 4101189  2883588  4168087   193901   190446 3216292  3588955
          524288      64   64152   89772  6118939  6276184 5828009   30351 5488833  8247013  5983121    89834    88945 6005523  6169531
          524288     128   84513   86631  5833064  5651725 5728923   46273 5694018  8124345  5836780    91862    89955 5860845  6034627
          524288     256   89858   85846  5550540  5591810 5446972   55109 4372208  7124816  5704550    88399    84315 5399903  5597646
          524288     512   89499   86705  5667909  5743722 5729102   61017 5465722  7112947  5699700    75262    83763 5713755  5934487
          524288    1024   90678   88403  5627096  5776447 5746814   64127 5505433  6868968  5726104    91051    86387 5576934  5763563
          524288    2048   90374   87749  4959168  5116853 5061965   87130 4809227  3533959  4880321    92023    86986 4627264  5034937
          524288    4096   89879   86383  4117328  4215281 4219520   90310 4016797  2566907  2827402    92105    89696 4029516  4088621
          524288    8192   89190   85773  3510653  4090149 3959822   90310 4052970  2818069  4082283    89059    93285 3444931  3870655
          524288   16384   85473   86075  4039731  4032457 4001798   91805 4094208  2774009  4117421    93072    94559 3944324  4115933

iozone test complete.
