	Iozone: Performance Test of File I/O
	        Version $Revision: 3.420 $
		Compiled for 64 bit mode.
		Build: linux-AMD64 

	Contributors:William Norcott, Don Capps, Isom Crawford, Kirby Collins
	             Al Slater, Scott Rhine, Mike Wisner, Ken Goss
	             Steve Landherr, Brad Smith, Mark Kelly, Dr. Alain CYR,
	             Randy Dunlap, Mark Montague, Dan Million, Gavin Brebner,
	             Jean-Marc Zucconi, Jeff Blomberg, Benny Halevy, Dave Boone,
	             Erik Habbinga, Kris Strecker, Walter Wong, Joshua Root,
	             Fabrice Bacchella, Zhenghua Xue, Qin Li, Darren Sawyer,
	             Vangel Bojaxhi, Ben England, Vikentsi Lapa.

	Run began: Sun Oct  6 03:23:07 2013

	Auto Mode
	Command line used: iozone -a
	Output is in Kbytes/sec
	Time Resolution = 0.000001 seconds.
	Processor cache size set to 1024 Kbytes.
	Processor cache line size set to 32 bytes.
	File stride size set to 17 * record size.
                                                            random  random    bkwd   record   stride                                   
              KB  reclen   write rewrite    read    reread    read   write    read  rewrite     read   fwrite frewrite   fread  freread
              64       4  551422 1226821  5389653 1597288512902017 4207076 2801873  5389653  4564786  3541098  1304314 2892445 12902017
              64       8  679917 1357066  6421025 1290201710402178 3588436 3203069  5735102  4274062  4207076  3057153 3958892 12902017
              64      16  633392 1526887  7100397 3048429720962191 5389653 3057153  5860307  4564786  3057153  1780008 3738358  4643754
              64      32  754443 1562436  7940539 2273779115972885 5860307 2662899  5735102  4274062  3363612  2358717 4897948 10821524
              64      64  735831 1690338 10821524 3048429715972885 5735102 2801873  5735102  3363612  5860307  1892980 4018152 12902017
             128       4  790905 1778862  4135958 11720614 9795896 4596273 2920861  5603747  3277486  4135958  1939522 3657016 12842051
             128       8  876086 1802755  6406138 1284205112842051 5325799 5603747  5847904  6114306  3867787  2098744 6406138 15881078
             128      16  876086 2132084  4557257 1172061414200794 5847904 5379161  4889281  4934216  4759253  2276751 3895854 15881078
             128      32  971174 3560017  4407601 1863766415881078 6114306 5784891  7082197  6406138  4596273  3053774 5325799 15881078
             128      64  859260 2098744  6114306 1863766415881078 6406138 5325799  7082197  4135958  4012317  3785961 3982553 14200794
             128     128 1123617 3759450 10567140 1801235915881078 6114306 3277486  6114306  4889281  6114306  4267461 5784891 11720614
             256       4  924200 3326279  4929815 1345445010245071 4734192 5347168  5938650  3994490  4332998  3236056 5841722 12228612
             256       8 1286217 2783115  6073004 1607260812812277 5569035 6107548  7120034  5938650  5117791  3197509 5217259 14953435
             256      16 1147398 2588541  5687020 1435374414164395 6073004 5841722  6398720  5320671  5217259  4197489 5810112 15164624
             256      32 1304976 3159869  5841722 1607260814164395 6073004 6398720  7518900  6554972  5455847  4332998 6073004 15164624
             256      64  980760 2975955  6936061 1709624914953435 6554972 5428265  7518900 11569783  5810112  5320671 5687020 15164624
             256     128 1201314 2943325  8271916 1607260813454450 6249745 6107548  6936061  8534922  4197489  6891544 5687020 14953435
             256     256 1340826 4197489 12812277 1345445013454450 5971678 5841722  6107548  5971678  5971678  4350555 6398720 14164395
             512       4 1150351 2753870  5886650 12215097 9814569 4340054 5398323  5822804  5566231  4262523  2739816 5744919 11943357
             512       8 1230786 2991733  6551087 1462806712797441 5509113 5398323  7115451  7115451  4916336  4195896 6472112 14628067
             512      16 1282994 3556580  5886650 1424006913109944 5886650 6104175  7435738  9510316  5278892  4375425 5684095 13872122
             512      32 1339827 4131319  6319739 1503780114240069 6319739 6395018  7758090  7022379  5566231  4650188 5453155 14240069
             512      64 1347393 3634839  6652558 1503780114628067 6491676 5744919  8265729  9859630  5624545  4871723 5164632 15037801
             512     128 1350783 3710197  5870558 1462806713783088 6491676 5822804  7647578  7871843  5822804  5278892 6104175 13872122
             512     256 1422357 4131319  8234036 1279744112797441 5453155 5760329  6571132  8562340  4973263  5684095 6086873 13190469
             512     512 1475116 4411377 13109944 1310994413109944 6228097 2894940  6104175  6104175  6156675  4871723 6086873 13522711
            1024       4 1190465 3160839  5991815 12173747 9677584 3880507 5018624  5885083  7319232  4379019  3748425 5885083 11645609
            1024       8 1333507 3631168  6569179 1482016112037272 4634161 6163794  7472033  8610501  5042191  4211554 6479979 14044758
            1024      16 1434138 3984917  6569179 1404475812983353 5623115  397689  1408737  8391792  5089995  4356809 6489770 13998981
            1024      32 1256277 4126579  6692005 1487147713863422 6059442 6559147  8061038 10906310  5303701  4589593 6280976 14422045
            1024      64 1499217 4114719  6441107 1508034114230902 6599461 5789881  8262639 10134284  5660167  4589593 5813392 14618393
            1024     128 1484193 4162573  6733974 1423090213643232 6355328 6059442  7644933 13643232  5507740  4654248 6172653 13818817
            1024     256 1294520 4064103  6918376 1294422412828238 6016997 5917516  5690162  9765601  3570790  5065980 6059442 12828238
            1024     512 1528019 4339202  8246774 1326402613102174 5885083 5991815  6441107  8183918  4783849  6402699 6093831 12790037
            1024    1024 1264041 4178773 11249091 1364323213472053 5536137 6016997  5885083  6093831  5885083  4783849 6059442 12639479
            2048       4 1232272 2816551  5904523 11015480 8398403 3799501 5444228  5735012  7393606  4104506  3574960 5735012 10131961
            2048       8 1401796 3880166  6440169 1248889712398764 4864597 6132138  7387248  9015410  4909079  4265523 6340344 11690076
            2048      16 1436250 3999400  6420913 1234530613384011 5593112 5836323  7698414  7999524  3991965  4562305 6041567 11900619
            2048      32 1496033 4312636  6754124 1271065714017386 6114678 6284678  7726111 11187641  5332694  4500161 6397004 12635867
            2048      64  433729 4303993  6583305 1248889713836752 6075753 6024617  8089930  9483197  5144271  3835124 5920802 12118884
            2048     128 1417292 4472047  6401772 1218766313748169 6340344 5704543  8284999 10726615  5122796  4403275 6114678 11983630
            2048     256 1540849 4338776  6280083 1112965912488897 5884299 4656281  7286980 10555264  4878411  4054139 5848244 10503637
            2048     512 1448358 4310472  6802261 1100137211917129 5689430 5785224  6917293 10240672  5029807  4720248 5900467 10439809
            2048    1024 1513696 4094723  7874853 1144095510673302 5376082 5769681  3764533  8097557  4948672  5611381 5056455  9567698
            2048    2048 1348116 3643190  6873016  7582884 7318020 3908414 5293261  4301837  5306340  4188565  3953383 5144271  5659442
            4096       4 1154809 2911444  5777065  5696610 6978564 3212508 5312585  4887857  5332372  3706707  3148338 5589120  6682678
            4096       8 1399376 3677350  6216019  7629374 8865630 3133979 5944991  7555557  7087972  3778448  3838385 6169144  7396171
            4096      16 1453604 3938705  5704175  7529067 9267351 4200656 6131713  7756829  6330545  4352854  3980686 6186918  6490793
            4096      32 1469268 4023571  6293440  5953231 9163546 4649735 5563779  7848969  7486415  4157956  4116116 6379914  6565206
            4096      64 1517012 4104315  6207035  6261328 9247398 4035859 5704175  8430572  7274040  4112175  3761077 6216019  7697744
            4096     128 1493277 3960497  6077484  7289472 7161842 4779081 5942934  6585338  7197849  4284464  3938705 6005255  6015769
            4096     256 1506371 4162994  5000244  6714018 8292220 4708354 5527974  7038605 13046624  3965067  3491981 5679660  5969780
            4096     512 1515272 3867766  6140479  5955295 8062616 4505833 5689064  6769576 11007051  4067390  3618486 5761565  6628532
            4096    1024 1456562 3839243  6565206  7261741 5761565 4249491 5618365  5594580 10041975  4071246  3824713 5297841  5230102
            4096    2048 1390766 2983234  5833956  6195843 5389246 3614679 2038716   470207   797031   651819   601919 4521249  4179197
            4096    4096 1155119 2108009  4241099  4108241 4244242 2084478 4166022  2048928  4348447  2615770  1974060 4133944  4043458
            8192       4 1131639 2829637  5744041  5389081 5126172 2571296 5188093  5615432  5075439  2859307  3039661 4584473  4581417
            8192       8 1306761 3251975  6305921  6158977 5504775 3071726 5860630  7884642  5966469  3493332  3408769 6186701  5988306
            8192      16 1440490 3636025  6301295  6054786 6354905 3308654 5495091  7080386  5962328  3154351  3320806 5584401  6063334
            8192      32 1301120 1755304  6182248  6496691 6099933 3840447 5752696  7419818  6334986  3646057  3535750 6339662  6182248
            8192      64 1455809 3690307  6307078  6248582 6001904 3612325 5868638  7354701  6340832  3500806  3686744 6224809  5901904
            8192     128 1439223 3708630  5479317  6144658 5642173 3895306 5661696  7961372  6140266  3611945  3172701 4428482  5915112
            8192     256 1497364 3723500  5814021  5443725 5479317 3478478 5569014  7379976  5745001  3364377  3510105 5728718  5210911
            8192     512 1425194 3644124  6027172  5752696 6108608 4067778 5736369  7173514 12373836  3529576  3495109 5461897  5897851
            8192    1024 1478168 3540122  5442863  6379683 5664497 3803462 5626466  6720329 11344319  3103074  3317920 5701152  5337181
            8192    2048 1295625 3020687  4950396  5736369 5085204 2775018 4858693  4073566  6475875  2828705  2763635 5069448  5032325
            8192    4096 1252779 2496020  4143318  4362141 4083733 2647780 4170981  2832670  4141820  2478555  3319202 4168957  4073566
            8192    8192 1179741 2576116  4268923  4459520 4160376 2781758 4409161  2881608  4251492  2929017  2804463 4184187  4188268
           16384       4 1168861 2766172  5777267  5860033 4714949 2529165 5096067  5915013  5012066  2828683  2968597 5509102  5544663
           16384       8 1332914 3171501  5531274  6088478 5559465 2824381 5663472  7151718  5430735  3060073  3305282 6182697  5899778
           16384      16 1385674 3473346  6163841  6164394 5634219 3192571 6026012  7023080  5933911  3311972  3325274 6220192  6284471
           16384      32 1415734 3534078  6301760  6161631 6025484 3380898 6161631  8095305  6248471  3371939  3215125 1084813  1773735
           16384      64 1424716 3523388  6347747  6291375 6227520 3652220 6027598  8851261  5921129  3533352  3378072 6294257  6068049
           16384     128 1458677 3648924  5931862  5874059 5718614 3661366 5753084  8229083  6008099  3607926  3351874 5791387  5510869
           16384     256 1413375 3665467  5630526  5568926 5572539 3865029 5521940  7236824  5718614  3486739  3462495 5481418  5622234
           16384     512 1474578 3759516  5488422  5791387 5643473 3943320 5624535  7007325  5809993  3590583  3431203 5574347  5756940
           16384    1024 1404306 3521041  5716711  5786997 5791387 3883376 5578420  6904533 12012202  3050429  3207472 5557667  5385620
           16384    2048 1318313 2938889  4884875  5231064 5163459 2960029 4934685  4002810  6389653  2224305  2467768 4544696  5010239
           16384    4096 1277104 2473008  4359873  4402891 4373747 2690786 4301471  2974507  4163604  2548771  2500635 4263310  4081745
           16384    8192 1216407 2612728  4289925  4282172 4284575 2676637 4181592  2964371  4141522  2479432  3371939 4241470  4159319
           16384   16384 1257589 2640943  4357385  4311457 4397256 2793610 4199993  2755523  4245663  2648985  2886547 4027442  4234674
           32768      64 1398616 3512116  6182643  6248700 5943613 3529070 6062643  8070968  6213107  3221365  3600818 6269222  5977476
           32768     128 1455446 3716896  5790363  5829660 5768975 3544816 5833867  8441259  5499800  3359806  3542532 5768007  5997038
           32768     256 1397350 3441669  5444893  5789388 5715714 3691736 5185630  7091132  5502663  3057541  3443825 5612088  5752796
           32768     512 1459340 3454732  5964506  6062376 5872504 3930442 5480501  7071430  5621729  3332757  3338181 5544619  5803812
           32768    1024 1491634 3746175  6080614  6046906 6088426 3815967 5779163  7050029  5985025  3033248  3306857 5801607  5998084
           32768    2048 1365502 2227723  5359538  5278235 5324654 3091655 5244599  4247868  6840888  2272890  2301435 5268119  5074767
           32768    4096  696776 2676262  4412617  4340158 4434114 2700716 3921918  3076224  4430541  2257545  2345942 4400749  4351701
           32768    8192 1294971 2708754  4342352  4316169 4407806 2742755 4271234  3016472  4257210  2470599  2609147 4348122  4287891
           32768   16384 1298507 2688776  4409078  4420850 4321190 2687041 4376645  2918408  4291908  2535642  3434445 4374277  4324589
           65536      64 1127987 3682873  6302109  6376966 5929229 3517230 6110053  8381495  5909471  3338376  3572635 6206767  6336832
           65536     128 1439401 3553055  5435935  5965386 5762904 3613163 5772101  8050122  5878131  3219811  3481326 5476331  3685095
           65536     256 1401867 3631013  5134468  4814580 5496150 3491718 5539346  7407749  5670180  3325170  2598978 5637502  5697801
           65536     512 1456100 3499186  5771011  5682018 5730705 3678487 5791926  7094208  5687426  3187403  3345893 5629766  5825312
           65536    1024 1360574 3599300  5774041  5874488 5749765 3732786 5596982  7037179  5536110  2883622  3227599 5912140  5949634
           65536    2048 1360877 2967296  5256414  4885258 5269918 3065035 5185220  4046439  5190213  2120974  2267374 5209888  5338595
           65536    4096 1300115 2664299  4330640  4386619 4373985 2691535 4297196  2954189  3950768  2090917  2223359 4306216  4374612
           65536    8192 1239144 2660045  4339528  4353411 4358035 2642274 4275273  3026096  4273346  2176047  2279823 4216125  4336721
           65536   16384 1289545 2680093  4338980  4360870 4381026 2605309 4317851  2931349  4348246  2496511  2484686 4284202  4350517
          131072      64 1308653 2972829  6316723  6453608 6173576 3021270 6113709  8037271  6120856  2772598  2944045 6201712  6288183
          131072     128 1321344 2530791  5157290  5364790 5401900 2894322 5830861  8428630  5757099  2866150  2830673 5902859  6027971
          131072     256 1358354 3117133  5677781  5787585 5626356 3133961 5498668  7525045  5639920  2824942  2959800 5579872  5761926
          131072     512 1238175 3090533  5666253  5844374 5757581 3147886 5551305  7147222  5601647  2682706  2841852 5802429  5973541
          131072    1024 1347520 2996813  5909776  6023809 5978738 2874332 5840463  7163613  5892168  2625112  2690202 5778642  5964338
          131072    2048 1251450 2492186  5106226  5351421 5207263 2509374 5084644  4122566  5227415  1954341  1992642 2681123  4552699
          131072    4096 1119230 2291548  4282961  4264456 4328826 2350480 4277662  2973231  4337672  1877819  1934555 4268064  4340995
          131072    8192 1193777 2313146  4300012  4184126 4034614 2271691 4270120  2970002  4308741  1901165  1996217 4310870  4333808
          131072   16384 1196599 2242923  4158490  4197801 4272509 2315065 4116454  2928847  4185879  2077703  1985604 4166558  4241393
          262144      64  161364  173564  6062397  6205030 5918422  118240 5677805  8276039  5985306   168401   161549 6019087  6228017
          262144     128  161955  165784  5813283  5803740 5739333  132208 5734932  8115926  5946333   163295   158890 5750920  6050487
          262144     256  154530  137630  5448958  5674845 5577290  136253 5363136  7443224  5611419   160332   158601 5472036  5664788
          262144     512  159988  157201  5545196  5770175 5645417  149719 5629260  7314872  5900826   167777   162260 5540725  5644402
          262144    1024  162072  163523  5563575  5613969 5286652  118899 5633153  6973021  5850370   166905   161074 5436430  5744490
          262144    2048  148369  175387  4926970  5124810 5031840  169870 5011840  4039325  5040653   161798   157801 4832321  5087109
          262144    4096  155626  169287  4006472  4380981 4297152  179821 4049053  2845248  3758656   169515   160789 4106074  4219011
          262144    8192  161675  137105  4129996  4102535 4168356  169369 4164315  2864991  4319402   183915   175516 3710356  3945401
          262144   16384  164204  160352  4103822  4247928 4213514  168464 4169210  2996648  4274449   197327   189800 4071378  4179463
          524288      64   63529   82675  6024014  6346317 5933606   24857 5724598  8298300  5949580    88883    88254 6139422  6273713
          524288     128   89507   85416  5806648  6045195 5721470   46860 5716621  8052233  5931334    89574    90046 5379796  6013586
          524288     256   90281   83311  5476899  5767932 5612218   55159 5584554  7451618  5782250    90175    88575 5611144  5707333
          524288     512   90075   85130  5801562  5990227 5906529   64331 5583774  7134617  5722095    92011    88950 5717052  5950787
          524288    1024   88660   85763  5678418  5872333 5674974   60449 5747505  5881946  5389263    89220    84923 5584369  5823533
          524288    2048   89067   75405  4795112  4339919 4392382   84128 4932482  3873430  4990840    89505    88121 4904562  4973750
          524288    4096   89755   84022  4163060  4172111 4023147   91365 3668274  2444677  4148201    90295    90904 4193833  4132711
          524288    8192   89805   83597  4068981  4097763 4146277   88386 4026506  2749683  4159193    92787    91905 4033633  4077333
          524288   16384   89451   84636  4056611  4179525 4159957   90533 3688715  2892736  4119009    93987    92073 4134172  4162366

iozone test complete.
