	Iozone: Performance Test of File I/O
	        Version $Revision: 3.420 $
		Compiled for 64 bit mode.
		Build: linux-AMD64 

	Contributors:William Norcott, Don Capps, Isom Crawford, Kirby Collins
	             Al Slater, Scott Rhine, Mike Wisner, Ken Goss
	             Steve Landherr, Brad Smith, Mark Kelly, Dr. Alain CYR,
	             Randy Dunlap, Mark Montague, Dan Million, Gavin Brebner,
	             Jean-Marc Zucconi, Jeff Blomberg, Benny Halevy, Dave Boone,
	             Erik Habbinga, Kris Strecker, Walter Wong, Joshua Root,
	             Fabrice Bacchella, Zhenghua Xue, Qin Li, Darren Sawyer,
	             Vangel Bojaxhi, Ben England, Vikentsi Lapa.

	Run began: Sun Oct  6 03:23:07 2013

	Auto Mode
	Command line used: iozone -a
	Output is in Kbytes/sec
	Time Resolution = 0.000001 seconds.
	Processor cache size set to 1024 Kbytes.
	Processor cache line size set to 32 bytes.
	File stride size set to 17 * record size.
                                                            random  random    bkwd   record   stride                                   
              KB  reclen   write rewrite    read    reread    read   write    read  rewrite     read   fwrite frewrite   fread  freread
              64       4  561808 1163036  5283570 1597288510821524 4274062 2662899  4564786  4274062  3541098  3363612 4564786 10402178
              64       8  695778 1828508  5860307 12902017 9006179 4018152 2801873  4564786 10821524  4564786  3791156 3363612  4897948
              64      16  710511 1526887  7100397 2273779115972885 5283570 3057153  5283570  4274062  3588436  2006158 4988978 10402178
              64      32  821391 1526887  7940539 2096219115972885 5735102 4564786  4564786  4018152  3958892  2358717 3541098  5735102
              64      64 1013707 1690338 10821524 1290201712902017 5860307 2892445  4564786  3738358  4897948  1722886 3738358 12902017
             128       4  805138 1878447  5603747 10567140 8036304 4267461 4717434  5325799  3199360  4135958  2140585 3657016  9795896
             128       8  824932 1967960  5847904 1147020411720614 5545860 5325799  5325799  5847904  4407601  3124872 3759450 12842051
             128      16  859260 1911894  4135958 1420079414200794 5847904 4934216  6727225  4717434  4267461  3445772 6406138 15881078
             128      32  889145 2238774  4759253 1284205114200794 6114306 4934216  6406138  4104338  4444086  2367096 5325799 10779307
             128      64  870405 4557257  7582312 1588107815881078 6406138 5122535  6727225  4717434  4267461  3053774 5545860 11470204
             128     128 1165070 2248149 12842051 1636517312842051 6114306 4012317  6114306  4012317  6045455  4759253 6406138 16365173
             256       4  962301 2325094  5810112 1209091110245071 4652146 5217259  5687020  5217259  4264168  3557725 5687020 11091721
             256       8 1032636 3756894  2187712  731403310245071 5022044 5971678  7120034  6595234  4929815  4264168 4404088 14353744
             256      16 1080434 2665657  6398720 1435374412812277 5938650 6073004  7314033  5569035  5242734  3368013 6107548 14164395
             256      32 1114064 2783115  6398720 1516462414164395 6249745 5117791  7518900  5569035  5455847  3123106 5455847 14353744
             256      64 1103757 3087188  7073132 1709624915164624 6761355 6398720  7571923  6719046  5687020  3275543 6719046 15164624
             256     128 1066483 3043436  8271916 1607260813454450 6398720 5687020  7314033  7518900  4332998  7314033 5217259 13454450
             256     256 1325925 3511189 12812277 1345445013454450 6107548 5841722  6398720  6213578  6073004  4840911 6073004 14164395
             512       4  876593 2910635  5886650 11943357 9681823 4494470 5398323  5744919  5684095  4155301  3634839 5177083 11374040
             512       8 1251589 3099691  5968453 1279744111374040 5509113 6174377  7211022  6736026  4927617  4305250 6395018 13522711
             512      16 1273861 3684733  5886650 1414626513438092 6035551 5822804  7211022  6931711  5344582  4701087 6652558 14240069
             512      32 1320061 3877684  6395018 1503780114146265 6652558 6086873  7871843  7540170  2370799  3941742 6652558 14628067
             512      64 1426135 3736016  6395018 1547114914628067 6736026 6571132  8265729  7758090  1005938  4916336 6246213 15037801
             512     128 1051242 4061007  7309196 1462806713872122 6736026 6319739  8018812  7871843  5951911  5509113 5624545 14240069
             512     256 1402845 4163357  8265729 1310994412797441 6414119 5951911  6821616  8394979  5019764  6156675 6104175 13109944
             512     512 1455126 4571003 12797441 1343809213109944 4485083 6104175  6414119  6104175  6319739  5127637 6174377 13438092
            1024       4 1148139 3040026  5507740 12037272 9765601 4300102 5444898  6093831  7020149  4265934  3618930 5720477 11368190
            1024       8 1314327 3643490  6479979 1423090212348754 5169641 6025439  7369466  8310603  5018624  4392454 6355328  3506651
            1024      16 1372717 3923040  5813392 1404475812983353 5652717 6364746  7699755  7941793  5169641  4526709 6609617 13643232
            1024      32 1432225 4199201  2260740  4848656 4674510 2365323 5720477  7941793  8525047  5623115  4674510 6317933 14230902
            1024      64 1365299 3866533  6479979 1487147714230902 6874084 6559147  8326715 10769573  5660167  4674510 6244448 14422045
            1024     128 1226500 4265934  6280976 1418390513643232 6692005 5690162  8199542 10329265  2985091  4736370 3999762 13818817
            1024     256 1456510 4287225  7054742 1298335312828238 6355328 5789881  7160597  9300377  5536137  5018624 6025439 12492426
            1024     512 1223356 4531485  8183918 1330511612983353 6059442 5983467  6744549  8137402  4949226  6787181 5991815 12790037
            1024    1024 1458489 4232305 12456195 1347205313305116 5983467 5991815  6280976  6137371  6172653  4265934 6128613 12492426
            2048       4 1220541 3043048  5884299  8097557 9179186 3977179 5264067  5372719  7911115  3908414  3710866 3169944  9483197
            2048       8 1257160 3841986  6498636 1288221512118884 4864597 6132138  7419150  9062970  4934459  4063729 6321679 11706006
            2048      16 1411470 4031308  6479029 1227474212862925 5389574 6321679  7529708  7999524  5156624  3962502 6378005 12187663
            2048      32 1444461 4330028  6440169 1239876413726200 5433896 5884299  8159088  9053418  4136128  4441984 5970183 12710657
            2048      64 1445191 4521480  6780783 1346794914638464 6420913 3325815  8357547  9990553  5420181  4451191 6382745 12882215
            2048     128 1459680 4356379  6543188 1271065713926483 4730646 6207471  8423109 10131961  3677503  4162181 4762117 12488897
            2048     256 1475476 4403275  6321679 1162678412786337 6132138 5904523  7159438 12274742  4900677  4531020 5991003 10945301
            2048     512 1500214 4403275  6873016 1190061912561952 5920802 6024617  7013303 10131961  5119743  4897882 5868220 11015480
            2048    1024 1467911 3454204  7911115  922849310084382 5433896 3657149  6378005  8159088  4820915  5507054 5626082  7311791
            2048    2048 1324624 3644736  7231767  7940367 5868220 4365235 5222461  4490751  5461535  4221501  4094723 4643695  6945257
            4096       4 1137151 3197560  5601877  6989921 7076294 2904553 4723889  5681538  4516494  3605576  3168077 5468151  6618318
            4096       8 1368498 3433360  5447345  7725436 8752710 3365430 5826043  7784948  7108502  3863418  3537277 6005255  7545601
            4096      16 1385159 4095510  6361016  6300364 9267351 4376138 5891980  7831080  7237268  4447510  4231697 6225028  7816828
            4096      32 1428702 4109224  5618365  5306022 9222577 4485833 6103394  8162211  7173805  4262142  4257917 6311938  7863339
            4096      64 1511539 4352854  6281934  8047509 9868918 4240052 5312585  8552280  7434579  4686519  4222337 6131713  7816828
            4096     128 1503076 4248440  5347310  7529067 9524234 5157871 5802430  8501494  7502762  4476482  4171080 5587302  7314299
            4096     256 1473426 3988078  5936773  7197849 8409937 4204769 5000244  7421732 13136407  4307020  3923414 5769304  5572803
            4096     512 1428227 4200656  6186918  5875858 8077780 4835578 5751920  7085049 11500738  4192455  3856480 5753847  6758923
            4096    1024 1435626 3634562  6585338  6793669 6953144 3552638 5312585  6562698 10263956  3949571  3660895 5664678  5292944
            4096    2048 1330761 3298235  4846491  6330545 4718699 3700320 5212646  4409837  6131713  2898672  4180214 5125556  5476867
            4096    4096 1266129 2599148  4570565  4280194 4442909 2917377 3820460  3102848  4128976  3097813  3018351 4222337  4698053
            8192       4 1147205 2902788  4917099  5350479 5107124 2512079 5203808  5347148  4787608  2844394  3078607 5468852  5413705
            8192       8 1277797 3304518  5631077  6409435 5494212 3060236 5805180  7293813  5923270  3489075  3336931 5572627  6282859
            8192      16 1387330 3613845  6334986  6272536 5966469 3440513 5760412  7543623  5657036  3423373  3203763 5817959  6404656
            8192      32 1449361 3942233  6220301  6553692 6183361 3954028 6253130  8309879  6420214  3760997  3699844 6163396  6229323
            8192      64 1399137 3966810  5756551  6532510 6379683 3957671 6118398  7793434  6233844  3833591  3747460 5716328  6445505
            8192     128 1474173 3782110  5716328  5954062 6253130 3886494 5842692  8480105  5793435  3361415  3698251 5676663  6163396
            8192     256 1387778 3763056  5871647  5569014 6118398 3936361 5330557  7001038  6150158  3713439  3676487 5588034  5868638
            8192     512 1399194 4049561  5884720  6054786 5919188 3884297 5761377  6485654 12338289  3789200  3663942 4805016  5721087
            8192    1024 1381417 3644124  5776876  5614514 5607184 3323375 5244315  6924845 11507694  3156669  3336931 5681356  5542961
            8192    2048 1269676 3054523  5007390  5164698 4807033 3312801 4735482  4244664  6032463  2659668  2821041 5136133  4971166
            8192    4096 1287614 2683975  4418232  4332439 4233681 2950902 3653812  3034292  3934558  2601472  3294063 4147820  4166935
            8192    8192 1213447 2555994  4100302  3820802 4373801 2818958 1034470   693242  4118487  2593225  2614736 1250317  1601195
           16384       4  866698 2407256  5675165  5716711 4441306 1820441 3037351  5338759  4266751  2207513  1743892 5019388  5244638
           16384       8  858791 3265699  6065371  6068584 5352482 2786925 5570732  7571721  5694918  3065260  3036277 6094958  6061626
           16384      16 1086906 3480030  6198870  6155008 5726715 3113027 5878581  7502285  5574800  3326723  2150117 5824273  2984843
           16384      32 1309770  696148  5578420  5527714 4299049 2282219 4898106  7861915  5966886  3282076  2619301 3514378  4654590
           16384      64 1305069 3076788  5891180  5862033 5830698 3486562 4032405  7578401  5923170  3227811  3243044 5787485  5945205
           16384     128 1358983 2740687  5274831  5241038 5262712 2815125 5551830  8046960  5667209  2794860  3079132 5698696  4917383
           16384     256 1180669 3196283  5139516  5042592 5044443 3103607 4248025  4596987  5392805  3191829   876526 5534838  5538853
           16384     512 1123494 3816517  5824273  5874561 5779211 3822674 5726238  7285157  5758869  3257185  3538628 5448389  5815894
           16384    1024 1378530 3695031  5826249  5885126 5915013 3763016 5570732  6980986 12422612  2990949  3130327 5468768  5791387
           16384    2048 1296207 2983806  5172008  5048891 4994944 2989258 4884875  4141522  6353028  2448687  2476394 4948544  4792218
           16384    4096 1229113 2661090  1900228  2522574 2253629 2685004 3323987  2582972  3522665  2205742  2274590 4036669  4240161
           16384    8192 1130313 2687629  4009817  4209770 4325024 2882551 4290192  2968725  3819912  2355681  3222664 4201020  4154040
           16384   16384 1176848 2702745  4284575  4259083 4263310 2684584 4062441  2809830  4224781  2929368  2835569 4202048  4304705
           32768      64 1369325 3699189  5926441  6280969 5898716 3568748 6103025  8312099  6122600  3339560  3431957 6176807  6224926
           32768     128 1377505 3696801  5923376  6055965 5857737 3687675 5694872  8130651  5942585  3200288  3555178 5997038  5925419
           32768     256 1416504 3737617  5462205  5660395 5430479 3787365 5341209  7373806  5576565  3317633  3545182 5610026  5625411
           32768     512 1416621 3777268  5281683  5588129 5802587 3822760 5725715  6935124  5515471  3197161  3489289 5548200  5515692
           32768    1024 1317035 3556282  6047970  5967613 6116606 3954644 4587444  7036313  5978516  2988400  3045954 5793292  6016991
           32768    2048 1328197 3031308  5348900  5367491 5288594 3035191 5253821  4286821  6879582  2281076  2266293 5215344  5106444
           32768    4096 1277007 2758942  4135267  4374834 4464941 2793315 4416162  3113366  4475263  2281076  2355189 4431683  4372607
           32768    8192 1281305 2576329  4024118  4303600 4294590 2742099 4053432  2993347  4341255  2528365  2616598 4298620  4416872
           32768   16384 1292207 2748734  4413751  4425120 4166861 2783753 4374277  2966534  4315627  2559584  3378887 4306432  4428827
           65536      64 1201921 3722776  4449748  6353530 6066364 3413156 6032945  8174611  6064757  3346912  3498251 6204806  6253364
           65536     128 1398814 3661435  5922841  5995312 5857213 3673718 5897806  8287241  5742198  3366175  3516825 5995966  6013543
           65536     256 1414309 3747697  5674042  5745318 5653503 3769023 5539346  7367839  5537560  3320150  3488351 5619638  5752773
           65536     512 1400788 3730455  5692844  5658042 5766047 3765357 4530048  5018418  4124397  2663421  3353568 5728078  5637965
           65536    1024 1398486 3643140  5640857  5861835 5702292 3793470 5671584  7048367  5749885  2865735  3245319 4526914  5491977
           65536    2048  581255 3015771  4828026  5002709 4934988 2953808 2757553  2256986  4154694  2067515  1492913 3457809  3614398
           65536    4096  740595 2394869  3615586  3855781 3001807 2505682 4182764  2623436  4243461  2036482  2164328 4162621  4173745
           65536    8192 1241422 2635232  4151744  4238750 4220786 2672744 3995852  2971884  3996084  2197216  2282132 4156264  4219685
           65536   16384 1239826 2634928  4167102  4219426 4190032 2618812 4322400  3032807  4333234  2496126  2542133 4298540  4367314
          131072      64 1299711 3016479  6133695  6269610 5903050 2982376 5967576  8651603  5961881  2901946  3092793 5366308  5435280
          131072     128  951735 3314241  5937092  6009980 5796800 3170269 5868455  8641268  5858512  2939103  2992930 6142056  6232860
          131072     256  911242 3164830  5496139  5772271 5606160 3116020 5546600  7392688  5687885  2835769  2872065 5635064  5946211
          131072     512 1326906 3236679  5669175  5835255 5762953 3150159 5194274  6728561  5475720  2377375  2877221 5407533  5689592
          131072    1024 1133351 1467605  5706957  5779675 5812490 3208944 5621351  6939100  5729200  2426944  2757025 5692361  5755833
          131072    2048 1179341 2470859  4823950  5051333 4990575 2474039 1690049  3910965  4861361  1856099  1790136 4996244  4792035
          131072    4096 1154981 2310453  3685732  3662870 3631608 2339438 4239495  3010994  4324536  1883165  1953792 4291956  4360621
          131072    8192 1175207 2395932  4253666  4302671 4374013 2391565 4264026  3040402  4271547  1948046  1948156 3010664  3588840
          131072   16384 1016566 2439772  4326544  4173074 4279360 2456550 4301829  2901624  4308336  2066628  2140678 4313000  4333843
          262144      64  178039  187216  5999807  6230840 5944436  119624 5579413  8528912  5902156   181388   177746 5986512  6273931
          262144     128  171542  160216  5832432  6017177 5452011  126654 5325857  8580830  6008759   178079   171829 5841263  6071235
          262144     256  177568  181198  5592041  5762947 5532445  144024 5130932  6655244  5788371   134124   170927 5451795  5733676
          262144     512  176152  169976  5385596  5636792 5201494  152290 5679037  7327351  5756852   171744   174166 5532445  5785051
          262144    1024  174114  162106  5660996  5760773 5789529  169894 5691855  7214841  5844648   176480   173855 5447365  5791054
          262144    2048  171636  167869  4645644  4962863 4907048  169306 4084840  2818871  4322458   176079   167293 4738420  4979090
          262144    4096  179821  169053  4130973  4229154 4047250  168934 4177336  2932783  4243599   188435   185555 4072328  4054443
          262144    8192  173973  165506  4055071  4183980 4149479  181444 4172263  2996746  4336471   198386   188467 3452353  4200765
          262144   16384  166103  161778  3567169  3580027 3597762  173156 3326573  2341953  4113156   214671   216159 4064500  4243812
          524288      64   68827   90092  6301688  6089152 6052732   29682 5848220  8356640  5530063    83320    84744 5421457  5888419
          524288     128   89912   85763  5874906  5987894 5746814   46994 5783527  8441975  5967453    93516    91935 5841524  5990635
          524288     256   93634   88672  5513826  5601839 5546438   55681 5523465  7493899  5749083    93583    90321 5495225  5650142
          524288     512   92026   89293  5759322  5958075 5818386   60705 4865915  6814877  5494291    95010    86087 5739899  5947955
          524288    1024   93670   88088  5764440  5983919 3342479   64428 5545026  7046507  5442684    95051    92145 5655446  5940322
          524288    2048   91120   86263  4726847  5004697 4079776   88089 4839636  3785937  4929696    94646    94347 4855247  5007957
          524288    4096   94236   88953  4079488  4147810 4173932   88247 3576951  2548688  3599722    94885    90279 3971694  4167264
          524288    8192   93165   88590  4064716  4239066 3929396   86760 3969773  2817328  4071663    90189    86494 2836904  3099783
          524288   16384   93828   90725  4017348  4185531 4095268   93325 4113062  2849794  3921702    95254    98546 4113939  4112739

iozone test complete.
