	Iozone: Performance Test of File I/O
	        Version $Revision: 3.420 $
		Compiled for 64 bit mode.
		Build: linux-AMD64 

	Contributors:William Norcott, Don Capps, Isom Crawford, Kirby Collins
	             Al Slater, Scott Rhine, Mike Wisner, Ken Goss
	             Steve Landherr, Brad Smith, Mark Kelly, Dr. Alain CYR,
	             Randy Dunlap, Mark Montague, Dan Million, Gavin Brebner,
	             Jean-Marc Zucconi, Jeff Blomberg, Benny Halevy, Dave Boone,
	             Erik Habbinga, Kris Strecker, Walter Wong, Joshua Root,
	             Fabrice Bacchella, Zhenghua Xue, Qin Li, Darren Sawyer,
	             Vangel Bojaxhi, Ben England, Vikentsi Lapa.

	Run began: Sun Oct 27 19:33:15 2013

	Auto Mode
	Command line used: iozone -a
	Output is in Kbytes/sec
	Time Resolution = 0.000002 seconds.
	Processor cache size set to 1024 Kbytes.
	Processor cache line size set to 32 bytes.
	File stride size set to 17 * record size.
                                                            random  random    bkwd   record   stride                                   
              KB  reclen   write rewrite    read    reread    read   write    read  rewrite     read   fwrite frewrite   fread  freread
              64       4  666735 2566025  9065276 2128515612421016 4287326 9065276  5303854 13023645  1227911  3210512 9065276 15242148
              64       8  720416 2898514 16159720 2128515616159720 530385413023645  6451008 16159720  2362751  374850215242148 21285156
              64      16  781218 2930153 16159720 3117213221285156 588527213023645  7137078 21285156  3748502  421992716159720 35267590
              64      32  744389 3063933 16159720 3117213221285156 575900913023645  7137078 16159720  5885272  530385416159720 21285156
              64      64  984681 2668042 15242148 3526759021285156 645100813023645  6451008 21285156  6299617  421992716159720 31172132
             128       4  753385 2317981  5083456 12902017 7195562 4274062 8439854  5336084  2249980  3873209  3901355 9830749 12902017
             128       8  955947 2908113  9159838 1813055214274156 513205010821524  6421025 18130552  4564786  290811312599234 15972885
             128      16  907472 4564786 12902017 18130552 5336084 5336084 7497004  6659988 15972885  5132050  424030412902017  9830749
             128      32 1143223 4897948 12902017 1813055213904469 612786611770544  7100397 15972885  5557014  586030712902017 15972885
             128      64  983980 3039843 14274156 1876423615972885 605871211518019  7100397 15972885  4274062  857465212902017 18130552
             128     128 1015624 4564786 14274156 1876423614274156 634513712902017  6345137 14274156  6421025  441464314274156 15972885
             256       4  944686 3881770  9886088 11720614 8036304 3938726 9534930  4267461  9451004  4135958  328752111114029 11720614
             256       8 1127156 4656065  6727225 1499400812255732 532579911594057  6114306 12255732  4845156  448118012842051 14200794
             256      16 1241877 5026613  9451004 1499400812690274 581622711594057  3938726 18319677  5222190  482339113487288 14391124
             256      32  748454 5222190  7529144 1211742414391124 625682112255732  6562757 16119492  5433602  581622713487288 14200794
             256      64 1152564 5352347 13487288  854812414200794 622057312117424  6727225 16119492  5574653  405780612842051 14391124
             256     128 1268281 5222190 12842051 1211742413487288 522219012255732  6944778 14200794  4738251  546123912842051 14200794
             256     256 1327883 5026613 12690274 1348728812690274 597813811720614  5978138 12690274  4200680  594503912842051 13487288
             512       4 1111182 3605511 11385757 11956277 9476503 4264168 9312131  5387411  8401361  4062499  390727610651598 11385757
             512       8  811408 4496299 13454450  358145911890078 533388612228612  7191566  3685962  4873872  469281013125514 13800298
             512      16 1293188 4062499  9153364 1380029813125514 587367812513642  7415052 12812277  4272652  419748913454450 12513642
             512      32 1326744 4031989 12441146  982329213800298 639872013125514  7652874 16072608  5217259  538741113889556 14548224
             512      64 1333334 3202277  9646782 1505828914164395 655497213539277  7735574 15953208  5167047  4662246 7314033 12228612
             512     128 1339990 3816992  8999920 1416439513454450 655497212812277  7518900 12513642  5747907  655497213454450 13800298
             512     256 1333334 4744652 11091721 1163245412513642 602191511632454  6475904 12441146  4873872  827191612228612 12812277
             512     512 1405778 5057527 12812277 1281227712812277 5069466 8115612  5955118 12513642  6038849  602191512159372 12812277
            1024       4 1186254 3180017  4899511 11374040 9145790 3210923 9224360  5195872  9468384  3967228  403051910774823 11254819
            1024       8 1275374 4763656 12990983 1400785212077698 459545712043830  5631921 11910237  4393327  480630313150084 13480269
            1024      16 1363649 5019764 13480269 1400785212797441 497326312215097  5993439 12951808  4758379  527889213150084 13827462
            1024      32 1383861 5391546 13480269 1365165810995499 628276112320214  7758090 13271990  4827914  536460913480269 13827462
            1024      64 1429934 5357916 13872122 1462806713827462 747455913313129  6821616 16480351  5357916  563192113313129 14193012
            1024     128 1150660 3592276 13271990 1295180813480269 648187911374040  7871843 15754907  5331314  572195812797441 13651658
            1024     256 1380303 5170850 11023721 1264671112320214 547400511495814  4763656 12797441  5337939  606110311495814 11138071
            1024     512 1356329 5019764 12043830 1279744110774823 5886650 8899432  6319739 12499490  4393327  6319739 9660047 12646711
            1024    1024 1126515 3220553  5170850 12355657 5752614 5661617 9385621  5752614 10044089 92144154  5537524 9224360 12180455
            2048       4 1185209 2293333  4901220 10493299 8359127 3165499 7257394  4995276  7446124  3709575  3369115 8129700  9260272
            2048       8 1305339 4138508  8424714 1170910711645609 4170657 7337989  6417048 11567200  4347987  4162573 8533516 12331028
            2048      16 1287149 4403713 10146254  994652712037272 504515210182335  7263531 10783092  4818736  4684708 6824929 12547168
            2048      32 1428177 4611769  9981200 1296375911986879 5550446 9799022  7014416 10243045  5223078  4634161 9946527 11567200
            2048      64 1272090 5801613  9230420 1355710213841084 585300310557785  7184553 12790037  4664357  468726410134284 13202865
            2048     128 1244988 3856118  2491561  5675125 9433150 3579719 4178773  7136800 15977962  4654248  4472500 8601879 12474284
            2048     256 1240493 2900425  5970990 1150522819719260 4541067 9103254  5132574 23559150  3849207  3709575 5905312 10948011
            2048     512 1417337 4097056  8786655  988927211190473 5132574 7905249  5849018 11709107  4403713  4291509 7672246  6564160
            2048    1024 1363349 3587193  6262659  6896159 9350999 4178773 4807947  5690162 10039528  3730518  4238570 6781823  8822754
            2048    2048 1315333 3230985  5626798  5849018 6285572 3550129 5018624  3784760  5390231  3750061  5068970 4983684  5724289
            4096       4 1040094 2152161  5113647  5980575 6050077 2477766 4680383  4923146  6129950  3185225  2462847 4977347  4343164
            4096       8 1296142 2057318  4785996  6234503 7556202 3824027 6595943  4447734  6430526  3775288  3313627 5519439  6418514
            4096      16 1172638 3005253  5459800  5945390 6884032 3095688 3480093  5396346  4472047  2938431  3374151 2815166  6575746
            4096      32 1220888 3621685  5761941  2760434 7586232 3289517 4496628  5549749  7198435  4000331  3368858 5672523  5418472
            4096      64 1428131 3286999  4882570  6704047 6069313 3744023 4618726  5808697  7461037  3313627  2974554 4796687  5852228
            4096     128 1449947 3644736  4928796  6501095 4531020 4218391 5736927  6030962  5744600  3413708  3138671 4846756  6321679
            4096     256 1209712 3340689  5461535  2844532 5219288 4171277 4159158  4756843 10186027  3740762  3126675 5186201  5785224
            4096     512 1203947 3297725  5482450  5334350 5432178 3640873 4262348  5360983 11380325  3261415  3105200 4015290  5760009
            4096    1024 1376304 3370841  5657579  6449840 5834341 3878414 5826427  5926930  9268323  3045206  2892910 4988910  4270824
            4096    2048 1121869 2280429  4231899  3474462 4023754 1629410 4947247  3521467  4428244  1637642  3319389 4734557  4535805
            4096    4096 1233688 2038763  3486449  3764533 3530875 3204833 3179919  2030810  3421867  2316716  2366173 3984558  2088836
            8192       4 1144614 2834585  5065856  4339111 4021687 1967842 4404749  5251685  4654144  2625564  2513034 4553605  4469494
            8192       8 1290476 3214010  5732727  5407055 4304862 3167785 5527084  6465145  5523530  3071780  3212508 5704175  5568287
            8192      16 1173463 2959594  6014716  5760599 5576420 3226384 3620011  7044377  5906159  3346419  2859353 5760599  5745188
            8192      32 1337703 3246810  5847857  5809297 6601787 3436107 6568971  5669351  7460407  3440580  2988683 5741348  5872845
            8192      64 1228950 4002014  4765823  5254898 5241271 3201134 4513528  7706376  6006305  3357537  2572104 5607362  5838913
            8192     128 1275009 2881413  5535098  6272759 5504946 2935071 5501421  7353433  3663627  3316381  3563322 6281934  5524418
            8192     256 1324962 3478547  4946971  4815922 3604063 3601041 4511158  7460407  5145513  3259748  3243133 4902502  4284998
            8192     512 1088069 3660505  3538734  5113352 5660945 3708307 5191381  6361016 12100155  2912184  3104250 4394608  4428023
            8192    1024 1131497 3299185  4995156  5768336 5468151 3290024 4260028  5483860  5218187  3054575  2525223 4678224  4934892
            8192    2048 1308413 2811161  4201170  3955937 3465216 2753711 3697135  2656212  5565581  2848213  2477875 4977067  3951842
            8192    4096 1258385 2568066  3125427  4612905 3984379 2603087 4002014  2358639  3640724  1913593  2556792 4177673  3650781
            8192    8192 1196969 2359448  3263773  3392009 3406132 2071284 3445064  2382021  3530734  2674406  2785410 3612019  2822940
           16384       4  976286 2319362  5734933  4399563 4385525 2205685 4191333  3987294  4952536  2611854  2706811 5336767  4761402
           16384       8 1150239 3331431  5477570  4753169 4633623 2672286 4312862  5912567  4512227  2821968  3087320 5022394  5137669
           16384      16 1246123 3474960  5430819  4817479 5557754 2897280 5736848  5336767  5443294  2578919  2629845 5008850  5073940
           16384      32 1364087 3271014  5883208  6778665 5663563 3398486 5550123  9266865  5201051  3218769  2742459 5807634  5724423
           16384      64 1271062 2590781  4311509  5363006 5787092 2917824 5191229  7501625  5824369  2728304  2567166 5105606  5966469
           16384     128 1367045 3710031  5124643  4443660 4397311 3165394 4691834  5830794  5537154  2798752  2479092 5147676  5593492
           16384     256 1217704 2904996  5868137  4407747 5435974 3905489 4051471  6835302  4449702  3602478  3052759 4481623  4742017
           16384     512 1108904 3082612  4713718  4867641 4008693 3243686 4025601  6012933  5291970  2566015  3102513 4379655  5428674
           16384    1024 1163797 2833604  4215243  4534858 4625514 2778384 4407747  5268439  9469912  2568797  2604331 4424491  5038228
           16384    2048 1193572 2277469  3722895  4232377 4317197 2349977 3314559  3450706  5544302  1966638  1393689 3882322  3711835
           16384    4096  952458 2517601  4036478  3574929 3523423 1934636 2911643  2250838  3079711  1921867  2104562 3407586  3712637
           16384    8192 1177780 2193925  3064740  3407586 3112490 2229732 3205556  2752675  3101953  2168106  2129739 3816558  2995668
           16384   16384 1135979 1536227  3174606  2941933 2706278 1623130 3358622  2300417  3183283  2250248  2527602 3747460  2983184
           32768      64 1209960 2993620  5049818  6121562 4892178 3286707 4239638  5170841  3578896  2252373  2849620 4861032  5050560
           32768     128 1099559 2913224  4753763  5293726 3950801 3226144 5230268  7080244  5569152  2960603  3110702 5534169  4271127
           32768     256 1278494 3446346  4551770  5470291 4968580 3321336 5446877  7082068  4619080  2662946  2282864 4204233  3986902
           32768     512 1176838 3176118  4367354  4636689 4383652 3165657 4976136  5427090  4345399  2475324  2880678 4475291  4253810
           32768    1024 1201078 2658876  4428142  4810332 4688411 3192200 4371382  5568024  4282306  2350323  2316571 3804052  4450943
           32768    2048 1125777 2134290  4234152  4126972 3954666 2146758 3640418  2606633  3315888  1402730  1913482 4320130  4202690
           32768    4096 1146570 2396385  3553633  3836546 3641769 2508851 3746603  2269407  3273165  1958891  1889828 3769932  3800476
           32768    8192 1183985 2437525  3509532  3155337 3431203 2034004 3442030  2257664  3529903  2258591  2387476 3703794  3974336
           32768   16384 1161571 2463787  3825866  3547030 3256337 2203196 3657566  2042893  3710193  2048007  2704713 3579641  3538264
           65536      64 1178344 3212856  5494743  5977866 5504426 3284021 5474934  7602845  4842672  2731825  3316752 5535129  5588470
           65536     128 1299464 3046190  5406872  5236207 5306972 3505308 5313949  7753826  5615757  3026202  3415115 4641356  4802567
           65536     256 1285367 3435174  5096975  5295828 5200051 3551503 4688860  6078328  4782264  2880425  3110371 5060287  5191703
           65536     512 1320121 3208918  5241999  4878772 5122335 3390180 4577513  6261796  5106823  2637259  3006245 5163906  5117948
           65536    1024 1255358 2988693  4618119  4757268 4537915 3428704 4291238  5464594  4328062  2335974  2671996 4452790  4152321
           65536    2048 1069852 2265957  3613552  3871213 3807773 2191840 3951745  2878434  3622791  1714112  1617056 3623173  3670490
           65536    4096 1123190 1904884  3268635  2864218 2760688 2165610 3372213  2587071  3351858  1661118  1788014 3876236  3300583
           65536    8192 1082863 2266723  3351572  3675201 3479308 2131536 3876072  2609742  3489865  2025829  1960562 3764078  3750468
           65536   16384 1018369 2239611  3308250  3355295 3395834 2329915 3811575  2315256  3489644  2098102  2115558 3237147  3636017
          131072      64  701970 2437545  4862057  5285828 5119598 2450857 4920324  7652970  5193449  2337401  2670316 4879448  5553671
          131072     128 1120492 2585606  4695051  4885085 5157057 2532064 4712962  7452334  5410364  2303176  2585460 4708360  5173120
          131072     256 1098785 2914781  4386479  4517540 4676798 2590870 4601598  6608784  4427030  2170172  2583310 5071847  4777717
          131072     512 1185806 2455038  4102299  5100456 4969336 2685461 5133030  6365816  5016312  2281612  2267402 5023646  4645616
          131072    1024 1104824 2700393  4570344  4528331 4830911 3106551 4851502  6173312  5014802  2154691  2054327 4349484  4864079
          131072    2048 1125014 1979849  4212087  4235093 3860058 2189750 3637548  3129095  3648702  1472965  1721394 3603264  3573889
          131072    4096  935680 1983413  3686676  3467799 3585614 1938157 3348706  2544440  3383558  1637481  1716251 2534457  2735966
          131072    8192  869823 1874012  2637102  3193606 3472004 1886229 3415298  2692247  3400405  1704692  1582210 3560004  3611382
          131072   16384 1066543 1710542  3706661  3497316 3363930 1954752 3329500  2440456  3372929  1776646  1385743 3494137  3716660
          262144      64  141536  109402  5016326  5049570 4705673  107874 4724578  6925681  5063149   142748   132776 5521144  5331906
          262144     128  148525  136394  5018066  4823697 5034356  116880 4644725  6621624  4807246   150611   149391 5021733  5152915
          262144     256  151227  113016  4613988  4769026 4810149  133634 4419674  5610107  4870750   155858   141017 5111306  4547634
          262144     512  152754  120726  4802941  5074412 4644156  141150 4873924  6258083  5223144   143015   144607 4859642  4653060
          262144    1024  157396  140171  4765120  4708635 4574063  150730 4621629  5570176  4813160   136409   132829 4526516  4932257
          262144    2048  153901  141836  3875509  3723855 4032232  151459 3879365  3242989  4279693   157907   144217 3198834  3748983
          262144    4096  149990  137025  3555015  3802714 3796936  156158 3270704  2703464  3760111   159892   159058 3502827  3420595
          262144    8192  140479  134376  3062070  3685164 3473305  153013 3490639  2485813  3405171   171628   164211 3221392  3521788
          262144   16384  150086  142759  3456859  3412622 3294756  155012 3523763  2650916  3342218   194766   189549 3524904  3389457
          524288      64   62454   74875  5507518  5779320 5198432   30613 5172229  6945776  5042583    71269    76773 5275693  5036866
          524288     128   76985   74865  4342363  4926495 4473554   45112 4883141  7433436  5186967    77748    79309 4908658  5261291
          524288     256   81337   75044  4785743  4681266 4488044   53066 4495733  5989953  4605403    75796    80049 5022405  5148760
          524288     512   79931   77302  4651894  4643290 4887515   61338 4491656  5672825  4399897    81141    80198 4965833  5198383
          524288    1024   81889   75298  4886961  4904159 4769333   56734 4369681  6104250  4906129    83305    76609 5022830  4763351
          524288    2048   76893   76020  4076193  4252306 4016637   62399 4118880  3065060  4195515    82503    78877 4232630  4345272
          524288    4096   80539   77223  3438743  3726465 3707466   75504 3490155  2426102  3379236    81989    77519 3663557  3681904
          524288    8192   75957   71151  3589511  3349118 3404510   77172 3369698  2422449  3579293    82626    82823 3699931  3678362
          524288   16384   81405   73381  3517859  3476020 3576021   79703 3595598  2634401  3398307    86133    81250 3668532  3556036

iozone test complete.
