	Iozone: Performance Test of File I/O
	        Version $Revision: 3.420 $
		Compiled for 64 bit mode.
		Build: linux-AMD64 

	Contributors:William Norcott, Don Capps, Isom Crawford, Kirby Collins
	             Al Slater, Scott Rhine, Mike Wisner, Ken Goss
	             Steve Landherr, Brad Smith, Mark Kelly, Dr. Alain CYR,
	             Randy Dunlap, Mark Montague, Dan Million, Gavin Brebner,
	             Jean-Marc Zucconi, Jeff Blomberg, Benny Halevy, Dave Boone,
	             Erik Habbinga, Kris Strecker, Walter Wong, Joshua Root,
	             Fabrice Bacchella, Zhenghua Xue, Qin Li, Darren Sawyer,
	             Vangel Bojaxhi, Ben England, Vikentsi Lapa.

	Run began: Sat Oct  5 08:41:18 2013

	Auto Mode
	Command line used: iozone -a
	Output is in Kbytes/sec
	Time Resolution = 0.000001 seconds.
	Processor cache size set to 1024 Kbytes.
	Processor cache line size set to 32 bytes.
	File stride size set to 17 * record size.
                                                            random  random    bkwd   record   stride                                   
              KB  reclen   write rewrite    read    reread    read   write    read  rewrite     read   fwrite frewrite   fread  freread
              64       4  485587 1279447  4897948 12310336 7940539 4018152 2772930  4897948  4564786  3738358  2662899 4564786 12902017
              64       8  639427 1526887  5860307 1597288510821524 4564786 3057153  6421025  4274062  3363612  2278628 4564786 15972885
              64      16  566551 1526887  7100397 2273779115972885 5389653 4988978  4564786  4564786  2561267  4274062 5283570 12902017
              64      32  703068 1518251  6421025 2096219122737791 5735102 3363612  5860307  3363612  4897948  2561267 7100397 22737791
              64      64  852702 1679761 10402178 1597288515972885 5735102 5283570  5735102  5389653  4897948  4564786 5860307 20962191
             128       4  727658 1778862  5847904 1420079410567140 4596273 2985839  5603747  3445772  4135958  2166499 3560017 11470204
             128       8  877518 1997245  4407601 1420079412842051 5784891 3657016  6727225  6114306  3445772  2175277 4557257 12842051
             128      16  889145 1967960  4012317 1588107814200794 6114306 3199360  6727225  4934216  5122535  2727923 5847904 10567140
             128      32  955616 2286447  4889281 1147020414200794 6406138 5122535  6406138  4596273  5325799  2511022 4135958 14200794
             128      64  948860 3759450  8036304 2080435615881078 6406138 5122535  6406138  7476717  4135958  3380677 3867787 14200794
             128     128 1165070 2098744 12842051 1801235915881078 6406138 5325799  6406138  3867787  6114306  2511022 4267461 15881078
             256       4  992545 2285501  5938650 1281227710651598 4734192 5455847  5687020  4117018  4422226  3159869 5810112 11695808
             256       8 1071806 2639446  6398720 1607260812812277 5569035 5687020  7120034  4496299  5117791  3236056 6398720 14953435
             256      16 1122215 2754556  6595234 1583556913454450 6107548 5347168  7314033  5347168  5117791  4572895 6398720 14953435
             256      32 1148625 2975955  5022044 1583556914353744 6398720 5687020  7735574  9868433  4929815  2975955 6719046 15164624
             256      64 1147398 3285566  6398720 1607260814353744 6761355 4652146  7791708 12090911  6073004  5540300 6595234 16072608
             256     128   70753 3043436  7965107 1607260814164395 6249745 4755158  7120034  7518900  4734192  4572895 5217259 15164624
             256     256 1325925 3557725 13454450 1416439513454450 6213578 5022044  6249745  6249745  6398720  3994490 5971678 13454450
             512       4 1094088 2668325  5951911 1249949010235583 4522868 4610256  5624545  5807059  4447925  3768799 5807059 11943357
             512       8 1227971 3393590  6632013 1514384612797441 5566231 6174377  7115451  6551087  5115422  4091959 6319739 13872122
             512      16 1239310 3481620  6571132 1343809212797441 5566231 6086873  7435738  4099771  5164632  4522868 4838792 13109944
             512      32 1258188 3659616  6156675 1424006913522711 6491676 6246213  7871843 10044089  5509113  4827914 6571132 13438092
             512      64 1267845 3877684  6395018 1424006913438092 6472112 6174377  7758090  9468384  5760329  5019764 6472112 13438092
             512     128 1258188 3788747  7022379 1343809212797441 6491676 5951911  7513788  7540170  5822804  5331314 6174377 13109944
             512     256 1354190 3934520  7871843 1279744112499490 6174377 5344582  6652558  7900804  4784885  6999490 5822804 12499490
             512     512 1484293 4305250 12797441 1310994413109944 6104175 5870558  6156675  6018636  6104175  4916336 6174377 12797441
            1024       4 1214706 3083680  5813392 11368190 9765601 4249053 5277632  5720477  7008693  4282950  3659010 5758828 10557785
            1024       8 1345623 3668386  6441107 1404475812639479 5120336 6172653  6918376  8457895  5071963  4374559 6402699 13643232
            1024      16 1387350 3999762  6559147 1364323213142265 5751117 6327241  7644933  8061038  5363307  4570058 6559147 13472053
            1024      32 1426043 4095102  6692005 1399898113643232 6172653 6479979  7927135  8970167  5500686  4570058 6609617 13643232
            1024      64 1454537 4570058  6402699 1386342210557785 6609617 5958564  8262639 14422045  5652717  4634161 6559147 14044758
            1024     128 1471481 4029784  6609617 1386342213643232 6609617 6093831  8000971 11132462  5507740  4720752 6280976 13472053
            1024     256 1499217 4270175  6776473 1249242612639479 6244448 5853003  7066349  9402175  5536137  5065980 5917516 12208350
            1024     512 1434138 4339202  8061038 13142265 5330028 5958564 5917516  6650556  8326715  4949226  6441107 5925680 12492426
            1024    1024 1174192 4304412 12071103 1263947912944224 5885083 6025439  6128613  6093831  5991815  4854136 5991815 11903823
            2048       4 1207501 3199462  5832361  7911115 9400176 4014352 5376082  5852228  7262337  4014352  3465352 5816563  9898453
            2048       8 1401796 3771144  6359119 1196693512187663 4717655 6041567  7343043  8498106  4900677  4267642 6378005 11564174
            2048      16 1456709 4240255  6588354 1211888413301113 5549749 5884299  7616502 10607402  5029807  4490751 6543188 12257227
            2048      32 1489289 4453499  6670210 1280539913926483 6114678 6097316  8089930  8940345  5376082  4138120 6690992 12561952
            2048      64 1457698 4396514  6711905 1297954114441580 6401772 5785224  8292998 10240672  4960102  4338776 6608629 12729493
            2048     128 1451295 3751381  6440169 1265448213836752 5521212 6189580  8253158 10780463  5135046  4405533 6261772 11770166
            2048     256 1494732 4451191  6243566 1132033412882215 6075753 5937172  7336772 12050878  4957240  4500161 5564129 10834854
            2048     512 1534244 4472047  6829301 1150223412729493 5868220 5953632  6990474 10179991  5131978  1354493 5949508 11305435
            2048    1024 1367213 4221501  7754008 1183503311260973 5478953 5640860  5475461  8190205  3885431  4096676 5735012 10240672
            2048    2048 1338662 3650932  6738230  6895083 6990474 3915540 5376082  4284671  5332694  3256469  3984558 5403134  5735012
            4096       4 1216549 2985827  5721272  6114255 6897314 3202328 5299475  6007355  5953231  3733288  3412898 5252488  6542703
            4096       8 1413887 3761077  6321227  7502762 8842813 3357537 5875858  7499487  7027089  3785942  3803543 6225028  6500617
            4096      16 1428227 4075109  6041154  7515892 9287391 4335279 6207035  7831080  7460407  4530788  4000150 6311938  7542289
            4096      32 1465008 4104315  6442115  7711565 9751284 4591331 6060333  8112108  7715028  3598778  4078979 6420447  7653165
            4096      64 1479262 4087714  6243125  6941906 9524234 4994430 6066754  8565071  7625987  4596244  4052041 6309619  7615846
            4096     128 1146409 4108241  6186918  6727163 9062041 5044289 5777065  8328399  7515892  4457897  3938705 5996870  7209932
            4096     256 1465883 4266376  5971855  6989921 8308260 4467170 5728903  6480999 13299112  3546038  4083827 5603704  6716643
            4096     512 1544562 4218190  6186918  7073381 7170810 4757904 5497899  7061751 11641010  4270618  3896717 5497899  6585338
            4096    1024 1496529 3640724  6649056  6737716 6978564 4456740 5681538  6724530  9482180  4095510  3802702 5611025  6330545
            4096    2048 1360802 3202925  5955295  6216019 5611025 3185110 5190597  4235870  6049663  2890382  4140919 5062125  5461198
            4096    4096 1221218 2874423  4417775  4087714 4628439 3049966 4288742  2884558  4581535  2882138  3098371 4549987  4294102
            8192       4 1145255 2886692  5748846  5579867 5244315 2595576 5094251  5765244  5142283  2916338  2802633 5382328  5740202
            8192       8 1306960 3371310  5984134  6450345 5880691 3104195 4583861  6552443  5851647  3462355  3488721 6006101  6248582
            8192      16 1439464 3660429  6316353  6118398 6081578 3369987 5901904  5411147  6296676  3655366  3613465 5319004  6464909
            8192      32 1462813 3778782  6136976  6595205 5107124 3810210 5983092  7839667  6420214  3603989  3705430 6036702  6517641
            8192      64 1494629 3936812  6370221  5078440 6512699 4282224 5876668  8208631  6063334  3828039  3814017 6229323  5905961
            8192     128 1480333 3860729  5733497  6168929 5897851 3862030 5760412  7891886  6233844  3581823  3671773 5814021  5859631
            8192     256 1515059 3842595  5672914  5978928 5572627 4187757 5630154  7262978  5776876  3433293  3667070 5721087  5439416
            8192     512 1527520 3858561  5545644  6099933 5838720 4153837 5584401  5847664 11804201  3695070  3623372 5780764  5450634
            8192    1024 1496777 3769662  5650523  6036702 6267959 3893540 5704938  6552443 10922396  2822895  3319202 5736369  5494212
            8192    2048 1258561 2762968  4383287  4620849 4989212 3069257 3350598  3831881  6050521  2767642  2873415 4774304  5278962
            8192    4096 1288628 2756319  4229512  4282224 4313945 2584253 4433053  2877264  4201070  2452724  3325949 3867682  4233681
            8192    8192 1291097 2798752  4166935  4483963 4483963 2957506 4445097  3018299  4474037  2897647  2976981 4387765  4442798
           16384       4 1186110 2849916  5459210  5651363 4709456 2485081 5158807  5567122  5075366  2828217  2948346 5459210  5677040
           16384       8 1326635 3234039  6323797  6229213 5384355 2834049 5700587  7550092  5785536  3118961  3313250 6173255  6289648
           16384      16 1399644 3542459  5997088  6291375 5864034 3229024 5858035  7304517  5806066  2221860  3306554 6255866  6094958
           16384      32 1397708 3682754  6362439  6136321 5801655 3714404 6227520  8325792  6222445  3634450  3616851 6145101  5968441
           16384      64 1445180 3794390  6021260  6206148 6095499 3955577 6124836  7713657  6072338  3399967  3640804 6220192  6382531
           16384     128 1161080 3779573  4228160  4923372 6032360 3707590 5016823  8167466  5701060  2473809  3248870 5450117  5510869
           16384     256 1373708 3299885  5290262  4867230 5160357 3244422 5614884  7028827  5830698  3332207  3346487 5677040  5496324
           16384     512 1484196 3708591  5938526  5505130 5830698 4052380 5783101  6983824  5845080  3329463  3378238 4547403  4740972
           16384    1024 1490667 3710994  6138514  5463116 6041375 3985399 5787485  7195149 12373403  3210619  3353182 5891180  5997088
           16384    2048 1313350 2977214  5134524  5434171 5310703 3115991 5128010  3897251  6047756  2484362  2581322 4736724  5305783
           16384    4096 1311870 2710420  4470488  4472816 4445041 3002318 4434142  3104729  4460622  2629423  2673201 4326386  4441306
           16384    8192 1286548 2706257  4439011  4442742 4405431 2961688 4392478  2954176  4385470  2496003  3390740 4428142  4442742
           16384   16384 1257497 2546127  4453395  3520319 4359873 2911249 4409106  3011264  4413637  2957481  2900803 4157306  4297974
           32768      64 1379067 3576921  6254672  6318507 5971762 3684314 6050100  8518166  5925419  3302566  3612365 5720710  6217886
           32768     128 1431613 3634815  6010150  6036813 5936168 3710474 4343587  8268593  5994945  3291650  3389637 5920059  5945927
           32768     256 1415775 3628865  5764861  5464159 5679106 3754772 5701724  7455810  5690864  3276115  1850162 5722615  5699832
           32768     512 1420795 3662030  5800628  5906321 5404640 3634431 5587902  6826616  5759788  3232579  3495590 5754723  5795735
           32768    1024 1411747 3502360  5859735  5968650 5921079 3664862 5639028  6852143  5793537  2883991  3101282 5681923  5831639
           32768    2048 1275111 3091308  5221089  5388536 5139286 3178307 5208032  4173187  6746527  2166754  2329086 5088295  5295318
           32768    4096 1309780 2752919  4251679  4439557 4345922 2759607 3773742  3068463  4432827  2194045  2314612 4399622  4358049
           32768    8192 1312983 2360974  4397229  4413751 4384884 2765660 4365662  2994977  4394839  2579327  2583399 4380132  4332087
           32768   16384 1282010 2727515  4395401  4405404 4057501 2621639 4374973  2938311  4330994  2569009  3364659 4349911  4409078
           65536      64 1421822 3742544  6275062  6325313 6092313 3535415 6018546  8403018  6014727  3255350  3606053 6206066  6245123
           65536     128 1439431 3682429  5946931  6029636 5766047 3676420 5646187  8263325  5812502  3339755  3545905 5992044  6097989
           65536     256 1454997 3708462  5739200  5783882 5665739 3597322 5200426  7558068  5666790  3204384  3559819 5808939  5865587
           65536     512 1466987 3724491  5713671  6064222 5939478 3766854 5945387  6997054  5971477  3293575  3559450 5957242  5958275
           65536    1024 1498619 3712870  5949763  6043556 5937938 3894237 5906296  7209003  5936784  3033376  3234131 5904140  6033607
           65536    2048 1364511 3006239  5169326  5308695 5222062 3113641 5176627  4158905  5202099  2208159  2328924 5054407  5238283
           65536    4096 1299697 2671030  4335832  4380468 4336926 2754541 4345909  2996604  4395739  2101050  2238022 4319208  4361493
           65536    8192 1257718 2699067  4168176  4247592 4179838 2737505 4307026  3018287  4315004  2230938  2346099 4188691  4359487
           65536   16384 1262687 2658552  3379876  3981037 4054437 2669396 4314124  2930036  4285672  2488172  2533184 4320362  4353687
          131072      64 1104415 3100975  6135133  6296105 5874036 2928847 5928129  8121452  5984726  2932127  2927412 6013596  6242982
          131072     128 1278350 3087235  4603864  5969195 5642351 2813780 5908696  7217976  5894568  2966845  3294183 6094123  6248090
          131072     256 1358512 3174351  5781255  5825732 5792219 3100450 5764947  7706482  5760175  2724654  2955329 5748010  5810954
          131072     512 1349866 3005956  5683945  5734220 5657681 3036321 5721151  7215987  5698321  2836134  2923956 5575175  5687415
          131072    1024 1288305 3055356  5769000  5828821 5721211 3019461 5860885  7133126  5946211  2680626  2679685 5834017  6017677
          131072    2048 1230319 2419776  5071042  5280893 5264357 2545981 5068331  4054969  4845934  1853733  1982818 5103667  5267333
          131072    4096 1172482 2239743  4179578  3933604 4154154 2222907 4091151  2820203  4063481  1826681  1860546 4138268  4219419
          131072    8192 1141522 2246654  4143665  4154405 4194022 2235308 4315404  2244223  2921283  1994551  2032130 4219549  4327940
          131072   16384 1161233 2206482  4072723  4086680 4085526 2244654 4116454  2883816  4196327  2054740  2015626 4206666  4241949
          262144      64  150522  141443  5953610  6079291 5807756  118838 5561211  7770905  6061695   156837   156471 5820361  6195660
          262144     128  156919  129113  5746892  5973275 5675724  126699 5788249  7456196  6007938   151602   149254 5758510  6042839
          262144     256  149722  148942  5449958  5674992 5496931  125046 5346706  6604950  5041508   158059   143867 5472281  5611677
          262144     512  147409  144461  5302152  5738823 5598846  147981 5425967  7168648  5549899   159224   147842 5414611  5697311
          262144    1024  147977  153617  5443428  5766090 5618300  160014 5639076  7022187  5885853   157111   149884 5469776  5776632
          262144    2048  152253  158338  4727154  5121014 4895948  167056 4952201  3947483  5123210   148708   152445 4752696  4913847
          262144    4096  154106  143821  4065372  4209256 4087953  162873 4020493  2899595  4132806   154564   149750 4139855  3955635
          262144    8192  156816  151574  4048680  4174734 4009175  172374 4030190  2888671  4165040   172257   168176 4040438  4056208
          262144   16384  155743  130148  3914638  4180989 3948660  162328 4032421  2840713  4102474   186380   173199 4081277  4123181
          524288      64   64541   84937  5993639  6245844 5855882   28596 5756397  8200696  5874639    85987    88256 6027267  6182557
          524288     128   88313   84359  5800614  5981200 5708326   48065 5648793  8256767  5892600    89384    80667 5807799  5507694
          524288     256   87798   84440  5604966  5697913 5543628   55835 5402198  7487163  5740274    86501    76704 5478741  5696924
          524288     512   86275   82632  5313501  5793629 5718182   59904 5541854  7057407  5606337    87754    87691 5776569  5910402
          524288    1024   89242   83158  5749098  5957752 5844117   71006 5516676  7011256  5735557    89097    86114 5472346  5802603
          524288    2048   88131   85126  4839242  4976203 4874469   84836 4824103  3803546  4515171    89858    89364 4552609  4964239
          524288    4096   87782   85511  3968605  4139526 4031836   88845 4036461  2798024  3954616    89435    86429 4019440  4026602
          524288    8192   87484   82899  4222169  4278673 4304039   89093 4034225  2768533  4120692    91549    89998 4081495  4132548
          524288   16384   87288   82934  4087283  4105306 4085878   91069 3952626  2933557  4034314    92879    89089 3936747  4163887

iozone test complete.
