	Iozone: Performance Test of File I/O
	        Version $Revision: 3.420 $
		Compiled for 64 bit mode.
		Build: linux-AMD64 

	Contributors:William Norcott, Don Capps, Isom Crawford, Kirby Collins
	             Al Slater, Scott Rhine, Mike Wisner, Ken Goss
	             Steve Landherr, Brad Smith, Mark Kelly, Dr. Alain CYR,
	             Randy Dunlap, Mark Montague, Dan Million, Gavin Brebner,
	             Jean-Marc Zucconi, Jeff Blomberg, Benny Halevy, Dave Boone,
	             Erik Habbinga, Kris Strecker, Walter Wong, Joshua Root,
	             Fabrice Bacchella, Zhenghua Xue, Qin Li, Darren Sawyer,
	             Vangel Bojaxhi, Ben England, Vikentsi Lapa.

	Run began: Sat Oct  5 08:41:18 2013

	Auto Mode
	Command line used: iozone -a
	Output is in Kbytes/sec
	Time Resolution = 0.000001 seconds.
	Processor cache size set to 1024 Kbytes.
	Processor cache line size set to 32 bytes.
	File stride size set to 17 * record size.
                                                            random  random    bkwd   record   stride                                   
              KB  reclen   write rewrite    read    reread    read   write    read  rewrite     read   fwrite frewrite   fread  freread
              64       4  560635 1310683  4988978 1290201710402178 4274062 4564786  3738358  4274062  3588436  1304314 4564786 12310336
              64       8  679917 1385075  3541098 1597288510402178 4564786 5389653  4564786  5860307  2467108  3203069 5860307 20962191
              64      16  695778 1526887  5860307 1290201712902017 5389653 4564786  4274062  3791156  4274062  1734015 3791156  5860307
              64      32  668072 1638743  9318832 3438968815972885 5735102 5735102  6421025  4018152  3791156  2444640 3203069 12902017
              64      64  855419 1679761 10821524 1290201715972885 5283570 3057153  4897948  5389653  4274062  4643754 3363612 12902017
             128       4  753179 1858934  3759450 11720614 9795896 4444086 4934216  4135958  3380677  4012317  1911894 4267461 10779307
             128       8  852438 1852520  6406138 1588107814200794 5325799 4104338  6406138  6406138  2132084  2140585 5122535 18637664
             128      16  895074 1939522  4407601 1147020412842051 5545860 5122535  4596273  9795896  3867787  2420455 3895854 12542043
             128      32  907174 1975201  4934216 1636517314200794 6045455 3657016  7082197  4596273  5325799   895074 5122535 18637664
             128      64  902598 1266785  5325799 1588107815881078 6114306 3759450  6727225  4557257  3867787  3297617 6114306 15881078
             128     128 1185654 2660335 12842051 1801235914200794 6406138 5379161  6406138  4934216  6406138  3445772 5784891 12842051
             256       4  977189 2699161  5938650 12812277 9868433 4496299 4197489  5810112  4070199  4422226  2719671 5117791 11569783
             256       8 1019886 2539563  1911233 1607260812812277 5455847 4264168  7120034  4422226  5117791  3123106 5938650 15164624
             256      16 1138879 3499745  5687020 1516462414164395 6107548 4422226  7314033  5217259  5217259  4264168 4332998 14953435
             256      32 1158540 3052087  6398720 1607260814164395 6554972 4197489  6761355 13454450  5687020  4652146 5428265 15164624
             256      64 1128110 3009318  6398720 1607260814953435 6891544 6398720  7791708  8815202  5022044  5022044 6073004 16072608
             256     128 1286217 3123106  7791708 1495343514353744 6554972 5810112  2975955  6554972  5117791  7314033 6398720 14953435
             256     256 1112909 3368013 12812277 1345445013454450 6249745 5687020  6249745  6249745  6249745  4350555 6107548 14353744
             512       4 1099128 2875558  5744919  7900804 9814569 4340054 4494470  5886650  5744919  4228947  3710197 5684095 11683444
             512       8 1163439 2815243  6571132 1424006912499490 5214798 6156675  7211022  8844453  4038098  4061007 6472112 14240069
             512      16 1309596 3201349  6395018 1462806713438092 5624545 6319739  7540170  6395018  5278892  4305250 6104175 14146265
             512      32 1329871 3346002  7022379 1462806714240069 6472112 6395018  7410080 14240069  5509113  4375425 6571132 13783088
             512      64 1358474 4532414  6551087 1462806713872122 6395018 6491676  7871843 13109944  5566231  2413429 2370799  3849877
             512     128  774759 4237291  3366987 1424006913522711 6174377 6156675  7758090 10641343  5822804  5331314 6174377 14240069
             512     256 1426135 3736016  7988981 1310994412797441 6174377 5951911  6736026  7758090  4650188  7211022 6174377 13109944
             512     512 1155302 4411377 13109944 1352271113109944 6156675 6104175  6174377  6174377  6174377  5019764 6104175 13522711
            1024       4 1216082 3198502  5991815 12173747 9655828 4304412 5472650  5853003  7208671  3040026  3684119 5782087 11520658
            1024       8 1187831 3764854  6519323 1423090212639479 5251818 6208343  7699755  4972145  5018624  4249053 5958564 13863422
            1024      16 1221964 3835457  6692005 1113246213142265 5853003 6393168  7699755  7869040  5226256  4374559 6441107 14044758
            1024      32 1479591 4142499  6918376 1347205313686709 6364746 5853003  8262639  8199542  5417427  3229770 6280976 14230902
            1024      64 1422266 4415030  4300102 1482016114422045 6692005 6599461  8474583 10662628  4304412  4570058 5917516 14820161
            1024     128 1393200 3655895  6529233 1399898113643232 6609617 6128613  8262639  9765601  5630486  3291652 6128613 13643232
            1024     256 1306332 4018473  6692005 1249242612348754 6059442 5821271  6874084 10039528  5417427  5042191 5853003 12348754
            1024     512 1276817 4304412  7869040 1279003712639479 5885083 5853003  6479979  7811791  5089995  6208343 5601115  9142007
            1024    1024 1448650 4304412 11645609 1263947912639479 5751117 5845038  5885083  5983467  5917516  4736370 5751117 12173747
            2048       4 1098624 2849249  5800851 10143926 9525260 3362265 5336007  5670651  7042051  4031308  3561619 5251194  9752360
            2048       8 1371798 3632406  6207471 1256195212118884 3887189 6041567  7368238 10439809  4807425  4081105 6266340 11642543
            2048      16 1386635 3922692  5953632 1196693513038646 5172149 6167360  6563185 10945301  5068389  4481379 6321679 11706006
            2048      32 1461667 4001263  6359119 12345306 9228493 5884299 6401772  7782107  8365686  5264067  4196751 5704543  8830061
            2048      64 1535066 4423683  6623917 1272949314321195 6340344 6167360  8431376  7065219  5119743  4330028 6207471 12488897
            2048     128 1419165 4432815  6382745  883006113552946 6189580 6075753  8159088 10607402  4934459  4146110 5986827 11966935
            2048     256 1469167 4403275  6132138 1169007610834854 5735012 5332694  7106133 12033995  4717655  4394265 5868220 10889797
            2048     512 1403628 4188565  6780783 1138032512488897 4376355 5689430  6397004 10240672  4550221  4038890 5238385 10503637
            2048    1024 1441069 3855782  7817519 1164254310959265 4312636 5754221  6340344  8067138  4875642  5489457 4444282  9349021
            2048    2048 1355348 3020577  6759439  6780783 7019034 4293237 5184636  4196751  5403134  3826582  3991965 5416763  6649556
            4096       4 1174707 3217321  5713661  6032669 7173805 2910951 5284803  5894001  6186918  3370712  3349029 5618365  6628532
            4096       8 1327675 3396032  6281934  7670249 8497289 3686820 4958393  7697744  7135072  3781775  3393349 5971855  7380284
            4096      16 1412956 3664018  5431844  7529067 9163546 3897601 5953231  7542289  6941906  3706707  3864287 6060333  7572208
            4096      32 1505315 3820460  6272759  7954358 8426437 4707064 5558378  8158335  7612471  4526013  4100397 4935601  7656576
            4096      64 1513670 4180214  6430059  7969117 9614850 4501111 6300364  8535284  7135072  4467170  4027344 6243125  6398924
            4096     128 1448335 4120064  5204750  7405736 9287391 5038371 5996870  8443002  7512605  3761077  3835814 6051794  7502762
            4096     256 1486172 3775126  5910222  7197849 8256354 4623457 5424983  7351860 13086376  4047268  3949571 5589120  6339889
            4096     512 1526718 4137927  6178018  5961494 8142867 4707064 5139356  7050159 11609543  4153935  3730856 5769304  5657217
            4096    1024 1487846 3927001  6628532  6758923 6930704 3856480 5719367  6772244  8158335  4179197  3751222 5672159  5440445
            4096    2048 1405098 3047802  5250883  6300364 4495223 3673419 4664886  3831537  6131713  3025260  4149921 5157871  5404504
            4096    4096 1240172 2602298  4581535  4666153 4116116 2948925 4551192  2894765  4371684  2900630  3059199 4071246  4633432
            8192       4 1216885 2996452  5347148  5353814 4782278 2661522 5192013  5610847  4899570  2873415  3026275 5577150  5512724
            8192       8 1367399 3396303  5919188  6431028 5720134 3014856 5520695  7359427  5565406  3424738  3363060 5880691  6360787
            8192      16 1367181 3600968  6277120  5868638 6380868 3358786 5944791  7690517  6233844  3389267  3728348 6233844  5996667
            8192      32 1419014 3693481  6014511  6177802 6455193 3656923 6144658  8257953  6385612  3751142  3696660 6224809  6136976
            8192      64 1480588 3742154  6173362  6532510 6077276 4021596 6015564  8323971  6239504  3455043  3433293 5970616  6024002
            8192     128 1393180 3873350  5923270  6263389 5915112 4181641 5630154  8577485  6301295  3688723  3678455 5830794  6220301
            8192     256 1450157 3984289  5776876  5467982 5657967 4293461 5333039  6774655  5475825  3427813  3608531 5490700  5704938
            8192     512 1432204 3876846  6010303  5607184 5716328 4331893 5309142  6720329 11857157  3742154  3565099 5468852  5931450
            8192    1024 1457909 3566579  5814021  6068689 5872650 3720275 5539386  6948652 11538609  3197502  3274287 5406890  5340499
            8192    2048 1310100 2982148  5588034  5732541 4995015 3243073 4844308  4033398  6032463  2878470  2779732 4757776  5305863
            8192    4096 1294161 2647576  4209820  4454317 4449702 2628940 4077433  2853133  4186227  2580178  3265263 4364357  4228992
            8192    8192 1192599 2527602  4368796  4383287 4286498 2880400 4130865  2871253  4457206  2928768  2885480 4277426  4231596
           16384       4 1160590 2785457  5758869  5740589 4637628 2495278 5189585  5410639  4933268  2729692  2711169 5298828  5559915
           16384       8 1284528 3280822  6012830  6491662 5271594 3015625 5677040  7764205  5862033  3117122  3337548 6287346  6400365
           16384      16 1413405 3413986  6392625  6395004 5696807 3277380 6092797  6161631  6168821  3363522  3548678 6417699  6488597
           16384      32 1464178 3745786  6313919  6542963 6333122 3612858 6203347  8359214  6447807  3507562   966100 6390247  6039252
           16384      64 1475623 3795229  6445388  6577407 6362439 3377408 5457475  7772988  3025050  1463399  2947840 6422497  6392625
           16384     128 1502432 3848794  5948808  6308703 6215691 4239115 6034479  8591217  6150051  3490458  3455009 5557667  5977786
           16384     256 1502301 3830772  5908402  5986118 5659275 4271260 5488422  7613666  5944691  3586647  3699407 5597504  5855539
           16384     512 1502596 3912116  5947263  6092797 6070193 4120661 5622694  7370324  5795783  3462495  3651444 5883111  6008099
           16384    1024 1482563 3773347  6136321  6193842 5813926 3949666 5343741  6798654 12402433  3407047  3338845 5891685  6021260
           16384    2048 1370475 3030118  5263115  5544215 5371728 3414835 5174735  4019668  6854943  2539446  2536166 5206492  5072743
           16384    4096 1276416 2678828  4300395  4467872 4447342 2881947 4398382  3016684  4452241  2481671  2646027 4212867  4461780
           16384    8192 1292307 2740687  4270198  4446191 4431568 2822873 4401763  2962709  4292336  2595263  3344370 4395850  4285644
           16384   16384 1200029 2755082  4445904  4447342 4459174 2933494 4381835  2834049  4213900  2834516  2911126 4378485  4435287
           32768      64 1309518 3750468  6511902  6539167 6339199 3688863 6334524  8856284  6407468  3412190  3681452 6267793  6490070
           32768     128 1475825 3751390  6276093  6329565 5943613 3857740 5977476  8787766  6203572  3360463  3642908 6237923  6082767
           32768     256 1472726 1411442  5932068  5986067 5829660 3911649 5847021  7055820  5920059  3366307  3669461 5754001  5923376
           32768     512 1454799 3674366  6038935  6095176 5835849 3877876 5946956  7072522  5697705  3160184  3582049 5977476  6022264
           32768    1024 1472663 3695906  5915982  6143400 5941557 3888519 5852499  7373806  6016728  3052177  3282374 5806754  5945927
           32768    2048 1343885 3035459  5222875  5358702 5213563 2964614 5232818  4366079  6705056  2268613  2367481 5145829  5190526
           32768    4096 1292876 2400772  4368438  4363306 4247343 2665363 4367327  1962269  4341255  2236750  2329244 4227095  4166230
           32768    8192 1214932 2570643  4169389  4217755 4163075 2660153 4182840  2872899  4202665  2379120  2568433 4149375  4201509
           32768   16384 1219275 2553592  4243409  4151506 4274422 2646833 3399866  2413123  3936972  1942962  3338911 4275619  4272827
           65536      64 1162894 3561157  6330703  6353383 6067569 3558851 5988259  8603698  6107745  3346749  3531010 6003037  6174561
           65536     128 1403879 3506283  5965386  6005397 5758317 3654280 5935118  8058145  5838800  3232838  3586854 5932940  6003168
           65536     256 1398429 3676617  5621017  5644796 5581299 3628760 5579373  7118090  5568522  3196261  3501771 5641899  5507162
           65536     512 1404898 3674995  5797178  5888709 5780234 3736591 5650714  7066487  5733215  3210335  2961829 5695793  5734172
           65536    1024 1397775 3524762  6087321  6121347 5945387 3843059 5821241  7263868  6026860  3043115  3236987 5939991  6061414
           65536    2048 1327227 2960999  5203379  5239981 5231105 3071886 5119645  4093685  5210777  2163118  2286917 5020343  5236187
           65536    4096 1267373 2696631  4295248  4339254 4348796 2675267 4304463  3036023  3588025  2095875  2237256 4326959  4336926
           65536    8192 1244017 2702171  4295181  4269761 4334669 2755563 4306216  3040825  4281666  2248695  2084211 4293504  4348728
           65536   16384 1276259 2458771  4247002  4217807 4251732 2693539 3960616  3003611  4264727  1978979  2068682 4305947  4363224
          131072      64 1262831 3088987  6392821  6478400 6170389 2988423 6255556  8633397  6179961  2876016  3022516 6371113  6497388
          131072     128 1318088 3084983  6182324  6254630 6090073 3025810 6119971  8176655  6041020  2974727  3150159 6145282  6290630
          131072     256 1334637 2803863  5835503  5913463 5765491 3150159 5783749  7629795  5672392  2817053  3075009 5843380  5913145
          131072     512 1323893 3129715  5805308  6036575 5924679 3246196 5877930  7182050  5943511  2846782  2897007 5892736  6003090
          131072    1024 1349836 2740655  5548056  5840214 5720913 2910442 5789657  7252351  5943768  2516841  2661948 5934657  5971919
          131072    2048 1230493 2576503  5096333  5278560 5222201 2592101 5047808  4026547  5155645  1884785  1991495 5151008  5244320
          131072    4096 1170191 2359833  4312425  4366752 4337262 2388769 4268197  2997090  4345284  1898768  1926252 4278927  4275433
          131072    8192 1162594 2234663  4143789  4174246 3985042 2148123 3562698  2889591  4102783  1856469  2006336 4170573  4182662
          131072   16384 1138718 1878975  4234271  4265548 4125381 2262166 4112974  2856901  3550641  1906029  2090065 4140668  4190409
          262144      64  164809  165422  4299337  3711258 5257078  123324 5898990  8760015  6209446   170777   164104 6132183  6289579
          262144     128  170172  153632  5548610  5819344 5584798  120269 5407607  7960161  5595285   175679   167903 5877798  6054819
          262144     256  173733  157668  5445450  5712585 4428696  135926 5297018  7457460  5611075   174167   176171 5636879  5923747
          262144     512  167105  151508  5562730  5801320 5702748  144125 5551524  7138999  5666014   175291   164017 5647475  5987490
          262144    1024  163099  161122  5508608  5740351 5672152  162068 5453742  5933818  5801198   175773   173100 5497535  5716684
          262144    2048  167466  160514  4813177  4976138 5025585  167058 4731324  3772986  4933359   172971   164404 4800107  4907574
          262144    4096  163005  158680  4028713  4158770 4182659  170567 4091848  2835862  4091848   175831   180775 3865411  4354401
          262144    8192  165809  141996  4019625  4101893 4089672  159929 4018391  2758684  4107486   191071   186682 4032673  4154088
          262144   16384  166941  153129  3881198  4158047 4027591  163712 4213789  3032777  4276544   201589   200025 4134500  4177066
          524288      64   64830   88693  6338799  6473011 6081742   26778 5796057  8264587  5972412    84892    91334 6003391  6204974
          524288     128   90245   87120  5961742  6011367 5509599   47281 5751233  7788680  6024988    91139    91211 5949033  6092189
          524288     256   91402   86555  5651783  5720979 5637324   53387 5616188  7595389  5731297    91499    91184 5563164  5672998
          524288     512   90968   87127  5650389  5743917 5719610   65404 5469420  7122416  5721783    90774    89085 5513301  5825415
          524288    1024   91936   86721  4798534  5411943 5724613   70013 5795996  7093307  5968263    92233    85495 5612161  4689640
          524288    2048   88632   87062  4943960  5050549 4900387   85626 4757815  3712297  4922986    92075    91972 5046758  5102168
          524288    4096   90616   88421  4182657  4301816 3528085   91973 4016086  2687885  4060851    91573    83517 4033418  3990411
          524288    8192   90560   87868  4032893  4119820 4146770   88978 4030535  2764662  4156819    91398    90738 3977125  4125617
          524288   16384   91110   86103  4048433  3982801 4164289   91977 4024442  2725767  4099941    94448    93935 3107963  3509101

iozone test complete.
