	Iozone: Performance Test of File I/O
	        Version $Revision: 3.420 $
		Compiled for 64 bit mode.
		Build: linux-AMD64 

	Contributors:William Norcott, Don Capps, Isom Crawford, Kirby Collins
	             Al Slater, Scott Rhine, Mike Wisner, Ken Goss
	             Steve Landherr, Brad Smith, Mark Kelly, Dr. Alain CYR,
	             Randy Dunlap, Mark Montague, Dan Million, Gavin Brebner,
	             Jean-Marc Zucconi, Jeff Blomberg, Benny Halevy, Dave Boone,
	             Erik Habbinga, Kris Strecker, Walter Wong, Joshua Root,
	             Fabrice Bacchella, Zhenghua Xue, Qin Li, Darren Sawyer,
	             Vangel Bojaxhi, Ben England, Vikentsi Lapa.

	Run began: Mon Oct 28 08:32:31 2013

	Auto Mode
	Command line used: iozone -a
	Output is in Kbytes/sec
	Time Resolution = 0.000002 seconds.
	Processor cache size set to 1024 Kbytes.
	Processor cache line size set to 32 bytes.
	File stride size set to 17 * record size.
                                                            random  random    bkwd   record   stride                                   
              KB  reclen   write rewrite    read    reread    read   write    read  rewrite     read   fwrite frewrite   fread  freread
              64       4  761278 2362751  9382118 2128515613023645 4579919 9065276  4915374 13023645  3748502  3210512 7986442 21285156
              64       8  832070  546031 16159720 2128515616159720 530385410481095  6451008 15242148  4915374  380158812421016 35267590
              64      16  926881 2778507 16159720 3526759021285156 5759009 6952234  6451008 21285156  4503089  421992715242148 35267590
              64      32  744389 2930153 15242148 3526759015242148 588527210906959  6451008 16159720  5303854  530385416159720 21285156
              64      64  926881 2448974 21285156 3117213221285156 629961710481095  6451008 21285156  6451008  266804216159720 31172132
             128       4  998622 3637056  1279447 1060770811770544 4564786 9159838  5557014  7940539  4274062  411044411770544 14274156
             128       8 1155526 4564786 13904469 1813055215972885 555701411518019  7100397 21813919  4897948  494304414274156 15972885
             128      16 1153045 4725502  9830749 1813055214274156 579702811770544  7100397 12902017  5336084  533608414274156 18130552
             128      32 1033216 3281378 14274156 1813055215972885 6421025 5336084  7100397 15972885  5557014  642102514274156 18130552
             128      64  889431 3281378 14274156 1876423615972885 6421025 7603177  7100397 15972885  4603931  605871214274156 18764236
             128     128 1207505 4897948 15972885 18130552 7603177 612786612902017  6345137 14274156  6058712  579702815972885 18764236
             256       4 1102844 3657016 11594057 12690274 9795896 4425768 9795896  5574653  9886088  1610746  420068011114029 12117424
             256       8  962469 3080053 13487288 1499400812842051 377265911720614  7082197 10264100  3607865  482339113487288 14200794
             256      16 1266785 4911646 13487288 1611949214391124 611430612117424  7082197 17149304  5222190  522219013487288  2286447
             256      32 1298968 5003191 14200794 1611949214200794 640613812842051  7529144 16119492  5433602  5692878 9451004 14994008
             256      64 1213800 5325799 14200794 16119492 6562757 622057312690274  7746418 15881078  5945039  581622714391124 16119492
             256     128 1217930 5122535 13487288  732372713487288 640613812690274  6406138 14391124  4759253  882928613319976 13487288
             256     256 1326243 5122535 12842051 1331997612842051 482339111594057  1925609 12690274  5945039  6079686 9129573 11114029
             512       4 1091971 3460271 11632454 12228612 9646782 4306928 9646782  5455847  8534922  4093475  399449011149307 11385757
             512       8 1196628 3705040  9153364 1416439512159372 544202112159372  7215730 12159372  4031989  393592112159372  9312131
             512      16 1280084 2133379 13539277 1416439513125514 581011212513642  7215730 11632454  4341759  423056611890078 25684103
             512      32 1302601 4001934  7518900 1425844113454450 632335512812277  7625698 15492836  4306928  433299813539277 12812277
             512      64 1093639 4692810 14258441 1505828913800298 655497213125514  7994760 15953208  5687020  568702013454450 14258441
             512     128 1128110 5167047 13125514 1388955610495425 639872012812277  7518900 15058289  5687020  641784313125514 13454450
             512     256 1343343 4062499 11149307 1281227712159372 588978711632454  6398720 12812277  4830023  811561211956277 12441146
             512     512 1384034 4964001 12441146 1312551412812277 4486904 8368621  5955118 12513642  6021915  602191512513642 13125514
            1024       4  970479 3390911 11651748 12043830 8313729 3905895 9747744  3672131  9552621  2960797  291656510434519 11138071
            1024       8 1155924 4615210 13651658 1400785212215097 351870112499490  7422887 11910237  4871723  482791412990983 13480269
            1024      16 1222031 4950335 13480269 1400785212990983 3956265 5752614  7162918  5654163  5146068  514606813651658 13827462
            1024      32 1326585 3631765  6165514 1152666612180455 506714212499490  6642269 13109944  5331314  541192712043830 14007852
            1024      64 1336908 5418755 13827462 1462806713827462 635715613271990  8186950 16543832  5537524  559523613480269 14193012
            1024     128 1381635 5391546 13271990 1382746213480269 635715612797441  7702438 15989520  5278892  575261412646711 13480269
            1024     256 1422357 4508624 11910237 1013893212463219 609551211495814  4551627 13150084  3607362  587859311495814 12499490
            1024     512 1418130 4163357 1232021451200000035317146 530497311495814  5595236 10884042  4393327  669403210359019 11138071
            1024    1024 1281463 2414786 12499490 1246321912797441 3778747 9224360  3592276 10138932  3530270  4927617 8461132 12180455
            2048       4 1173069 2867506  4720752 10442275 7818901 3179559 7344263  5210405  8424714  3793116  3190187 8491338  7288182
            2048       8 1130907 2986129  9935023 1314226511505228 701441610134284  7190568 10341700  3724049  4120640 9391895 12639479
            2048      16 1235142 3518141  7160597 1355710212639479 425747710662628  7136800 12191024  3962857  328159210769573  8191723
            2048      32 1397962 4412762 10146254 1212220713202865 530370110892480  2115949  7369466  4783849  3758265 9799022 13284539
            2048      64 1234432 3961029 11004111  86018791384108412191024 5536137  5705280 13042493  4170657  350665110892480  8326715
            2048     128 1177572 4310893  9655828 1083751013202865 382861910341700  7504673 15772594  4664357  4424126 8905072 11505228
            2048     256 1430079 4293654  7847474 1183820211505228 5770434 8499740  6280976 13142265  4472500  4302256 8099040 11018226
            2048     512 1417337 4138508  9055272 1066262811709107 5157226 8129700  5901255 10442275  4500619  4385726 7672246 10086683
            2048    1024 1406661 3750061  9433150 1119047310769573 5057033 7934457  5444898 10454984  4365666  5093013 5837094  9666694
            2048    2048 1166221 2917170  4898425  4786515 6499591 3313236 4310893  2309363  4491207  3335105  3587193 5359961  5868999
            4096       4 1138070 2045073  4707314  4417995 4617485 2260327 4087903  4348660  5997277  3230141  2464260 4994712  5526541
            4096       8 1067230 2381260  2739743  4975905 6585829 2931912 5238385  4441984  6471707  4080136  3222870 4541801  6418514
            4096      16 1237064 2817013  4807425  6408936 5498241 3138671 8830061  5145812  4301837  2185842  3318748 4562305  5119743
            4096      32  949027 2830472  4735862  5468489 6420913 3415744 1749012  2671991  2754680  1440706  2155672 3608752  4596483
            4096      64 1374102 2096227  2191418  1615163 2121073 1343792 2008727  2328649  3143265  1031228  1272054 2005913  2608697
            4096     128 1208946 2959183  5528319  7302467 7936699 4051271 2379940  3667298  4628682  1997052  1409386 3841986  5190902
            4096     256 1215103 2258247  4643695  3482915 5403134 2409650 4643695  5876249 12187663  3330328  3143265 4952952  5347633
            4096     512 1504286 3996609  5512355  4870113 6704047 3965245 4432815  6207471  8903279  3311072  3232572 4521480  4648721
            4096    1024 1405695 2987485  4218391  6205229 5095447 3494960 3968910  3807079  8143617  3644736  2801395 4032254  5087902
            4096    2048 1127464 2363569  4784664  5230411 4395389 3122130 3768662  3669648  5165928  2472061  3438992 3450042  3586153
            4096    4096 1012569 1745103  1987350  3287628 4227734 1761566 2842179  2339430  3382122  2083516  2045073 3465352  3468150
            8192       4 1030690 2110858  3927001  4858827 4073177 2094517 4873299  4858827  5155550  2681503  2599738 3506950  2737040
            8192       8 1126673 2548826  4253700  5400257 5454263 3152092 4501111  5505828  4604868  2536970  2595810 3951842  5760599
            8192      16 1109896 2370354  7713296  5107271 5407055 2860305 5053934  5329891  5025843  2778877  2850339 5056910  5181986
            8192      32 1348042 2634017  4841710  4841028 5859825 2779776 5979130  4262671  6136093  3500876  3319264 5267788  4612905
            8192      64 1431917 3217622  5602790  5855830 5512895 3205016 3884382  7699469  7008456  2832715  3410188 5068846  3112404
            8192     128 1321090 2859115  4670593  4092095 5850844 2979871 7167818  7502762  4235870  3505519  3231542 5538667  4457318
            8192     256 1097383 2434338  5538667  5454263 4162490 3741011 3307124  5424983  4322734  2057763  2809323 4689077  5204750
            8192     512 1227983 2926820  4533179  5970818 5572803 3558525 4573607  5407055 11056639  2387649  2758353 3624975  5326586
            8192    1024 1142863 2915397  4120558  6113167 3831964 2286896 4363910  4659824  9153781  2657240  3122019 4486418  3137700
            8192    2048 1162820 1924418  4229093  4110699 3940060 2937329 4336920  4297862  3759430  1812737  2241981 4035385  2945891
            8192    4096 1004036 2510646  3077282  3278096 4406444 2466845 3268741  2102591  3402085  2289487  2716053 3349355  3663627
            8192    8192 1229477 2324649  3908241  3936449 3953661 2327956 3106495  1905950  3711913  2618760  2249909 3241909  3203522
           16384       4 1079737 1924343  4292388  4961834 4413975 2030020 4242306  3816558  4265479  2038028  2185413 3509925  4492464
           16384       8 1131564 2578532  5158883  4265479 4112571 2429742 5092741  6488716  4606291  2268298  2237645 5426959  3701040
           16384      16 1118287 3133209  4710487  4770989 3556428 2661007 5551917  6921358  4786275  3011289  2608483 4860412  4249915
           16384      32 1253167 2358769  5509188  6535617 4721491 2987594 4794958  6373175  5995097  2803090  3520354 5201051  4837488
           16384      64 1270756 3453654  5438125  4951466 4857320 2902420 5425245  6849610  4204154  2445740  3351252 5008850  5728718
           16384     128 1238308 3081368  3776913  4772646 4152080 3402019 4561043  7399844  5540726  2489239  2757757 5231141  5728718
           16384     256 1162636 2986036  4406616  4642702 3883419 3161025 3958355  4713395  4720194  2497200  2768087 3855963  5044145
           16384     512 1210860 3196163  4660966  3958355 4681287 2962734 4219384  5302178  4993563  2709906  2949509 5569014  4288906
           16384    1024 1043962 2730689  4259926  4966496 4116513 2889119 4422213  4842942  9559492  2588342  2409044 4453451  3699247
           16384    2048 1145809 2530674  3235287  3069805 4654652 2397362 3373958  3136355  5218033  1928447  2232484 4318282  3404041
           16384    4096 1115927 2327926  3427642  3348476 4248864 2411834 3169043  1743723  3293274  1761919  1909796 3089125  3573442
           16384    8192  974888 2453424  3531752  3834233 3111222 2131655 3328043  2137822  3499380  2312182  2331955 3558638  3289176
           16384   16384 1097902 2103210  3970018  3626431 3363554 2032242 4228211  2238885  2778833  2607295  2185135 3690902  3098876
           32768      64 1368006 3157149  4450366  4832999 4816738 3142854 4233109  5688083  6091717  3048737  3169672 5678213  5585221
           32768     128 1110325 2851631  5137595  5022690 5772172 3272542 5302303  6788244  4385470  2781680  2610792 5699878  5881852
           32768     256 1092305 3116910  4931321  4558715 5113700 3414410 4920904  5953446  4577085  2583797  2933056 4793388  4602221
           32768     512 1239052 3262443  3961848  5150494 4163099 3009022 5097768  5514628  5201172  2457487  3091599 4646722  4310916
           32768    1024 1158164 3046777  4592533  4345811 4440732 3032994 4929022  7157678  4683139  2164917  2350122 4550414  4748343
           32768    2048 1135140 2523500  4276177  4251178 3735504 2383998 4282172  3207173  4276709  1684288  1799749 3756536  3855596
           32768    4096 1084094 2307431  3354983  3540907 3407300 2379664 3640515  2463213  3553266  1688032  1813092 3379235  3607642
           32768    8192 1139564 2015393  3120165  3219192 3319652 2298709 3244345  2321344  3725782  2015511  2015747 3432660  3334148
           32768   16384 1012951 2029110  3198440  3085769 3133325 2080245 3382978  2275569  3272230  2039316  3055040 3566081  3220701
           65536      64 1206082 3358246  5267715  5832753 5028167 2897764 5552459  6395541  5817200  2584420  3081155 4790264  5050153
           65536     128 1169555 2851264  5041632  5059542 4700968 2834739 3367008  6646046  5059914  1968875  3200176 5653061  5586085
           65536     256 1160916 3205625  4803239  4779104 4568915 3195451 4357703  5740782  5095652  3077808  2863203 4395682  4514142
           65536     512 1148364 3133311  4103965  4275619 4892579 3172585 5122431  5821389  4652827  2757890  2711800 4683427  4446451
           65536    1024 1177537 2940008  4608750  4674507 4806094 2871608 5008926  5532344  4734245  2507218  2356319 4283414  5128069
           65536    2048 1116207 2320102  4208843  4353424 3814855 2310041 4406040  3188631  3248701  1764190  1754977 3896511  3769912
           65536    4096 1053581 2141567  3258252  3416558 3228365 1701444 3101422  2204444  3140040  1568108  1745205 3686389  3560197
           65536    8192 1118783 2228807  3844467  2875002 2989635 2127313 3294767  2336550  3113049  1820701  1861287 3376396  3744695
           65536   16384 1138528 2082099  3820900  3245173 3208918 2538382 3390724  2423762  3248356  1948913  2071835 3565230  3440549
          131072      64  565719 2525040  5072034  4808179 4586932 2432756 5200868  6923300  4718220  2311961  2400370 5225934  4984882
          131072     128 1125044 2312564  5149763  5411961 5016129 2377460 4776846  6485217  4555536  2271768  2419203 5133221  4714174
          131072     256 1076990 2638913  4737493  4730644 4761909 3062713 5162142  6807142  5088418  2995591  2465055 5261596  5239931
          131072     512 1223750 2644129  4987686  5024611 4920324 2770602 5270271  6606799  4766781  2607830  3153433 5357533  5440454
          131072    1024 1119919 2412568  5027505  4542587 5126998 3319869 4771456  5771011  5072642  2612875  1922185 4358761  4853815
          131072    2048 1049020 2168023  3853916  4078561 3944390 2119911 3897219  3348706  4342887  1755580  1756219 4262644  4188532
          131072    4096 1036888 1816632  3305060  3498785 3557308 1979578 3501704  2565217  3328996  1536095  1655075 3691851  3578076
          131072    8192  980329 1927752  3429230  3345730 3349053 1937761 3745986  2656934  3225592  1550562  1595346 3284269  3352565
          131072   16384  938534 1977193  3514734  3679619 3622758 2064968 3686577  2525759  3609817  1805250  1716095 3413241  3578659
          262144      64  145831  141263  5057001  5211212 4709825  109385 4790386  6957102  4965400   158379   152418 5292102  5204872
          262144     128  149761  140093  4706781  5392575 5057094  133097 4195366  6848593  5128926   165358   147037 4858010  5265290
          262144     256  150264  137006  4833217  5056792 5007713  122754 4607433  6400636  4706096   170458   145970 5153012  4737913
          262144     512  162239  144613  4861468  4650245 4786528  152851 4836683  6313241  4868766   157371   153371 4269656  4730046
          262144    1024  161811  143610  5065972  5036201 4992841  159701 4808129  6155776  4236539   169167   139139 4595321  4679816
          262144    2048  157513  100366  4034289  4331947 4212226  157709 4339059  3179970  3931311   165562   147144 3979345  4133461
          262144    4096  163789  148025  3518621  3509580 3485538  166748 3352091  2373957  3261720   164246   165738 3626493  3681031
          262144    8192  159953  125543  3381680  3382117 3315640  157177 3665165  2725668  3592933   170854   165513 3556717  3568572
          262144   16384  152412  130440  3480264  3438675 3672363  158135 3568237  2466541  3316680   194816   191731 3590035  3595835
          524288      64   63376   75111  5569296  5758359 5198493   30572 4775101  7129301  4914264    81441    83334 5210738  5127965
          524288     128   82202   72702  5360208  5392570 5315108   46886 5023989  7613618  5257078    75757    84455 5211713  5212281
          524288     256   83680   70509  4882230  4853310 4869894   55193 4574097  6450798  5052593    85483    82310 4905527  5029090
          524288     512   84266   77435  4807600  5114809 4637825   57587 4858339  6299507  5206691    82475    83255 5039867  5077712
          524288    1024   79337   75420  4945319  4720548 4508027   59983 4823703  6179798  4750406    85258    75917 4819094  4777249
          524288    2048   84102   75377  3925631  4197221 4253721   67654 3680141  2579545  3712825    83017    77110 3782903  4043841
          524288    4096   83406   74288  3323938  3611121 3698574   81598 3343247  2587352  3448833    86152    82315 3472217  3683273
          524288    8192   81054   76568  3381892  3349138 3407829   80429 3438404  2494825  3676942    79297    83293 3540788  3514227
          524288   16384   85064   75040  3358217  3308584 3435004   83937 3528918  2406016  3332072    89527    83307 3347110  3735467

iozone test complete.
Timer resolution is poor. Some small transfers may have 
reported inaccurate results. Sizes 512 Kbytes and below.
