	Iozone: Performance Test of File I/O
	        Version $Revision: 3.420 $
		Compiled for 64 bit mode.
		Build: linux-AMD64 

	Contributors:William Norcott, Don Capps, Isom Crawford, Kirby Collins
	             Al Slater, Scott Rhine, Mike Wisner, Ken Goss
	             Steve Landherr, Brad Smith, Mark Kelly, Dr. Alain CYR,
	             Randy Dunlap, Mark Montague, Dan Million, Gavin Brebner,
	             Jean-Marc Zucconi, Jeff Blomberg, Benny Halevy, Dave Boone,
	             Erik Habbinga, Kris Strecker, Walter Wong, Joshua Root,
	             Fabrice Bacchella, Zhenghua Xue, Qin Li, Darren Sawyer,
	             Vangel Bojaxhi, Ben England, Vikentsi Lapa.

	Run began: Sun Oct 27 03:03:52 2013

	Auto Mode
	Command line used: iozone -a
	Output is in Kbytes/sec
	Time Resolution = 0.000001 seconds.
	Processor cache size set to 1024 Kbytes.
	Processor cache line size set to 32 bytes.
	File stride size set to 17 * record size.
                                                            random  random    bkwd   record   stride                                   
              KB  reclen   write rewrite    read    reread    read   write    read  rewrite     read   fwrite frewrite   fread  freread
              64       4  752329 1226821  9318832 12902017 9318832 3958892 8182586  4564786 10402178  3203069  2772930 4018152  5860307
              64       8  821391 1780008 10821524 2096219112902017 1255511 5389653  3203069  2892445  2203800  206797910821524 15972885
              64      16  710511 1452528  8182586 15972885 9318832 2923952 7940539  3022727 12902017  3588436  120479612902017 20962191
              64      32  901377 2772930 12902017 2273779115972885 4018152 9006179  5735102 12902017  1330167  4564786 9006179 15972885
              64      64  645579 2203800 10402178 1290201715972885 427406210402178  3958892 10821524  4018152  3541098 9318832 20962191
             128       4  913347 3560017 10779307 14200794 9795896 4135958 8548124  3199360  8548124  3657016  3560017 9977956 12842051
             128       8  656477 2453642  8548124  9795896 8036304 2248149 6406138  3199360  9129573  2420455  2558895 7582312  1622919
             128      16 1000121 4104338 12542043 1801235914200794 532579910567140  5325799 11720614  4759253  493421611470204 14200794
             128      32 1067750 4557257 12842051 1636517314200794 584790410567140  6812590 14586625  5325799  560374712842051 15881078
             128      64  976473 4717434 12842051 1588107812542043 554586010779307  6406138 14200794  4135958  365701611720614 15881078
             128     128 1102844 4596273 12842051 1420079412842051 554586010779307  5847904 11720614  5545860  532579911720614 14200794
             256       4  969251 3499745  9868433 11569783 9114515 3994490 7965107  5117791  8534922  3617659  3557725 9778562 10651598
             256       8 1044693 3994490 11695808 1345445011207494 4755158 9868433  6595234  9868433  4197489  312310611091721 12812277
             256      16 1079348 4404088 11091721 1281227712228612 532067110245071  6398720 14353744  4652146  433299811695808 12812277
             256      32 1103757 4652146  6936061 1345445012812277 556903511207494  6936061 14353744  4929815  502204412228612 13454450
             256      64 1137672 4819184 12812277 14164395 9434868 581011210758322  6936061 14353744  5320671  399449011569783 13454450
             256     128 1112909 4840911 12228612 1345445012228612 5810112 9778562  6398720 12812277  3123106  751890011695808 12228612
             256     256 1148625 4572895 11207494 1209091112228612 5347168 9114515  5347168 11569783  4907284  532067110758322 11569783
             512       4 1073846 3259661  9859630 11138071 8992598 3550700 8528336  4973263  8665997  3556580  348162010235583 10641343
             512       8 1071167 3877684  9997331 1319046911374040 473216510235583  4742616  9510316  2307123  409195910856530  9145790
             512      16 1153441 3905895 11620224 1279744111943357 465018810044089  6551087 11620224  4571003  437542510694336 12215097
             512      32 1261144 4375425 12146009 1249949012797441 550911311620224  6652558 10044089  4784885  482791412499490 13109944
             512      64 1270094 4610256 11877300 1387212213109944 5886650 8808176  7022379 14628067  4871723  512763713190469 13522711
             512     128  478089 2089386 11374040 13109944 8665997 562454510911694  6472112 11620224  5067142  588665010911694 12146009
             512     256 1296159 3634839 11374040 12215097 8394979 4916336 9468384  5822804 11138071  4131319  6821616 9638369  8018812
             512     512 1261144 4131319  7758090 1168344411138071 4916336 7871843  5177083  8992598  5177083  5067142 9145790  9814569
            1024       4 1103592 3179559  7826025 10662628 7590887 3379719 6244448  5120336  7319232  3461434  3281592 7008693  8326715
            1024       8 1104727 4110780 10878686 1347205311249091 4415030 7755368  6569179  9300377  4304412  3764854 8183918 11773301
            1024      16 1256277 4095102 10906310 1294422411773301 530370110454984  6819511  9142007  4589593  443325910158253 12492426
            1024      32 1312720 4079544 11018226 1347205312348754 547963211132462  7208671 10255274  4926518  449355610990032 10906310
            1024      64  840041 3133170  8262639  9064828 9240349 3556008 7699755  4415030 10878686  3063882  3239514 8970167 13643232
            1024     128 1261072 2455943  9655828 12492426 8199542 5623115 8061038  6244448 14422045  3923040  4300102 8822754 10906310
            1024     256 1302766 2169388  9485232 1203727211903823 5018624 9320560  6519323 12348754  4805258  4130547 6609617  8970167
            1024     512  948995 3643490  9142007 10878686 2128533 4428688 7699755  5720477  8457895  4215688  5507740 8474583 11249091
            1024    1024 1238168 3923040  8768716  7524394 7054742 2976816 6479979  4270175  6244448  4700088  4674510 7699755  8988941
            2048       4  912288 2797290  7013303  7846081 7419150 2677822 5986827  4983122  8059569  3185225  3065856 5389574  8325147
            2048       8 1236708 3991965  8097557 11380325 9752360 4196751 8159088  6543188  9898453  4056054  3309159 6690992  9101380
            2048      16 1317918 3671217  8029434 1035174210555264 4293237 8464610  7059413 10143926  4257067  3764533 7726111 10945301
            2048      32 1284801 2612664  6563185 1033928210555264 4423683 7213548  6759439  8565901  4960102  3542524 6397004 10084382
            2048      64  814690 2774700  6167360  9944290 9525260 4509611 8600205  4481379  8678404  4248644  4063729 6984790  9944290
            2048     128 1308682 3470953  6675393  894034510726615 3730203 7013303  6711905 11502234  3864455  3136379 6397004  9752360
            2048     256 1387530 3368858  5655716  7874853 8977721 4697018 6284678  5884299 12488897  3517861  3513544 5611381  8600205
            2048     512 1254223 3425279  6623917 46480897 7969835 4223576 6097316  8608824  8940345  3643190  4613765 5159722  6649556
            2048    1024 1460673 3136379  6629029  7343043 6359119 3592903 5626082  4997618  7670915  3657149  4048407 1957683  6024617
            2048    2048 1119092 2446713  3806235  4653758 4623699 1745990 2968386  2994254  3567536  2860636  1860176 4023754  6984790
            4096       4 1030907 2381196  4730393  5153230 5696610 2931815 4490523  5107271  4701910  3266255  2333965 4140919  5069594
            4096       8 1195969 3237937  4853336  5497899 5589120 2656212 4846491  7529067  4487004  3124291  2822940 3726809  4145915
            4096      16  742566 2842087  5706070  5402804 6043279 2137648 3442303  3410865  2780451  3107900  2009622 5089116  3114661
            4096      32 1269216 2967774  5299475  5953231 6542703 3491981 5483860  6281934  5107271  2998857  2437965 5171846  5851841
            4096      64 1372653 3185110  5520868  8981502 6850558 3792628 5099691  7301864  9023961  3402085  2940345 5257310  5258919
            4096     128 1347778 3169831  5178081  4876757 5980170 3583764 4917236  7237268  5657217  3500519  2925325 6131713  5409609
            4096     256 1347778 3067940  5057654  5278308 5469892 3612399 4906002  3778448  6490793  2047951  1782549 3227596  3528559
            4096     512  552624 2929815  5007531  5244471 5786794 3757786 2880688  2747106 10215133  2959594  1684828 2115537  4899008
            4096    1024 1295732 2728780  8162211  5119446 3915366 1883384 3980686  3248345  2486662  1908703  2628979 4576653  2462779
            4096    2048 1205367 2331431  3781775  4521249 4027344 2519114 3567392  2602298  4501111  2415003  3045101 3670280  3680502
            4096    4096  930714 2182178  2425231  4302706 3534366 2030764 3534366  2503330  3376675  2592481  2371663 3091124  3524939
            8192       4  763688 1729679  2809278  4049561 3634487 2003505 3063510  4063449  4798976  1789774  2807442 3844314  3489075
            8192       8 1234638 3427813  5261984  5288712 5487193 2896670 5221205  5333867  4782278  3105317  2669379 5038228  6486879
            8192      16 1318495 2815032  5732541  3297857 5094251 3322090 5347148  8480105  5550123  2437413  2358769 5152307  5126937
            8192      32  666612 2351344  4708228  5720134 4796296 3383593 5047109  7494262  6032463  3262473  2841337 5733497  4289173
            8192      64 1243665 3032953  4941141  4998648 3474258 3655755 5677601  7128863  5927357  4175036  4029614 5680416  5618186
            8192     128 1222166 2613145  5472336  5483690 5550123 3749096 6758664  6976871  4037189  3487304  3340825 4538452  5104089
            8192     256 1322810 2136161  4415961  5275719 5062726 4533063 3878597  6158977  4357715  2649414  3171529 4242044  4610309
            8192     512 1455624 3294063  5479317  5439416 5315713 3810210 4875931  5505657  5429103  2880400  3303247 4715983  4390007
            8192    1024 1344077 3236658  5693594  4721816 5688881 3141086 4001923  4830007  9638600  2403652  2380009 4884942  5210911
            8192    2048 1263606 2594792  3995873  4533661 4364357 3009575 4300447  3568061  5368872  1921169  2521296 3925120  3897073
            8192    4096 1300529 2737870  3951754  2775242 3213651 2516679 3287130  2594792  2821041  2071760  2666686 3876846  4114541
            8192    8192 1006000 2382154  3332724  3200182 3505449 2110833 3505092  2261133  3204958  2151813  2439662 3508313  3274287
           16384       4  892961 2382799  5285379  5239839 3951710 2141140 3964248  4693374  4578915  2604312  2384866 4595758  4302549
           16384       8 1090892 3013905  4385191  6001278 5630064 2409450 4724349  6584970  4870334  2612231  2532334 5738671  5708638
           16384      16 1279196 2880014  5893706  5734840 5849060 2656769 3942189  5638379  5423449  2484272  3025183 5490615  4988780
           16384      32 1186459 2849916  4024612  5293522 4400636 2711704 4844583  7281298  4828923  2474611  2873872 5434171  5832677
           16384      64 1394616 3530266  4553731  4685055 5069376 2533081 5342079  5734361  5826743  2614318  2944177 5025629  4963556
           16384     128 1371733 2783088  5738671  3999083 4528524 3489749 5535284  7148742  5139516  3087293  3210619 5013529  4314976
           16384     256 1372528 3128617  3690071  4498877 4549812 3038559 4667870  6265562  4277907  3006258  2517122 5031885  3701001
           16384     512 1321279 2997472  3836118  5019755 6191610 3036814 4762658  5492809  4461780  2460435  3493475 4155044  4691772
           16384    1024 1129069 2742000  4390233  4600988 4078596 3018539 5456176  5772899  9863842  2318016  2864408 5889161  4221667
           16384    2048 1264764 2733818  4321760  3289302 4221667 2859284 4307133  2842019  4377369  1776624  2194752 4421020  4319587
           16384    4096 1226787 1979201  3238001  4070623 3556392 2507478 3065944  2656666  3648924  1902016  1882786 2850862  4089031
           16384    8192  964269 2134158  4012861  2523778 3565618 2473097 3420444  2244062  3250714  1929574  2724821 3107115  3225235
           16384   16384 1025024 2410803  3513659  2421507 3502377 2170970 3303851  2331227  3452232  2147630  2461228 3933839  2975151
           32768      64 1209500 2709234  4998906  5426191 4349360 2820197 4857391  5428763  4482561  2367481  3143559 4432398  5285136
           32768     128 1112210 2855589  5626332  4899469 4566259 2734080 5496281  7627528  5332505  3012571  2722975 4521493  4658504
           32768     256 1124311 3181618  4437693  5180744 4742249 3063061 5167692  5953654  4402441  2622289  2545269 5100948  4692542
           32768     512 1297073 2784487  4367882  4276151 4355149 2708967 4651882  5037382  4649993  2489213  2681274 5267312  4620448
           32768    1024 1316984 2542303  4930402  5186413 3972361 2378832 4887099  4981331  3954189  2357047  2611229 5043482  5153933
           32768    2048 1084991 2115037  4000923  4120143 3825846 2408176 4669742  3536425  4997451  1878561  1956431 4226965  3815543
           32768    4096 1008831 2181785  3609613  3365977 3703874 2416857 3235090  2431050  3110125  1797978  2064118 3547928  3114001
           32768    8192 1146014 2376734  2909142  3230603 3495235 1972322 3561350  2222140  3229313  1977060  2040491 3376728  3261499
           32768   16384 1096583 2090618  2979202  3389720 2992760 1777010 3041168  2303247  3564860  2076938  2055721 3413376  3389971
           65536      64 1216781 2782480  4970145  5410790 4139989 2896994 5108798  7094940  4846669  2753741  3132554 5648160  5142922
           65536     128 1149165 2879816  5519325  5493843 4556480 2882715 5047075  6218984  4552707  2606742  3031703 5226133  4976534
           65536     256 1252149 2787107  4065711  4651630 4287610 2638115 3564066  5715096  4375796  2376483  3066129 4380468  4552405
           65536     512 1196678 2948359  4938978  5336004 5260136 2956191 4441623  5535999  4425676  2593437  2673290 4487816  4305609
           65536    1024 1232991 3020111  4327776  4014468 4393631 2706188 5137251  5202985  4357206  2199871  2264703 4889342  4369396
           65536    2048 1147457 2217959  3703665  4197518 3915873 2468110 3739794  2968514  3580407  1679199  1827866 3871912  3579661
           65536    4096 1064812 2208904  3573611  3788607 3490566 2298044 3179661  2208301  3271234  1611328  1708899 3826474  3194701
           65536    8192 1111894 2156432  3206590  3291446 3365104 2166631 3131519  2318298  3352054  1674871  1936594 3524400  3793470
           65536   16384 1079172 2051146  3521736  3710364 3320471 2192344 3721264  2488826  3505880  2227972  2179878 3867336  3160177
          131072      64  876577 2341241  5475447  5839966 4368487 2410429 4491366  5831108  4006972  1845048  2457340 4096516  4050458
          131072     128  919376 2397907  4844653  5592530 4046433 2491056 4972564  6182602  4590333  2080242  2386167 4628244  5269251
          131072     256 1214439 2720246  4844098  5254244 4524374 2850265 4776879  5844126  5060493  2206677  2367373 4285899  4372274
          131072     512 1046592 2806798  4345868  4468549 4738016 2734997 4601745  5670461  4498017  2227068  2264468 4567792  4857752
          131072    1024 1034155 2364461  3507397  4218189 4601899 2397897 4700101  5616240  4314117  2004288  2683636 4225386  4486784
          131072    2048  944166 2009012  3906296  3938592 4042179 2083483 3754782  3123971  3774348  1437304  1598397 3032051  3168606
          131072    4096  779916 2016373  3321650  3464691 3792156 2100310 3361684  2392085  3774789  1713313  1486128 3294006  3369555
          131072    8192  936642 1898270  3257989  3435978 3139222 2060362 3499627  2511977  3361253  1633437  1664510 3670353  3230915
          131072   16384  996593 1893641  3518148  3269032 3539531 1965626 3203279  2464357  3482623  1766421  1742580 3241144  3562329
          262144      64  134228  111730  5201887  4978594 4654632  110215 4651324  7392280  4900247   154479   141302 4890548  4959394
          262144     128  152780  146236  5021545  5236697 5287923  124553 5053092  5611562  4814294   155628   153328 4707724  4589850
          262144     256  144353  139452  4950596  5181736 4817774  129714 4464445  5917212  4925844   144167   152262 5191694  5256223
          262144     512  149896  146239  4640370  5066855 4683240  137858 4854338  6535616  4834913   152587   151959 4439801  4498547
          262144    1024  160516  144358  4367390  4716427 4452404  149952 4527537  5901744  4465224   162519   155353 4415943  4349216
          262144    2048  156988  134544  3957557  3863523 4000481  139928 3962449  3017173  3585116   156061   138563 4042815  4120153
          262144    4096  141822  132518  3783073  3500717 3384895  158731 3764228  2402942  3524721   177758   157209 3431065  3709092
          262144    8192  157659  145893  3521594  3555128 3507037  161661 3347894  2359275  3492743   167277   162054 3216735  3152849
          262144   16384  153942  129664  3240464  3303683 3304557  144902 3014261  2159466  3240263   179164   180449 3270995  3265855
          524288      64   52132   73989  4991180  5028800 4353322   25446 4268366  7098024  4895543    77963    78273 5049099  4916382
          524288     128   72993   70579  4718723  4708095 4737264   45750 4593732  6520264  4629397    72607    75962 4859421  4705345
          524288     256   78035   73192  4729959  3772590 4362415   53894 4506280  6071516  4781901    81084    78168 4418221  4452358
          524288     512   78356   71943  4482818  4481859 4562480   58618 4432488  6041840  4632577    79856    79715 4517936  4653960
          524288    1024   79344   75058  4495851  4789201 4916844   58950 4642964  5774021  5000646    77297    81382 4568081  5079668
          524288    2048   78517   73928  4019352  3919940 4058520   64112 3932432  3172773  4189175    81702    77723 4094910  3972964
          524288    4096   80216   73853  3564867  3664606 3276599   77340 3424012  2507644  3446384    78324    73286 3314568  3275125
          524288    8192   78945   74057  3353535  3377206 3286353   81409 2990241  2391259  3405791    73468    82264 3534129  3654721
          524288   16384   80593   75456  3454559  3350408 3368850   78281 3167157  2470421  3366302    84481    82734 3378513  3400934

iozone test complete.
