	Iozone: Performance Test of File I/O
	        Version $Revision: 3.420 $
		Compiled for 64 bit mode.
		Build: linux-AMD64 

	Contributors:William Norcott, Don Capps, Isom Crawford, Kirby Collins
	             Al Slater, Scott Rhine, Mike Wisner, Ken Goss
	             Steve Landherr, Brad Smith, Mark Kelly, Dr. Alain CYR,
	             Randy Dunlap, Mark Montague, Dan Million, Gavin Brebner,
	             Jean-Marc Zucconi, Jeff Blomberg, Benny Halevy, Dave Boone,
	             Erik Habbinga, Kris Strecker, Walter Wong, Joshua Root,
	             Fabrice Bacchella, Zhenghua Xue, Qin Li, Darren Sawyer,
	             Vangel Bojaxhi, Ben England, Vikentsi Lapa.

	Run began: Sat Oct  5 23:48:12 2013

	Auto Mode
	Command line used: iozone -a
	Output is in Kbytes/sec
	Time Resolution = 0.000001 seconds.
	Processor cache size set to 1024 Kbytes.
	Processor cache line size set to 32 bytes.
	File stride size set to 17 * record size.
                                                            random  random    bkwd   record   stride                                   
              KB  reclen   write rewrite    read    reread    read   write    read  rewrite     read   fwrite frewrite   fread  freread
              64       4  491815 1392258  4897948 12902017 9318832 4207076 3363612  4988978  4274062  3406295  2772930 2772930 12902017
              64       8  725882 2561267   695778 1597288512902017 4564786 5389653  5860307 10821524  3203069  3057153 4564786 22737791
              64      16  673098 1484662  4274062 1290201710821524 5283570 3022727  2772930 10402178  4643754  3958892 7100397 22737791
              64      32  695778 1599680  4018152 1290201712902017 5389653 4897948  4564786  4018152  3363612  3541098 5283570 15972885
              64      64  780776 3588436 12310336 3438968815972885 5860307 5283570  5389653  5283570  4988978  4018152 6421025 20962191
             128       4  710329 1778862  3657016 11720614 9977956 4557257 5122535  5545860  3445772  4012317  2066432 5545860 11720614
             128       8  976473 2608629  6406138 1588107812842051 5545860 5847904  6727225 15881078  3657016  2211113 5325799 15881078
             128      16  831319 1878447  3867787 1284205114200794 5784891 5122535  6406138  5122535  4012317  2558895 3895854 14586625
             128      32  976473 2058509  6406138 1801235915881078 6114306 3895854  7176872  8548124  4407601  2660335 4135958 18012359
             128      64 1185654 2027414  5603747 1863766416365173 6406138 5325799  7082197  4407601  4267461  3036502 4407601 14200794
             128     128 1114289 2464907 11470204 1420079414200794 6406138 4267461  6045455  6114306  5603747  2843510 5847904 14200794
             256       4  941213 2613746  5569035 12228612 9778562 4332998 2463808  5687020  8815202  3810220  1384034 4572895 12228612
             256       8 1132871 2783115  6398720 15164624 1561112 4929815 5841722  1415041  8815202  4819184  3511189 6398720 15164624
             256      16 1112909 3935921  6719046 1607260814164395 5810112 6249745  2045979 11207494  4496299  2943325 6213578 15164624
             256      32  748875 3197509  6398720 1583556914164395 5971678 5971678  7120034 11091721  5428265  4009406 4819184 15164624
             256      64 1128110 3511189  6936061 1583556915164624 5569035 5569035  6554972 11569783  5687020  4496299 6398720 16072608
             256     128  802614 3756894  7735574 1516462413454450 5810112 5455847  6249745  7314033  4422226  5117791 5687020 13454450
             256     256 1267990 3654598 10758322 1281227712812277 5687020 5569035  5687020  5569035  2441400  4422226 5320671 11207494
             512       4  955368 2796910  3941742 11877300 9145790 4068701 5067142  5331314  8955098  3788747  1674052 5684095  5760329
             512       8  996139 3029721  6104175  302972112146009 4340054 4827914  6736026  3158966  2178404  3064306 6491676 14628067
             512      16 1302447 2995907  6652558  301271912146009 5398323 5509113  7309196 11620224  4494470  3913012 6395018 13872122
             512      32  936209 4296637  6652558 1514384613872122 6086873 5331314  7758090 11683444  5495016  2225819 6319739 13783088
             512      64 1115688 3104171  7115451 1547114914628067 5760329 6395018  8265729 13872122  5886650  4742616 6736026 15037801
             512     128 1233614 1992458  7309196 1462806713438092 2995907 4163357  6086873 11138071  4871723  5398323 6104175 14240069
             512     256 1276891 3580298  8109658 1310994413190469 5684095 5760329  3556580  8234036  4927617  7115451 6104175 13109944
             512     512 1062161 3710197 12797441 1352271112499490 5566231 5624545  5453155  5807059  6086873  3393590 5807059 12797441
            1024       4 1024854 2008114  5623115 11249091 9655828 3999762 5169641  3671521  7644933  3495237  2286009 5751117 11645609
            1024       8 1226500 2950233  6208343 1461839311773301 2814884 3390391  7269678 10454984  4300102  4178773 6102490 14422045
            1024      16 1227903 3377062  3655895 1347205313142265 5303701 5885083  7269678  7524394  4249053  2918161 6364746 13818817
            1024      32 1207534 3808251  6163794 1399898113818817 3094790 3101494  7524394  6059442  2993413  2688041 6208343 13643232
            1024      64 1439908 2934110  6650556 1386342213102174 5472650 5821271  8061038  8840915  2942149  3591693 5417427 13472053
            1024     128 1444266 3764854  6519323 1404475813643232 2338280 5720477  7420395 12639479  3937426  4215688 2985091 12944224
            1024     256 1306332 2236023  6963241 1294422412828238 5917516 5690162  6479979  9855234  5169641  5018624 5917516 12983353
            1024     512 1287921 2409105  3037876 1310217413102174 5593820 5536137  5983467  7644933  4674510  6128613 6025439 13102174
            1024    1024  893517 2852271 12037272 1347205313305116 5529011 4374559  4126579  5652717  5853003  4451639 3179559  5593820
            2048       4 1004928 2774700  5549749 10143926 9179186 3683812 5131978  5475461  4643695  3230749  2392202 3245396  9887060
            2048       8 1057378 2423929  6024617  871361811770166 3407614 3901313  6284678  9062970  4403275  3043048 6185123 12257227
            2048      16 1192747 2836079  5197183 1107227512635867 4562305 5769681  4204968  5489457  4572018  3792790 4957240 11440955
            2048      32 1103990 3034448  4338776  739360612561952 5489457 5836323  7882079  5131978  3266376  3025897 6243566 12729493
            2048      64 1302727 2875960  6075753 1280539913404897 5868220 5868220  7846081  5044577  3567536  3057127 4303993 11202231
            2048     128 1361794 2656292  5251194 1101548012488897 5549749 5689430  7670915 13926483  2897301  3219850 3841986 11502234
            2048     256  995149 2745435  4621211  4405533 4481379 2662880 4552633  7183386 12118884  4785996  3592903 5640860 11380325
            2048     512 1266614 3507805  6759439 1112965911626784 5655716 5832361  6845629  9483197  4591569  4063729 5517666 10192069
            2048    1024  987370 3351769  6644412 1088979710351742 5059433 3835124  5345969  5277002  4509611  5212953 4441984  2290767
            2048    2048 1239027 2786401  6498636  4775354 6990474 4172290 2066972  2281034  3070239  2888532  3500658 4971585  6041567
            4096       4 1033822 3107900  5681538  6068897 7146945 2834585 4505833  5519094  6261328  2680666  2760347 5113352  5512011
            4096       8 1152484 2842087  5580043  7367624 7405736 3660895 5340661  7237268  6302675  3488435  2780901 5728903  6618318
            4096      16 1309061 2951458  6103394  5689064 8443002 2782703 4530788  7351860  5171846  2868184  3217923 5347310  6649056
            4096      32 1270061 2666519  3856480  4958393 6261328 2680666 6122971  7998800  7599002  3717133  3165159 5603704  6151473
            4096      64 1263801 3072878  6189146  7161842 5713661 2974454 5353976  8426437  7326777  4481152  3879120 4875373  6049663
            4096     128 1269685 2832715  4887857  4713521 4952675 3075079 4188367  8017464  6978564  3764373  3207709 5238075  7123239
            4096     256 1287286 2587405  5711761  6562698 6669706 4262142 5633102  6330545 11252164  4162994  2525038 4209920  4556020
            4096     512 1173985 2736168  5986422  3859945 4035859 2661562 5519094  6941906  8752710  2308872  3442303 5719367  6659365
            4096    1024 1097838 1990298  6401308  4959824 5902100 4171080 4906002  3530734  4200656  1809968  3860813 4344048  5859825
            4096    2048 1150863  483928  4461370  5340661 5483860 3152960 4112175  2685695  4462528  2728780  4167033 3390670  3016231
            4096    4096 1055157 2089803  4659824  4696769 4560858 2333965 3942321  2882622  3618486  2545616  2880206 3596518  3357537
            8192       4 1100469 2528346  4551075  4530672 3838731 2472669 4922735  6127127  5244315  2836645  2347328 4729615  4538452
            8192       8 1163797 2923534  5267631  4965419 4620228 2325877 5809106  7692239  5063472  3278348  2993059 5626466  5797345
            8192      16 1254105 2916338  5497729  4630813 4949683 2728737 5978928  7692239  6267959  3247058  3253514 5872650  5368872
            8192      32 1413120 3005363  4576535  5760412 4893290 2739834 3191265  5583494  5712526  3322090  3613465 5669170  5579867
            8192      64 1261287 2964907  4768340  5100301 5101058 3296592 4290780  7218727  5258763  3440857  3383593 6059057  6145757
            8192     128 1280989 2950142  4352746  4156350 5284645 3246751 5944791  8403367  4905866  3391944  3182398 5231540  5281396
            8192     256 1215980 2893498  4818493  5550123 6028229 3715447 4790946  7032563  6040947  2481061  2943571 4670469  5583494
            8192     512 1182298 2522036  4853203  6018726 4341197 3270236 4989212  5979968 10543659  3106440  3227537 4194403  3831881
            8192    1024 1045296 2215212  3469697  4670469 5784656 3930957 5101058  4474037 11393220  3208849  2244442 5198297  5814021
            8192    2048 1167792 1880169  4615263  5034537 4622714 2956234 4746603  3959496  4156350  2164964  2501472 3089958  3206454
            8192    4096 1010348 1850002  4439927  4286498 3141086 2577662 4229512  2983184  3602478  2283220  2943571 3471099  3201375
            8192    8192 1133057 2277469  4229512  3358786 3701837 2674574 4168957  2582699  4246763  2653711  2095641 3637565  4450278
           16384       4 1071835 2527956  4621721  4184902 3467562 2291122 4445041  5855539  4939296  2506381  2589981 4971096  5396617
           16384       8 1159513 2835569  5047407  5215976 5417891 2557593 5704846  7034583  5726715  2855838  2559975 4896710  6142904
           16384      16 1238483 2943673  5787485  5007319 4675810 3026249 4615203  7189127  5925724  3033462  2919536 5496324  5774840
           16384      32 1245283 3542459  4539592  6232038 5327997 3281449 5441055  7542634  5574800  2903377  3521221 5202944  5584313
           16384      64 1347921 3850519  6397385  6407526 6389653 3765697 6093337  8147132  6212881  3002449  3025582 4821808  4888002
           16384     128 1284817 3399799  5639767  5651827 4864818 2997472 6036599  8333870  5824767  2656358  2570508 4682501  4769600
           16384     256 1253460 3824376  5860033  5953446 5938013 3140484 5752602  6238827  5407233  3441858  3198068 5147215  4152032
           16384     512 1179049 3103047  5400009  5677040 5677040 3878773 4678356  6829057  5843092  3262443  2138075 5874561  4195634
           16384    1024 1114945 3251483  6109046  6187707 6136321 3685124 5357907  3987249 12219390  3079822  1619642 5486670  3680978
           16384    2048 1026816 3058983  4027442  5430306 5030411 3119528 3215727  2940398  2880980  1649935  2526469 4729552  2881464
           16384    4096  914494 2656255  4258819  4488885 4466710 2646843 3415513  1846711  3560261  2220998  2574553 2804555  2817087
           16384    8192 1137686 2058529  4409106  4434142 4417325 2618103 2128077  1971818  4213900  2403383  3172672 3931813  3562476
           16384   16384 1008936 2331939  4117698  4325296 3902784 2525262 3886231  2666252  3864160  2604312  2640841 3096614  3073348
           32768      64 1166825 1701254  5308202  5377993 5512816 3199990 4586832  7135680  5951334  2939882  3063265 6135173  5308202
           32768     128 1342297 2839248  4797706  5363930 5222081 3187817 4879118  6135173  5688037  3184493  2908834 5707643  6246144
           32768     256 1221953 3714686  5008013  4645906 4974480 3079118 5546409  5789388  5192291  2912965  3024238 5651550  5929765
           32768     512 1189578 3654727  5694872  5128739 5979556 3898114 5267312  6349156  5770913  3309883  2556204 4133775  4174835
           32768    1024 1048513 3397429  5846275  5829413 5197003 1949549 5757858  7043886  5512595  2933044  2048887 5581321  5919039
           32768    2048 1182710 1201916  5070087  3057541 3119868 2630269 5049040  3519310  7150158  2241310  2131669 3571066  3768568
           32768    4096 1244559 1667244  2769449  3576828 3750980 1568529 4286821  2108062  2938060  1753700  1870940 4308187  4056543
           32768    8192 1171829 1613477  4300772  2786180 2814825 1947008 2727731  2143939  3058153  1639695  2015623 4262227  3610467
           32768   16384 1208979 2390417  3864139  3376065 3473065 2188769 4006288  2891637  4050923  2410499  2837021 4080146  4367882
           65536      64 1225405 2713937  4708683  4312161 3798765 2647593 4611673  7879814  4638365  2732471  3503869 4957685  5893506
           65536     128 1158064 3385996  4569508  5246682 5792536 3651852 4643379  7972604  4639069  2682735  3493582 3970915  5636924
           65536     256  928391 3560188  4856345  5368729 5496590 3432292 5628268  6773093  4300826  2502899  3395826 4429884  5092613
           65536     512 1287769 3142438  4190543  4104934 3808027 2566822 4874689  5369148  4995890  2177064  2016049 4222407  5095728
           65536    1024 1163077 2746010  3237941  3395658 4453930 2407560 3471346  4846669  3398807  1557816  3065001 3294918  3445802
           65536    2048  983270 1930433  2620909  2745764 2992102 2133121 4786745  2248603  2692405  1453159  2146748 2667971  2599495
           65536    4096 1147759 2122694  2646955  3073637 3466443 2471283 2607138  2465144  4210764  1871983  2048319 2669500  3275014
           65536    8192 1114292 2273582  2668282  2704085 3045070 2140930 2654881  2456925  2870373  1771579  2189201 3867118  2735435
           65536   16384  972503 2601364  4158087  4048465 3993182 2464415 4125883  2803308  4079892  2295895  2496987 4196173  3988315
          131072      64 1198232 2806139  6144390  6279205 5806289 2996747 2115024  8126495  6014451  2862643  2681398 4809097  6300940
          131072     128 1260125 2350440  5616699  6077684 5652562 3140424 5428785  7149174  5594465  2781829  2621970 5825177  5728663
          131072     256 1049685 1964776  5131008  3451163 4894427 2323804 4310160  7089616  5329425  2711966  2587137 5408171  5263097
          131072     512 1329547 3107091  4659982  5745246 4424672 3016694 5490157  6881512  5543301  2815177  1765757 5308531  5658671
          131072    1024 1285600 1797005  3452355  3576117 3749942 1926312 3008308  6373551  5516269  2489116  1820191 5286835  5631197
          131072    2048 1162801 2506674  2614214  3824553 2939496 1969442 4298567  3745445  4717686  1820541   994619  751125  5081683
          131072    4096 1175890 2259823  2882848  3270996 3592287 2045254 3970078  2748465  4107688  1773109  1784847 2626429  4069678
          131072    8192 1122892 2255623  3862331  4156792 3955453 2286592 4069919  2836573  3996834  1876000  1882945 3464386  4119539
          131072   16384 1122161 1240625  2785918  2978853 3298076 2298744 3601961  2864343  3521551  1733000  1973352 3520694  4148229
          262144      64  125268  118937  5316560  5980000 5599702   84342 3970864  7930763  5845300    85533    82381 5420003  6127297
          262144     128  111126   86228  5126124  5700146 5485905   73303 5047826  7611194  5406358   116577   116024 5163873  5894183
          262144     256   80589  100646  4867598  5297554 5312579   86576 2632017  7069141  5253486    87615    72901  426530  5364549
          262144     512  114642  108493  5150593  5436860 5489028  110251 4942207  6915654  4533324    79321   119137 4073399  5616234
          262144    1024  100940  107487  4463466  5611906 5528606  106383 5031956  6494004  4178987    76206    96958 5044237  5412079
          262144    2048   77239   91406  4198535  2737938 2726430   87597 4089672  3577243  4647117    89432   114067 4528003  3234544
          262144    4096   77931   78919  3965035  4038820 3775499  125597 2735710  2762114  4036715   119170   121969 3632926  3278641
          262144    8192   76820   84433  3865574  3970304 3980380   91172 2493903  2358749  2944178    81296    77255 3647581  2852497
          262144   16384   75883   72165  3731220  2635329 2732854  103697 2060523  2501591  2559326    85284    82255 2743321  3617626
          524288      64   34390   71995  5269383  6050218 5656959   12637 5392461  8455284  5891543    78085    78444 4924375  4886058
          524288     128   42752   36372  5537235  5766662 5523077   15048 2477580  8339115  5822500    66544    80077 4143519  5630727
          524288     256   75378   47979  5179890  4227681 4726725   30478 2907461  7288779  5433029    74688    73554 1508165  5510634
          524288     512   67345   68978  4660717  5331976 5645515   32065 5130822  6818850  5382838    72641    56960 5222715  5508495
          524288    1024   67574   35607  3768846  4338549 5497464   34479  815601  6714066  3167942    64132    39494 5138015  5201061
          524288    2048   73030   57693  4462368  4701502 4110417   45210 4208102  2479206  2707093    40447    75649 3314583  4724928
          524288    4096   74679   42175  3869028  3953010 4008867   52993 3296185  2495207  4095741    40994    78752 3979082  4113477
          524288    8192   62590   52238  2922745  3929017 3863779   37473 2560425  1906799  3543897    40190    38582 3149728  3930871
          524288   16384   75301   73692  3713877  3972361 3830078   57837 4019536  2786187  4144433    92352    91595 4125880  4091108

iozone test complete.
