	Iozone: Performance Test of File I/O
	        Version $Revision: 3.420 $
		Compiled for 64 bit mode.
		Build: linux-AMD64 

	Contributors:William Norcott, Don Capps, Isom Crawford, Kirby Collins
	             Al Slater, Scott Rhine, Mike Wisner, Ken Goss
	             Steve Landherr, Brad Smith, Mark Kelly, Dr. Alain CYR,
	             Randy Dunlap, Mark Montague, Dan Million, Gavin Brebner,
	             Jean-Marc Zucconi, Jeff Blomberg, Benny Halevy, Dave Boone,
	             Erik Habbinga, Kris Strecker, Walter Wong, Joshua Root,
	             Fabrice Bacchella, Zhenghua Xue, Qin Li, Darren Sawyer,
	             Vangel Bojaxhi, Ben England, Vikentsi Lapa.

	Run began: Mon Oct  7 16:15:04 2013

	Auto Mode
	Command line used: iozone -a
	Output is in Kbytes/sec
	Time Resolution = 0.000001 seconds.
	Processor cache size set to 1024 Kbytes.
	Processor cache line size set to 32 bytes.
	File stride size set to 17 * record size.
                                                            random  random    bkwd   record   stride                                   
              KB  reclen   write rewrite    read    reread    read   write    read  rewrite     read   fwrite frewrite   fread  freread
              64       4  519412 1828508  4564786 1290201710821524 4274062 3057153  4988978  4274062  3363612  1452528 4897948 12902017
              64       8  185025 2467108  6421025 2096219115972885 4564786 3958892  4897948 10821524  3363612  3738358 5860307 12902017
              64      16  191083  182882  6421025 2096219115972885 5389653  488236   288390   681644   653436   852702 5389653 10402178
              64      32  151333 3022727   666414 15972885 1452528  653436  688639   576282  1310683   653436  6271021 5389653 15972885
              64      64  913649 1933893 12902017 3048429712310336 5389653 4897948  5389653  3363612  5389653  1638743 3363612 15972885
             128       4  757430 1689305  5545860 1420079410567140 3785961 3359523  5325799  3277486  3759450  2367096 3380677  5784891
             128       8  831319 1852520  4104338 1172061411720614 5545860 5545860  4934216  6114306  3277486  2211113 5784891 10779307
             128      16 1114289 2066432  3759450 1420079412842051 5847904 4012317  6114306  9795896  2673584  2985839 3657016 12842051
             128      32  864797 2098744  4759253 1588107814200794 4407601 4104338  5122535  8548124  5122535  2784517 6114306 15881078
             128      64  895074 1939522  8036304 1863766414200794 5847904 3277486  6406138  4407601  3895854  3359523 4407601 12842051
             128     128 1076312 2920861  7917784 1056714012542043 5603747 4717434  6406138  5379161  4717434  3759450 5325799 10567140
             256       4  941213 2371308  5810112 11207494 6554972 4197489 5022044  5455847  8024634  4009406  2435861 5347168  9114515
             256       8 1062263 2228578  5347168 1416439512812277 5320671 5455847  6891544  5022044  4652146  2935279 5971678 13625180
             256      16  992545 2350543  5841722 1416439512812277 4819184 4755158  7120034 10245071  4496299  3087188 6107548  1619994
             256      32 1168627 3236056  4422226 1281227714353744 6107548 2588541  7073132  8534922  4572895  3368013 5687020 13454450
             256      64 1075025 3705040  6107548 1435374413454450 5687020 5810112  6891544 10651598  5117791  1180188 6107548 14164395
             256     128 1163562 3465855  8534922 1416439513454450 6249745 5117791  6936061  8024634  4422226  6073004 5569035 13454450
             256     256 1256123 3717869 11695808 1222861212812277 5971678 4819184  6107548  5810112  5810112  4652146 5455847 12812277
             512       4 1069035 2474613  5951911 12146009 9859630 4340054 5115422  5384786  8992598  2071249  1803387 5699180 11374040
             512       8 1218910 3122224  6395018 12797441 2875558 5019764 5509113  6632013  9814569  4494470  3849877 5870558 13872122
             512      16 1279935 3140488  6086873 1352271112215097 5331314 5744919  6571132  7540170  4571003  4099771 5760329 13522711
             512      32 1296159 3510074  6319739 1462806713783088 6086873 4827914  6909408  6104175  3259661  4061007 6086873 14240069
             512      64 1333173 3710197  6551087 1558341713872122 6104175 5566231  7871843 12797441  5278892  3736016 6491676 14628067
             512     128 1270094 3849877  6909408 1462806713872122 6491676 5495016  7410080  8665997  5684095  4000485 5331314 14240069
             512     256  778128 3736016  8140399 1319046912797441 6086873 5807059  6395018  5822804  3556580  5331314 5699180 13109944
             512     512 1391032 3604335 12797441  444792512797441 5822804 5624545  5760329  5699180  5164632  4571003 6018636 13438092
            1024       4  975285 2480051  5917516 12348754 9743447 4182843 5451810  5630486  6692005  3999762  2419964 5789881 11489839
            1024       8  936782 3618930  6163794 1466831810329265 4232305 6059442  7369466  8326715  4926518  4079544 6025439  8183918
            1024      16  930088 2751762  6559147 1347205312492426 5330028 6208343  7160597  7769397  5251818  3671521 6199382 12639479
            1024      32 1434138 4162573  6355328 1461839313818817 6244448 6489770  7472033  9064828  5390231  2985091 3271594 13305116
            1024      64 1227903 3130886  6918376 1508034114422045 6355328 6529233  7826025 10878686  5500686  3722435 6208343 14618393
            1024     128 1299219 3495237  4321737 1423090213863422 6280976 3579719  3643490 10454984  5363307  2645000 6199382 14230902
            1024     256 1395464 2869422  6692005 12983353 8988941 3261656 5751117  6402699 10134284  5144870  5071963 5853003 12983353
            1024     512 1258117 2805690  7524394 1234875410039528 5096034 5950309  6479979  8000971  4339202  6137371 5917516 13142265
            1024    1024 1376236 4033569 10454984 12456195 5071963 5277632 6025439  5845038  5917516  5564829  4741598 6059442 12983353
            2048       4 1005516 2888532  5478953  8089930 8608824 3569018 5306340  5888333  8067138  3555722  3180508 5332694  8749118
            2048       8 1158484 3771144  4172290  4772701 8159088 4023754 4138120  7065219  9853037  4186524  2782790 5403134  8128206
            2048      16 1404776 3127245  4240255  568566411966935 4613765 4162181  6962145  6459541  4250747  4086930 4423683  6759439
            2048      32 1468162 4240255  6563185 1473893313836752 5447681 5689430  7726111  8940345  5147354  3624742 5920802 12635867
            2048      64 1140185 4162181  6780783 1432119514514788 5362657 4451191  7556202  5970183  4490751  3892474 4543002  7036283
            2048     128 1335955 3012103  6243566  839840313926483 4796687 4864597  6696208 12118884  3155969  3657149 5750369  8758039
            2048     256 1224892 2805512  5029807 1124623012257227 5319484 5147354  6759439 11305435  2875960  3205431 5754221 12488897
            2048     512 1130878 3506373  6823876 1227474213198923 4897882 5754221  6420913  5920802  4172290  3117032 3362265 11072275
            2048    1024 1491617 2629459  7940367 1225722711440955 4971585 4365235  4653758  5267294  3160613  3108009 4358590 10289741
            2048    2048 1045410 2576615  6459541  5332694 6243566 4170264 4056054  4063729  4385291  1982533  3413030 4112366  3618634
            4096       4 1145797 2827121  4934183  6225028 6672297 2991546 4773769  5587302  5257310  3136268  2618960 3871253  5362331
            4096       8 1181412 2678994  5649775  6122971 8017464 3589754 5777065  4696769  6955959  3551903  2685695 5689064  5596402
            4096      16 1209696 3740604  4248440  5535098 8032459 3881749 5497899  7073381  5265366  3509816  3864287 4994430  7123239
            4096      32 1299850 2955012  4298399  4757904 6300364 3036489 5902100  7848969  7625987  4432592  3393349 4612286  6293440
            4096      64 1312762 3586757  5369035  5926533 6300364 3430618 4698053  7877762  6532752  4154939  3543113 5424983  7185807
            4096     128 1256866 3839243  5988509  7249484 7001316 4752639 4686519  7642951  4456740  3444374  2613780 5278308  5944991
            4096     256 1242774 2624160  5746149  5953231 5369035 4132949 4184286  6953144 13166611  3382659  3768502 4526013  4887857
            4096     512 1032766 2572681  4297324  5312585 4113159 2836925 4566920  6693092 11500738  4087714  2549015 4669958  4858827
            4096    1024  989805 1872913  4437172  6836927 6204794 3935097 4906002  6178018  9658092  1820517  3258202 5185897  5520868
            4096    2048 1168237 2386820  3537277  3512686 3504089 2970339 4348447  3287506  2821086  1510875  2666933 3387995  3456849
            4096    4096 1033325 2355405  4329816  4284464 4643451 2894765 3686820  2441083  3680502  2403516  2289487 3716329  3436107
            8192       4 1078737 2403820  5806161  5516264 4896777 2668343 4045270  5230743  3665114  2337269  2347168 4216019  4528283
            8192       8 1287662 2728737  6182248  3106440 4071635 2404493 4586921  7001038  5847664  3174166  2793064 4311780  4735482
            8192      16 1128999 3571399  5708730  5621863 5016894 2861450 4322629  7111158  4683839  2858355  3419285 4242568  4081792
            8192      32 1024507 3760997  6404656  6558696 6616796 3735239 5234728  6450345  5595314  3327560  3129072 5483690  5538493
            8192      64 1298072 3864202  6379683  6548696 6792065 4162896 4699856  5422249  6211306  3564729  3551098 5347980  5889763
            8192     128 1302797 3119697  5261984  5210911 5378957 3775046 4302601  6141364  5884720  3217563  3221485 4553488  5557305
            8192     256 1528947 2999591  5450634  5378957 6085887 3627963 4329710  6158977  4810398  2572837  3211248 5095007  4790946
            8192     512 1361007 3592684  3829746  4246763 4273702 2959544 4697286  6553692  9427042  2786495  3150880 5133064  4907969
            8192    1024 1303390 3653812  6234975  6395120 6244039 3705430 4884942  5692651 10625170  1858005  1844243 3482709  3593060
            8192    2048 1098850 2354083  5539386  5680416 5333039 3200182 3723500  2733296  5557305  2209799  2056754 4573489  5336352
            8192    4096 1031334 2356020  3061326  4511043 4081792 2915349 4073566  3004049  4483963  2308221  3394960 3515851  3354524
            8192    8192 1001951 2543318  3678455  3689911 3580330 2466634 4433053  2639238  2872454  2496746  2961585 4411425  4483963
           16384       4 1102938 2905464  5864034  5868541 4272322 2073122 4561287  5483605  4415055  2683641  2262682 4176509  5050375
           16384       8 1188100 3265699  6328456  6415302  784560 1694860 5533501  7157678  5853544  2958373  2650211 5616719  5616719
           16384      16 1261190 2856312  5738671  6422497 6038721 2849443 6092797  7004468  5368371  2942034  3241208 5246239  5292299
           16384      32 1270657 2782074  6491049  6395004 6308703 3497742 5496324  7685190  5070872  3371278  3142926 5281723  5572539
           16384      64 1214901 3245648  5253057  5990815 5209254 2877361 5193114  7393320  5338759  3444964  3323987 5618556  5811959
           16384     128  923254 2512888  5686906  4517212 5945205 3537899 5677040  7474540  3846209  2046513  3542459  941932  5923681
           16384     256 1040387 3276130  2879894  5338759 5860033 3790832 5147215  6196634  2548109  2272709  2274289 5111989  5179805
           16384     512 1317479 3452926  4834359  4299318 5632372 3730333 4586862  5525936  5249445  3322059  2462198 5887143  4866196
           16384    1024 1450824 2526840  6014409  6068049 5657411 3471942 5597504  6815511 10003117  1853385  2013297 4210802  4783544
           16384    2048 1367938 2796338  3192571  3852462 4706876 3367808 3489041  2218273  4142521   817886  1641853 3129757  5259892
           16384    4096  721859 1815823  2884972  2801240 2868354 2149848 4272322  2084189  3909223  1810179  1808178 2883035  4233631
           16384    8192 1304152 2283812  4175494  4435287 4254600 2937256 4337856  2571662  2796907  1814001  3022389 2849798  3126197
           16384   16384 1179980 2535511  3798795  3332854 3470539 2477109 2706364  2065582  2970265  2692473  2071061 3973876  2911126
           32768      64 1337087 3571530  6014884  6539167 6349156 3526082 5666229  4030490  5716665  2933545  2933357 5481594  5806754
           32768     128 1312244 3004865  4113977  6022264 5324654 2835792 4495611  7268900  5510826  3067847  3368452 4928988  5373577
           32768     256 1254522 3374655  3377807  2358260 2646629 2620589 5799648  7312603  5372737  2762436  3274164 4880505  5106444
           32768     512 1402970 2902629  4975380  5826448 4347709 2622490 5894668  6450169  4546020  2510997  3476755 5498920  5486846
           32768    1024 1427925 2408893  6058100  6054631 6100858 3655990 3071892  4842331  5445972  2957915  1886684 4659136  5358702
           32768    2048 1286787 2310527  4935005  4964059 5378835 3058426 2983276  3985955  3494168  1750529  1914570 3592160  3961826
           32768    4096 1209553 2593637  4186535  3975233 3547836 2173951 4205365  2222320  2974817  1889745  1717862 3922366  4222160
           32768    8192 1159609 1711487  3457252  3473416 3435561 2503678 4215038  2364549  4116071  1885183  2328928 2774369  3036331
           32768   16384 1149829 1851184  4243409  3649002 3504235 2237515 4209229  2445193  2795190  2244861  3084647 3549760  3064768
           65536      64 1190005  269712  5094123  6432780 6184285 3465132 6113994  4167923  5658857  2957272  3079698 6377558  6330703
           65536     128 1336000 2740371  5584247  6159479 6093528 3563881 5855092  8021462  4901024  3175033  3406220 5497469  5144462
           65536     256 1418586 3062440  5522541  4465870 3881809 3033242 5412175  6270196  5497139  2458573  3041532 5433786  4609044
           65536     512 1376841 2956445  4433457  4649978 4726658 2482061 4014409  5749284  4944664  2275388  3067429 4418846  4547284
           65536    1024  877884 2778374  6043025  4472191 4514720 2396561 4283935  3698830  4311011  2332422  2642680 5318556  2562801
           65536    2048 1044480 2518885  3247427  3097606 3259519 2146128 5011191  2078333  3412266  2074913  2060495 4945376  3331255
           65536    4096  993584 2649200  3522865  4218066 3666368 1829034 3044665  2338912  4132147  1830300  1737810 2790445  4209926
           65536    8192 1194623 2115213  2714366  2591774 2624363 1633739 3522503  1939162  2779076  1539632  1903892 4259176  2817041
           65536   16384 1135526 2005137  3983979  3635864 2812113 1865529 2590455  2581696  2313635  1223191  1833022 3329762  2764876
          131072      64 1002891 1679290  6207805  5959683 6063875 2866718 2050303  7831189  5009082   474702  2797628 6031012  6320354
          131072     128 1230157 2992294  5646524  5679072 5445887 2933238 4842647  7370585  5527639  2701731  1974507 5801204  5804573
          131072     256 1154840 2104362  5481016  5377752 5623478 3046552 5398771  6914488  5326636  2707932  2654353 2888953  5521365
          131072     512 1283409 2882032  4511786  4524895 4333228 2832277 4217542  6847399  5608047  2693510  2202893 5416430  5633851
          131072    1024 1248115  392494  4448697  4730799 5321377 2675760 5466355  6187334  5523695  2377509  1657379 1702874  5122212
          131072    2048 1049912  284893  4834301  4972159 4704324 2446242 2760098  4044558  5060865   326281  1776116 4733365  4757944
          131072    4096  678731 1381859  3668589  3883037 3913303 1803608 3073840  2160838  3072054  1521281  1280026 2481006  2499562
          131072    8192 1001451 1467162  3338047  4001576 3803596 1924188 2548105  1978415  3304817  1737408  1083831 3882105  4072965
          131072   16384 1069208 2145339  4000353  3894563 4065765 2238822 3882022  2667373  4124236  1963919  1851978 4110022  4107412
          262144      64  119453  125068  5559889  5913075 5789804   55650 5092458  7143637  5632807   127446   103449 5444317  6134886
          262144     128  111150  105414  5302152  5039290 5726181   69538 2209501  7998495  5678157   114802    92283 5186258  5785812
          262144     256  102968  114446  5230743  5038043 5417439   69394 5046367  6941106  5457126    87854    94914 4015134  4877098
          262144     512   81962   49412  5348890  5424361 5689381   80047 4826721  6991422  5462494    77178   105973 3283410  5377641
          262144    1024  121039  119068  5219098  5770902 5699290   80804 5053766  2308357  3139068    89619    96217 5225100  5649652
          262144    2048  116739  113890  3020198  3950022 4818028  121688 4496082  3663783  4748119   119735   107495  534629  4768257
          262144    4096  120056  112396  3844879  4160029 3959524  123985 3798862  2689312  4016351   132754   124221 3757693  4188618
          262144    8192  119247  112173  3802935  2478505 3430262  105287 3670399  1880935  2681998    81389    95490 3362155  2619688
          262144   16384   89107  106902  3879582  3985646 3882637  118664  839723  2843732  3851829   142486   100033 1176213  2644825
          524288      64   31505   77914  5880499  4562006 4945928   10145 4691281  7806209  5789282    70003    41215 4242116  5727177
          524288     128   76529   37729  5750406  5815478 5429716   19211 5165302  7988900  5676747    78573    81157 5320829  5666989
          524288     256   62807   60635  5206380  5483550 5593787   29802 5226886  6854601  5231897    35620    57083  302067  5537304
          524288     512   77939   71753  5456284  5558257 5537416   33865 4528272  6719646  5555546    38971    39813 1783414  4660094
          524288    1024   36838   40936  5337904  5583051 5536593   56319 3416893  6552047  5528826    39068    77635 3263256  3583871
          524288    2048   47146   41696  4702678  5166916 5137811   53261 3399788  3534413  4605884    70808    74319 2781796  4810595
          524288    4096   69049   56412  3021712  3843614 3838522   32779 3972993  2550968  3839172    66827    66764 3893821  2902599
          524288    8192   77107   68335  2602699  3262748 3800016   39841 3769176  2527174  3828291    68704    66909 2376267  2412816
          524288   16384   45379   72748  3985645  4019844 3890879   76066 3505280  2453659  3580375    70279    91165 4106947  4192722

iozone test complete.
