	Iozone: Performance Test of File I/O
	        Version $Revision: 3.420 $
		Compiled for 64 bit mode.
		Build: linux-AMD64 

	Contributors:William Norcott, Don Capps, Isom Crawford, Kirby Collins
	             Al Slater, Scott Rhine, Mike Wisner, Ken Goss
	             Steve Landherr, Brad Smith, Mark Kelly, Dr. Alain CYR,
	             Randy Dunlap, Mark Montague, Dan Million, Gavin Brebner,
	             Jean-Marc Zucconi, Jeff Blomberg, Benny Halevy, Dave Boone,
	             Erik Habbinga, Kris Strecker, Walter Wong, Joshua Root,
	             Fabrice Bacchella, Zhenghua Xue, Qin Li, Darren Sawyer,
	             Vangel Bojaxhi, Ben England, Vikentsi Lapa.

	Run began: Mon Oct  7 16:15:04 2013

	Auto Mode
	Command line used: iozone -a
	Output is in Kbytes/sec
	Time Resolution = 0.000001 seconds.
	Processor cache size set to 1024 Kbytes.
	Processor cache line size set to 32 bytes.
	File stride size set to 17 * record size.
                                                            random  random    bkwd   record   stride                                   
              KB  reclen   write rewrite    read    reread    read   write    read  rewrite     read   fwrite frewrite   fread  freread
              64       4  503814 1768283  4988978 1290201710821524 4274062 4988978  4897948  4564786  3541098  2561267 4274062 12902017
              64       8  571375 2772930  6421025 1597288515972885 5389653 5389653  6421025 10821524  4564786  3541098 3541098 12902017
              64      16  633392 2467108  3738358 2096219115972885 5283570 2892445  4564786  4274062  2467108  4018152 6421025 20962191
              64      32  674790 1562436  9006179 2096219115972885 5860307 4988978  5860307  3363612  3791156  2067979 3165299 12902017
              64      64  633392 1599680 12902017 2096219115972885 5735102 3541098  5735102  3203069  4564786  1933893 3541098 20962191
             128       4  666253 2511022  5847904 12842051 9795896 4557257 3359523  5325799  3560017  3657016  1539168 5122535 10567140
             128       8  824932 2286447  4717434 14200794  942199 5122535 5784891  6727225  5122535  4267461  2969325 5325799 16365173
             128      16 1085013 3895854  5545860 1801235914200794 5847904 5847904  6727225  9129573  3895854  2166499 6114306 15881078
             128      32  358438 2166499  6406138 1863766416365173 6330599 5122535  5325799  9287508  5603747  2608629 6330599 15881078
             128      64  814915 3785961  7582312 1863766414200794 6114306 3982553  7176872  4934216  3657016  5325799 4759253 16365173
             128     128 1059322 3297617 11470204 1863766415881078 6406138 5122535  6406138  4407601  5545860  3867787 5325799 15881078
             256       4  954602 2345409  5938650 1266119910245071 4652146 3994490  5971678  8534922  4054829  3316006 5810112 12228612
             256       8 1058076 2911402  6398720 1495343512812277 5217259 4496299  7314033  2639446  5022044  4009406 6398720 14164395
             256      16 1107172 2842047  5841722 1416439513454450 5810112 5687020  6891544 11091721  5242734  3326279  965763 12090911
             256      32 1143731 3705040  2081678  4132864  483056  354627 5810112   320442   944525   633548   218426 1897721  4132864
             256      64   72565 4404088   474098   701422  859127  342195  386126   132924  4734192   914752  1579483 1814348 15164624
             256     128 1254656 4264168  8534922 1516462414164395 6719046 4572895  7073132  5687020  5022044  5142301 1707589 14164395
             256     256 1212164 3935921 12812277 1281227710651598 5810112 5971678  5971678  5810112  5810112  4572895 5687020 12812277
             512       4  832743 3415178  5886650 12215097 9145790 4163357 5344582  5951911  8665997  4030519  1746197 5744919 11620224
             512       8 1130370 3481620  6395018 1387212212797441 2160868 5951911  7410080  6472112  2597325  2107844 6246213 13783088
             512      16 1251589 3239989  6319739 1414626513109944 5822804 5699180  7513788  6571132  1961520  3905895 6319739 13783088
             512      32 1309596 4660280  6909408 13109944 9468384 6018636 4742616  6319739  7540170  5684095  4610256 6104175 14628067
             512      64 1264113 4163357  6491676 1547114914240069 6571132 4973263  7988981 13872122  5822804  4195896 6472112 14240069
             512     128 1258188 1672748  6909408 1023558312797441 6395018 5684095  7410080  9468384  3604335  4447925 4610256 13872122
             512     256 1036527 3849877  8109658 1310994412797441 6246213 5822804  6571132  6931711  4701087  6246213 5807059 12797441
             512     512  971357 4262523 12146009 1319046912797441 6086873 5744919  6086873  5509113  5566231  4827914 4742616 12499490
            1024       4  699870 2926114  5690162 11249091 9765601 4048778 5065980  5169641  6692005  4270175  3594699 5226256 10906310
            1024       8 1064479 3241960  6290174 1310217412173747 4876180 5950309  7631350  7826025  4943530  3880507 6128613 13102174
            1024      16 1027060 3345496  6244448 1347205312790037 4943530 5444898  7755368 11398360  5200941  2240689 5500686 13142265
            1024      32 1108148 3923040  6650556 1386342213472053 6128613 6244448  8137402  8262639  5226256  4433259 5303701 13643232
            1024      64 1144163 2255990  6609617 1418390513998981 5071963 6317933  8262639  9569770  5500686  4512441 5991815 13818817
            1024     128 1338494 4282950  6559147  7160597 9743447 5451810 5728107  8137402  9946527  3863055  3170172 5782087  9320560
            1024     256 1175799 3866533  6776473 1263947912456195 3271594 5472650  6402699  8822754  5219904  4810640 5690162 11489839
            1024     512 1434138 4195100  7369466 12208350 9485232 5277632 5536137  6364746  8000971  3048658  5690162 5751117 12348754
            1024    1024 1158358 2592318 11368190 1298335312639479 5690162 5601115  5363307  5983467  3849207  4741598 5200941 11614118
            2048       4 1055688 3097921  5670651  6759439 9653719 3185225 4886737  5444228  7529708  4014352  3604966 4531020  9990553
            2048       8 1216910 3894239  5080379  7529708 9808036 4321315 4697018  7529708  9228493  3606479  4081105 5937172 11365268
            2048      16 1282308 3799501  4839929 11380325 8089930 5225638 6303124  5578583  6225466  5159722  4365235 6024617 11835033
            2048      32 1406616 3749743  4453499 1083485412345306 4079167 4945823  8097557  9708272  4164199  4231899 6340344 12257227
            2048      64 1455475 4229816  5900467 1303864614417342 5670651 4945823  8456277  7754008  4631177  3396834 6202989 12805399
            2048     128 1223322 4274012  5937172  614969910096235 3586902 5920802  7213548 15399510  4633675  4221501 5986827 12187663
            2048     256 1051810 4063729  5769681  930849710351742 5611381 5389574  7036283 12118884  4154130  4229816 5816563  8190205
            2048     512 1404776 3573472  6670210 1177016610339282 5750369 5372719  5447681 10192069  4562305  4385291 5659442 11187641
            2048    1024 1212615 3984558  7529708 11129659 8600205 4994712 5433896  4601407  7082696  4358590  4511980 5475461  5986827
            2048    2048  978039 2763097  6780783  7207495 6479029 2929912 4154130  3477979  5092426  3016334  3600433 4971585  4796687
            4096       4 1045970 3013586  3991785  5244471 5728903 2860067 4935601  5875858  5928578  3390670  3197560 5271829  6512939
            4096       8 1260001 3311586  5910222  7301864 7421732 3447830 4952675  7173805  6693092  3988078  3433360 5565581  7222056
            4096      16 1285648 3371374  2117884  2329851 4121052 3250189 5418140  7138037  5802430  2287049  3482778 5069594  6706156
            4096      32 1346933 3894067  6049663  6420447 9394037 3937802 4249491  8177752  3343163  3404782  3754501 6105563  6321227
            4096      64 1320025 4083827  6120790  7237268 9685316 4462528 6207035  6964419  6160296  4325455  3795980 5706070  7572208
            4096     128 1173584 3820460  4701910  7061751 8620945 4623457 5151685  6618318  6847827  3886139  3693955 5885924  6418048
            4096     256 1368935 4039655  5618365  6532752 7906767 4209920 4882301  7364466 13136407  3849566  3614679 5050220  5572803
            4096     512 1352659 3730856  6060333  5657217 6761583 3782607 3337967  6562698 10985935  3992713  3512686 5657217  5784846
            4096    1024 1238206 3646906  5211065  6094733 5634950 4145915 2241981  5859825  8620945  3795980  3568133 4768469  5367357
            4096    2048 1206129 3024728  5664678  4928521 4718699 3124291 4952675  3817913  5454263  2654571  3751222 4628439  4917236
            4096    4096 1148632 2594046  4161985  4380601 3703511 2435200 4112175  2952980  4055868  2656623  1633718 3828122  4240052
            8192       4 1096221 2747283  5454094  5264403 4612784 2648597 4881472  5859631  4958969  2973374  2606405 5104089  4836126
            8192       8 1258376 3248286  5855636  5174810 5044145 2834539 5630154  7211152  5278151  3312482  3295327 5553712  5988306
            8192      16 1272450 3295327  5248321  5432536 6099933 3247978 5669170  7373641  5454094  3407755  3191265 5669170  5119298
            8192      32 1393236 3732398  6022946  6296676 5274909 3387931 5633847  5615432  6136976  2944580  3558822 5876668  3938618
            8192      64 1444305 3541581  5468852  5806161 6506533 3994015 5550123  8159896  5676663  3808521  3296592 5708730  5789530
            8192     128 1255296 3880787  5034537  5139206 5396699 3902827 5802240  8352299  5472336  3661989  3496531 5393311  5672914
            8192     256 1379587 3343751  5542066  5274909 5760412 3747460 5047850  7173514  5805180  3558453  2760970 5449769  5550123
            8192     512 1253190 3782110  4471708  5278151 5081444 3680031 5428245  6163396 10880890  2723546  2483213 5191229  2238739
            8192    1024  933135 2476412  3276785  5022761 5880691 3844314 5119298  6435847  9798016  3279287  3111222 5095007  5458427
            8192    2048 1149585 2725275  4858693  4743326 4617744 3055338 4710810  3955393  5944791  2341888  2687544 4604748  4579585
            8192    4096 1044629 2576889  2946853  3799676 3822928 2603837 3118564  2457109  3523784  2287019  3373958 4007992  4088106
            8192    8192 1023622 2579403  3658870  3645670 4216019 2793064 3314080  2688596  4181641  2503659  2773226 4033398  4073566
           16384       4 1015316 2499089  5333373  4178541 4388831 1772957 4769600  5722423  4537494  2421848  2750781 5031885  5110468
           16384       8  947060 2693423  4471651  5876570 4790881 2141673 4181846  7192890  5249445  2902396  2867396 5699169  5286599
           16384      16 1072672 3078028  5872051  5923170 3629650 2217915 5317690  7255927  5189976  3084384  1158848 3253330  4582885
           16384      32  933932 1965952  5897753  5762733 5874561 3458661 5855539  7154697  5945205  3405527  2982641 5744908  4702688
           16384      64 1365546 3508995  5734840  5817863 5320984 3074998 4210802  7753693  5634219  3316608  3112463 5557667  5785536
           16384     128 1418540 3630417  5407233  5587946 5613049 3808480 5795783  7817198  5288633  3206873  3333501 4435287  5226290
           16384     256 1402386 3566358  5423449  5102499 2286700  775284 5297194  7049738  5441486  2977343  3371112 5507336  5591583
           16384     512 1312196 3611149  5611216  5589764 5479669 3675073 5322632  6942198  4646722  3163034  2902886 4931852  4671678
           16384    1024 1288672 2555595  4562499  4970737 4396975 3063620 3974796  6150051 10014780  2671954  2779711 5354150  4386590
           16384    2048 1009677 2798844  4588087  4301471 4560077 2681965 4548607  3499345  5728625  2216771  2190974 4007713  3855921
           16384    4096 1100712 2317704  3525738  3527185 3710193 2385529 3442720  2017256  3392079  1990495  2096780 3791669  2548865
           16384    8192 1158281 2303023  3962191  4118686 4035484 2474165 3918585  2615512  4042368  2338605  3115991 4150026  4028387
           16384   16384 1061406 2530749  4090735  4083686 3664490 2625204 3605654  2531122  3710193  2626007  2588323 3801317  3877022
           32768      64 1198583 3505665  5910639  5738624 5873508 2702309 5713575  7814890  5854493  3156845  3303915 5811911  5554928
           32768     128 1270326 3468245  5404640  5209413 5580414 3387631 5192095  6774461  5494304  2782401  3336884 5443168  5594726
           32768     256 1316618 2829720  5081146  5143325 5191311 3416176 5323004  7352112  5249607  2978621  3478163 4882585  4920165
           32768     512 1238302 2896268  5504426  5263076 5421696 3142050 5144095  2181923  5263882  2751320  2865054 4851561  4944593
           32768    1024 1267129 1178238  5437784  5564148 4832966 2243432 5156254  6589329  5274994  2751982  2914015 3227796  4711362
           32768    2048 1172289 2400395  4750280  4428685 4224886 2872359 3451089  2335895  6241322  1605561  2001475 4163705  4670377
           32768    4096 1133836 2526274  3780281  3990700 3921918 2582574 3984453  2732992  3669853  2059849  2044802 3980644  3930892
           32768    8192 1168362 2521593  3843284  3872850 3597802 2463028 4023058  2503861  3759085  2213337  2040370 3856873  3449962
           32768   16384 1091211 2343742  3133311  3925727 3301217 2197272 2908526  2281719  3414055  1860959  2283160 3843284  3886100
           65536      64  985310 3320952  6067569  6001988 5653154 3424040 5812993  7975611  5881401  3113923  3379876 5367890  5706672
           65536     128 1294232 3277943  5529095  5093745 5432283 3549797 5199639  7576400  5315162  3004727  2819584 4155761  5630228
           65536     256 1241237 2628177  3915650  3975739 3773369 2231680 5296318  6839493  5332485  2637052  3231546 5131209  4643615
           65536     512 1258490 3233180  4910918  5108418 5165246 3614588 4978427  6637990  4922703  2825322  3267967 4046439  5466312
           65536    1024 1393672 3405882  4926850  5636462 5268605 3373446 4081952  5057941  4449748  2574177  2742558 5197967  5132838
           65536    2048 1187696 2555914  4737983  4830232 4968259 2839389 3610173  2406042  4295450  1702548  2022770 4298540  4092954
           65536    4096 1095092 2539573  3934707  4004117 3978386 2633439 3433535  2109030  3314585  1733394  2051529 3744277  3929251
           65536    8192 1109896 2047739  3904193  3814209 3664706 2396895 3766647  2723645  3701371  1868242  1803024 3936341  3712920
           65536   16384 1058962 2545971  3911415  4127741 4011246 2472128 4016169  2825700  3991964  2401397  2465807 3906801  3977408
          131072      64 1113402 2616678  5995168  5987464 5804512 2762261 4901365  7838782  4768882  2629431  2531910 5903367  5441144
          131072     128 1240869 2194442  5667713  5630909 5647916 3142452 5764705  7849975  5498228  2380227  2993940 5463422  5346633
          131072     256 1183793 3028877  5346841  5480742 5464291 3023014 5266021  7312254  5424286  2659360  2958335 5369191  5436677
          131072     512 1226507 2925512  5346373  5535375 5484679 2864582 5360814  6360867  5122021   401095  2734425 5265416  5310839
          131072    1024 1221045 2784140  5139883  5382385 5350119 2837730 5393051  6732681  5380173  2319118  2297534 4703478  5232191
          131072    2048 1106578 2379021  4697249  4638240 4720278 2411719 4307458  3079402  4087835  1643329  1934698 4467351  4507125
          131072    4096 1087389 2184684  4046553  4115560 3359178 2211364 4027756  2760513  4090511  1775010  1644174 3293670  3140496
          131072    8192 1156601 2256437  4028406  4002333 3981665 2264430 3921035  2686718  3802280  1787301  1715757 3961895  3990133
          131072   16384 1087174 2248501  3838358  3036808 3820672 2110866 4016163  2775299  4003528  1910753  2033295 3524690  3481785
          262144      64  154706  111510  2650167  6130166 5845829  126319 5494431  8313019  5730150   165817   141898 5708966  6154219
          262144     128  119198  141930  5350322  5436645 5065104   99810 5171937  7690408  5581084   136613   127679 5182542  5280482
          262144     256  143780  149801  5614198  5742750 5669958  138886 5615402  7447862  5773963   161792   157058 5555900  5752786
          262144     512  154638  129259  4583498  5658811 5050539  152603 5655144  7113044  5918422   156152   157989 5585620  5748785
          262144    1024  149427  144681  5329962  5824400 5728299  157912 5509988  5891688  5909325   166396   158240 5553767  5759355
          262144    2048  154409  136040  4882729  4888917 4940896  172182 4764683  3828319  5067835   158542   158054 4888743  5075181
          262144    4096  154231  139925  4033176  4149949 3929018  155060 4247665  2968750  4358388   171197   170176 4124357  4263543
          262144    8192  159442  134997  4101449  4210545 4001952  169607 4179797  2969391  4333036   171900   154317 4060597  4093508
          262144   16384  150934  129945  4059158  4161950 4158251  172122 4105691  2789422  4164914   185977   160077 4073475  4156255
          524288      64   61646   87746  6308666  6541017 6056650   32336 5799971  8586017  6150222    92277    87035 6282586  6516535
          524288     128   91658   87326  5851036  6107451 5763442   45916 5615342  8496709  6019381    92010    92827 5904483  6072858
          524288     256   92354   81997  5656174  5688392 5635691   56932 5528075  7458416  5745613    93100    85115 5488436  5424278
          524288     512   91360   86746  5680633  5796057 5765331   63376 5667968  6707103  5762869    91423    90515 5625829  5809855
          524288    1024   91997   85700  5644356  5823101 5774794   62841 5573316  6629098  5763186    92540    85738 5620638  5690261
          524288    2048   89384   86405  4794108  5036783 5011929   88923 4854958  3313389  4765610    92669    90305 4960577  5222678
          524288    4096   91257   85883  4229591  4210100 3960749   90487 4110840  2811198  4133954    94130    87353 4027900  3874631
          524288    8192   91279   89004  4159697  4080662 4137797   93244 3945131  2839512  4289464    94811    92887 4074794  4096802
          524288   16384   90866   86352  4037151  4073473 3998349   94615 3935388  2856813  4102473    95092    91273 4153333  4035469

iozone test complete.
