	Iozone: Performance Test of File I/O
	        Version $Revision: 3.420 $
		Compiled for 64 bit mode.
		Build: linux-AMD64 

	Contributors:William Norcott, Don Capps, Isom Crawford, Kirby Collins
	             Al Slater, Scott Rhine, Mike Wisner, Ken Goss
	             Steve Landherr, Brad Smith, Mark Kelly, Dr. Alain CYR,
	             Randy Dunlap, Mark Montague, Dan Million, Gavin Brebner,
	             Jean-Marc Zucconi, Jeff Blomberg, Benny Halevy, Dave Boone,
	             Erik Habbinga, Kris Strecker, Walter Wong, Joshua Root,
	             Fabrice Bacchella, Zhenghua Xue, Qin Li, Darren Sawyer,
	             Vangel Bojaxhi, Ben England, Vikentsi Lapa.

	Run began: Thu Oct  3 20:53:27 2013

	Auto Mode
	Command line used: iozone -a
	Output is in Kbytes/sec
	Time Resolution = 0.000001 seconds.
	Processor cache size set to 1024 Kbytes.
	Processor cache line size set to 32 bytes.
	File stride size set to 17 * record size.
                                                            random  random    bkwd   record   stride                                   
              KB  reclen   write rewrite    read    reread    read   write    read  rewrite     read   fwrite frewrite   fread  freread
              64       4  254006 1232453  5283570 1597288510821524 4274062 4564786  3541098  9318832  2561267  2203800 3203069 15972885
              64       8  666414 2662899  5389653 1040217815972885 4897948 3022727  5860307  5283570  3363612  3203069 6421025 12902017
              64      16  771797 1484662  6421025 1597288515972885 5389653 5735102  6421025  4274062  2923952  3363612 5860307 10821524
              64      32  633392 1562436  7100397 1290201715972885 5735102 3057153  5283570  4018152  3406295  5860307 5283570 12902017
              64      64  752329 1690338 15972885 2273779115972885 5735102 5283570  5860307  6421025  5389653  4564786 6421025 20962191
             128       4  695603  493989  5325799 1172061410567140 4135958 4596273  4934216  8548124  3867787  2858650 5603747 12842051
             128       8  836500 2035099  4759253 1588107814200794 5122535 6114306  6727225  6114306  4407601  2969325 4407601 12842051
             128      16  505620  238312  5545860 1284205114200794 5325799 4596273  5603747  9129573  3560017  3053774 5325799  9795896
             128      32  711270 2035099  5603747 10779307 9287508 3359523 4759253  6114306  6727225  3380677  3867787 4759253 10567140
             128      64 1015251 3560017  9129573 1863766414200794 5603747 5603747  6406138  6406138  2920861  5545860 5545860 15881078
             128     128  978253 4135958 14200794 1863766414200794 6114306 5847904  6045455  6727225  3124872  3867787 6406138 16365173
             256       4  682258 2582316  5687020 11695808 9868433 4264168 4070199  2081678  5022044  2152625  2812272 3935921  7120034
             256       8  663292 2726577  6249745 1435374413454450 5242734 5687020  6719046  5687020  4734192  3667079 6398720 15164624
             256      16 1153561 2305128  5687020 1416439511091721 5569035 4998665  6936061  4907284  5022044  3823789 6554972 15164624
             256      32 1103757 3654598  7120034 1516462414164395 5687020 6249745  7735574  8815202  5428265  3605511 5687020 12812277
             256      64 1219045 3465855  6398720 1607260812812277 6073004 5022044  5347168 11091721  5810112  3159869 5455847 16072608
             256     128  822913 3159869  8534922 1495343512228612 6249745 5428265  6398720  6936061  4572895  4422226 5687020 14953435
             256     256 1340826 3275543 12661199 1345445013454450 5810112 5320671  5455847  1683493  5347168  4422226 6249745 11695808
             512       4 1108203 2926501  5509113 11374040 9638369 3934520 2597325  5177083  7309196  3877684  3201349 5566231 11620224
             512       8 1299295 3346002  6491676 1424006912797441 5398323 5278892  6472112  6414119  4701087  4030519 5453155 14240069
             512      16  929322 3140488  6319739 1424006913190469 5822804 5886650  6931711  7091952  5019764  4331300 6571132 13783088
             512      32 1302447 2830083  4973263 1352271112499490 4916336 6086873  7211022  3628697  5384786  4411377 6736026 14240069
             512      64 1299295 3905895  5886650 1462806713783088 5624545 5331314  7647578  9859630  5495016  1759070 1185272  7211022
             512     128 1205228  487200  5177083 1387212213109944 5744919 5127637  6652558  6736026  3628697  3849877 2099600 13438092
             512     256 1312798 3215731  7988981 1242715711943357 5164632 5699180  6246213  7620440  4305250  5744919 5886650 12499490
             512     512 1350783 4420457 13190469 1343809213109944 2216629 5951911  6104175  6086873  6156675  2764505 6086873 13109944
            1024       4 1193442 2908281  3709575 11773301 9855234 4064103 3668386  5660167  3764854  3603747  3579719 5536137  7927135
            1024       8 1025833 2516377  6364746  499527610134284 4488860 5958564  7306780  8391792  4832290  3606774 5660167 12639479
            1024      16 1256277 3532609  4215688 11398360 7472033 2553783 5690162  7020149  7008693  3483896  3393069 4356809 12208350
            1024      32 1248607 3722435  3369115 12983353 6650556 5444898 6355328  4614246  8122014  5479632  4162573 6692005 14044758
            1024      64 1226500 3751699  6830356 1508034114422045 5917516 3210456  3999762 10134284  4972145  2326879 5356618  4550690
            1024     128 1458489 4374559  6559147  711316113863422 5751117 5845038  7537599 10039528  4396951  2877110 5652717  5500686
            1024     256 1454537 4126579  6787181 1298335312828238 5885083 3618930  6519323 10039528  4736370  4614246 5789881 11398360
            1024     512 1381993 3618930  6093831  7826025 6244448 3808251 4451639  3722435  7826025  4762630  5251818 5720477 11773301
            1024    1024 1189476 3208058  3984917 1279003712639479 5330028 5363307  4949226  3411938  5251818  3151562 5950309 12790037
            2048       4 1067230 2415069  5820505 10351742 9752360 3121562 5222461  5719737  7761014  3946119  1404546 3698085  6649556
            2048       8 1257344 2901215  6280083 1348909812416686 3441748 5349298  4886737  7419150  3835124  2937929 6303124  7853254
            2048      16 1085436 3887189  6543188 1144095512805399 5251194 6132138  7643611  5018054  4697018  4321315 4094723  8357547
            2048      32 1300361 3953383  4783331 1311829513836752 5238385 5689430  7698414  8325147  3649381  2602375 6041567 12805399
            2048      64 1532875 2872113  6340344 1338401114417342 6171791 3922692  7933034  6583305  4451191  3657149 3702868  8089930
            2048     128 1288849 3878414  4934459 1248889713836752 6189580 6075753  8261095 11072275  4878411  3812993 5674397  9389900
            2048     256  873777 3205431  6041567  9441504 7670915 4945823 5816563  7082696 12187663  4785996  2772014 5800851 11320334
            2048     512 1338453 3117032  6738230 1164254312187663 4276140 4643695  6802261  9752360  3799501  4231899 4674016 10607402
            2048    1024  573664 1984365  6459541  8357547 7817519 2824887 4347560  3225896  5376082  2265394  4490751 5765808  9708272
            2048    2048 1174964 3419824  3764533  4472047 4591569 3379461 3302797  3219850  4957240  2589040  2805512 4643695  6359119
            4096       4 1159016 2836457  3663236  4746074 3768502 2271926 4063542  4812550  4235870  3305851  3124291 5030994  4946971
            4096       8 1235623 3509816  5786794  6013663 5706070 3611639 4817948  7099689  5744227  3402085  3399392 5980170  7274040
            4096      16 1282768 3882626  4298399  5095153 5681538 2996241 4505833  5657217  4235870  3140855  3689988 6234064  5953231
            4096      32 1290089 2951458  5223741  7188814 7701194 4545172 5263753  4566920  6638778  4471821  3849566 5777065  5902100
            4096      64 1280378 3175103  5411313  5159420 6872481 3276846 4648477  5885924  6480999  3824713  3410865 6013663  6575257
            4096     128 1266129 3014114  3615440  6861502 6330545 4871226 5944991  8272256  7085049  4051086  3901141 5647918  4628439
            4096     256 1250008 2946902  5319164  5928578 7642951 4180214 4520059  6815229 11348794  3346419  3923414 5257310  5131680
            4096     512 1268935 2989984  5565581  6804432 8414056 4357270 5736555  5696610 11601703  3586757  3682869 5217395  3860813
            4096    1024 1237403 2577699  6361016  6724530 6930704 3552638 5171846  4817948  5165626  3867766  3116922 2684436  3546038
            4096    2048 1151557 2365133  5769304  5081590 4549987 3357537 4302706  4157956  4882301  2374285  1485658 3059199  4285533
            4096    4096 1072280 2084478  4223375  4461370 3849566 2826656 3453374  2935823  3743865  2505155  2862450 3217923  3504089
            8192       4 1064170 2215784  4401818  4586921 4538452 2286258 4116513  5208541  3549264  2343326  2486807 4264684  5098030
            8192       8 1185153 3124235  5697371  5250727 4415961 3027341 5298499  6786699  4665396  3068160  2706385 4345590  5041185
            8192      16 1343604 2757425  6321001  2285042 5237920 1207349 5954062  6345516  5274909  3410461  2589902 5974769  6258825
            8192      32 1241597 3710232  5041185  5480191 4641448 2764746 3875097  5326425  5924291  3104195  2893742 5838720  5630154
            8192      64 1020400 3897073  5271672  5967505 6040947 3097200 5465373  7627351  6010303  3019626  3801358 4678100  3994015
            8192     128 1285206 2771437  5724900  5568112 6302451 3964979 4277426  7683638  5013966  2772331  2921546 5531360  5748846
            8192     256 1411494 3640649  5319004  4459520 5520695 3580330 5681356  6045199  4692154  3054523  3002737 5044145  4341746
            8192     512 1244070 3884297  5284645  6112956 6182248 4237859 4743326  6429825 11027561  3060236  2466811 4992112  4486305
            8192    1024 1247050 3567690  6254268  6384425 6254268 3549630 4425630  5748846  8317926  2723331  3105317 5361332  4203126
            8192    2048 1139218 2195677  5486317  5637544 5319828 2947611 4612165  4179607  6580049  2852423  2280038 4746603  3599082
            8192    4096 1054309 2018809  4207758  2825681 3532479 2466811 3986138  2897891  3569544  2061814  2852186 4071635  4420506
            8192    8192 1046219 1977333  3543407  3840876 3898842 2473381 2133905  1306513  3900612  2496746  1558278 3517651  3964979
           16384       4 1025284 2400612  4143520  4064363 3707790 2339879 5147215  4776562  3437726  2339242  2480506 4055489  5280100
           16384       8 1024061 3071013  5145674  5231064 5426876 2691629 4882098  6810108  4574039  2722878  2794973 5017922  4657114
           16384      16 1215890 3354492  6185479  4815726 5841105 3139910 5521940  6954141  5243037  3000089  3044752 5067880  5209649
           16384      32 1286332 1985434  6203347  6065906 6005999 3200600 5527714  7685190  5537068  3075686  3401313 5181367  5361251
           16384      64 1282610 2984325  4847317  6222445 6162183 3618375 5134524  7949221  2359725  2819514  3115426 4812016  4887654
           16384     128 1380996 3777703  5955510  6279877 5936474 3855921 5421738  8578347  6187150  3737230  3551613 5145674  5655548
           16384     256 1268898 3790832  5047407  5100984 5758869 3916798 4955681  7099261  5105532  2939895  3363522 5108948  5261503
           16384     512 1195562 2143945  4999668  5923170 5506895 3922388 5830698  7294437  5919089  2717602  3476333 5176294  5561715
           16384    1024 1232419 2099984  3875929  4197684 4190261 2667494 4462070  5975188  6921919  2655947  2680605 5110468  5236246
           16384    2048 1084248 2108360  3567099  4713656 5145674 2009822 4040466  2561215  4379601  2017019  2470785 1295376  3951710
           16384    4096 1194522 2071310  3904780  3432574 3189459 2244355 3084937  2795428  4025555  2459290  2450171 3153889  3427609
           16384    8192 1072120 2688575  3613618  3444964 3069916 2492201 4392478  2088178  4422158  2543300  2408015 3510608  2902396
           16384   16384 1168861 2690786  4469034  4449646 4288854 2777464 4413920  2983159  3332692  2634968  2193001 2805471  2778811
           32768      64 1079029 3709672  6497740  6537923 5521010 3715590 5731684  8297546  5905306  3046156  2842948 5374418  6022264
           32768     128 1460581 3628386  5837832  5528561 5173333 2987880 6162959  8432455  6044778  2767553  2672515 1879434  5734554
           32768     256 1382438 3608381  5775035  5733836 5921334 2943093 4540463  6618203  4511549  2674908  3367379 5278438  4600959
           32768     512  731280 3700882  4966391  5356822 6009362 3827124 4388944  5787438  5204679  3166007  2406784 4595881  5097731
           32768    1024 1410284 2671476  6067997  5447699 5303900 3138677 5549096  5448563  5021920  2899812  1771330 5523894  4290702
           32768    2048 1160666 2486556  5328163  5362047 5073269 2872899 3745358  1956069  6080345  1834627  1300793 3040025  3832033
           32768    4096  693793 2593637  4142621  3847372 4458278 2662987 2860105  2047605  3145645  2211841  1631133 4278414  2893402
           32768    8192 1282201 2298087  4005354  3469295 3518860 2249159 2735440  2082887  4346472   998504  1739473 2703160  3035459
           32768   16384 1084854 2637487  3599687  3506113 4359708 2648363 4363860  2664743  3155975  2276655  2813673 2805517  3064153
           65536      64 1111440 3022336  4258318  3815374 4144670 3314585 5885052  7787173  5822844  3143983  3373612 5926544  6021975
           65536     128 1314533 2559913  5632650  6058608 5584247 2644180 5614817  8329430  4957327  3213788  2649634 3983229  5356384
           65536     256 1089925 3028597  5272040  5641436 4219426 2547954 4495596  5885052  5428313  3111421  3272207 3128062  3937018
           65536     512 1307349 3171809  4324100  4472191 4360386 2643875 4278334  6391795  4244838  2717747  3042239 5505838  5922841
           65536    1024 1124328 3453422  5407277  5702765 5554345 2436087 5547731  3610789  5700755  2737042  2210023 4301365  5447678
           65536    2048  774666 2587894  4991716  3357869 3258901 2087931 4844875  3939387  3405165  1678348  2163050 3840642  5228220
           65536    4096 1150907 2538401  4247855  4396301 4255879 2710672 3018287  2831288  4001261  1833683  1604584 1608283  2504814
           65536    8192 1230909 2361660  3935890  3986869 4034442 2477430 4168429  2104637  4269165  1621537  1496489 4072820  2846652
           65536   16384 1067185 2296278  4121243  3009530 3624597 2460444 4314395  2841238  2774364  2417150  1703561 2816925  4299077
          131072      64 1200018 2571947  5553436  5634140 5870586 2987806 5683181  7793554  5092745  2517026  2667425 5626817  6278560
          131072     128 1301336 3052167  5571841  5885292 5513447 3050101 5297329  7233552  5613831  2640292  2661472 5555288  5794783
          131072     256 1260260 2876980  5362121  5669175 5694071 3149257 5462933  6945324  5438022  2757384  2774655 5642351  5498228
          131072     512 1341274 3253304  5310223  5831356 5302285 3105231 5458811  6669381  5423376  2817356  1066762 5599422  5355748
          131072    1024 1228299 2840369  5413497  5660594 5768274 3124042 5085255  4661681  4748984  2430001  2496180 4244274  5597541
          131072    2048  809410 1589657  2989089  3935603 3212563 1358976 4615034  3242999  3412347  1537607  1842531 4508974  2749922
          131072    4096 1057314  284533  4040218  4203707 4079402 2328429 3936223  2217572  4261811   670547  1742491 3979475  4120063
          131072    8192 1018985 2221147  4100488  3909102 3170580 1954494 3452897  2854661  3906185  1929057  1540213 3596047  3965381
          131072   16384 1017898 1806696  4040575  4192295 4128510 2295759 3885342  2688926  3969361  2002047  1960893  474175  3794329
          262144      64  113875  111670  5410375  6019516 5890078   80184 5408485  7974883  5605068   102704    92269 4748734  4895687
          262144     128  121506  111256  5384040  5201272 4729961   58369 5037050  7999542  5489247   114626   112588 5155447  5538771
          262144     256  113734  104971  3330250  5631912 5506290   66233 2908093  6742210  5260448    79036   104115 5200854  4524947
          262144     512   95939   88944  5325083  4963536 5205606   74556 5194466  5539581  5211726    80014    88784 4584778  4469853
          262144    1024   71784   65445  3232908  4610192 5453255   74187 5126410  2628142  4079233    79028    99686 5018268  5508497
          262144    2048  118171  106761  4238234  4670469 4705508  111149 4179861  2375869  3635328    80869    85226 3440211  4746910
          262144    4096  104690  108050  3705105  3026749 3901359  117524 3824909  2295902  3655050    92764    81946 2306367  2659957
          262144    8192   72586   55206  3834701  4145083 4246894  116422 2522528  2793909  4105308   124080   106254 3758875  3959096
          262144   16384  118874   81020  3616031  4042622 3771200   91917 1179702  2838960  3737219   109768   134817 1678700  3248295
          524288      64   26763   66724  5355284  6053432 5512610   22151 3540377  7950485  5753942    41598    66760 5786784  5941205
          524288     128   65577   65768  5426688  5882937 5596464   24033 5593005  7657757  5817355    38980    43021 5590673  5776144
          524288     256   66126   66618  5458207  5576991 5433204   43195 1594671  7288754  5437153    64977    67454 5530703  5184299
          524288     512   69743   43777  5403632  3436807 5161834   32414 5213935  6241448  5434157    51891    66465 5007626  5461216
          524288    1024   63878   66998  4770717  4467200 5165096   32797 5132486  6658222  5543446    66598    61806 2980704  5866552
          524288    2048   63770   39424  4122276  4622206 4843889   39548 1672466  3555748  4707157    44096    67783  487553  3985406
          524288    4096   66677   36234  3469947  3570788 3812554   80305 2479793  2396011  4010278    46478    44590 3595961  2715336
          524288    8192   62780   51799  3492437  4005800 4198710   65338 3355848  2550385  3862809    50472    45616 4027162  3930077
          524288   16384   66561   39767  3920087  4068477 4056828   80157 2218945  2469434  3645778    83464    79838 3960507  3973022

iozone test complete.
