	Iozone: Performance Test of File I/O
	        Version $Revision: 3.420 $
		Compiled for 64 bit mode.
		Build: linux-AMD64 

	Contributors:William Norcott, Don Capps, Isom Crawford, Kirby Collins
	             Al Slater, Scott Rhine, Mike Wisner, Ken Goss
	             Steve Landherr, Brad Smith, Mark Kelly, Dr. Alain CYR,
	             Randy Dunlap, Mark Montague, Dan Million, Gavin Brebner,
	             Jean-Marc Zucconi, Jeff Blomberg, Benny Halevy, Dave Boone,
	             Erik Habbinga, Kris Strecker, Walter Wong, Joshua Root,
	             Fabrice Bacchella, Zhenghua Xue, Qin Li, Darren Sawyer,
	             Vangel Bojaxhi, Ben England, Vikentsi Lapa.

	Run began: Sun Oct  6 10:55:44 2013

	Auto Mode
	Command line used: iozone -a
	Output is in Kbytes/sec
	Time Resolution = 0.000001 seconds.
	Processor cache size set to 1024 Kbytes.
	Processor cache line size set to 32 bytes.
	File stride size set to 17 * record size.
                                                            random  random    bkwd   record   stride                                   
              KB  reclen   write rewrite    read    reread    read   write    read  rewrite     read   fwrite frewrite   fread  freread
              64       4  608965 1204796  4564786 1231033610402178 4274062 2662899  4897948  4643754  3363612  3363612 4564786 10821524
              64       8  673098 1452528  6421025 2096219115972885 5389653 4207076  4564786  5860307  2561267  3022727 5389653 12902017
              64      16  679917 1679761  5860307 1597288515972885 5389653 3203069  5860307  4564786  3588436  3363612 3363612 12902017
              64      32  789967 2772930  7100397 2096219115972885 5389653 3057153  5389653  6421025  3738358  5389653 4897948 20962191
              64      64  969761 3541098  9006179 2096219115972885 5283570 4564786  3541098   952555  4988978  3363612 5735102 15972885
             128       4  739689 2558895  5545860 14586625 9795896 4135958 4267461  5325799  8548124  4135958  2660335 5325799  9795896
             128       8  864797 1939522  6114306 1284205111470204 5122535 5122535  6114306 14200794  4267461  1975201 5325799 14586625
             128      16  876086 2727923  6330599 1588107814200794 4557257 3199360  6727225  4717434  4717434  2132084 4557257 12842051
             128      32  914904 2905056  5784891 1172061414200794 5545860 4717434  6406138  7476717  4759253  3867787 4934216  9795896
             128      64  871818 3277486  6727225 1077930710567140 5784891 4934216  6727225  7082197  3277486  5784891 3560017 14200794
             128     128 1196221 3445772 10567140 1588107814200794 5784891 5122535  5784891  6114306  6114306   731625 4759253 12842051
             256       4  941213 2441400  5569035 12228612 9518507 4404088 3935921  5320671  7314033  3770085  3285566 5217259 10758322
             256       8 1049800 2975955  6398720 1416439512090911 1481420 5117791  6936061  7965107  1190657  3605511 5971678 13454450
             256      16 1011241 1053922  6398720 1416439512812277 5569035 5841722  7314033 10651598  4572895  3368013 6107548 14164395
             256      32  706964 3368013  5428265 1416439514164395 5687020 5810112  7518900  9114515  4496299  1398455 5938650 14164395
             256      64 1292410 3368013  6107548 1516462413454450 5687020 5687020  7571923 11091721  1740810  5022044 5347168 10651598
             256     128 1185399 2754556  4652146 1169580811091721 4907284 5569035  6936061  7965107  4332998  6761355 5810112 13454450
             256     256 1219045 3499745 12812277 1281227711091721 5687020 5117791  5428265  5971678  5810112  4404088 5810112 13454450
             512       4  873740 1695195  5744919 11683444 9145790 3970896 5019764  5278892  7758090  3993047  3279573 5566231 10235583
             512       8 1193838 3239989  6246213 1414626511138071 5164632 2521095  7211022  8992598  4532414  3905895 5495016 14146265
             512      16 1282994 3510074  6246213 1279744112499490 5384786 5822804  7309196  6999490  4827914  4091959 5278892 13872122
             512      32 1383861 3788747  5019764 1352271113109944 5684095 2845081  7513788 14240069  4732165  4123387 6319739 13109944
             512      64 1347393 3710197  6909408 15037801 3299730 6086873 6104175  7211022  7211022  5509113  2265742 4827914 13109944
             512     128 1399189 1848401  6821616 1343809212499490 5951911 1867692  7513788  8665997  5398323  2307123 5760329 13872122
             512     256 1395552 3437042  8018812 12499490 2548017 5886650 5331314  1527582  2942541  4195896  5699180 5684095 13109944
             512     512  960496 3415178 12797441 1221509712215097 5684095 5495016  5495016  5807059  5639315  3177664 5822804 11374040
            1024       4 1175477 3085895  5472650  9655828 7420395 3709575 5018624  3436508  6963241  3567824  2437821 5444898 11645609
            1024       8 1326505 3369115  3271594 1423090212639479 3040026 5630486  7113161  6874084  4594502  4014717 5917516 11645609
            1024      16 1468964 4018473  6609617 1399898113102174 5885083 2625597  2522288  7269678  4741598  2822283 5853003 12944224
            1024      32 1174192 4178773  4634161 11132462 9923546 3999762 6208343  7755368  9485232  5363307  4531485 6441107 14422045
            1024      64 1248607 3923040  6776473 1482016111249091 6569179 6364746  8474583 14422045  3029305  4079544 5601115 12790037
            1024     128 1200447 4232305  6733974 1279003712639479 6609617 5917516  4044965  9832672  5536137  2813041 6163794 13643232
            1024     256 1279861 3778101  3401130 1203727212639479 6016997 5720477  7008693  8061038  3179559  4451639 5958564 12639479
            1024     512 1342258 2183727  8061038 1279003713142265 6059442 5593820  6441107  8326715  4720752  4876180 5479632  9320560
            1024    1024 1466957 3712781 11278631 1177330111278631 5720477 5782087  5853003  5682634  4339202  4079544 3229770 10134284
            2048       4  991244 3093459  4875642  9268323 8456277 2543804 5389574  5659442  6603549  3185225  2596083 5362657  8830061
            2048       8 1107691 2864451  6382745  8608824 6608629 4423683 5848244  7503399  6041567  3915540  2947000 4138120  7361923
            2048      16 1082427 3821475  6440169 1272949313198923 5447681 6132138  7698414  8531869  5071381  4338776 4178378 10503637
            2048      32 1109408 4312636  6543188  962128113748169 5804771 6284678  5119743  6823876  4531020  4162181 5719737  7969835
            2048      64 1415424 3357009  6401772 12805399 5492967 3099039 3723735  7616502  6058611  4120256  4213218 6378005 12882215
            2048     128 1442279 4432815  6321679 1346794913748169 4994712 5986827  7940367 14638464  4983122  2723672 4038890 12050878
            2048     256 1061690 4162181  6243566 1150223412635867 4240255 5611381  7088541 12050878  4864597  3357009 3199462 10673302
            2048     512 1319740 3938881  6759439 1150223412118884 5769681 5723548  6711905 10289741  4983122  3407614 3786104 10192069
            2048    1024 1239563 3999400  4911886  6243566 5059433 5006356 4653758  5674397  7419150  4621211  3677503 5403134  8830061
            2048    2048 1089290 2321725  7159438  7726111 6945257 4396514 3586902  4008732  5332694  4301837  3915540 4056054  4462754
            4096       4  945309 2809093  4575434  5867831 5319164 2639075 5139356  5263753  4801789  3396032  2794017 4380601  4952675
            4096       8 1180357 2452933  6207035  6716643 8224733 3471518 4675041  7135072  5026578  3204717  3220336 5625724  5527974
            4096      16 1343772 2579635  6263611  7146945 9119767 4311344 5753847  7351860  5204750  3624593  3230023 4713521  7149920
            4096      32 1493797 2977031  5185897  7355007 7612471 3617724 4438318  8047509  4499932  3187474  3734100 6370451  6669706
            4096      64 1233051 2632605  5587302  4067390 8096815 3322474 5353976  6872481  3867766  2686114  3618486 5618365  6112079
            4096     128 1329525 3177452  4801789  6597984 8603675 4367238 5936773  8393502  6318902  4423462  3360164 5556581  5761565
            4096     256 1315778 3061379  5347310  6955959 8409937 4408705 5409609  6636214 11222762  4244242  3043482 2219963  5062125
            4096     512 1294951 3077282  4471821  5145513 7642951 4437172 4462528  5642353 10895362  2828518  3761077 4068354  4565707
            4096    1024 1232697 3788446  6532752  7314299 6216019 4311344 4329816  5044289  9287391  3308398  2232367 3589754  3631489
            4096    2048 1028069 2805423  3989004  5696610 5497899 3255732 3335375  2780451  4428023  2703445  4104315 3365430  3462422
            4096    4096 1084395 1743829  4214051  4380601 4669958 3029528 4545172  2730948  3185110  2285832  1888560 3996428  4091608
            8192       4  856193 2517417  5095007  4949683 4727663 2461509 4491583  5257958  4630813  3110096  2795791 4743326  4124914
            8192       8 1106280 3348965  5940679  6379683 5892794 3031882 4992112  7049878  5063472  2849348  2745307 4454894  4491583
            8192      16 1260500 3162771  6345516  6334986 6334986 3317920 5261179  7528746  5389927  3007204  2762746 5669170  5974769
            8192      32 1334627 3518732  6104267  5975808 5859631 3243073 6150158  8342160  6466126  3929159  2839458 4620228  4855947
            8192      64 1255663 3955393  4135340  6456406 6736139 4199016 4738094  8358395  5431677  3329817  3780030 5610847  5244315
            8192     128 1268317 3197502  4392252  6201216 6267959 3992159 5502130  7899143  5457560  2914360  3822928 4536055  5056765
            8192     256 1257593 4000060  5757516  5935548 6121668 3886054 4452008  6809564  5094251  2902052  2784689 4390007  4540851
            8192     512 1325361 3978753  5923270  5630154 6210183 4262040 5275719  6543707 11344319  2781758  2442437 4654021  5225175
            8192    1024 1218654 3257215  6028229  6305921 6220301 4164410 4447398  5227560  9266865  2438104  1997101 3641034  3647605
            8192    2048 1189337 2863357  4023480  4095903 3942233 2667514 5044886  4102260  2862403  1758268  2327295 4201070  5152307
            8192    4096 1316878 2789210  3611945  3070354 3626431 2314129 3994015  2741583  3693481  2232049  3079711 3822503  4466476
            8192    8192 1140655 2051106  3499380  3946308 4231596 2347970 2668343  2287019  3291223  2180490  2730689 4255178  3533932
           16384       4  869219 2343950  5447093  4317416 3252714 1935007 5131073  5828720  4771256  2474165  2547637 4576476  4844583
           16384       8 1103221 2584623  4669138  4455705 4782546 2822293 5688789  6238827  5599328  3062391  2703595 5931862  6077171
           16384      16 1230389 2810749  4790547  5626377 5756940 3250099 5856038  6665448  5900285  3027315  3102346 4888002  5917050
           16384      32 1348477 3048805  4486248  4867574 4967862 3274101 5899778  7406867  5607095  3294506  2840492 4262252  4882098
           16384      64 1279101 3671931  4574039  5933911 6003900 3574335 5551830  7952901  5496324  2943547  3146524 6023371  4543494
           16384     128 1284216 2832647  5878581  6021260 5864034 3554736 5777267  8011311  5677040  3332046  3167700 5080244  5271594
           16384     256 1250768 3578802  4483906  4462939 4698508 3073348 4359596  7117644  5097579  3460926  2791680 5364599  5611216
           16384     512 1444542 2963220  4993855  4454549 4976857 3825227 5069002  5750677  4454838  2416823  3411783 5108568  4537195
           16384    1024 1427675 1438343  3592272  3899020 4290192 2040133 4156301  4428142  7239873  2053116  2922019 3518877  5565318
           16384    2048 1249835 2927371  5209254  5121895 5089650 2825310 2819051  3096475  6804039  2400193  1661142 2853940  3067038
           16384    4096 1067357 2703595  3586647  3497031 3396438 1897394 4416190  2389760  2794064  1762317  2344270 2700514  3626394
           16384    8192 1127365 2751331  3426925  4276842 3631952 2048770 2492562  1311971  2713953  1960511  3144796 3918585  4365412
           16384   16384 1257612 2310534  3437554  2755855 4428142 2772309 2701470  1582530  3076788  2535511  2685948 2987049  3641769
           32768      64 1203548 3102473  5222875  5317650 5582454 3466408 4449186  7865877  5121476  2613513  2965702 5537024  6044778
           32768     128 1363470 2970830  6123692  5478753 6086269 3733860 4885709  7647050  5012762  2123107  2794224 5950303  6207215
           32768     256 1146415 3729503  5680984  5976436 5092065 3302883 5592677  7505073  5761961  3396422  3010130 5596548  4940860
           32768     512 1241266 3091029  5593587  4593270 5127208 2644490 5566176  7371829  5128930  3285984  3460909 5301445  5587902
           32768    1024  972607 2376898  4108320  4665145 4928104 3265994 5692749  4634782  5923376  2689407  2320514 5534126  6012516
           32768    2048 1074851 2252587  3505308  3064700 2740950 1705328 3425457  4359155  6789856  2125438  1890161 4220475  2741606
           32768    4096 1144287 2124190  3952256  2781669 4309808 2247761 4415027  2926237  4465521  1986175  2217372 3136314  4339473
           32768    8192  992125 1850137  3978110  4412617 4049372 2467095 3534061  2547061  4115085  2368664  1945272 2764492  2429073
           32768   16384 1232903 2316251  4176484  2746263 3718505 2694521 3521564  2901097  3163894  1853705  3114283 2788045  4044010
           65536      64 1082163 3630437  6107202  5169326 5916976 3553606 5795101  8233376  5002709  3113500  2759048 4506652  4546682
           65536     128 1219296 3573425  4307026  4667189 5636115 3460334 5367052  8546718  4961533  2104895  3600243 4378932  4557462
           65536     256 1429728 3245510  5686014  5377552 5454488 3253693 5522985  6042892  5543591  3264396  2697848 5614358  5851478
           65536     512 1005814 2970663  5479060  5989433 5908328 3810719 5328557  4308781  4695572  3258553  2934227 4036220  4528480
           65536    1024 1261227 2564403  4302509  4478676 5316498 3567396 4126378  6359115  5666790  2858077  2767353 3890324  4303654
           65536    2048 1070814 1897230  2875267  3116748 3526073 2704405 2713481  3159559  3794569  1737382  1863518 4659515  3478374
           65536    4096 1044433 1815252  2892909  3024697 3548010 2431755 2898155  2631977  3379917  1528825  1772207 2427718  2912064
           65536    8192 1050444 1522111  2933977  4187096 4131898 2548143 3002922  2923492  2717989  2172367  1403886 4062707  2896872
           65536   16384  766197 1794677  3605438  4220527 4067757 2587894 2984047  2374061  2788634  2367538  2411615 3450171  3518536
          131072      64  928074  793068  5874224  5544475 4710773 2967389  538363  8406334  5870586  2525861  3037663  457391  6295817
          131072     128 1290622  371120  5679013  5412377 4769544 2675538 5426267  7463443  5345281  2904706  2882168 5658205  5843380
          131072     256 1344215 1336896  5355122  5408597 4336954 3073548 5125794  6907972  5338740  2830134  2588111 5362592  5325707
          131072     512 1322438 3177966  5447722  5561920 5356426 3139832 5241220  6645999  5563102  2759170  2822404 5324469  5540005
          131072    1024 1298640 3059079  4367758  5478448 5429643 3162864 5265214  6211943  5420649  2331580  2345896 5208101  5568963
          131072    2048  862695 2024564  4600474  3006647 3063221 2215285 4577148  3334403  4499232  1837187  1559543 4359307  4417348
          131072    4096  864733 2175942  4027904  4042446 4026901 1537701 4005133   953194  3364194  1730735  1342676 3870898  4101498
          131072    8192  442650 1827835  3141393  2756859 3238814 2083886 4095753  2733161  3898153  1614583  1257597 4012616  3704808
          131072   16384  904513 2321174  2851241  2663083 3566697 1915840 3162173  2736535  3938225  2026250  1387225 4083735  4000237
          262144      64  116229  132307  5652702  5956868 5338010   91322 5161134  7731507  5614685   127096   116497 5086827  5899781
          262144     128  101792  119551  5188411  5721443 5491303   85412 1872338  8035556  5514990   124725   101825 5204276  5482459
          262144     256  114581  122238  4841790  5118511 5446259   63268 4954522  6958238  5463607    83783    98474 5321424  5270509
          262144     512   93328   86352  5201789  5680504 5633038   94824 4947700  6634362  5394236   118207    83657 5042988  5590761
          262144    1024   85949   99386  4929577  4174069 4634463  109775 4077901  3045959  4722383    85398   112106 4938832  5455745
          262144    2048  115367   91197  4315621  4742283 4747340  116607 4271676  3615532  4816255   126606   111977 4436201  4869667
          262144    4096  115640  117278  3781875  4105737 3856923  123600 3726920  2750953  3927306   125442   113859  772966  4034108
          262144    8192  104182   84266  3667828  3890646 3957970   84619 3648537  2745191  3813831   114489    95980  996301  2686507
          262144   16384  113730   90509  3833070  4015808 3959281  122657 3812509  2788410  3909558   135892   133556 2033527  3978392
          524288      64   20807   75050  5504220  5516676 4871434   22084 5358194  7877743  5435742    73617    66500 5563614  6215251
          524288     128   76762   52093  5368882  5601610 5515638   34925 4628287  7506228  5543865    79149    81066 5538002  5723421
          524288     256   70445   50518  5189633  5504964 5391139   32504 5021531  6867702  5366523    46086    74621 1795014  5258974
          524288     512   78434   70926  5347314  5739764 5666318   47558 5219715  6923205  5566163    70794    76109 5467829  5700454
          524288    1024   55126   44372  4495419  5527200 5372239   57566 5125404  6455643  5176769    71121    69546 5140585  5002557
          524288    2048   45446   63836  4012400  4707369 4593981   63672 4589312  3430325  4790474    78047    78454 4498205  4752992
          524288    4096   61915   41079  3476459  3451804 3850782   43904 3775083  2606299  3437075    46700    73428 2792357  2752557
          524288    8192   49643   40118  3791224  3977571 4008991   35394 3766819  2727183  2662943    78111    48807  619604  3827704
          524288   16384   68632   40358  3372342  3981258 3939935   51639 2910074  2787328  4035743    44418    62761 3804151  3941602

iozone test complete.
