	Iozone: Performance Test of File I/O
	        Version $Revision: 3.420 $
		Compiled for 64 bit mode.
		Build: linux-AMD64 

	Contributors:William Norcott, Don Capps, Isom Crawford, Kirby Collins
	             Al Slater, Scott Rhine, Mike Wisner, Ken Goss
	             Steve Landherr, Brad Smith, Mark Kelly, Dr. Alain CYR,
	             Randy Dunlap, Mark Montague, Dan Million, Gavin Brebner,
	             Jean-Marc Zucconi, Jeff Blomberg, Benny Halevy, Dave Boone,
	             Erik Habbinga, Kris Strecker, Walter Wong, Joshua Root,
	             Fabrice Bacchella, Zhenghua Xue, Qin Li, Darren Sawyer,
	             Vangel Bojaxhi, Ben England, Vikentsi Lapa.

	Run began: Sun Oct 27 00:47:07 2013

	Auto Mode
	Command line used: iozone -a
	Output is in Kbytes/sec
	Time Resolution = 0.000001 seconds.
	Processor cache size set to 1024 Kbytes.
	Processor cache line size set to 32 bytes.
	File stride size set to 17 * record size.
                                                            random  random    bkwd   record   stride                                   
              KB  reclen   write rewrite    read    reread    read   write    read  rewrite     read   fwrite frewrite   fread  freread
              64       4  681644 2203800  7940539 1597288510402178 4274062 7940539  4897948 12902017  3738358  3363612 8182586 15972885
              64       8  710511 2772930 12902017 2096219112902017 538965310821524  6421025 15972885  4564786  4018152 7100397 20962191
              64      16  831569 4564786 12902017 2096219115972885 586030710821524  5860307 15972885  4897948  528357012902017  4274062
              64      32  998622 3738358 15972885 2096219115972885 586030710402178  6421025 12902017  4564786  642102512902017 20962191
              64      64  983980 4564786 15972885 2273779115972885 642102510402178  6421025 12310336  5860307  538965312902017 15972885
             128       4  425141 3895854 11720614 14200794 9795896 4596273 9129573  5325799  9129573  4267461  401231710567140 12842051
             128       8  889145 4444086  7582312 1801235914200794 4444086 9795896  5784891 15881078  5122535  471743411720614 16365173
             128      16 1254941 4934216 14200794 15881078 9129573 584790411470204  7082197 15881078  5545860  532579912542043 18012359
             128      32 1076312 3199360 12542043 1863766414200794 681259012842051  7476717 14200794  5847904  611430612842051 15881078
             128      64 1032829 5122535 14200794 1863766415881078 672722512842051  7082197 15881078  4717434  854812412842051 18012359
             128     128 1306873 5325799 14200794 1863766414200794 640613812842051  4104338 12842051  6330599  611430612842051 18637664
             256       4 1208072 4132864 11695808 12812277 9778562 4755158 7735574  5569035  9778562  4332998  419748911207494 10245071
             256       8 1213534 4819184 13454450 1607260812812277 568702010651598  4132864 11091721  4840911  492981512228612 14164395
             256      16  924200 5217259 13454450 1583556914164395 6249745 2486631  7518900 16072608  5569035  542826512812277  2392442
             256      32 1384034 5687020 14164395  253357114164395 671904612812277  7518900 14953435  5810112  597167813625180 14953435
             256      64 1332507 4652146 15164624 1583556914953435 693606113454450  7735574 15164624  6107548  233014013454450 16072608
             256     128 1384034 5455847 14164395 1495343514353744 655497212228612  7120034 14353744  4819184  881520212812277 13625180
             256     256 1347557 5217259 12812277 1362518012661199 624974511695808  6249745 12228612  5347168  624974512812277 13454450
             512       4 1201856 3822466 10235583 10694336 9859630 4384358 9814569  5760329  9510316  3533174  3604335 7871843 11374040
             512       8 1312798 4916336 13872122 1424006912427157 269511512499490  7513788 12499490  2651850  506714213522711 13438092
             512      16 1402845 5227492 13438092 1424006913109944 624621312797441  7647578 12797441  5495016  545315513783088 14146265
             512      32 1402845 4610256 10044089 1462806713872122 665255812797441  7758090 15471149  4457157  253598113783088 14240069
             512      64 1135150 5509113 13872122 1462806713872122 3122224 3788747  7871843 16543832  5278892  582280413109944 14240069
             512     128 1426135 5509113 13522711  222812913109944 665255812499490  7620440 15037801  5951911  287555813190469 13438092
             512     256 1422357 2708713 10856530 1242715712499490 624621311877300  6551087 32145217  4827914  839497911877300 10284602
             512     512 1426135 5164632 12499490 1279744111374040 569918011620224  6319739 12499490  6174377  615667512215097 12499490
            1024       4 1130312 3544270  3521025 11249091 8391792 3880507 9142007  5660167  9220512  3615883  414649910906310 11398360
            1024       8 1101046 4810640 13102174 1381881712348754 504219112208350  6918376 12173747  4654248  448886012983353 12944224
            1024      16 1381993 5120336 12790037 138188171294422415516181 9832672  7472033 11903823  5451810  4762630 9381637 13863422
            1024      32 1261072 5120336 13142265 1423090212944224 5853003 9946527  7485055 10454984  5529011  4876180 9946527 13863422
            1024      64 1347311 5536137 13643232 14618393 6479979 647997913142265  8262639 16531459  3725664  363116813472053 14230902
            1024     128 1329791 5472650 12790037 13863422 5623115 660961712492426  4570058 15801608  3680961  585300312790037 13643232
            1024     256 1412443 5169641 11903823 1217374710454984 624444811489839  6918376 13142265  5120336  550774011645609 10039528
            1024     512 1484193 4943530 11489839 1203727212639479 609383111132462  6489770 12037272  4805258  605944210429596 12639479
            1024    1024 1494522 4826859 12790037102400000011520658 5219904 9240349  5950309  4898425  5782087  3764854 9946527  5690162
            2048       4 1117200 2947000  4394265  7237860 9567698 2694623 5991003  5719737  9400176  3470953  3276342 5986827 10660056
            2048       8 1187963 3709263  9218589 13467949 9898453 461128810389302  6845629 10084382  4686767  3962502 5970183  5933071
            2048      16 1300361 4472047  8940345 1311829512416686 5277002 8390200  6738230 10945301  5032754  402375410037248  7940367
            2048      32 1286340 4079167  6649556 13467949 8292998 4572018 7262337  5738844  6917293  4853603  467656110240672 13138359
            2048      64 1509175 5080379  9887060 13748169 9101380 588429910302081  7477273 11305435  5430461  4889518 9400176 13660713
            2048     128 1306095 4048407  9752360  857445113384011 4063729 6984790  5611381 16001943  4063729  4646207 6523312 12959958
            2048     256 1479542 4061807  8758039 1473893317645509 5416763 9359208  6543188 11246230  5080379  4250747 7846081 10889797
            2048     512 1476490 4136128  8398403 1009623511260973 5267294 6321679  4994712  7698414  3841986  3779440 5593112 10620516
            2048    1024 1264191 3319389  9441504 1088979729742954 4356379 5719737  1809243 10673302  3835124  4842658 6717153  8634786
            2048    2048 1408461 3341339  5769681  5884299 6075753 3864455 5222461  3649381  5238385  3792790  3696494 4196751  5832361
            4096       4 1215430 2041866  4180214  3810292 5013377 2182178 4531983  6361016  5019235  2921346  1790911 5204750  5114874
            4096       8 1362205 2566532  4735608  5706070 7460407 2915397 2763900  5751920  5382492  3192806  3082251 4796426  5902100
            4096      16 1461270 3366089  5006072  6828774 7222056 4031124 5721272  4535572  4623457  2522072  3605576 4166022  7076294
            4096      32 1281237 2574609  4348447  6850558 8240513 3172758 7950677  7326777  6077484  3954116  2860543 5353976  6041154
            4096      64 1511939 3020473  6032669  2936325 9419791 3433360 5334028  7670249  6724530  3999219  2177476 5696610  6682678
            4096     128 1442255 3765198  5726993  5527974 6131713 4234826 4108241  6562698  5603704  3656998  3346419 4344048  4485833
            4096     256 1278853 3016231  4887857  5936773 6989921 2942360 5211065  6748303 10294709  3489144  3151225 7545601  4946971
            4096     512 1504787 3589754  5418140  3670280 5535098 4325455 4104315  5418140 10394367  4100397  3080040 5258919  5512011
            4096    1024 1469268 2680666  5746149  6420447 5069594 2624160 5171846  5211065  7774379  3641495  2126799 5093643  5572803
            4096    2048 1381484 2430721  4864330  4887857 3540193 2727047 3730046  3349029  3624593  2552044  3287506 2499324  3897601
            4096    4096 1142521 1809206  3957760  2640698 4432592 1834318 3879120  2780901  3679713  3000952  2890382 4039655  3618486
            8192       4 1105248 2951916  4819168  4511043 3600968 2051106 4724413  4421075  5007390  1790987  2592443 5653313  4257287
            8192       8 1087615 2281855  5411147  6385612 4648984 2271146 5417973  6334986  5245116  2556755  2792156 5319004  5475825
            8192      16 1202070 3593060  5550123  6186701 5395852 2754551 4354953  7261443  6356080  3137358  3716653 4508083  4949683
            8192      32 1291923 2904014  5680416  5047109 3319202 3062418 4437634  6616796  6220301  2931016  2598128 4447398  4929091
            8192      64 1440248 3300391  3204958  3373958 2847459 3572513 4486305  7735533  5756551  2665031  3185053 4907969  4627695
            8192     128 1486224 3317920  4323172  4620228 3497955 3001950 5091986  7640921  5932474  3230268  3970477 5393311  4589372
            8192     256 1288870 3647218  6633402  5364680 4102260 3747869 5322300  7223279  4705005  2548978  2594008 4647097  4654652
            8192     512 1140314 3116019  5539386  6154564 5527801 4152331 4280090  5425673 11869445  3379600  3343751 4350542  4413692
            8192    1024 1296016 2853370  5560902  6215800 5385702 3932757 4649613  4759753 10978233  3030545  2490593 5063472  3766356
            8192    2048 1258930 2641673  3566209  4110112 3118281 3145687 3804725  3889573  4457206  2158708  2448355 3824630  2972345
            8192    4096 1055702 2083948  3814017  3017504 3942233 2739834 4023480  2793973  3126794  1911337  2531699 4438207  3173873
            8192    8192 1094719 2481778  3512617  4108146 3808521 2293431 4676190  2502201  3247058  2128354  1998030 3397982  3840447
           16384       4  440868 2828217  4789212  3963105 4174226 1886249 4102213  5525936  4267811  2669255  2803525 4203076  3874181
           16384       8 1197833 3178983  4933268  5145674 5094556 2098060 4629505  8278651  5527714  2762058  2777351 6267848  5862033
           16384      16 1369546 3450672  4622965  5699169 3763840 3098290 4687931  5207675  4929022  2491117  2571181 3998850  5633757
           16384      32 1218672 3535715  6041375  5148758 5874561 2605595 5770960  6395004  4160579  2646027  2797249 5080619  3814611
           16384      64 1209513 3367148  4771256  5060044 5273212 2862380 5338759  9220618  5992382  3094801  2704447 4937877  5042592
           16384     128 1409982 3616090  4599757  5722423 6171037 3304487 4287783  6164394  5207675  2368346  2945692 4033352  5271594
           16384     256 1398078 2923013  4259875  5025996 4320673 3123214 5307422  5667209  4899502  2547259  3187536 3784569  4658377
           16384     512 1260773 3233582  6099827  4454549 5454010 3903671 3833336  6267848  5975188  2731536  3102486 5613049  4274448
           16384    1024 1380524 2890675  4422158  4062441 5391113 2999042 4451952  4502414 10583941  2641755  2676637 4542293  5678917
           16384    2048 1215697 2269257  3500950  4712040 3556944 2771303 4335666  3248256  6524327  2047184  1975900 3813764  4266486
           16384    4096 1138893 1962415  4072553  3164199 3530991 2292115 3345673  2531495  3074586  2019212  2557593 3309261  3204481
           16384    8192 1205503 2341873  3367643  3889971 3861554 2314503 3300519  2513623  3216932  1863740  2666666 3650668  2934120
           16384   16384 1056965 2209004  3412630  3743134 4252230 2128934 3698412  2412241  3755202  2368019  2493376 3328656  3887110
           32768      64 1441252 3269957  5607051  6076044 5428763 3274554 5527671  7487900  4804750  2784769  2936490 5261464  5970984
           32768     128 1268556 2795701  5233615  5491450 4833816 3517059 5329816  7809117  5691806  2428687  3144422 5455917  5917001
           32768     256 1179340 2935926  4988201  5175086 5137750 3407959 4860999  4224756  4992187  3061014  2796612 3870995  4947619
           32768     512 1423576 3594979  4179533  4051401 4868920 2432125 4295261  5604307  5423408  3083747  2251296 5416354  4755211
           32768    1024 1336970 2821181  5161094  4838751 5639954 3140183 5175866  5851502  3324293  1796474  2228626 5268927  4984402
           32768    2048  880196 2262041  3700085  3867401 3607245 2207329 4029545  3051906  5177426  2046995  1872572 4127443  4197146
           32768    4096 1086295 2383618  3561350  3560612 3458035 2382419 3710975  2537609  3598838  1827942  2059849 3166299  3431186
           32768    8192 1127983 2166754  3524997  3213833 3093673 2141400 3623125  2513293  3281042  2026083  2102001 3290941  3624367
           32768   16384 1129652 2078666  3431615  3657158 3429046 2114907 3748729  2839013  3495235  2288444  2820486 3410835  3529432
           65536      64 1249094 2964480  5113645  5690369 4986374 3249155 4606727  6749311  4600251  2585752  3312228 5723665  5821241
           65536     128 1245223 2869354  5414840  5665272 5258425 2971370 4702320  6637189  4652181  2958991  2849633 4771539  5320718
           65536     256 1327740 2956604  4426032  4808179 4456746 3440196 4330094  6735419  5547283  2730327  2753823 4280066  4479260
           65536     512 1289672 2991549  5212456  5322057 4736921 3344550 4960369  5550643  4900587  2630818  2653599 4844106  4376353
           65536    1024 1289569 2997453  4789580  5041614 5328557 3480048 5277101  6007497  4999343  2526827  2810043 4905397  5260639
           65536    2048 1138570 2463951  4388650  4423895 4382214 2440088 3760412  3012862  4075114  1679589  1911279 3723633  4511978
           65536    4096 1093489 2263919  3290933  3364445 3359634 2078192 3546729  2742668  3362881  1888094  1773533 3200951  3452337
           65536    8192 1150825 2357487  3738065  3458375 3249808 2317301 3318947  2381136  3183527  1865579  1976361 3380582  3867336
           65536   16384  987910 2223521  3293457  3214276 3369972 2246233 3097466  2421963  3280917  2083342  2203415 3686132  3828926
          131072      64 1290422 2497371  5028462  4885988 4588226 2385339 4742471  6571011  4803802  2252213  2884694 5743986  5270059
          131072     128 1211922 2260204  5068938  5363429 5064782 2892602 4661167  6936123  5253390  2474418  2443046 4621707  4738506
          131072     256 1210468 2671235  5075209  4892597 5097136 3301741 4905739  6854570  5101677  2453425  2543213 5151828  5392575
          131072     512 1211487 2295078  5235330  5027129 4892206 2569278 4999334  6104002  5011913  2306992  2484257 4644313  4757080
          131072    1024 1126154 2789536  5099500  4769213 5083280 3119203 4186006  5841269  4631519  2008124  2046624 4927858  4576843
          131072    2048 1056767 1990132  4200463  4038082 4324093 2255734 3869399  3184298  4204285  1484110  1753636 4057813  4239626
          131072    4096  995255 1988591  2600427  2458307 2933833 2420319 3287977  2375352  3535889  1512521  1664238 3375887  3592686
          131072    8192 1013868 1895750  3731792  3772406 3354464 1863826 3319725  2480872  3487815  1674294  1561682 3364873  3573397
          131072   16384 1037257 1886499  3251361  3343244 3507867 2001187 3212939  2575501  3465587  1759191  1943707 3364256  3517676
          262144      64  142139  127164  5431677  5164285 5002195  110252 5091750  7732431  5423371   132636   138509 5182664  5057276
          262144     128  147444  141241  5137261  5103164 4548176  117284 4495384  6530764  4639136   148019   144908 5281953  4917825
          262144     256  149162  148216  4888199  4477261 4708228  131986 4735257  6017309  4873941   162257   148972 4724575  4671302
          262144     512  149272  146904  4743653  4685575 4663733  139048 5101365  6304546  4797928   163537   158396 4850098  5004836
          262144    1024  145964  143955  4599662  5145218 5062049  146654 4829561  6304112  4719565   160554   151744 4727927  4204861
          262144    2048  139416  140337  3525332  3766652 3614771  146053 3444954  3339374  4259034   155869   140370 3865982  3774683
          262144    4096  147607  131419  3738337  3344137 3254747  147301 3393001  2362398  3458455   157500   146125 3393891  3297076
          262144    8192  148363  127979  3152705  3252850 2983961  151325 3184961  2354299  3196098   172453   156054 3461057  3311943
          262144   16384  146743  127265  3535852  3504276 3496464  161721 3458281  2549616  3505203   170425   179259 3268826  3369460
          524288      64   58922   72124  4927476  5730550 5458491   25408 4843164  7842512  5507350    76880    76553 5086766  5053276
          524288     128   80186   72966  4516841  5405704 4911090   35655 4855504  7483850  5134140    76607    74427 4735387  4745033
          524288     256   76664   74403  4676764  4531949 4928260   54388 4876414  5748722  4630450    79327    74179 4568641  4686033
          524288     512   73700   74442  4906214  5273148 4930304   58020 4920485  6575872  5231835    75738    73660 4596516  5296377
          524288    1024   76826   69340  4861269  4751390 4432712   59090 4882456  6668055  4860409    79599    78915 4414682  4418257
          524288    2048   78022   70387  3831900  4155570 4237146   64864 3761703  2997268  3961434    79834    78386 3662250  3564087
          524288    4096   77989   72793  3310985  3715057 3694199   62154 3229489  2536871  3750431    78224    78962 3799136  3754888
          524288    8192   76987   71720  3540953  3542630 3254568   68285 3292854  2342956  3440619    80137    82837 3601845  3402987
          524288   16384   79949   73298  3264559  3281679 3289878   77572 3284826  2511703  3375402    82384    83261 3434713  3323706

iozone test complete.
Timer resolution is poor. Some small transfers may have 
reported inaccurate results. Sizes 1024 Kbytes and below.
