	Iozone: Performance Test of File I/O
	        Version $Revision: 3.420 $
		Compiled for 64 bit mode.
		Build: linux-AMD64 

	Contributors:William Norcott, Don Capps, Isom Crawford, Kirby Collins
	             Al Slater, Scott Rhine, Mike Wisner, Ken Goss
	             Steve Landherr, Brad Smith, Mark Kelly, Dr. Alain CYR,
	             Randy Dunlap, Mark Montague, Dan Million, Gavin Brebner,
	             Jean-Marc Zucconi, Jeff Blomberg, Benny Halevy, Dave Boone,
	             Erik Habbinga, Kris Strecker, Walter Wong, Joshua Root,
	             Fabrice Bacchella, Zhenghua Xue, Qin Li, Darren Sawyer,
	             Vangel Bojaxhi, Ben England, Vikentsi Lapa.

	Run began: Sun Oct 27 00:47:06 2013

	Auto Mode
	Command line used: iozone -a
	Output is in Kbytes/sec
	Time Resolution = 0.000002 seconds.
	Processor cache size set to 1024 Kbytes.
	Processor cache line size set to 32 bytes.
	File stride size set to 17 * record size.
                                                            random  random    bkwd   record   stride                                   
              KB  reclen   write rewrite    read    reread    read   write    read  rewrite     read   fwrite frewrite   fread  freread
              64       4  710877 2282393 10906959 2128515610481095 457991910906959  4915374 16159720  3550198  3029356 7986442 16159720
              64       8  842516 2383732 12421016 3117213221285156 530385412421016  6451008 21285156  4915374  321051212421016 21285156
              64      16  842516 4503089 16159720 3117213221285156 575900913023645  6451008 21285156  4915374  530385415242148 31172132
              64      32  842516 4579919 15242148 3117213221285156 575900912421016  6451008 21285156  5410762  713707816159720 21285156
              64      64 1018299 4915374 21285156 3117213221285156  50781213023645  6299617 16159720  6451008  575900916159720 31172132
             128       4  895364 3764572 12599234 1597288510607708 4564786 9830749  5336084  9830749  4142158  411044411518019 13904469
             128       8  991247 3661863 12902017 1876423615972885 5557014 9159838  6743644 18130552  5132050  489794814274156 18130552
             128      16 1074577 4414643 14274156 1290201711770544 579702812902017  7100397 18130552  4564786  513205014274156 18130552
             128      32 1023368 4414643 14274156 1813055215972885 642102512902017  7603177 18130552  5797028  642102514274156 18130552
             128      64 1196739  789967 15972885 2096219115972885 110328412902017  7195562 18130552  4564786  915983814274156 18130552
             128     128 1221239 5615135 15972885 2096219114274156 612786612902017  6421025 14274156  6421025  642102514274156 18130552
             256       4  959030 3997380 12117424 1348728810264100 455725710264100  5461239  8829286  3997380  4120087 9795896 12255732
             256       8 1180440 1684006 13487288 14994008 2224858 473825111594057  5816227  9129573  4057806  473825112255732 12842051
             256      16 1142750 4823391 12842051 1499400812842051 5816227 7274112  7129220 18319677  5122535  522219012255732 14200794
             256      32 1147636 5222190 13487288 1420079413487288 5816227 9207863  7323727 16119492  5352347  5461239 7529144 14200794
             256      64 1196221 4656065 14200794 1499400814200794 640613812842051  7529144 14994008  5545860  5816227 7129220 14200794
             256     128 1241877 5352347 12842051 1420079413319976 149627111594057  6900149 14200794  4656065  161074612690274 13319976
             256     256  583361 5122535 12117424 1111402912842051 493421610672169  5692878  8548124  5945039  535234712255732 12842051
             512       4 1103757 3763478 11149307 10922478 8999920 3605511 7215730  5442021  8271916  3844324  3410808 7877453 11149307
             512       8  714016 1706232 12441146 11956277 8962360 497550211956277  7120034 11632454  3907276  355184112812277 13125514
             512      16 1330031 4830023 13125514 1380029812736290 551186012513642  6635995 12159372  4918524  497550213125514 13454450
             512      32  994384 2509882 13125514 1416439513125514 6090227 3581459  7314033 15953208  2585425  533388611091721 12513642
             512      64 1369034 5333886 13889556  3790046 3141380 602191512159372  7314033 14258441  5333886  533388613539277 14258441
             512     128 1302601 5281415 12513642 1281227711149307 5022044 8401361  7215730 15058289  4786957  522996612812277 13454450
             512     256  934252 2449755 11890078 1251364212159372 2392442 2266207  6021915 11632454  3907276  731403312159372 12159372
             512     512  992087 5022044 10053226 1273629011695808 483002310053226  5825874 12513642  5687020  5569035 9476503 12513642
            1024       4 1133951 3521586 10459932 12043830 9573914 3736016 8063979  5364609  8917910  4049520  389526810138932 11254819
            1024       8 1033285 4415913 11910237 13651658 8613857 511542211620224  7371924 11495814  4827914  463013611495814 13651658
            1024      16 1089094 2376045 10667773 1382746212043830 492197011374040  7259777 12043830  4546808  4532414 9660047 13651658
            1024      32 1338575 4849720 13271990 1331312911138071 621008711526666  7758090 12320214  5246649  512152211138071 13872122
            1024      64 1057714 5304973  5783600 1443146113827462 640455412355657  8003869 16480351  3580298  539154611877300 14240069
            1024     128 1349086 4532414 10434519 1066777312043830 616551410884042  6357156 14628067  4590546  506714212320214 13438092
            1024     256 1245780 4357668 11374040 11910237111092623214521710562830  6561094 13150084  4921970  4967511 9951005 12499490
            1024     512 1031300 3189463 11910237  636657910995499 349578910562830  6319739 12043830  2924509  6920542 5221137 12499490
            1024    1024 1105636 4147276 12043830 1045993212797441 5566231 7702438  5391546 10359019  4695947  5357916 9769918 12646711
            2048       4 1157109 2681328  4376788 10837510 6421846 2942149 8286552  3079258  8645165  3711177  3447541 8160594 10609947
            2048       8 1256460 4064103  8223091 1288597011629843 4442430 9391895  6544156 10230845  4031675  4178773 9666694 12963759
            2048      16 1055584 4223980  9310457 1156720012639479 424905310404331  7066349 12037272  4500619  4205368 9310457 11505228
            2048      32 1395237 4412762  9569770 1024304513223189 5223078 2298241  6963241 12547168  4718159  4347987 8636473 12866668
            2048      64 1130163 3930220  8466231 1330511612420175 5720477 6940736  6609617 10729218  4611769  4376788 9527313 12963759
            2048     128 1415469 4249053  8230970 11018226 8129700 5853003 2155777  6739257 16007738  4491207  7672246 7617814 10948011
            2048     256 1047091 2884840  7783477  971040411838202 4154520 7363149  6441107 13202865  4265934  4130547 7239046 10837510
            2048     512 1432225 4039259  8715336 1089248010134284 5264693 8859151  6132989 11249091  4144498  4102926 6896159  7037403
            2048    1024 1368126 3856118  9064828 11004111 8979544 4738983 6460485  5735756  9843940  4359020  2880970 6262659  8391792
            2048    2048 1319577 3089225  6341253  6852151 5686396 3401130 5144870  3696803  5045152  3413294  3737010 5120336  5690162
            4096       4 1119748 2784595  2836548  5119743 5139654 1454613 5145812  5093936  5852228  2341662  2078223 3503513  5596757
            4096       8 1096381 1928456  5019520  4408925 4617485 2537792 4633675  5461535  6050077  3534507  3200058 5244782  3995679
            4096      16 1345582 2458618  5447681  6543188 5892372 2523626 9024882  3319389  4779339  1767001  3119862 5389574  8128206
            4096      32 1393156 3255852  4643695  5665041 5868220 3077389 8033188  7097326  6022505  3723735  2649329 3650932  4633675
            4096      64 1436130 3266376  4758160  5101499 7999524 3512826 5681903  6261772  4404404  3040893  2923431 5138117  6449840
            4096     128 1331193 3690142  4390895  2836548 5184636 3150759 5565932  6303124  5347633  3828288  2592557 4756843  5514124
            4096     256 1393156 2858256  6680585  5360983 5744600 3961588 4321315  6123395  9101380  2896812  2412357 3608752  3802865
            4096     512 1390788 2853983  5681903  5986827 6312388 3937978 3664169  5374400  5687546  3129523  1899879 4218391  7339906
            4096    1024 1371360 3065856  4994712  6114678 5211372 3565315 4083045  4047453  4525053  2491420  2830472 5101499  4452345
            4096    2048 1273562 2445320  4051271  3874915 3879290 3061485 3261415  3255852  6953691  2312662  3723735 4154130  3549844
            4096    4096 1366669 3165272  3643962  3341339 3781936 1692496 3874915  2137700  3657149  2454052  2653011 3846286  5056455
            8192       4 1112735 2648636  4229093  4323278 2995197 2051497 4922872  5241271  4727139  2841617  2209968 4108241  4293565
            8192       8 1138734 3199942  4858827  4211985 3855181 2337777 4362248  3840530  4523630  2598952  2530058 5234883  5389246
            8192      16 1305480 2866270  4571782  4430306 4528399 2454861 5098177  7217505  5944991  3317982  2988683 4779081  4535572
            8192      32 1233007 2495149  5113352  7098222 5902100 2920601 5712711  6843735  5954263  2925574  3278096 4324911  3424805
            8192      64 1279758 3569245  3691574  4694843 6131713 2794017 5780953  7892238  6306145  3942321  2760126 3752451  5301928
            8192     128 1275814 3564801  3010681  4304862 4437745 2799708 5385866  4495811  5475994  2868184  2895741 6027377  4442335
            8192     256 1372873 3069310  4092095  4153935 3891421 2302374 5059888  3721965  4493459  3125712  2783604 5240471  4558438
            8192     512 1481878 3060289  4551192  4833537 4926401 3817065 4896913  5813229 11028249  3097254  3221242 4830139  7191823
            8192    1024 1031990 3403433  3243133  5553886 4302706 2384832 3824287  5221359 11523882  2412968  2568834 5630333  5214228
            8192    2048 1059354 2200909  4017455  3607468 4799106 2693062 3919386  3706707  5132447  2434338  2440216 3886139  3170416
            8192    4096 1126046 1797658  3891421  3153249 3569616 1892826 2928816  2131152  3313822  2204015  3369721 3715124  3810292
            8192    8192 1194348 2602298  3912246  3330202 3349029 2106329 3241909  2120106  4380601  2246232  2718847 2604863  3738976
           16384       4  945850 2646353  4466767  6463085 4346964 2099675 4632062  4545957  4334352  2276564  2332905 5194761  4021596
           16384       8 1265561 3159863  5864131  5931962 4534858 2787852 5333453  7467388  5470594  2327926  2903892 6527546  4911125
           16384      16 1205591 3452093  4882166  5160432 4818831 2524445 4088835  6954278  4347239  2439922  3155655 4429339  5384015
           16384      32 1363952 3336931  4223533  5973211 5578508 3064193 5684646  5843189  4195683  2787286  3072276 5824369  5822395
           16384      64 1309051 2824404  5234329  5828321 6365501 2983184 6703939  6279988  6798112  3062418  3506880 4976927  5718706
           16384     128 1124270 3416905  5537154  5815989 5183398 3534841 4625826  7512286  5655639  2382072  2713009 6192276  4404357
           16384     256 1408890 3636795  5389504  5312836 4598277 3656339 5041185  6781341  4519647  2499107  3230875 4768340  4534558
           16384     512 1133842 3012345  5285051  4440214 5405189 3588182 5503452  6767983  5463200  2598619  3203165 5472336  5426959
           16384    1024 1168110 3368500  3654783  6088583 4634561 3967039 4325349  5163534  8282836  2120931  2332588 4489822  4863163
           16384    2048  973203 2139419  3708430  3468996 3801358 2178692 3962235  2919436  4217313  1742088  1929097 4428197  4800652
           16384    4096 1118597 2213144  3189932  3109533 3369161 2016735 3481474  2804577  3468296  2105659  1951614 3444307  3965207
           16384    8192  989615 2428283  3077366  3818255 3769041 1879552 3312003  2276186  2888026  2263963  2218574 3390772  2964907
           16384   16384 1092126 2170983  3615176  3081920 3243686 1976366 3340825  1943555  3499202  2359093  2175519 3377440  3115454
           32768      64 1116258 2602487  4366799  5027283 4331567 3010406 5550260  6432416  4472816  2462110  2876940 5232856  4675810
           32768     128 1263369 2935625  5616719  5763941 4928315 3364263 5208070  6307834  4585484  2580935  2723417 4519143  4475874
           32768     256 1149543 3031522  5599328  5225296 4480836 3277458 4917911  5923170  4413070  3095708  2816856 4782213  4457728
           32768     512 1094672 2678045  4979922  4617839 4295287 3037753 5395558  5801655  5535952  2929617  3075136 4675810  4826549
           32768    1024 1122036 3087224  4964811  5158807 4610713 3043673 4681863  6398577  4277774  1933999  2328423 4487566  4797571
           32768    2048  869637 2478270  4305918  3687200 3763840 2765448 3931363  3316608  5784318  1945250  1980542 4464244  4113016
           32768    4096  952422 2150554  3618375  3593399 3173991 1982084 3328334  2668841  3595749  1654363  2082357 3529540  3319652
           32768    8192 1106766 2316063  3210994  3098919 3211294 2110399 3371608  2236430  3541363  2059732  2247621 3704293  3742319
           32768   16384  881524 2368142  3756126  4171059 3707590 2381230 3540633  2221249  3299568  1952102  2668426 3755202  3361137
           65536      64 1044997 2922038  5338511  5361315 5034614 3042380 5533235  6700970  4742494  2867863  2880063 4414318  4853446
           65536     128 1226276 2592805  4640964  4713139 4611998 2998375 5491998  6476003  4464361  2574592  3036029 5192193  5240000
           65536     256 1171704 2911175  4367952  4414389 4388033 2846039 4746589  5533235  5397000  3012307  3087211 5273678  5083872
           65536     512 1196501 2879822  4263880  4549556 4533200 2855351 4677848  4915326  5037289  2489596  3064426 5063456  5354631
           65536    1024 1115469 3086656  4258067  4644650 4582626 3226470 5103978  5452778  4352528  2115704  2744508 5016879  4777028
           65536    2048 1054806 2370278  4358049  4025532 3509470 1748647 3259990  2648439  3225221  1637088  1742561 4124595  4401031
           65536    4096 1063001 2448024  3169804  3117815 2832519 1935847 3308727  2447566  3769446  1744751  1704895 3089431  3185822
           65536    8192 1024449 2286826  3648759  3754361 3553432 2311518 3855954  2448220  3468026  1829182  1934920 3491150  3661396
           65536   16384  972961 2347104  3679136  3634863 3012043 2117693 3587472  2529482  3548065  2173229  2053080 3808723  3176912
          131072      64  871368 2478950  5352942  4868947 5207272 2406316 5344667  6762595  5075967  2311261  2531236 4316834  4928794
          131072     128 1076300 2699783  5291119  5444549 5291322 2542510 5049208  6378520  4647580  2416162  2535439 5063391  5250841
          131072     256 1118447 2480639  5011922  5326646 5133030 2524599 4733210  6308835  5118597  1902436  2064937 4488586  4898229
          131072     512 1137787 2702862  5007904  5127620 4660345 2589894 4814580  5359517  4498613  2374492  2556449 4725195  5126424
          131072    1024 1185356 2443906  4390438  5141719 4869853 2940820 4729789  6583617  4949294  2457705  2235646 4697418  4790290
          131072    2048 1001972 1939682  4259044  4045814 3904193 1863057 3723129  3035352  3586012  1546170  1566146 3876252  3700001
          131072    4096  952323 1804651  3254252  3449067 3727344 1968492 3631109  1984587  3518333  1716862  1670494 3312069  3257259
          131072    8192  995949 1857254  3649913  3712143 3357110 2141280 3394253  2301893  3635744  1537793  1489249 3540767  3209398
          131072   16384  992660 1957028  3386601  3499364 3391343 2061662 3205244  2428200  3517297  1561923  1772133 3763501  3689670
          262144      64  144822  126146  4954058  5531170 4716613  118287 4721454  7192291  4881194   163406   136463 5396783  5546628
          262144     128  158187  143446  5026439  4901999 4680055  125185 4635522  7678281  5328340   155366   157278 5553913  5628545
          262144     256  158327  138401  4832665  4998266 4614220  134575 4869844  6493858  5005228   163756   150377 4884078  4431109
          262144     512  156375  121996  4664904  4705169 5034541  145760 4766339  6228623  5192116   158779   157972 4623670  4658777
          262144    1024  153078  145254  4433879  4939946 4737648  153111 4792725  6198705  4732183   177183   159156 4472821  4442747
          262144    2048  154906  132072  3708982  3694985 3732705  145099 4189276  3079954  3806466   173047   150090 3556084  3679208
          262144    4096  154579  144398  3340309  3256407 3366769  149207 3340015  2361272  3346490   167232   161651 3277539  3335587
          262144    8192  151498  142776  3590868  3340471 3571540  151802 3485438  2657933  3714345   174077   165870 3729046  3453667
          262144   16384  152239  133511  3474589  3797985 3719094  159619 3744425  2574331  3527856   181943   185271 3418182  3731058
          524288      64   60132   75406  5487740  5764579 5271242   30603 4751741  6599974  4987141    77548    79087 5310167  5328077
          524288     128   81577   76758  4764270  5096258 4730052   42632 4725702  6968955  5082230    69040    75038 4801868  4826816
          524288     256   72231   67649  4622655  4626614 4589956   39689 4830760  5866680  5084592    75522    76114 4913989  4728293
          524288     512   72750   67046  4766593  4613829 4848099   56453 4764001  5807280  5115047    72112    73596 4680260  5186037
          524288    1024   73444   68807  4367937  4534736 4352462   57606 4399466  5861364  4766077    78395    71971 4558509  4754751
          524288    2048   74472   63577  3839139  3933172 3737600   59716 4050836  3117569  3929903    62702    73248 3558182  4193763
          524288    4096   73990   67876  3343908  3278006 3311589   61638 3479502  2294929  3346407    78455    79112 3250331  3358345
          524288    8192   77952   75257  3167769  3284233 3567216   80213 3318045  2506444  3453014    85486    77710 3496070  3340393
          524288   16384   79664   73934  3404205  3387575 3326930   78068 3118329  2375438  3233193    85613    84433 3003618  3244212

iozone test complete.
