	Iozone: Performance Test of File I/O
	        Version $Revision: 3.420 $
		Compiled for 64 bit mode.
		Build: linux-AMD64 

	Contributors:William Norcott, Don Capps, Isom Crawford, Kirby Collins
	             Al Slater, Scott Rhine, Mike Wisner, Ken Goss
	             Steve Landherr, Brad Smith, Mark Kelly, Dr. Alain CYR,
	             Randy Dunlap, Mark Montague, Dan Million, Gavin Brebner,
	             Jean-Marc Zucconi, Jeff Blomberg, Benny Halevy, Dave Boone,
	             Erik Habbinga, Kris Strecker, Walter Wong, Joshua Root,
	             Fabrice Bacchella, Zhenghua Xue, Qin Li, Darren Sawyer,
	             Vangel Bojaxhi, Ben England, Vikentsi Lapa.

	Run began: Mon Oct 28 03:00:41 2013

	Auto Mode
	Command line used: iozone -a
	Output is in Kbytes/sec
	Time Resolution = 0.000001 seconds.
	Processor cache size set to 1024 Kbytes.
	Processor cache line size set to 32 bytes.
	File stride size set to 17 * record size.
                                                            random  random    bkwd   record   stride                                   
              KB  reclen   write rewrite    read    reread    read   write    read  rewrite     read   fwrite frewrite   fread  freread
              64       4  688639 2133730  7940539 1597288510402178 4018152 7940539  4564786  3363612  3588436  3203069 7940539 15972885
              64       8  727850 2772930 10821524 2096219112902017 4897948 9006179  5860307 15972885  4643754  354109810821524 20962191
              64      16  710511 2801873 12902017 1597288515972885 528357010402178  5860307 15972885  4018152  401815212902017 15972885
              64      32  735831 2923952 12902017 2096219115972885 489794810402178  5735102 15972885  4018152  498897812902017 20962191
              64      64  969761 3057153 15972885 3048429715972885 528357010821524  5735102 12902017  5860307  401815210821524 22737791
             128       4  914904  761728 10779307 1284205110779307 4267461 7082197  5122535  9129573  4104338  4012317 9977956 12842051
             128       8  992724 3895854 12842051 1588107814200794 512253510567140  3785961 15881078  4759253  475925312842051 15881078
             128      16  998261 4407601 12842051 1588107814200794 554586011720614  3468030 15881078  4934216  488928112842051 16365173
             128      32 1022989 4759253 14200794 1588107814200794 578489110567140  3380677 14200794  5325799  611430612842051 15881078
             128      64 1048974 2784517 14200794 1588107814200794 6045455 7082197  6727225 14200794  4407601  532579912842051 15881078
             128     128 1076312 2905056 14200794 1588107815881078 584790411720614  6114306 14200794  6045455  578489114200794 16365173
             256       4 1036624 2943325  6249745  7314033 9434868 1248819 8815202  5320671  9518507  3756894  393592110245071  9868433
             256       8 1112909 4572895 12812277 12228612 6891544 475515811207494  1532153 11695808  4652146  4496299 7073132 13454450
             256      16 1266495 4819184 13454450 1516462413454450 568702012090911  6936061 17096249  5217259  511779112090911 13625180
             256      32 1219045 5117791 13454450 14164395 7965107 597167812090911  7314033 10245071  5428265  568702013454450 14953435
             256      64 1213534 5242734 14164395 1281227713454450 511779112812277  7120034 10245071  5428265  514230113454450 14353744
             256     128 1319408 5217259 11091721 1416439513454450 624974510651598  5428265 13454450  4819184  881520213454450 11695808
             256     256 1312954 4496299 12812277 1281227712812277 581011211207494  5841722 12228612  4197489  584172212812277 12812277
             512       4 1118011 3550700 11374040 11877300 9638369 4061007 9638369  4532414  9468384  4030519  394174210911694 10434519
             512       8 1207940 3788747  9145790 1424006911877300 522749211877300  6821616 11943357  3993047  406100712797441 12215097
             512      16 1273106 3877684 11877300  884445312797441 576032912146009  7211022 12499490  4973263  483879213109944 13872122
             512      32 1230786 4131319  9681823 1424006913438092 631973912499490  7410080 15471149  5177083  527889213438092 13872122
             512      64 1320061 4131319 12215097 1137404013783088 647211212797441  7540170 15471149  4494470  444792512215097  9468384
             512     128 1333173 4228947 12797441 1221509713109944 639501812427157  7410080  9814569  5807059  5822804 8955098 11138071
             512     256 1344020 4571003 10911694 1249949012215097 595191111620224  6395018 12797441  4732165  798898111943357 12427157
             512     512 1391933 5067142 12499490 1310994412797441 497326311138071  6018636 12146009  6018636  601863612146009 12797441
            1024       4 1167807 3541348 10689164 11132462 8000971 3999762 9402175  5277632  9320560  4162573  4146499 8822754  9946527
            1024       8 1238525 4488860 13142265 1381881712071103 463416112037272  5925680 11903823  4374559  485413612828238 13472053
            1024      16 1319577 4211554  6402699 1347205312639479 4428688 9855234  6830356 11903823  5042191  460929413102174 12983353
            1024      32 1396825 4995276 13472053 1399898113142265 592568012828238  6963241 1024000000 19020633  522625610230845 13643232
            1024      64 1350701 5169641 12456195 1442204513818817 647997912790037  7369466 16280798  5451810  569016210769573 13305116
            1024     128 1372717 4249053 12492426 1076957313472053 6355328 7420395  7420395 15516181  3518141  367152112348754 13643232
            1024     256 1183902 4720752 11773301 12492426 9923546 5958564 8895850  6692005 12944224  5303701  584503811132462 12208350
            1024     512 1406431 4694950 12037272 1055778512456195 599181510662628  5660167  9485232  4720752  687408410796646 12313351
            1024    1024 1359680 4265934  9743447 1220835012037272 1532928 8680108  5226256 10039528  5417427  4741598 9300377 12208350
            2048       4 1158484 2124220  4889518 10389302 8423109 2893397 7846081  5416763  9062970  3731824  3617110 7969835 10339282
            2048       8 1283074 4046500  9796850 1198363011835033 447204710037248  7231767 11706006  4621211  437635510037248 11440955
            2048      16 1373553 4221501 10037248 12959958 7311791 486459710401883  2041913 10339282  4900677  459156910503637 11187641
            2048      32 1420104 4601407 10240672 1205087813058467 537608210401883 17681831 14840791  5119743  455988310889797  2329912
            2048      64 1426234 4601407 10289741 1392648312274742 5564129 6759439  7112016 11129659  5068389  4521480 9752360 12959958
            2048     128 1236708 4432815  4796687 1225722711380325 598682710192069  7237860 14944066  4741090  433877610131961 12050878
            2048     256 1444461 4295384  8830061 1138032511983630 5376082 8540351  6243566 11502234  4432815  4330028 8029434 11187641
            2048     512 1436250 4172290  8940345  739360611502234 4376355 8498106  6321679 10673302  4423683  4330028 8565901  9752360
            2048    1024 1417292 3841986  8784909  948319710401883 4820915 8089930  5489457 10037248  4385291  4886737 6873016  9441504
            2048    2048 1348327 3185225  6075753  6149699 6243566 3799501 5306340  3738320  4923146  3710866  3586902 5521212  6629029
            4096       4 1169907 2324492  5032468  4162994 5998964 2427973 4773769  5751920  6216019  2992067  1680050 4467170  5107271
            4096       8 1293294 2485223  5649775 10586522 6160296 3263773 4467170  5721272  5704175  4145915  2745350 3349029  5611025
            4096      16 1362097 3034344  4187346  6459069 7742845 4209920 5454263  6077484  5211065  4032070  2328587 4496399  6724530
            4096      32 1423139 4240052  5980170  5963564 6216019 3931494 4481152  7138037  6532752  3362795  3150647 5611025  5063617
            4096      64 1378601 2878758  5340661  6682678 5476867 4196552 4779081  7447471  7200866  3673419  3483484 5447345  4977067
            4096     128 1429653 2822940  4279128  5151685 7877762 4027344 5396016  6562698  6370451  3390670  3027393 5139356  5504946
            4096     256 1444316 2571141  5270212  6160296 5171846 3258820 5271829  6555186 11874344  3700320  3494822 4602401  5721272
            4096     512 1367192 2539220  5681538  5145513 4000150 4075109 5753847  4952675 11477688  2398148  3580030 4729091  4521249
            4096    1024 1407516 2827121  5961494  6941906 4515307 3767675 5292944  5081590  9641830  3519162  2838800 5081590  4334185
            4096    2048 1322056 2864359  4824714  5306022 4768469 2279160 3427880  3445064  3803543  2520592  2089803 4428023  3503374
            4096    4096 1175270 2485223  2784507  3771811 3558525 1944786 3462422  2403852  3871253  3034344  2234400 3977000  2553562
            8192       4 1128517 2778833  3919746  5309142 6248582 2189800 5174810  3715045  4941141  2496927  2831736 4194403  4581417
            8192       8 1235970 3183872  5660764  5765244 6356080 2224247 5085204  6063334  5393311  3189784  3088847 5343822  5996667
            8192      16 1296994 3228750  5776876  5834754 5830794 3152036 4226911  6627005  5919188  3227537  2362824 5839713  5919188
            8192      32 1345814 2768534  5603526  5472336 5822889 4244664 5777847  4692154  5988306  3332724  2691966 4838850  3364377
            8192      64 1325361 3642578  5059743  4654021 5271672 3569544 6653956  7515572  5364680  3216359  3326271 5692651  5312425
            8192     128 1244611 3468296  6681127  5050076 4406899 3618412 5432536  9342456  5516264  2532446  2744430 3351906  3637565
            8192     256 1276042 2753447  4995015  4688953 5505657 3873350 6054786  4763052  5618186  4006122  3172994 4264155  4474037
            8192     512 1440732 3243073  5461029  5516264 3890014 3585187 6272536  5949938 12172193  3343751  3475663 4633936  4763052
            8192    1024 1356762 2879434  5251529  5282208 4943985 3506880 5072442  5760412 11438735  2950902  2680625 4870401  5178710
            8192    2048 1324952 2347168  4784941  3750733 4594895 3371310 3742154  3414868  4651501  2379350  2746185 4402382  4541451
            8192    4096 1172975 2456406  3944043  3063510 3921536 2683347 4625203  2683975  3891776  2595772  3113478 3342125  3629496
            8192    8192 1090099 2193435  4145818  4077433 4181641 2234662 3526677  2548978  2717085  2687755  2779732 4277959  3889573
           16384       4 1123880 2675803  5324282  4512170 4313892 2421507 3939477  3636758  3882498  2161206  2446072 4535997  5571184
           16384       8 1167769 3090209  4512170  6008099 4132307 2527584 5428590  5335029  5386043  2868953  2740360 5199401  5774840
           16384      16 1293742 2604312  5990815  5456176 4159571 3064030 4278973  5366275  6550447  2656769  2965522 5797250  5304145
           16384      32 1333457 2838614  4139277  5290262 4524648 3038022 5659275  7220855  6812808  3345673  2664081 4772581  5314400
           16384      64 1346812 3547946  4861720  4243565 5108948 3554736 5983512  7457506  5110468  2562361  3030787 5219542  5268360
           16384     128 1209704 2462992  5734840  5797739 4424435 3180749 5069376  6863844  5010605  2885941  3014037 4701401  5199794
           16384     256 1205947 3044752  4699794  3885352 5267957 2885093 4112277  4246712  5233056  2629826  3561737 4595758  4055249
           16384     512 1234478 2699666  5088143  3653968 4157306 3564139 3993274  6624965  4703976  2991991  2572914 4782213  4546200
           16384    1024 1344388 2777913  5063026  3718625 4376254 3368303 3903671  4996760 11854714  2700090  2455950 5139516  5284972
           16384    2048 1172391 2692051  4217262  4278973 3574893 2239162 4114493  3227053  4229201  1855738  2130849 3919703  4404302
           16384    4096 1182030 2122490  3845133  3250714 3588333 1973007 3425559  2410464  3604142  1973007  2096972 3090070  3398453
           16384    8192 1167530 2368672  3266320  3363522 3646406 2031509 3037485  2392505  3218137  2551231  2303409 3628884  3509174
           16384   16384  930857 2343870  3291193  3834405 3998152 2705938 2942538  1940307  3468962  2121180  2074186 2965394  3481440
           32768      64 1226391 2667536  5107962  4712170 5170998 3219554 5808718  7198468  5498040  2556014  2886050 5360374  4623712
           32768     128 1155718 2878193  5867991  5172360 5702670 2727731 5918020  6752162  4644650  2648771  3242417 5747744  5347235
           32768     256 1226807 2760549  4483292  4623556 5389381 3047642 5310869  6229723  5756893  2979460  2699178 5001998  5431552
           32768     512 1235975 3328399  5405490  4899643 4733266 3402054 5274994  6598503  4642610  2495495  2316251 4599111  4756528
           32768    1024 1222779 3212180  4300234  4857391 5157802 3425542 4350462  5581321  5071584  2700982  2867863 4984402  4654560
           32768    2048 1155271 2292261  3735484  3836097 4090346 2407458 3781633  3055570  4552947  1743821  2100780 3388968  3300583
           32768    4096  996621 2029104  3663689  3419746 3445292 2440850 3276193  2685886  3629153  1716767  2113541 4075670  3789976
           32768    8192 1091644 2049284  3188779  3509067 3728694 2581604 3211880  2275072  2891333  1873210  2165763 3341590  3576456
           32768   16384  972717 1985801  3572273  3550861 3376396 2274921 3305266  2684364  3259179  2101969  2832402 3338911  3335103
           65536      64 1212150 3077698  4972753  6082876 5804769 2949150 4665843  6938767  5289388  2742339  3287981 4611905  5076436
           65536     128 1188194 3208124  4726089  5361294 4870025 3153216 5360876  6845113  4621676  2573960  2756613 4642674  5013476
           65536     256 1090686 3318466  4520660  4467394 4614615 3363580 5229911  5657925  4444352  2752114  2765126 5440454  4548262
           65536     512 1204063 2823726  4870802  5200426 4585822 3025363 4367938  5430136  4648641  2645121  2682395 4421263  4496185
           65536    1024 1177304 2724671  5036994  4742479 4676798 3060155 4902423  5842647  4645027  2292353  2451316 4754208  5042446
           65536    2048 1179132 1930880  3806498  3804232 4400172 2503765 4222666  3155461  3903971  1832558  2044875 3896777  4332346
           65536    4096 1108451 2182630  3527793  3813098 3280095 2125172 3834535  2313790  3217286  1712242  1886138 3130021  2958864
           65536    8192  894008 2034447  3263737  3513633 3489325 2208532 3761441  2357487  3555353  1845464  1856119 3656321  3270883
           65536   16384  979992 2093322  3727673  3794569 3304384 2181920 3887793  2357750  3251922  1812941  2096067 3297606  3289949
          131072      64  782883 2147695  5382807  5592985 5495700 2560853 5152408  6545740  5311711  2277177  2464678 4534562  4705371
          131072     128 1086263 2301689  5226769  4440110 4139203 2353983 5128615  7197847  5026163  2385597  2371438 5073803  4930465
          131072     256 1079553 2778834  4768137  4877794 4495700 2936591 4470547  5196926  4629881  2596362  2509993 5160727  5304638
          131072     512 1175395 2590965  4905214  5089963 5077552 2736767 4531272  6379468  4887074  2526244  2957858 4912402  4664489
          131072    1024 1222128 2530593  4894383  4861533 5011365 2785635 4528809  5401476  4623650  2042131  2190743 4433199  4481407
          131072    2048  976326 1975735  3357906  3737653 3974756 2218995 3807995  3299145  3683041  1576673  1599807 3685831  3813014
          131072    4096  954437 1779105  3305891  3334646 3259844 1963211 3294104  2334570  3337541   385167  1459225 3488922  3302574
          131072    8192 1048794 1806744  3314841  3459089 3286326 1728320 3257584  2499710  3183597  1523971  1719879 3693433  3484300
          131072   16384 1047737 1834612  3336609  3277295 3528083 2148618 3435527  2465385  3471188  1826329  1776696 3469064  3414678
          262144      64  146949  134782  5225323  4927345 5121802  117237 5058835  6255691  5005702   157847   151637 5217414  4950507
          262144     128  152412  155800  4697426  4860368 4850013  128419 4905756  7488289  4862797   157658   148503 4693456  5208294
          262144     256  148270  138892  5270080  5296252 4815179  131974 4656958  5922950  4491380   145214   152214 4551904  4624327
          262144     512  154459  137179  4564338  4840085 4575906  146245 4629721  6676460  4978887   145055   149150 4507916  4639802
          262144    1024  147929  133911  4739359  4556563 4473217  151258 4530895  6274862  4524389   141858   143447 4753025  4766604
          262144    2048  147849  119773  3404020  3791382 3878733  150041 4134049  2967580  4209804   163457   149909 3992028  3839025
          262144    4096  153561  136345  3539324  3266311 3300391  159552 3367592  2637579  3541387   159265   152042 3412800  3573290
          262144    8192  155558  132167  3419253  3442064 3638203  154892 3360172  2414583  3340824   164579   157714 3301808  3328345
          262144   16384  146390  150421  3598858  3355097 3392038  154507 3467147  2738626  3372716   170792   170698 3447589  3507227
          524288      64   60408   75347  5061336  5077557 4856319   31298 5342624  6837720  5394459    83930    74271 5217312  5214467
          524288     128   83824   77479  5126862  5313064 5129972   44790 5123852  6907981  4781246    80236    83492 4753804  4818163
          524288     256   85690   76666  4606935  4825204 4548625   53810 4560805  6178562  4645642    82054    82776 4613101  4672084
          524288     512   83820   76800  4969737  4895031 4790599   59811 4552138  5864315  4692743    79742    74904 4973187  4978389
          524288    1024   80916   72011  4600834  4992313 4664196   61541 4781298  6164895  4843622    83156    80840 4573182  4568964
          524288    2048   83551   79210  3897037  4126530 4008348   62175 4235473  3035179  3568262    78256    82402 3986252  4026727
          524288    4096   85021   74224  3378295  3353469 3476437   81023 3381064  2472671  3484888    84306    84319 3348949  3506236
          524288    8192   83246   77588  3389830  3396217 3390222   82450 3342626  2552173  3485098    76972    86112 3424662  3513502
          524288   16384   79528   78155  3512374  3624679 3652178   79524 3442063  2487712  3313998    86405    81260 3510697  3659313

iozone test complete.
Timer resolution is poor. Some small transfers may have 
reported inaccurate results. Sizes 32 Kbytes and below.
