	Iozone: Performance Test of File I/O
	        Version $Revision: 3.420 $
		Compiled for 64 bit mode.
		Build: linux-AMD64 

	Contributors:William Norcott, Don Capps, Isom Crawford, Kirby Collins
	             Al Slater, Scott Rhine, Mike Wisner, Ken Goss
	             Steve Landherr, Brad Smith, Mark Kelly, Dr. Alain CYR,
	             Randy Dunlap, Mark Montague, Dan Million, Gavin Brebner,
	             Jean-Marc Zucconi, Jeff Blomberg, Benny Halevy, Dave Boone,
	             Erik Habbinga, Kris Strecker, Walter Wong, Joshua Root,
	             Fabrice Bacchella, Zhenghua Xue, Qin Li, Darren Sawyer,
	             Vangel Bojaxhi, Ben England, Vikentsi Lapa.

	Run began: Sun Oct  6 04:22:19 2013

	Auto Mode
	Command line used: iozone -a
	Output is in Kbytes/sec
	Time Resolution = 0.000001 seconds.
	Processor cache size set to 1024 Kbytes.
	Processor cache line size set to 32 bytes.
	File stride size set to 17 * record size.
                                                            random  random    bkwd   record   stride                                   
              KB  reclen   write rewrite    read    reread    read   write    read  rewrite     read   fwrite frewrite   fread  freread
              64       4  415659 1933893  4564786 12310336 9006179 3791156 3958892  4274062  7293312  3541098  3203069 4564786 10821524
              64       8  695778 1310683  3738358  528357010821524 4564786 2923952  5283570  4988978  2467108  2923952 3541098 12902017
              64      16  769584 1452528  3791156  573510212902017 4897948 5389653  6421025  7940539  3203069  3363612 3541098 10821524
              64      32  969761 3406295  6421025 1290201710821524 5283570 4564786  3958892  5860307  4274062  4274062 4643754 10821524
              64      64  789967 1421755 10821524 1597288512902017 5283570 3363612  5389653  3738358  4897948  1638743 3541098 12902017
             128       4  715059 2453642  5603747 12842051 9795896 4267461 4934216  5325799  7582312  3982553  3560017 4135958  9795896
             128       8  935631 3560017  4407601 1420079411720614 4267461 4934216  4717434 14200794  4267461  3277486 5545860 12842051
             128      16 1111981 3053774  5122535  912957310567140 5122535  739689  6406138 14200794  4717434  2202044 5784891 15881078
             128      32  876086 2027414  4759253 1420079414200794 5545860 4934216  6114306  4135958  4407601  2843510 4267461 14200794
             128      64 1152564 3867787  7082197 1801235915881078 5784891 5122535  5847904  8036304  4135958  3982553 4135958 14200794
             128     128  940549 3199360 11720614 1420079411720614 5325799 5325799  5847904  5847904  4889281   814915 5325799   819893
             256       4  904732 2607399  5569035 11695808 9434868 4264168 5217259  5455847  7791708  4117018  2943325 5320671 10651598
             256       8 1070737 2392442  5687020 1345445012228612 4998665 5810112  6761355  6249745  4734192  3236056 3810220 12812277
             256      16 1254656 2582316  4264168 1281227711569783 4197489 5142301  6107548  4819184  4652146  3236056 5687020  4197489
             256      32 1112909 3326279  1369908 1416439513454450 5347168 5971678  6891544  5347168  4819184  3770085 5938650 14353744
             256      64 1062263 3499745  6107548 1516462413454450 1422540 5569035  6719046  8888172  5022044  4755158 6107548 15164624
             256     128 1231629 1208072  8024634 1416439513454450 5971678 4929815  6719046  6719046  3950402  7120034 3994490 12812277
             256     256 1195962 3499745 12812277 1345445013454450 5217259 5938650  5841722  5938650  5687020  4572895 4070199 12228612
             512       4  583744 3029721  5684095 11374040 9304292 4061007 4447925  5384786  7334159  4228947  3504346 4571003 10235583
             512       8 1201856 3580298  5886650 1343809212146009 4838792 5331314  6491676  5331314  3415178  4000485 6338392 13783088
             512      16  812577 3299730  6319739 1424006912797441 5684095 5822804  6909408 10911694  4690818  4411377 6338392 13783088
             512      32  951558 3822466  5684095 1352271113190469 3201349 5115422  6736026  7871843  5331314  3710197 3481620 13109944
             512      64 1026126 3795443  4973263 1462806714240069 6395018 6414119  7871843 10044089  5509113  3941742 5951911 14628067
             512     128 1255246 3934520  7115451 1424006913522711 6246213 5164632  7309196  8701110  5684095  4030519 5684095 13522711
             512     256  787834 4068701  7988981 1310994412797441 5870558 5509113  5886650  8234036  4195896  6156675 6035551 13109944
             512     512 1316016 4131319 12797441 1343809213109944 5344582 5822804  5886650  5951911  5807059  4827914 6174377 13438092
            1024       4 1147832 2694787  5479632  8593274 9220512 3659010 5200941  5472650  7811791  4146499  2036682 5251818 10354166
            1024       8 1175477 3643490  2900425 1423090211773301 4741598 5660167  6830356  8262639  4300102  3937426 6208343 12983353
            1024      16 1420384 3923040  6479979 1404475813102174 5623115 6059442  7101400  8000971  5042191  4095102 3191372 13863422
            1024      32 1414304 3414650  6519323 1442204513643232 6059442 6208343  7160597  9320560  5194651  4178773 5720477 13472053
            1024      64 1448650 3877004  6874084 1482016114230902 6280976 6102490  7577494  9381637  5096034  4249053 5564829 13472053
            1024     128 1276817 4033569  6569179 1386342213472053 5821271 5782087  7220790  9569770  3894582  2791104 4832290 10796646
            1024     256 1521524 4110780  6650556 1314226512790037 5424269 5652717  3249318  9655828  4014717  4379019 5601115 11132462
            1024     512 1466957 3894582  7420395 1079664611132462 4876180 3684119  6327241  7755368  3821805  3794792 3618930 11489839
            1024    1024 1336827 4095102  4741598  5958564 9320560 4926518 5917516  3532609  5564829  5536137  4304412 5417427 12037272
            2048       4 1168252 1930406  4229816 10555264 9318595 3663388 2941954  4762117  4643695  2209455  3292669 5535444 10903620
            2048       8 1355348 3131805  5277002  878490910037248 3792790 4886737  6873016  5277002  3245396  3663388 3835124  9472740
            2048      16 1299574 3246623  4490751 1234530612561952 3969827 4656281  4983122  4490751  3637020  4031308 6303124 13552946
            2048      32 1226992 3261415  5447681  581656312654482 3924484 4196751  7213548  5816563  2840769  4221501 4196751  4864597
            2048      64 1270361 3103517  3717289 1374816914132698 5785224 5461535  7733066  4785996  3841986  3363581 1096381  7698414
            2048     128 1238312 3099039  4633675 10289741 3757946 5578583 5852228  7529708 11001372  4730646  3786104 6024617 12345306
            2048     256 1164925 2901215  6171791  733677212416686 5489457 5704543  4623699  4040790  4511980  4213218 4104506 11072275
            2048     512 1465157 2897301  5800851  767091512488897 5403134 2925920  5735012  9441504  3592903  3632406 4284671  7311791
            2048    1024 1447382 3102397  5119743  5832361 4633675 2756005 4054139  1674841  5953632  4240255  2701402 3690142  9389900
            2048    2048 1274507 2947000  6696208  7782107 7419150 4282535 4562305  2585923  5068389  3476572  3261415 5107566  5131978
            4096       4 1187208 2436928  4240052  5580043 7015611 2821086 3893185  5312585  4385074  3207709  2957556 4801789  4284464
            4096       8 1382484 3018881  5558378  7339297 8770583 3471518 5572803  7249484  6769576  3817065  2677324 5192166  6349261
            4096      16 1268466 3789282  6169144  7599002 7799085 4218190 5519094  7367624  6461498  4162994  2955012 5304384  6041154
            4096      32 1266876 3100608  5347310  6204794 7108502 2612190 5603704  7502762  6420447  1119734  3555579 6077484  7161842
            4096      64  239488 3290024  4977067  6332878 8603675 4638436 2314159  6953144  5810280  3485604  3370712 5696610  5810280
            4096     128 1151866 3138560  5244471  6015769 5231694 4481152 5506711  7877762  6737716  4235870  3696339 4592558  5751920
            4096     256 1304489 2892815  4536770  4977067 7625987 3942321 4526013  7111444 12560167  2581185  3456153 4023571  5542240
            4096     512 1364368 2758132  4511750  4380601 5520868 4187346 5681538  6815229 11570449  4027344  2981164 4496399  5587302
            4096    1024 1205790 2312601  4723889  6638778 6160296 4315676 4432592  5587302  6916752  3901141  2736168 4817948  2632201
            4096    2048  771096 1835102  4447510  4476482 4352854 2513217 4785737  3243439   689461  1409479  1670412 3509816  4505833
            4096    4096  832688 1299555  3828122  3450600 2224851 1547902 4007615  2544108  3287506  2386820  2461720 3743865  4231697
            8192       4 1031210 2487707  4815791  4784941 4250966 2189242 4286498  4329710  4765695  2577662  2274303 3819104  4824582
            8192       8  720619 2766750  3988451  3756063 3661989 1787446 5107124  6687628  5082195  2854319  2881366 5748846  5490700
            8192      16  709518 3108689  5201445  5765244 4992112 3008521 5442863  6704593  4807033  3324662  1035374 5867636  4976927
            8192      32 1332454 3723500  5745001  5333039 5424817 3107564 5188093  7167528  6099933  3599459  3253514 5177930  4397311
            8192      64 1330081 2999591  4268923  5864631 6748045 3204958 5251529  8062248  4659702  3188896  3596068 5602613  5025700
            8192     128 1280607 2916338  5174810  5661696 6154564 2983443 4934754  7786370  5299316  3047749  3500806 4958254  4884942
            8192     256 1137784 2878228  1109602  2048416 1301958  613634 4710810  6045199  6000856  2726139  2841572 4995015  4867641
            8192     512 1240835 2903769  4763052  5595314 6167822 3737270 3801358  4724413 12373836  2536184  3426104 4571664  5084451
            8192    1024 1050666 3560297  4211884  3970936 4077917 3062418 5261179  6214676  8694693  3234221  2372450 4721167  5016894
            8192    2048 1025945 2923534  3455043  3361415 3371310 2983184 4155847  4049561  3787112  2241368  2391106 3206154  3212449
            8192    4096 1177356 1997101  2798752  3170359 4394499 2628135 2990714  2231614  3343425  2122831  3010630 3577348  3745826
            8192    8192 1088338 2348612  4213951  3908599 3463751 2420926 3355834  2555234  3691893  2737870  2229732 3538663  3572513
           16384       4 1100712 2686788  4158564  4198966 3684926 2292727 4896361  4806295  3885352  2368999  2809256 5359578  4115479
           16384       8 1165115 3053818  4666602  5630064 4918439 2455687 4624209  6662863  4087815  2533081  2592033 4695940  6251313
           16384      16 1269484 3009549  6370107  6392030 5753084 3231606 4590538  7092667  5283753  3006784  2619301 6367745  5613049
           16384      32 1250108 2905464  4649237  5409361 5142593 2904850 4577695  6945707  6239394  3222060  3638491 5806066  5897753
           16384      64 1274830 2998649  6415302  6177694 6330205 3415513 5421310  8043192  6350680  3307986  2992512 4517212  5070872
           16384     128 1348053 3329947  5192722  4954252 5904340 3524291 2983806  2766617  4450799  2932493  2862380 4976857  6054683
           16384     256 1211838 2910139  5845080  5906370 4787877 3817365 4416190  6668035  5213206  2888974  3132753 1423093  5642083
           16384     512 1221227 3733778  5057065  5352482 5115033 3239222 5824273  7077327  3875929  1997322  2039589 4143770  4375140
           16384    1024 1097092 2907062  4387710  4899502 5263115 3063620 3486739  6939394  4840147  1744069  1535671 3489749  4042368
           16384    2048 1033363 2814664  3547946  3901676 3902784 2189229 3047047  2795428  2893231  1556683  2450433 5050375  5283347
           16384    4096  967174 2622700  3427609  3138620 3371112 2475324 3708391  2699984  2918420  1836544  1869266 2727958  3043673
           16384    8192 1327071 2224017  3614378  4423296 3393419 2598501 3508278  2633656  4337856  2433425  2976182 3362864  3268961
           16384   16384 1058593 2029709  4451952  3630417 3698412 2561597 3241820  2272408  3200004  2325311  2437742 4060521  4440158
           32768      64  986513 3597708  5445972  5862984 5827436 3076775 6340369  7569555  4523427  2771292   996773 4818225  5372527
           32768     128 1466393 3685895  4210132  5385790 5564148 3116048 2921820  3745256  5128739  1785320  2749229 5337682  5497161
           32768     256  684334 2876145  4384324  4194584 4997451 3567173 4094490  6785833  5156254  2754077  3527258 5862984  5712625
           32768     512 1252167 3732947  5802832  6071481 4186535 3008483 5027983  6882682  5858736  3286377  2775321 4590049  5979556
           32768    1024 1293180 1929243  5537917  3611985 5268927 3610372 5168470  7072886  6026753  2999095  3161129 5666229  5937450
           32768    2048 1344214 1838210  4931995  2774145 2890846 1703659 4736692  2544468  4574009  2137803  1622736 2811026  2725243
           32768    4096 1220954 2266891  2781162  2812233 2880969 2079075 3955555  1397890  2716410  1681605  2199628 1433360  3516249
           32768    8192  701144 2276165  3412275  4191386 4097541 2383122 3909757  2817769  4083298  2203648  2067378 3944656  4004887
           32768   16384 1234520 2226388  4166861  4221123 4275486 2576281 3090126  2524094  3067847  1967325  2791159 3070725  3209105
           65536      64  924995   60193  4894740  5468160 5297135 3316784 4986826  7710069  4741088  2646522  2590553 5971867  5870348
           65536     128 1361221 1605325  4625019  4865284 4989451 3123583 3625601  7611646  4946444  2260085  3194404 4501412  3809821
           65536     256 1371394 2771315  5326388  4485692 4352791 3053018 4540674  7352860  4443131  2405263  2460224 4810030  5683545
           65536     512  757212 3248694  3869132  4053181 4017402 2455082 4008088  5838924  5603257  1909606  3103341 3897219  3816698
           65536    1024  900241 3383912  3362387  2919611 3442911 2134861 3367371  6094609  3413156  1280748  2774700 3930431  3873767
           65536    2048 1084764 1880358  2708882  2782255 2853478 2065046 3962957  1821205  4688844  2088598  1465868 1276881  2199801
           65536    4096 1195085 2624488  2628704  2730218 2806084 1733077 2748646  2010123  4341584  1505291  1817773 2703740  3709112
           65536    8192  898676 2399699  3664120  3809346 3827807 2392431 3539422  2540841  3422420  1880795  2099173 4040966  4103953
           65536   16384 1213472 2464415  4189713  3983229 4079408 2429950 4029770  2886287  4037702  2354620  2521866 4173428  3952984
          131072      64 1221571 2490910  5683475  6174755 5766701 2895984 4890900  7206528  5740507  2578437  2764525 6023809  6057728
          131072     128 1289620 2958335  5737691  4819510 2128659 2137166 3722141  4674126  5127180  2016743  2715328 5448855  5777913
          131072     256 1312151 2531421  5314278  5455181 5418672 2986232 5228857  7196622  5438398  2725843  2681999 3177195  5826967
          131072     512 1343489  754098  5663334  5557422 5248776 3171659 5212002  6795178  5062636  2578279  2409056 1945468  5167664
          131072    1024 1220410  710547  5605188  5100447 5112827 2647488 5178909  6044606  5530697  2192613  2031214 5073242  5502631
          131072    2048  952115  621727  4700462  4573644 4814024 2333034 4778955  3424932  4499858  1778984  1714099 4193350  4665954
          131072    4096 1090257 2025712  3931128  4002188 4070311 2180828 3398572  2521436  3491891  1527736  1753445 3546701  3916565
          131072    8192 1137876 2206970  3336609  3518892 3105828 1973678 2979386  2580712  3377359  1512937  1409544 2400588  3445021
          131072   16384 1083551 1585485  3415824  3569407 3299819 1646449 1548364  2293068  3910826  1870905  2027094 3916928  4064623
          262144      64  109763  100370  4347462  4463231 4836253   55469 2848432  1384040  5725913   113932   115764 5423264  5854295
          262144     128  120312  104068  5188093  5187065 4893486   44989 5157478  7439245  5242564   114611   113281 4909151  5082853
          262144     256  111705  105993  5038527  5540055 5354673   87994 4774759  6656090  5453039   116443   109299 5002741  5385253
          262144     512  115063  107799  5202626  5446475 5488534  107962 5158277  6771817  5630961    84386   109494 5015200  5371468
          262144    1024  105961   96606  5155254  5555788 5626264   99977 4959103  6806106  3570621    75806    78329 4873941  5404232
          262144    2048   84935   76076  4300901  4614797 4553412   82909 2896425  1892245  3697119    81208    96709 4197862  4635870
          262144    4096  104676  127812  3739202  4002564 3806582   77340 3153537  1915823  3097243    79744   121268 3709155  3977371
          262144    8192  111440  107358  3669468  3891748 3862152  104389 2538263  1977728  3910155    88926   123725  800787  3115983
          262144   16384   84348   40860  3726655  2561950 2937845  130167 3761897  2773310  3974524   149395   141497 3613393  3925259
          524288      64   22272   73069  5653193  4463655 5542636    8102 4541533  7920474  5752121    78671    74099 4486192  6032823
          524288     128   46244   36607  5567234  5784790 5473709   15199 5239002  7688091  5439642    49618    39584 5555069  5543810
          524288     256   80381   37892  4084831  5394962 5682350   23745 5214825  7134131  5456392    43316    77074  430793  5457868
          524288     512   77438   72162  5249871  5060789 5252329   58655 3347068  5349213  5088932    40323    79746 5334796  5447430
          524288    1024   52801   54266  5128811  5555659 5542748   57999 5273300  5405026  5426567    41626    73824 3902459  5526672
          524288    2048   76845   67263  2872573  3135581 4671012   33113 4558706  3125375  4840179    61728    45211 4508451  3603055
          524288    4096   41384   67896  3910641  3954232 3993904   55024 3166714  2507029  3833182    54527    73525 1811206  2603682
          524288    8192   65015   46989  3352201  3977571 3921842   81190 3840801  2549542  3796578    58697    92491 4206146  4102702
          524288   16384   90615   84611  4054943  4026543 3941037   87849 3950155  2517877  3976341    93290    91317 4060693  4152518

iozone test complete.
