	Iozone: Performance Test of File I/O
	        Version $Revision: 3.420 $
		Compiled for 64 bit mode.
		Build: linux-AMD64 

	Contributors:William Norcott, Don Capps, Isom Crawford, Kirby Collins
	             Al Slater, Scott Rhine, Mike Wisner, Ken Goss
	             Steve Landherr, Brad Smith, Mark Kelly, Dr. Alain CYR,
	             Randy Dunlap, Mark Montague, Dan Million, Gavin Brebner,
	             Jean-Marc Zucconi, Jeff Blomberg, Benny Halevy, Dave Boone,
	             Erik Habbinga, Kris Strecker, Walter Wong, Joshua Root,
	             Fabrice Bacchella, Zhenghua Xue, Qin Li, Darren Sawyer,
	             Vangel Bojaxhi, Ben England, Vikentsi Lapa.

	Run began: Sun Oct 27 04:05:17 2013

	Auto Mode
	Command line used: iozone -a
	Output is in Kbytes/sec
	Time Resolution = 0.000001 seconds.
	Processor cache size set to 1024 Kbytes.
	Processor cache line size set to 32 bytes.
	File stride size set to 17 * record size.
                                                            random  random    bkwd   record   stride                                   
              KB  reclen   write rewrite    read    reread    read   write    read  rewrite     read   fwrite frewrite   fread  freread
              64       4  754443 2358717  9318832 1597288510821524 4018152 8182586  3791156 10821524  3588436  3203069 7940539 15972885
              64       8  614542 2801873 12902017 2096219112902017 489794810402178  6421025 15972885  4564786  373835812902017 20962191
              64      16  608965 2772930 10821524 2096219115972885 528357010821524  5860307 12902017  3791156  401815212902017 20962191
              64      32  735831 2892445 12310336 1597288515972885 586030710402178  6421025 12310336  4897948  498897812310336 22737791
              64      64  780776 2892445 15972885 2096219115972885 573510210402178  6421025 12902017  5389653  401815212310336 22737791
             128       4  786271 3468030 11720614 1420079410567140 4267461 9129573  5122535  9129573  4267461  329761710567140 12542043
             128       8  953918 4444086 12842051 1636517314200794 554586011720614  6727225 11470204  4934216  488928111720614 14200794
             128      16  870405 4407601 12842051 1588107814200794 584790411720614  3468030 18012359  5603747  532579912842051 15881078
             128      32 1196221 4934216 14200794 1863766414200794 633059911470204  7082197 14200794  5784891  604545512842051 15881078
             128      64 1024942 4889281 14200794 1801235914200794 640613810567140  4407601 14200794  4759253  803630414200794 15881078
             128     128 1121270 3759450 14586625 1588107814200794 611430611720614  6406138 12842051  6114306  578489114200794 15881078
             256       4 1093639 3879045  6554972 12090911 9868433 4332998 9434868  3823789  9434868  4197489  312310611091721 11695808
             256       8 1128110 4652146 13454450 12228612 7314033 545584712228612  6891544  2639446  4132864  166263912812277 14353744
             256      16 1163562 5022044 13454450 1222861212812277 481918411695808  7314033 16072608  4496299  534716813454450 15164624
             256      32 1237306 5347168 13454450 1495343513454450 639872012812277  7518900 14953435  5569035  571730112812277 14953435
             256      64 1103757 5320671 11569783 14953435 7314033 639872012228612  7571923 14953435  5938650  597167813454450 14953435
             256     128 1202660 5347168 10651598  827191612812277 624974512228612  6213578 13454450  4572895  853492212812277 14164395
             256     256 1339154 5142301 12812277 1281227712812277 597167811569783  6107548 12090911  4197489  593865012812277 13454450
             512       4 1086890 3182373  6104175 12215097 8992598 3415178 9304292  5331314  9468384  3510074  3393590 9859630  8109658
             512       8 1201856 3849877  9304292 1462806711877300 539832312146009  7211022 12215097  4068701  465018813109944 13522711
             512      16 1221684 4000485 10235583 1310994412797441 588665012797441  7540170 12499490  5079126  511542213109944 13783088
             512      32  828566 4827914 13872122  374252713109944 639501812499490  7758090  3736016  5439343  534458213438092 14240069
             512      64 1254513 4131319 12499490 1137404013872122 657113212797441  7758090  9859630  5624545  543934313522711 14240069
             512     128 1333173 4271001 11620224 1187730012797441 647211212499490  7410080 12797441  5177083  5019764 8844453 11374040
             512     256 1110496 5127637 11877300  360433512215097 608687310694336  6035551 12499490  4827914  801881211877300 12215097
             512     512 1368865 4973263 12499490 1279744112499490 501976410641343  6018636 12215097  5951911  588665011943357 12499490
            1024       4 1109579 3304314 10878686  9765601 9485232 4146499 9655828  4876180  9402175  3891053  414649910990032 11103681
            1024       8 1216082 4629166 13142265 1386342211489839 448886011773301  7008693 11903823  4396951  474159813102174 13472053
            1024      16 1321200 4995276 10689164 1381881712790037 582127111903823  4232305 12639479  3425544  3379719 5917516 13142265
            1024      32 1296474 5120336 13305116 1399898113142265 556482912790037  6692005 13102174  5277632  541742710662628 13818817
            1024      64 1356245 5390231 11018226 1423090213643232 660961713305116  8061038 15516181  5660167  568263412790037 11398360
            1024     128 1354535 5417427 12790037 1364323213142265 572047712071103  6609617 15295157  4762630  547963212348754 13472053
            1024     256 1376236 5018624 11249091 1231335110354166 599181510662628  6874084 11018226  5251818  5917516 9946527 12173747
            1024     512 1396825 4574926 11645609 1066262812348754 595030910255274  5728107  9320560  4762630  6963241 9220512 12208350
            1024    1024 1356245 4715569 12492426 1045498412348754 5277632 9485232  5991815 10134284  6025439  5536137 9765601 10134284
            2048       4 1159735 3074635  3093459 11440955 5567735 2223755 5735012  3489282  6149699  3592903  2844532 6303124 10673302
            2048       8 1160362 4164199  9140117 1330111311564174 4540600 8531869  6543188 11770166  4653758  4385291 9525260 12635867
            2048      16 1271865 1586379 10289741  832514712786337 4248644 6378005  6922868  7643611  3991965  383512410503637 11440955
            2048      32 1422220 4502520  8120522 1144095513301113 500927511072275  7705319  8793903  3984558  5345969 4900677 13118295
            2048      64 1438174 3736694  6382745 14040298 8784909 580477111320334  8036946 13138359  4257067  401622910959265  5306340
            2048     128 1270361 4267642  5659442 1338401113219235 5626082 6829301  5754221  8940345  4046500  387142210339282  8159088
            2048     256 1135212 3855782  8120522 1156417410673302 5345969 8903279  6717153 12635867  1652925  3536690 5521212 11564174
            2048     512 1360715 4365235  9140117 1017999112050878 5144271 7846081  5769681 11900619  4188565  407143311642543 10401883
            2048    1024 1040724 2901215  6717153 1232758952439779 5068389 7616502  2064488  9567698  4293237  488673781960570  9708272
            2048    2048 1336787 3245396  5750369  4016229 5447681 3606479 6303124  3855782  6503556  1360715  3245396 4421406  5852228
            4096       4 1167998 2468795  4076076  5589120 5810280 2278253 4740836  5382492  7802627  3335375  3441614 4235870  5885924
            4096       8 1393247 2668176  5418140  6659365 5382492 3119752 5572803  6608135  6051794  3436794  2959594 3915366  5877869
            4096      16 1287575 2393804  4865707  6839648 7715028 3219732 5696610  6638778  6769576  3663236  3308398 4581535  6748303
            4096      32 1387061 3141429  4618485  4904602 8077780 2938334 4858827  6638778  6748303  3549702  3390670 4681411  4969868
            4096      64 1419260 2462779  4671228  4910209 5961494 3817913 6330545  7434579  7222056  3757786  2673574 4294102  5145513
            4096     128 1389978 2372973  3096138  4471821 5851841 4320017 4501111  9202815  6105563  2251678  2435200 3621537  4988629
            4096     256 1321243 1974968  3343163  3167493 4807163 5558378 5171846  5271829 12083134  3713919  2663212 6068897  4977067
            4096     512 1403721 3248345  4423462  5596402 5238075 3300770 3775126  4302706 11222762  3615440  3177452 2618960  5603704
            4096    1024 1369044 3151225  5841891  4176149 3003050 3595765 4352854  5411313  8260324  3458937  3292546 3054304  4019805
            4096    2048 1363502 2264141  4847858  3841819 4675041 2449785 3217923  3245890  4779081  2293460  3158176 4240052  4019805
            4096    4096 1335519 2133401  3217923  3996428 4000150 2627371 3977000  1798787  3354260  2067670  2059490 4466009  3515562
            8192       4  894323 2682299  5329730  5354648 4810398 2646149 4813093  5326425  4835445  2758310  3120547 3241850  4343393
            8192       8 1113053 2962606  4813093  6420214 5241116 2082432 4721167  5347148  4390568  2629745  2874376 5497729  5126172
            8192      16 1302353 3312482  4659702  5019826 3187712 2835709 5524246  9977258  5868638  2579403  2655351 5065711  4686395
            8192      32 1084765 3336931  4782278  4940431 5287898 3673343 5168583  7367317  4255705  3265263  3065970 4309616  5285458
            8192      64 1359661 3466896  5728718  5772993 5996667 3728348 4553488  6809564  4262040  2964907  3330140 4620849  5184962
            8192     128 1354729 2916338  3992159  5162371 4878700 3222694 4442798  4409161  5050818  2720743  3164228 5740202  5429103
            8192     256 1239537 3347660  3982903  3520535 4469381 3619936 4821874  6606618  6233844  3406066  2792156 4309076  4309076
            8192     512 1376106 3417585  4667297  4158362 3563251 3540122 4941141  9080735  9764602  2579403  2585031 6601541  5251529
            8192    1024 1289257 3506880  4702429  5531360 6267959 3508671 4929091  4796296  9083135  2422975  2771213 3957671  4884942
            8192    2048 1235215 2972345  4546258  4607218 4596740 2661522 3004049  2837582  3919746  1906882  2806295 3364377  3441891
            8192    4096 1029141 2206960  3605502  2864312 4139824 2635797 3049643  2608780  2871253  2206251  2659874 4242044  2923783
            8192    8192 1113955 2414971  2594008  3613845 3414868 1820016 3308654  2015256  3660429  1934364  2227419 2213500  3663942
           16384       4  429814 2782637  4732809  5209649 4458306 2182762 3515817  4405431  4455705  2114653  2638813 4469325  4062441
           16384       8 1216148 2762502  4990591  4037380 4596987 1947896 4178541  4647979  4708166  2420824  3085491 5291891  5266745
           16384      16 1243480 3278787  4873443  5128010 5331717 2561597 4814376  6122653  6094958  2709458  3012320 5359160  4837421
           16384      32 1235033 2821482  4925842  5551830 5144133 2887517 4588087  7227690  6086321  2115955  2902886 4524648  6644181
           16384      64 1268687 3518156  5836640  5752602 3947851 3704992 4499761  5874561  5529493  2786925  2674033 4972535  3924179
           16384     128 1194522 3376910  5278477  5160357 4598218 3421806 3907445  8784505  4996397  2699241  2709886 4996397  4568869
           16384     256 1301657 2982641  5088143  5269977 4447342 3211820 5512638  5217956  4925842  2460787  2765281 4641387  3851598
           16384     512 1177009 2993555  4609939  4764309 4459464 2659339 4122886  4723051  6163841  2980054  2825310 3328656  5148758
           16384    1024 1375082 2685843  5111989  5039634 4332113 3193164 4175494  5529493 10234023  2372352  2303332 4868954  4069659
           16384    2048 1096514 2755523  3702596  3536443 4486248 2311545 4437578  3347139  5176684  1860309  2103777 1906660  4170932
           16384    4096 1136351 2356004  3461623  3053953 3288673 2266114 3151863  2663255  3590583  2160595  2165224 3208221  3089653
           16384    8192 1065206 2057234  2960667  2947840 3364181 2012766 3338845  2145351  3131611  2049993  2786473 2935750  2926249
           16384   16384  987167 2177574  3830772  3919479 3431203 2313179 3946037  2192721  2971806  2111015  2465201 3236628  3930014
           32768      64 1252647 2839776  5186413  4803239 5207834 2762658 4951362  5531453  5108152  2425087  3192482 4595728  4745524
           32768     128 1312933 3044807  4832286  5415287 4876176 3427592 4233605  6897189  4583008  2841244  3309245 4443720  4464361
           32768     256 1138174 3254394  4771886  5242198 4764277 3392146 4537315  6057032  4780850  2436653  2577924 4876176  4830248
           32768     512 1225800 2812751  4877560  5002909 4319425 3260184 4256023  5379677  5138518  2808843  2398803 5133528  4535369
           32768    1024 1157216 3211280  4584231  5073269 4733756 3075948 4678485  5934117  4009794  2165490  2246071 3980529  4545419
           32768    2048 1037456 2067503  3378471  3674759 3646097 2358907 4285084  3227038  5267312  1905782  2006355 3573387  3836097
           32768    4096 1085900 2414564  2852152  2995761 2957915 1971700 2707900  2204957  3625993  1856134  1637839 3191889  3153440
           32768    8192  825618 2209565  3319316  3296229 2868821 1808697 3332111  2370053  3188409  2014146  2078792 2666242  2839248
           32768   16384  880455 2310061  3027969  3213157 3327996 2039098 3210604  2134582  3381630  2005506  3026769 3656379  3472626
           65536      64 1110874 2754983  5423815  5040042 4654229 2940128 4632814  6749974  4750429  2811739  2800795 4975003  5088559
           65536     128 1172213 3152276  4831590  5095256 4612602 3237636 4972393  6690011  4512571  2657576  3187256 4692927  4973472
           65536     256 1081507 2904341  4555876  4584904 4541949 3022868 4750347  6678471  5137251  2960744  3024132 5095256  4985650
           65536     512 1237509 2790672  4425676  4689484 4788579 3616585 5274569  5774526  4918563  2509502  2965695 4341516  5018510
           65536    1024 1260163 2806657  5029989  5141671 4759312 3114982 4251206  5943716  4691565  2348785  2485158 5076342  4531018
           65536    2048 1083165 2047541  3799657  4224289 3781675 2652524 4351068  3549797  4307904  1918616  1780288 3900758  3794360
           65536    4096  979901 2187024  3367578  3309915 3348461 2225771 3554939  2512025  3593372  1893231  1665797 3171041  3348135
           65536    8192  995729 2049602  3703216  3544031 3665536 2281886 3373612  2418213  3486492  1926172  2064968 3538283  3345690
           65536   16384 1138786 2047358  3474681  3661825 3760155 2400684 3286134  2573358  3494293  2094662  2267767 3215705  3548789
          131072      64 1100123 2642525  4396189  4829120 4262670 2865403 4320254  6118268  4124886  1446281  2364512 5222796  5078725
          131072     128 1016440 2588720  4721292  4710572 4592250 2373629 4595782  6437737  4558248  2346267  2442818 5231394  4521136
          131072     256 1033772 2426901  4510084  4859728 4471602 2970676 4376242  5827523  4357165  2585750  2607469 4508530  4595321
          131072     512 1037741 2491395  4332954  4488285 5114587 2449403 4749518  5583952  4579092  2225751  2363750 4448409  4465645
          131072    1024 1040658 2186648  4457643  4519241 4460826 2398221 4610351  5566651  4381648  1875884  2028478 4101528  4844098
          131072    2048  922373 1892435  3768062  3786567 3242597 1763451 4021481  3178260  3823143  1470966  1348558 3565425  3632304
          131072    4096 1017166 1796688  3253381  3299224 3335496 1915666 3564154  2579901  3322393  1620093  1624992 3232682  3541903
          131072    8192  956054 1915920  3681290  3452723 3626673 2183834 3263191  2525768  3350600  1557674  1776042 3244855  3242826
          131072   16384 1062595 1940653  3410484  3330585 3353666 1838544 3286405  2453206  3252092  1776593  1674462 3365656  3270432
          262144      64  151841  153753  5442727  5540753 5485796  123282 5341277  6166921  4943229   155540   155664 5063424  4993313
          262144     128  151683  142424  5061769  5043844 4659859  122067 4882274  6847177  4901164   147305   144340 5123210  5352614
          262144     256  152650  145080  4836891  5144712 5045116  137925 4414170  6664886  5082359   135495   150907 4724778  4983355
          262144     512  145299  125300  4469254  5221155 4970312  145430 4850034  6023110  4829922   156924   146055 4932606  5123592
          262144    1024  151947  141874  4795375  5031449 4713112  151523 4829646  6226535  4980420   152369   152841 4714062  4692795
          262144    2048  156766  141740  3641504  4108698 4060222  154962 4023950  3186659  3937038   167196   146855 4125456  3859834
          262144    4096  136459  149868  3555806  3319242 3511225  145012 3436964  2427398  3331441   153086   158996 3516593  3324591
          262144    8192  159295  129649  3577627  3352519 3511304  147317 3368201  2488079  3311953   167870   170624 3440749  3422648
          262144   16384  157143  150126  3242949  2781047 3284479  163128 3367551  2496655  3296295   179994   164811 3176082  3327922
          524288      64   59039   71989  5469651  5513011 5034845   30238 5452698  7850379  4976631    76727    79631 5533041  5659595
          524288     128   80025   75451  4819261  5328074 5068429   46168 4625142  4916239  5094567    79489    78397 5301625  5111620
          524288     256   78609   68921  4478919  4830992 4513346   54401 4480324  5924095  4544010    83345    79808 4870345  4568166
          524288     512   79804   72163  4669842  4617169 4535632   63350 4553712  3880450  4528113    82355    79908 4556410  4595709
          524288    1024   82865   76588  4550160  4668008 4490691   57871 4451754  4023205  4039731    80846    79567 4517240  4618546
          524288    2048   79317   77326  4250134  4207225 4296848   67129 4045841  2982297  4074160    81417    72697 3523630  3573022
          524288    4096   72324   68737  3327694  3320043 3253677   78458 3339241  2358882  3279134    84272    81652 3317438  3348969
          524288    8192   79705   71395  3368659  3310107 3370265   81056 3308957  2319138  3405638    83188    84185 3658777  3287154
          524288   16384   83068   69367  3199320  3142347 3414887   77881 3301128  2399203  3271154    84935    80331 3539209  3655079

iozone test complete.
