	Iozone: Performance Test of File I/O
	        Version $Revision: 3.420 $
		Compiled for 64 bit mode.
		Build: linux-AMD64 

	Contributors:William Norcott, Don Capps, Isom Crawford, Kirby Collins
	             Al Slater, Scott Rhine, Mike Wisner, Ken Goss
	             Steve Landherr, Brad Smith, Mark Kelly, Dr. Alain CYR,
	             Randy Dunlap, Mark Montague, Dan Million, Gavin Brebner,
	             Jean-Marc Zucconi, Jeff Blomberg, Benny Halevy, Dave Boone,
	             Erik Habbinga, Kris Strecker, Walter Wong, Joshua Root,
	             Fabrice Bacchella, Zhenghua Xue, Qin Li, Darren Sawyer,
	             Vangel Bojaxhi, Ben England, Vikentsi Lapa.

	Run began: Sun Oct 27 04:05:19 2013

	Auto Mode
	Command line used: iozone -a
	Output is in Kbytes/sec
	Time Resolution = 0.000001 seconds.
	Processor cache size set to 1024 Kbytes.
	Processor cache line size set to 32 bytes.
	File stride size set to 17 * record size.
                                                            random  random    bkwd   record   stride                                   
              KB  reclen   write rewrite    read    reread    read   write    read  rewrite     read   fwrite frewrite   fread  freread
              64       4  780776 2298136  7940539 1597288510821524 3958892 8182586  4274062 10821524  3363612  3022727 7100397 12902017
              64       8  874936 2662899  7100397 1597288512310336 489794810821524  5860307 15972885  4564786  354109810821524 15972885
              64      16  926260 2801873 12902017 2096219115972885 5283570  443837  4564786 15972885  4274062  401815212902017 20962191
              64      32  926260 2923952 15972885 1597288515972885 586030710402178  6421025 12902017  4897948  489794812902017 20962191
              64      64  877797 2892445 15972885 2273779115972885 586030710821524  5735102 12902017  5735102  200615812902017 22737791
             128       4  927549 3759450 11720614 12842051 9795896  978253 8414153  4717434  9129573   969421  3657016 8036304 11720614
             128       8 1114289 4267461 12842051 1588107812842051 512253511470204  6114306 15881078  4557257  455725712842051 14200794
             128      16 1111981 2608629 12842051 1588107814586625 5847904 7917784  6727225 15881078  5122535  512253510567140 16365173
             128      32  631014 4934216 14200794 1588107814200794 611430611720614  6727225 14586625  5603747  611430612842051 15881078
             128      64 1017175 2905056 14200794 1801235914200794 640613811470204  1359835 16365173  4557257  854812412842051 18012359
             128     128 1206978 5325799 12842051 15881078 5784891 493421611720614  6406138  9129573  6114306  611430612842051  9287508
             256       4 1108314 3717869 10245071 11695808 9518507 3605511 8271916  4652146  8815202  3705040  365459810245071 10245071
             256       8  834424 4477549 12812277 1435374412228612 534716811695808  6554972 11569783  4734192  413286412812277 13454450
             256      16 1287760 4840911 12228612 1516462412661199 161999411569783  6936061 15835569  5142301  502204412812277 14164395
             256      32  768712 4819184 12661199 1516462413454450 568702012228612  7120034 16072608  4998665  556903513454450 14164395
             256      64 1190657 5347168 12812277 14164395 7965107 581011212228612  7314033 15164624  5971678  655497213625180 15164624
             256     128 1185399 5022044 13454450  943486813454450 624974511695808  6719046 11091721  4672389  881520213454450 13625180
             256     256 1339154 4755158 12228612 1281227712812277 597167811695808  5938650 12812277  5428265  593865012812277 13454450
             512       4  876593 3580298 11374040 11877300 9681823 2263354 9145790  4827914  9510316   465952  365961610235583 10694336
             512       8 1216149 4305250 13109944 1387212212215097 511542212215097  6551087 10434519  4732165  434005412797441 13438092
             512      16 1283761 4522868 13438092 1424006912797441 569918012215097  7115451 10641343  4961773  482791411877300 13438092
             512      32 1091863 2449212 13438092 1414626513109944 631973910694336  3029721 15583417  2926501  186769213190469  3849877
             512      64 1372364 2509312  3684733 1462806713783088 631973913190469  2327124 15471149  5566231  550911313522711  2681653
             512     128 1032044 2463259 13190469 1378308813190469 641411912499490  2979282 14628067  5699180  220751512797441 13438092
             512     256 1127995 3822466  7758090 1249949012146009 595191111620224  6319739 12499490  4838792  826572912146009 12499490
             512     512 1096322 2483197 12215097 1279744112499490 511542211374040  5951911 12146009  5331314  595191112215097  3064306
            1024       4  988529 2918161  2716948 11018226 9402175 3259181 8895850  4570058  9402175  3271594  349239510454984 10230845
            1024       8 1230718 4415030 10134284 1368670911614118 457005811398360  5885083 11645609  4614246  463416111773301 12639479
            1024      16 1281771 4700088 11773301 1314226511903823 501862411132462  7160597 11903823  3863055  441503011645609 12790037
            1024      32 1221964 3271594  5356618 1310217412828238 5991815 9569770  7160597 12037272  4634161  458959312037272 12492426
            1024      64 1255175 4995276 12492426 1368670912492426 585300312037272  7755368 15743686  3249318  478384912037272 13264026
            1024     128 1238168 5096034 11368190 12828238 5885083 702014911368190  4249053 14871477  3447541  2679655 8593274 12492426
            1024     256 1326505 4736370  9142007 1203727211773301 3984917 9855234  3849207  5390231  2516377  363116810039528 11773301
            1024     512  850352 4433259 10878686 1220835010354166 5782087 8326715  6025439  9045736  4736370  6874084 6819511 12037272
            1024    1024 1127641 4762630 11773301 1174111612208350 3696803 9240349  3735385 10134284  1027060  5479632 9655828 11368190
            2048       4 1000480 2392202  4188565 10240672 6340344 2019827 7419150  4886737  8067138  3329682  1357275 5264067  9990553
            2048       8 1119092 3423913  8643474 1144095511305435 4146110 8221561  6303124 10660056  4146110  3915540 8531869 12274742
            2048      16 1363523 3967993  8498106 1107227510401883 4444282 9578367  6780783 11502234  4154130  4223576 9990553 11072275
            2048      32 1119238 3730203  4321315 1164254312805399 4293237 9101380  7207495 10607402  4321315  3436240 7189398 11706006
            2048      64 1413328 4460436  6207471 13301113 5319484 4162181 6588354  4421406 11579763  3937075  3407614 6058611  7609754
            2048     128 1042745 2443928  6363830 1239876411706006 2455806 9752360  7013303 15075199  5769681  3030166 9101380 16122077
            2048     256 1147956 2384234  5986827 11320334 7582884 6280083 6280083  4751580 12257227  6459541  402375411966935 10889797
            2048     512 1036454 3379461  8565901  7343043 7496851 4248644 4276140  5836323 11564174  4330028  4180412 6829301 10555264
            2048    1024 1091089 3786104  9024882  2153510 6097316 3814687 6759439  4138120 10084382  4310472  465375812257227  7503399
            2048    2048 1075111 2228948  4751580  6321679 4853603 1479797 4741090  3632406  5306340  3324528  2786401 5362657  5238385
            4096       4  861197 2302374  4676314  5988509 4240052 3122019 3859945  3957760  5454263  2395473  2114496 3240992  4209920
            4096       8 1082687 2393804  3915366  3806915 5032468 2671911 1675953  4935601  4773769  2919360  2231208 3846119  3856480
            4096      16 1317393 2607432  4023571  5736555 6793669 3049966 4192455  5603704  5192166  3549702  2502236 4248440  5618365
            4096      32 1197636 2940849  4438318  5190597 4958393 2940345 6293440  5418140  6140479  2927818  2754594 5666546  4253700
            4096      64  872614 3222148  5057654  3916259 7615846 3516281 4209920  6555186  6714018  3034344  2786313 4437172  4023571
            4096     128 1221218 1997936  2992067  6178018 4669958 3565171 5133213  5519094  5558378  3697135  2801763 4965558  5271829
            4096     256 1231813 3033808  5151685  3733288 5649775 3336022 4184286  4284464  9729195  2030764  2898672 4249491  3650781
            4096     512 1192400 2703870  4780411  4952675 5185897 3366089 2940345  5057654  8548024  2901120  2900630 4882301  5196878
            4096    1024 1322158 3227596  4316760  4481152 4946971 2241981 4100397  4515307  6379914  2815077  2739658 4227532  4423462
            4096    2048 1273261 2052110  3558525  3396032 3686820 2595614 3031667  3155276  3485604  2174995  2955520 3953206  3817065
            4096    4096 1187619 1801994  2987384  3408159 2991546 1966378 3396032  2271626  2896717  1561549  2017646 1981803  3319264
            8192       4  942710 2322733  5319828  4359927 2884511 2146704 4079854  4093951  4097857  2114600  2183954 3925120  4952536
            8192       8 1053759 2693021  4929091  4958969 5789530 2474272 3489075  5288712  4887722  2070262  2518339 4604748  5245116
            8192      16 1170777 3039661  4961834  4816466 4638941 2181043 4464735  5576245  3455043  2984480  2738088 4929091  4594281
            8192      32 1358317 2976723  3289963  5047109 7142200 2696402 5396699  7466577  4697286  1966356  3644124 4691514  5461029
            8192      64 1201313 2961585  4548665  4884942 4873164 3191265 4710810  6542461  4098346  2981113  2847459 3676880  2835475
            8192     128 1410972 2822895  4490996  4401818 4932629 2582505 3168897  7663074  5868638  3324662  2815263 4614643  2835475
            8192     256 1159516 2916338  3974610  5085204 6104267 3319202 6360787  6770651  3086627  2564770  2840632 4805016  5204597
            8192     512 1210028 2318188  4291316  4039563 5188093 3544870 5101058  3688327  9638600  2696402  3087737 3908599  4289173
            8192    1024 1040926 2230311  5174810  3978753 3980596 3605880 3775046  4943985  9194949  2399455  2149659 4246763  5596225
            8192    2048  890337 2048538  3761408  2890577 3893540 2873415 2825681  2944580  4413692  1850799  2402979 3835303  3873350
            8192    4096 1087925 2065036  3386595  3970936 3346356 2311482 2362824  1940372  3029476  1810045  2783561 3133924  3300391
            8192    8192  971305 2095130  2848403  4093951 2463804 2305743 3372633  2163193  2352793  2426568  2151274 3064876  3469697
           16384       4 1058593 2126168  4790547  4528524 3452059 1789438 4337856  4502414  3884254  2117650  2084252 4473980  3873307
           16384       8 1064728 2530376  4748835  3793343 4578000 2030249 4647979  7554242  5202944  2742985  2273611 5311114  4599757
           16384      16 1108668 2643483  4822823  3928891 4695619 2817549 4047606  5665340  4902648  2453758  2414021 5066386  5490615
           16384      32 1102620 2896768  5118462  4930437 4292336 2615214 4649237  7268974  6722831  2943042  2664908 4868954  4462939
           16384      64 1076891 2713953  4651755  5072369 6275289 2986010 3897251  5445367  4850054  2737521  2715239 4216227  4381835
           16384     128 1312296 2783088  5273212  3640033 4691772 2979925 4370132  7083893  5083626  2280326  2866798 3757872  5525492
           16384     256 1113356 2956845  5288633  4999668 4447342 3992114 4803271  5047407  5345819  3562476  2713524 3639261  4736724
           16384     512 1126755 2663668  3506130  5244638 4143520 2642974 4716244  5897753  4312810  1899387  2786360 4170173  3836975
           16384    1024 1034747 2815586  3812071  4334572 5044443 2561979 3885352  4301471 10603539  2715669  2465289 3315808  4386870
           16384    2048 1165965 2155783  3603386  4224781 4690491 2240038 3573406  3840620  4212867  2202137  2113742 4632313  3370451
           16384    4096  973104 2029469  2721584  2736540 2888610 1978745 3153744  2743532  3528091  1804001  1888011 4084657  3334148
           16384    8192  939563 2027972  3950801  3342906 3547030 2114913 3328656  2476751  3450672  1955323  2866918 3382229  3291823
           16384   16384  960026 2032530  3345673  3705192 3610390 2430155 3324630  2253998  2978375  2592424  2328541 3358755  3648149
           32768      64 1165173 2789969  5563472  5142556 5913691 2720496 3940358  4636815  5494304  2499853  2884233 4494876  5189742
           32768     128 1134314 3416176  4818901  4115578 4615947 2771516 4414885  6915931  4039968  2678453  3016207 4609291  4745524
           32768     256 1311618 2565988  4510512  4420281 4501795 2767108 4104762  5558522  4657872  2292911  2484848 4286153  5109671
           32768     512 1120927 2888841  4816706  4997451 5763894 3361861 4247868  5664360  4605430  2630923  2436826 5196217  4875484
           32768    1024 1258612 3160838  4145245  4504746 4422130 2744617 4525960  6381288  4281613  2610832  1949770 4426830  4095954
           32768    2048  998236 2211058  2414734  3695906 4011199 2383122 3796466  2992239  3991164  1767117  1911800 3680959  3559045
           32768    4096 1083204 2273679  3286613  3161710 3036063 2113671 3009273  2132065  3386212  1546676  1936638 2923623  3015082
           32768    8192 1075423 2022832  3408044  3222045 3221365 2050048 3142337  2514212  3109492  1915130  1801136 3132954  3670245
           32768   16384  886343 1916572  3548569  3225524 3210304 1999146 3750468  2137936  3071892  1847973  2673659 3351531  3274788
           65536      64  395522 2857839  5599490  4900587 4589957 3046048 5244980  6043025  4860295  2463376  2743598 4749690  5031923
           65536     128 1148205 2656266  4598096  4520958 3707611 2705523 4339596  6165835  4744853  2679414  2871363 4413170  5042076
           65536     256 1106429 2799141  4831250  4505766 4737983 2953808 4321245  5732139  4303991  2533184  2788888 4531242  4986012
           65536     512 1101685 2866841  4484814  4140550 4394614 2984857 5139268  6504784  5213247  2727347  2736361 4282334  4498319
           65536    1024  982019 2758826  4639069  5245380 4780168 2831784 4532587  5202492  4401088  2252861  2426732 4292699  4716196
           65536    2048 1039826 2305736  3607614  3727471 4042690 2420172 3532145  2926480  3625984  1589525  1698089 3785842  3551907
           65536    4096  947682 2062954  3235692  3347605 3222189 2040094 3344509  2257764  3227902  1616531  1876263 3169505  2685802
           65536    8192  982489 2074976  3195630  3235387 2996179 2178082 3495404  2364057  2988166  1886798  1941175 3284171  2982040
           65536   16384  986424 2215992  3541337  3549797 3747697 2242769 3454159  2449852  3141073  1907009  1622542 3745757  3208311
          131072      64  989969 2287991  4927328  4903376 4776506 2279037 5016349  7717841  4705532  2174711  2538973 4727382  4925694
          131072     128 1025065 2588404  5071884  4846618 4495553 2707532 5169073  5877679  4508234  2198673  2344796 4535834  4642509
          131072     256 1030302 2391648  4404889  4338391 4444022 2421695 4393940  5564510  4479545  2240208  2299831 4344460  4558399
          131072     512 1071490 2206412  4319405  4471602 4707184 2308949 4350510  6306940  5220118  2255623  2366089 4795212  5228260
          131072    1024 1119011 2144109  4381648  4797639 4402385 2892784 4129937  6244826  5032329  2206190  1962069 4261382  4360933
          131072    2048  944737 1937275  4104958  3775333 3803832 2036073 4223374  3131052  3971885  1603526  1496786 3687908  3724688
          131072    4096  897035 1872109  3227179  3178738 3454633 1858307 3265847  2405083  3449365  1527838  1498753 3154027  3276377
          131072    8192  933002 1790917  3074717  3172190 3275147 1935781 3112756  2378507  2810471  1672775  1671047 3497401  3190970
          131072   16384  931875 1870988  3211456  3314321 3266099 2148022 2939889  2412026  3170196  1642916  1702210 3420734  3422885
          262144      64  136782  141459  5080410  4994651 4720943  118108 5367299  7346052  5401922   145398   146562 4915494  4793891
          262144     128  147413  136713  4615127  4755265 4723316  118157 5361567  7585412  5051537   150596   144674 3640684  5067345
          262144     256  132271  126777  4313420  4418179 4588548  129454 4511005  5688880  4357887   153999   143651 4421377  4518402
          262144     512  148468  148457  4397363  4665970 4567846  141791 4502176  6342257  4667475   150769   148043 4477042  4478884
          262144    1024  149381   89921  4313640  4963267 4760722  139590 4269569  5278353  4426610   152533   132484 4389464  4450890
          262144    2048  147584  124907  3545933  4154104 3943137  141219 3671588  2956766  3815393   148480   154373 3741174  3887812
          262144    4096  143006  139382  3349659  3079590 3377098  146507 3667473  2446949  3671319   150753   144486 3552899  3631246
          262144    8192  147561  120502  3250994  3397005 3073735  138307 3164382  2234358  3153039   167772   159343 3420423  3392310
          262144   16384  135185  116288  3543008  3421488 3524721  149632 3211989  2642473  3346325   172912   161391 3239824  3486928
          524288      64   54700   69656  4812680  4939174 4629602   25676 4839146  7724088  5053915    75455    76207 4957100  5433150
          524288     128   75060   71767  4002533  5537416 4970534   45429 4604235  6626162  4962021    73356    75362 5078343  4943827
          524288     256   74036   71693  4891427  4937311 4851958   53795 4745975  6239057  5130666    75903    78117 4956351  4764309
          524288     512   77638   73624  4647331  4992789 4525541   57852 4604630  6496917  5009018    73507    73898 4433051  4653093
          524288    1024   76002   67876  4393373  5012363 4883009   59543 4256065  5790807  4979843    76381    76332 4516804  4624170
          524288    2048   75367   71032  3686872  3938136 4072485   65939 3980350  2810832  4078286    78469    77803 3929312  4058430
          524288    4096   75460   64874  3141803  3109343 3164040   75057 3401886  2241006  3459232    77787    77740 3393691  3344930
          524288    8192   77982   73188  3292415  3200158 3240005   63602 3260924  2264760  3324550    80319    76181 3654490  3625982
          524288   16384   75368   66113  3270278  3365741 3183139   75350 3235447  2242816  3310860    79134    71891 3326743  3246951

iozone test complete.
