	Iozone: Performance Test of File I/O
	        Version $Revision: 3.420 $
		Compiled for 64 bit mode.
		Build: linux-AMD64 

	Contributors:William Norcott, Don Capps, Isom Crawford, Kirby Collins
	             Al Slater, Scott Rhine, Mike Wisner, Ken Goss
	             Steve Landherr, Brad Smith, Mark Kelly, Dr. Alain CYR,
	             Randy Dunlap, Mark Montague, Dan Million, Gavin Brebner,
	             Jean-Marc Zucconi, Jeff Blomberg, Benny Halevy, Dave Boone,
	             Erik Habbinga, Kris Strecker, Walter Wong, Joshua Root,
	             Fabrice Bacchella, Zhenghua Xue, Qin Li, Darren Sawyer,
	             Vangel Bojaxhi, Ben England, Vikentsi Lapa.

	Run began: Sun Oct 27 04:05:19 2013

	Auto Mode
	Command line used: iozone -a
	Output is in Kbytes/sec
	Time Resolution = 0.000001 seconds.
	Processor cache size set to 1024 Kbytes.
	Processor cache line size set to 32 bytes.
	File stride size set to 17 * record size.
                                                            random  random    bkwd   record   stride                                   
              KB  reclen   write rewrite    read    reread    read   write    read  rewrite     read   fwrite frewrite   fread  freread
              64       4  653436 2298136  7940539 1597288510821524 3958892 9006179  4897948 10402178   388021   546928 7940539 15972885
              64       8  763021 2689580 10402178 1597288512902017 489794810402178  5860307 12902017  4564786  354109810402178 15972885
              64      16  874936 2662899 10821524 2096219112310336 538965310402178  6421025 15972885  3541098  395889212902017 20962191
              64      32  444572 2561267 12902017 20962191 6421025 456478610402178  5735102 12902017  4274062  489794812902017 22737791
              64      64  955947 2358717 12902017 2096219115972885 528357010821524  5860307 12902017  5283570  256126712902017 20962191
             128       4  472262 3657016 11720614 1420079410779307 4104338 9129573  5122535  9129573  3895854  375945010779307 12842051
             128       8  969421 3036502 12842051 15881078 9795896 4889281 7082197  6406138 16365173  4557257  455725711470204 15881078
             128      16  640042 4717434 12842051 1863766414200794 532579911720614  6406138  1231904  5122535  512253512842051 18012359
             128      32 1142750 4889281 14200794 1801235916365173 584790411720614  6727225 15881078  4407601  584790412842051 16365173
             128      64  960747 3199360 12842051 1801235914200794 5847904 8548124  6330599 12842051  3867787  708219712842051 14200794
             128     128  615109 4759253 12842051 1636517312842051 578489110779307  5784891 12842051  5847904  554586011720614 16365173
             256       4  770920 3654598  9434868 12228612 9434868 1248819 8815202  5347168  8815202  1591186  382378910148242 11207494
             256       8 1168627 4264168  9114515 1416439512228612 5022044 2187712  6398720 11207494  4572895  4572895 2247235 12812277
             256      16  861885 4652146 12812277 14164395 2330140 502204411695808  6891544 12812277  4734192  176368512812277 13454450
             256      32  742146 4332998 12661199 1416439513454450 184236611207494  7314033 13454450  4929815  188109812228612 13454450
             256      64  740100 4734192 13454450 1516462413454450 186800812228612  7120034 14953435  5687020  624974512090911 14164395
             256     128 1280084 4404088 12812277 1435374412090911 597167811695808  6554972 11091721  3197509  773557410245071 13454450
             256     256 1248819 4652146 12228612 1222861211569783 545584710651598  5540300 12228612  5428265  556903511569783 12228612
             512       4 1040545 3325278 10434519 10856530 8808176 3533174 8992598  4973263  8844453  3604335  3533174 7513788 10044089
             512       8 1191189 4030519 13109944 1387212211877300 506714211620224  6821616 10434519  4571003  4131319 7988981 13109944
             512      16 1258188 3842988  8955098 1249949012499490 556623111877300  7115451  3849877  4973263  457100312797441 13438092
             512      32 1071167 4131319 12797441 1387212213109944 608687312499490  7620440 15583417  5227492  517708313109944 13522711
             512      64 1064266 4827914 13438092  393452013522711 610417512797441  7758090 15471149  5384786  545315512797441  3877684
             512     128 1122687 3795443  9510316 1378308811620224 543934311943357  7211022 15037801   488086  275387012499490 13438092
             512     256 1340664 4411377 11620224 1249949012215097 563931511080601  5822804 12146009  4571003  721102210434519 12499490
             512     512 1014013 2474613 12215097 1242715712215097 512763711374040  5822804 10235583  5822804  582280411877300 12499490
            1024       4  965854 2708381 10134284  4507705 8610501 3863055 4064103  5219904  4926518  3849207  2567523 5277632 10878686
            1024       8 1204825 4146499 12639479 1381881711398360 4654248 9142007  7160597 11520658  4282950  424905312348754 13472053
            1024      16 1029275 4832290 11773301 1368670912790037 476263011936907  6402699 12639479  3970183  497214512492426 13472053
            1024      32 1254808 2884840 12313351  628097612208350 605944212208350  4451639  3709575  4972145  350665112208350 13686709
            1024      64 1397280 5024495 12790037 1442204513863422 559382012348754  6733974 16219316  5042191  547265012639479 14044758
            1024     128 1067920 3414650  5601115 1245619513142265 3966517 5652717  7811791 15516181  5200941  547963211903823  6059442
            1024     256 1275301 4876180 11489839  7699755 4433259 3738636 5390231  6692005 12983353  3469823  374842510134284 12208350
            1024     512  993330 32419601024000000 1161411811249091 5623115 9655828  5720477  9320560  4694950  6874084 9946527 11489839
            1024    1024 1259592 4232305  9946527  897016710662628 5390231 9064828  5660167  9485232  5018624  3461434 8680108 11018226
            2048       4  968337 2418469  5475461146073172 9621281 3191142 7556202  1917479  4937295  3075736  2485653 5970183 10401883
            2048       8 1096941 3984558 10339282  839840312187663 3864455 6690992  5159722  7419150  7286980  3650932 4154130 12050878
            2048      16 1242791 3155969  5986827 1265448211187641 468676710192069  6132138 10401883  4559883  4453499 9525260 13118295
            2048      32 1146118 4128177  8866519 1338401113198923 5159722 9932791  7503399 12635867  4829046  462369910131961 11706006
            2048      64 1426234 4796687 10780463 1363902312882215 5738844 9567698  7293167 11187641  4948672  4376355 9610516 13660713
            2048     128 1155057 3799501  8531869  698479013058467 4613765 4056054  4001263 15510737  3922692  3843705 6851089 12635867
            2048     256 1444219 4014352  8398403 1043980911072275 7962448 9359208  6583305  7999524  3103517  2491420 8357547  7503399
            2048     512 1227869 3561619  6149699 1132033411260973 3999400 4831762  4957240 11966935  3757946  3145567 8159088  4347560
            2048    1024 1227869 3357009  8128206  8749118 7782107 4502520 6851089  5403134  9441504  2623036  3899542 5018054  7999524
            2048    2048 1123483 2905140  5222461  4820915 4923146 3276342 4293237  2036105  4312636  3240499  3126106 4031308  5970183
            4096       4 1055351 1979748  5007531  6007355 6103394 2723588 3838385  3686820  5572803  2799936  2195003 3413576  8013724
            4096       8 1063320 2410937  5736555  5620203 5535098 3040789 4669958  6659365  5139356  3266255  3067940 5726993  5971855
            4096      16 1370354 2864359  5672159  5867831 6861502 2797657 5589120  6468797  6379914  3084464  332440310476771  5178081
            4096      32 1212599 2890382  5044289  5642353 5802430 2235854 5751920  5362331  6669706  3690781  3621537 4612286  6263611
            4096      64 1159720 3222148  5504946  5353976 5497899 4149921 4906002  8189447  5225329  3609363  2558124 5611025  5250883
            4096     128 1379598 2592481  4628439  4664886 7542289 3080040 5230102  5284803  5038371  2592481  1931015 4696769  6410863
            4096     256 1149631 2356697  8518356  6030551 5953231 4003879 4982841  6131713 12569357  3605576  3175103 5025108  5211065
            4096     512 1222000 3162828  5461198  5689064 7123239 3308398 4214051  5497899  4334185  2584291  328499110528134  3984379
            4096    1024 1157376 3190434  4796426  5032468 5818150 3562214 5050220  5519094  6195843  3189841  3083911 3916259  4959824
            4096    2048  981773 2727047  4485833  3942321 3845258 2081448 3458937  2856738  4869845  2379876  2972395 5252488  3602551
            4096    4096  890019 2131284  4348447  2122070 2830382 2509546 3927001  2530244  3258202  2239351  2160227 3271230  2729213
            8192       4 1044629 2679789  4244664  5329730 5482815 2483213 4835445  5237920  3949937  2615532  2498380 5191229  3768008
            8192       8 1026558 3029744  5053047  5748846 4373801 2388281 5343822  7013901  3466546  3118281  2440356 5443725  5302587
            8192      16 1083602 3324662  4449702  3949937 4359373 2166603 5550123  7939297  5954062  3368335  3026275 3549630  4787608
            8192      32 1029387 3740525  5859631  5944791 6517641 3226325 5285458  9515809  4952536  2433787  3398990 5165475  5801260
            8192      64 1032263 3551098  5773964  3917958 6339662 3324983 5475825  7367317  6032463  2569758  3078607 5271672  3552567
            8192     128 1402735 2850293  5584401  5561803 5569014 3418945 5333039  8119403  5591672  2641673  3378271 4583861  5347148
            8192     256 1197461 3308654  5241116  6906749 5527801 3005100 5142283  6205696  4306915  3387931  3558453 5704938  4345590
            8192     512 1219952 1212548  5136133  5509188 3974610 3525230 5107883  4378260  8037731  3304518  2855267 3720275  3997733
            8192    1024 1246507 2662347  4971166  5100301 5113965 2565536 4931921  6248582 11041736  2537121  3034292 4418801  5171695
            8192    2048 1289837 2341250  4505719  4523514 3711835 3264953 4246763  3603989  5161595  1906882  2413613 4528283  4090052
            8192    4096 1126371 2508961  3378271  3803041 2936276 2447483 3132495  1756021  3328849  2222952  2920304 4282224  2881608
            8192    8192  951008 1562743  3386595  3514413 3923775 1913146 4209820  2421608  2651049  2477126  2253717 3869424  4782278
           16384       4  953433 2330911  4933623  5246239 4427001 1858196 4512170  4786543  3666054  1992226  2028211 5324694  4000014
           16384       8  957338 3068819  4740645  5968441 4171945 2530749 5382668  6617309  4318230  2266114  2890675 5479669  4514838
           16384      16 1148621 2988088  5298828  5793828 3959451 2944051 4807640  4120661  4526138  2525633  2656255 5988204  5756940
           16384      32 1164129 2760615  5380560  3721041 5803614 2430843 6054683  7135381  4604997  3130327  3338197 5793340  5809502
           16384      64 1389765 3172672  4895314  4402891 5333373 2780723 4022492  5184886  5572991  2647761  3392749 5044443  7145026
           16384     128 1201435 2719322  5104015  4080776 5204914 3349097 4906849  8099122  5643936  2591153  2771750 5398313  4535997
           16384     256 1101806 2670604  5158807  5173176 5444935 3392916 5139132  4898106  5145674  2803525  3258576 4613963  4188984
           16384     512 1123568 3376081  4357661  4716244 3925300 3421125 4105153  6093337  5242637  2853466  3369790 4779552  4957111
           16384    1024 1138082 2931492  4666285  4599757 5123422 2755966 4724349  6387277 10556302  2467502  2335823 5628220  4016614
           16384    2048  952508 2473008  3872434  4082715 4363195 2905464 3869600  3016816  5586129  2216413  1985893 3778742  3980552
           16384    4096  956725 1995582  2983288  4057644 3373926 2052626 3691855  2753977  3229631  1942610  2127221 3230238  3266320
           16384    8192  914895 2435495  2968597  2898356 3380898 1893473 4034536  2749900  2904481  2096780  2674866 2890068  3401313
           16384   16384  971014 2328226  3796906  3533352 3269583 2030969 3975715  2101332  3551613  2502183  2723417 3617613  3279413
           32768      64 1116992 2779587  4685822  5130270 5056098 2938877 4967827  6165170  5218710  2501172  2985414 5222081  5268927
           32768     128 1174523 2876928  5244599  5364768 4633376 3154743 4967109  5847270  5618741  2608503  2778800 4306567  5027247
           32768     256 1085711 2926798  5299810  5381573 4434686 3125473 5794514  5273172  4664512  2529389  3039958 4613313  4906815
           32768     512 1189311 2722975  5131994  5067657 5058331 2907788 4703945  4998178  4733919  2407627  3062719 5178206  5148913
           32768    1024 1156768 2969675  4559896  4449762 4265534 2765660 4394839  5193861  5444893  2325303  2549093 5634174  4341803
           32768    2048  991316 2194185  3710975  3788200 3760834 2184802 4046391  2861117  4299158  1674740  1895191 4113977  3839741
           32768    4096  994624 1847625  3787782  3468945 3221365 2134847 3423665  2380686  3695508  1908455  1796686 3759908  3737617
           32768    8192  949637 2427786  3777683  3417280 3200884 2051333 3442014  2100234  3258870  2019592  1911002 3476667  3728289
           32768   16384 1054684 2056490  3516249  2969482 3120435 2082225 3548202  2272890  3821803  1890395  3113930 3420087  3816921
           65536      64  715217 3108922  5103676  4780501 4738391 2809325 4830571  6645372  4675525  2494993  3271078 5369148  4928264
           65536     128 1176210 2851998  5006901  4663151 4606804 2785694 5402389  7526817  4588731  2513840  1991727 5011191  4676798
           65536     256 1246403 2910121  4695893  4360317 4652575 2847537 4449460  6528886  4095759  2783438  3135091 4893695  5079156
           65536     512 1131260 2825438  4667823  4567610 4464564 3177970 4739045  5187275  4301971  2407391  2942646 5056452  4834819
           65536    1024 1149391 2738433  4593179  4437393 4526616 2905477 4327231  5312594  4868990  2370458  2394014 4479552  4278601
           65536    2048 1000994 2087931  3636633  4232550 3907468 2345758 4091674  3324165  3780375  1624345  1721863 3774250  3636200
           65536    4096  989147 2062303  3733800  3242295 3251115 2226474 3435552  2211446  3175987  1669074  1821507 3244667  3620587
           65536    8192  971177 1982805  3327706  3032640 3277631 2129783 3535234  2320588  3742544  1702802  1666908 3615158  3589852
           65536   16384 1026837 2037176  3359470  3219208 3253847 2099301 3086095  2451863  3302558  1894001  1887615 3771816  3258553
          131072      64 1048048 2438733  4517718  4881086 4508049 2160261 5059887  6773410  4938304  2448748  2135904 5014976  4843202
          131072     128 1066007 2503626  5318854  5357992 4907578 2369169 4629062  7327360  4490595  2166988  2480446 5315820  5044751
          131072     256 1039759 2592652  4597550  4607260 4400764 2382609 4731654  5674090  4369355  2401594  2748534 4055568  4969912
          131072     512 1190654 2412735  5028462  4515974 4367029 2405125 4780327  6547689  4614104  2049279  2556601 4436204  4716350
          131072    1024 1054394 2561294  4731165  4430663 4507125 2393616 4751735  5322974  4410685  1916201  1995702 4918071  4453851
          131072    2048  952220 2069078  4009427  4312425 4338528 2134552 3618485  2938569  3627869  1485453  1549372 2572512  3948776
          131072    4096  889968 1758268  3292605  3281814 3288725 1872479 3202421  2260985  3488169  1457261  1519217 3244434  3268293
          131072    8192  935126 1865819  3510129  3227652 3437417 1837930 3483925  2340404  3454264  1600021  1599025 3208926  3338493
          131072   16384  885711 1854521  3591395  3220600 3453265 2124546 3601654  2309764  3666656  1668789  1628752 3310071  3344526
          262144      64  149233  137507  5076587  5370261 4722566  120276 4806087  6456291  4892746   158950   148631 4870487  5166542
          262144     128  152320  141570  5461788  4704239 4476514  124093 4810334  6427606  4629000   155266   147740 4655538  5123902
          262144     256  150345  136600  4537252  5029033 4588969  132428 4549606  5543183  4322237   154034   152006 4283959  4501107
          262144     512  146241  134583  4473691  4639391 4872840  140762 4726463  5575283  4559114   164716   151004 4496395  4719140
          262144    1024  149011  136138  4390585  4854788 4980511  145679 4094286  3795780  4798703   170533   150135 4180655  4494777
          262144    2048  149540  132549  3447492  3524111 3690084  147864 3660258  2960907  3773543   156762   148960 3973748  3823792
          262144    4096  151626  129636  3265215  3280158 3371671  148355 3197111  2563108  3185653   164845   135034 3084843  3121689
          262144    8192  147224  144549  3285794  3102583 3245476  153471 3379880  2296084  3360603   157808   161921 3256087  3294922
          262144   16384  156514  137019  3297402  3263422 3330755  155810 3384989  2381349  3296206   182359   179682 3271442  3266350
          524288      64   55158   73115  5123804  5459684 4660628   31193 5269799  6670320  5009395    77768    80084 4968423  4995886
          524288     128   82021   74416  4815947  4887643 4552336   46450 4610422  7423544  4890513    79648    81322 4807913  5469134
          524288     256   80707   75498  4648932  4586670 4590807   56157 4489499  6902430  4697665    81031    79267 4721610  4658890
          524288     512   81357   75223  4405590  4642474 4376689   57893 4491149  6143521  4837411    79976    79128 4468643  4783471
          524288    1024   81008   67829  4808481  5066560 4491305   58657 4429417  5860986  4586182    77472    81398 4415170  4545156
          524288    2048   80708   69782  3913271  3998719 3942874   66812 3669682  2748893  4071950    82000    78778 3872687  3813671
          524288    4096   79738   76404  3402676  3510608 3508703   76973 2940877  2448858  3385629    71326    78540 3342332  3350536
          524288    8192   81168   77783  3275491  3288555 3119966   78753 3264981  2316558  3361404    77633    83858 3062033  3208300
          524288   16384   80876   78166  3308977  3210230 3515833   82732 3495529  2329380  3329977    84766    80573 2991897  3312700

iozone test complete.
Timer resolution is poor. Some small transfers may have 
reported inaccurate results. Sizes 512 Kbytes and below.
