	Iozone: Performance Test of File I/O
	        Version $Revision: 3.420 $
		Compiled for 64 bit mode.
		Build: linux-AMD64 

	Contributors:William Norcott, Don Capps, Isom Crawford, Kirby Collins
	             Al Slater, Scott Rhine, Mike Wisner, Ken Goss
	             Steve Landherr, Brad Smith, Mark Kelly, Dr. Alain CYR,
	             Randy Dunlap, Mark Montague, Dan Million, Gavin Brebner,
	             Jean-Marc Zucconi, Jeff Blomberg, Benny Halevy, Dave Boone,
	             Erik Habbinga, Kris Strecker, Walter Wong, Joshua Root,
	             Fabrice Bacchella, Zhenghua Xue, Qin Li, Darren Sawyer,
	             Vangel Bojaxhi, Ben England, Vikentsi Lapa.

	Run began: Sun Oct 27 04:05:15 2013

	Auto Mode
	Command line used: iozone -a
	Output is in Kbytes/sec
	Time Resolution = 0.000001 seconds.
	Processor cache size set to 1024 Kbytes.
	Processor cache line size set to 32 bytes.
	File stride size set to 17 * record size.
                                                            random  random    bkwd   record   stride                                   
              KB  reclen   write rewrite    read    reread    read   write    read  rewrite     read   fwrite frewrite   fread  freread
              64       4  780776 2467108  9006179 1597288510402178 3791156 7940539  4564786 10402178  3363612  2923952 7940539 12902017
              64       8  863676  561808 12902017 2096219115972885 538965310402178  4564786 15972885  4564786  354109810821524 20962191
              64      16  877797  621657 12902017 2273779115972885 528357010821524  6421025 15972885  4564786  373835812902017 15972885
              64      32  939223 2379626 12902017 2273779115972885 5735102 5735102  5860307 12902017  4897948  489794812902017 20962191
              64      64  889431 2379626 15972885 2096219115972885 5860307 7100397  5389653 12902017  5283570   61595210821524 20962191
             128       4  976473 3657016 10567140 1284205110567140 4407601 9287508  5325799  9129573  3895854  386778710567140 12542043
             128       8 1093856 4557257 12842051 1636517312842051 554586011720614  6727225 15881078  4557257  455725711720614 15881078
             128      16 1076312 4557257 12842051 1801235915881078 554586011720614  6727225 18012359  5074121  512253512842051 15881078
             128      32 1022989 4759253 12842051 1636517314200794 578489110779307  5325799 14200794  5545860  611430614200794 15881078
             128      64 1133103 5122535 14200794 1863766415881078 640613812842051  7082197 14200794  1085013  791778412842051 15881078
             128     128 1175271 4934216 14200794 1636517314200794 398255312842051  6114306 12542043  5784891  584790414200794 15881078
             256       4 1084800 3705040 11091721 12090911 9868433 4197489 9518507  5022044  9434868  1591186  387904510651598 11569783
             256       8 1175022 4572895 13454450 1416439512228612 532067111569783  6719046 12090911  4734192  475515813454450 14164395
             256      16 1267990 4840911 13454450 1495343513454450 568702012228612  6761355 15835569  5022044  511779112661199 14353744
             256      32 1201314 4264168 12661199 1516462414353744 5971678 2266207  6936061 15164624  5217259  5428265 2371308 14164395
             256      64 1306564 5320671 14164395 1583556913454450 624974512228612  6891544 16072608  5841722  624974513454450 14953435
             256     128 1274008 4998665 13454450 1416439513454450 597167812090911  6554972  2285501  4652146  827191612812277 14164395
             256     256 1312954 4929815 12228612 1266119912812277 581011211569783  5810112  9518507  5717301  568702012228612 13454450
             512       4 1096322 3437042 10694336  8665997 9145790 3849877 9638369  5331314  8109658  3604335  363483910044089 11138071
             512       8  820650 4262523 12797441 1387212211620224 4690818512000000  6821616 11374040  2509312  415530111620224 13872122
             512      16 1299295 4447925 13109944 1378308812797441 275387011138071  6909408 12499490  2625909  299590713109944 13872122
             512      32 1319250 4571003 13438092 1414626513109944 2830083 3849877  7211022 15471149  5177083  260995213522711 13783088
             512      64 1333173 4742616 13783088 1462806713783088 2875558 3963567  7091952 10284602  3736016  434005412499490  8992598
             512     128 1361057 5177083 13438092 1387212213109944 291063512797441  6931711  3877684  5509113  624621312797441 13522711
             512     256 1103080 4742616 12215097  382246612215097 562454511620224  6156675 12499490  2584820  787184311877300 12146009
             512     512 1115109 2572435 11374040 1279744112427157 262590910235583  5699180 12215097  2750343  533131412146009 12797441
            1024       4 1038483 3722435 11249091 11645609 9220512 4195100 9655828  5564829  4876180  3863055  2827858 5303701 11018226
            1024       8 1238168 3880507 13305116 1364323211398360 481064011773301  6963241 11903823  4249053  424905313142265 13305116
            1024      16 1311117 4810640 12983353 1364323212348754 3751699 5821271  6830356 11398360  4920874  497214513264026 13472053
            1024      32 1239598 4361233 13142265  636474613142265 620834312639479  4470172 13142265  3709575  361893013305116 13643232
            1024      64 1284839 5310258 13686709 1442204513818817 578208713102174  6963241 16280798  5310258  550068610662628 13998981
            1024     128 1261072 3791442  5720477 1207110312944224 563048611773301  6519323  6441107  3458646  569016212790037 13472053
            1024     256 1245710 4972145 11903823 12348754 5821271 595030911398360  4110780 12790037  5065980  585300310354166 10039528
            1024     512 1262555 4876180 12208350 1113246212348754 1378445 5536137  6280976 12208350  4589593  430441210329265 12492426
            1024    1024 1110440 4654248 10329265 12790037 6016997 5853003 9300377  5813392  7066349  5630486  5630486 9946527 12639479
            2048       4 1160989 3379461  8261095  7470770 6382745 3215029 8059569  4303993  6340344  3256469  2174223 5704543 10131961
            2048       8 1151959 3555722  6759439 12959958 7726111 4008732 6873016  5159722  7444871  3812993  3690142 9841749  7940367
            2048      16 1053487 2884652  5991003 1295995811058022 4831762 9349021  6690992 14944066  4934459  443281538727294 11072275
            2048      32 1183707 3922692 10351742  7582884 9697312 5107566 9708272  6303124 12561952  4728042  451198010289741 11835033
            2048      64 1278301 3436240  7874853 1313835913404897 559675710192069  5689430  6459541  3644736  2741055 6080053 12729493
            2048     128 1318727 4581773  9708272  853186912959958 4864597 9708272  7761014 15738081  4063729  3826582 6608629 12257227
            2048     256 1203947 3704465  8977721  763681611900619 4453499 9349021  5095447 12345306  3786104  3650932 8643474  5420181
            2048     512 1287304 3047366  9179186 10620516 7733066 5738844 6378005  6243566  7643611  1559876  3821475 5884299  7082696
            2048    1024 1379066 3065856  6303124  736823810037248 3363581 2072957  4591569  6939647  3771144  4154130 5319484  9525260
            2048    2048 1082427 2963266  5044577  6829301 5056455 3407614 4432815  3396834  4240255  3219850  3108009 4481379  4569586
            4096       4 1066092 2199781  4039655  4664886 5454263 2146730 4083827  4399673  4691638  3133979  1665715 4000150  4366128
            4096       8 1086727 2291930  3908241  5802430 5953231 2741407 4149921  5211065  6439700  2671911  1977696 4757904  5139356
            4096      16 1148555 2745350  4535572  3093907 5753847 2828518 5198450  5238075  4592558  3258820  3079488 4149921  5698499
            4096      32 1162938 2874423  4526013  5833956 5728903 3253882 4988629  4871226  5859825  3365430  2719708 5334028  5353976
            4096      64 1376834 2382517  4288742  6140479 4408705 3065750 3984379  5572803  5236478  2100535  2739658 4208889  6094733
            4096     128 1374520 2775061  4000150  5271829 6669706 2031724 4376138  4613524  4995882  3349029  2540722 4218190  5551194
            4096     256 1349578 2336505  5404504  3680502 4864330 2852469 4546375  4671228  8883968  1967279  2784507 4054910  4352854
            4096     512 1328189 3014114  4623457  4157956 6281934 3016231 4708354  4939858 11578247  3155276  2870580 4000150  4376138
            4096    1024 1331586 2449785  5252488  4476482 5504946 3146031 4842392  5918366  7222056  2437965  2531363 3984379  4324366
            4096    2048  990547 1932101  4075109  4390677 3614679 2392470 4149921  2927818  4747386  2801763  2842558 3471518  3442303
            4096    4096 1020194 1959873  3864287  2717987 3058654 2474841 3070682  2257893  4361695  1780886  2295912 2287049  3404782
            8192       4  939026 2508411  5414558  4309616 3245524 2328557 5007390  3155800  4943985  2161968  2137224 3262473  5253938
            8192       8 1057163 2636606  4490996  5254742 4329710 2456406 4478702  5312425  3364048  2849348  2301727 4751854  4188268
            8192      16 1076911 2834539  4776959  5129999 5059743 2944832 4479286  6005051  5194368  2616328  3382261 5520695  7250716
            8192      32 1194838 3354524  5029378  3429182 5911041 2986555 4914286  6257686  4905166  2768534  2236990 4525898  4813093
            8192      64 1073245 3409108  4919916  6014511 4997921 3307062 4890505  4444522  5231540  3278036  2419392 3222694  5712526
            8192     128 1448628 3469697  4749227  4573489 4862131 2442437 4437634  6726907  4790946  2491496  3088847 4873164  4795627
            8192     256 1149431 2410058  4224832  3475663 4776959 3969101 4743326  5665431  3551098  3372633  3066791 4231596  4116513
            8192     512 1069437 3486243  4515786  5957159 4633311 2580953 4339005  5393311 11600942  3014063  2825681 6054786  5158495
            8192    1024 1082885 2577662  6081578  4662231 3607016 3175340 5810089  3678455  8588204  2980079  2315376 4569232  4226911
            8192    2048 1153134 2066651  4057211  3034024 3626431 2625725 3658480  2232774  4282224  2292665  2210367 3483062  3696660
            8192    4096  982498 2192175  3504019  3629496 3387931 2024638 3672165  2305743  3890014  1742309  2471069 3427813  2572066
            8192    8192 1135603 2122307  3490493  3386595 3444997 2504389 3904601  2635797  2293431  2246203  2691966 3478831  2398785
           16384       4  890531 2353664  4642641  4209770 4460622 2133893 4841852  4391355  5022690  2341554  2310845 4963198  4324208
           16384       8 1032974 2367285  5420027  5484918 3851382 1950218 5614884  6014936  3952846  2396761  2657591 6021260  4662486
           16384      16  881563 3022921  5343741  6362439 5189585 2843430 5271594  6286771  5949323  2551231  3095359 5454010  5461379
           16384      32 1155904 3238611  5702953  4605923 5377192 3338197 3679205  6889995  6234299  2693845  2030249 5371728  5136059
           16384      64 1098056 2806846  5435890  6625603 5630526 3468962 5244238  7787080  5231064  2671019  2717064 5199401  4256708
           16384     128 1230037 2937884  4708166  4042368 4877594 3017876 4250915  4542293  5012066  2829265  2676324 4355176  3956488
           16384     256 1146857 3123782  4257763  4108344 5038156 2724281 4087815  6600783  3878773  2513348  3102346 3480030  4927608
           16384     512 1128142 3206873  4014737  4866196 4018728 3301312 4367909  6211196  3625629  3080236  3086600 3869600  4687611
           16384    1024 1197583 2808911  4086843  3865899 5128010 2766617 4373747  5320984 10590466  2125313  2286700 4521075  5221128
           16384    2048  990439 2276473  3831626  3314049 3511505 1963087 4192306  3241208  4898106  1845471  1722085 3478620  3051106
           16384    4096  993934 1985434  3676842  4041417 3628884 2640030 3483028  2229428  3346487  1960511  1813810 3840620  3549412
           16384    8192  927378 2117585  3142351  3398453 3787280 2697864 2965010  2114327  3503092  2175850  2492653 4283507  3677629
           16384   16384 1149197 2023493  3394928  3307190 3247642 2249645 3754381  2384866  2855363  2343230  2181930 2917924  3274881
           32768      64 1093172 2821181  4614553  5336853 4305353 2823151 4421561  7413581  4237521  2740677  2794508 4783013  5049782
           32768     128 1112138 2760327  4501795  5258847 4278814 2797807 4930579  6070409  4476575  2594470  2702256 5074018  5485970
           32768     256 1298715 3450742  4704589  5599512 5011117 3293544 4132780  5574529  4531033  2591974  3125188 4319561  5693693
           32768     512 1109579 3043997  4783013  4261698 4420992 3135670 4644022  5465029  4563833  2255360  2798320 4349911  4617033
           32768    1024 1108112 3055570  4445444  4373720 4270040 2963847 4144745  5877778  4187555  2621889  2263792 4410776  4490617
           32768    2048  976199 2364874  4085726  4324726 3808037 2595449 3670245  3497814  4388944  1802624  1843783 4325270  4053910
           32768    4096  969896 2287606  3308927  3273540 3569490 2053018 3218876  2347265  3165060  1838726  1647715 3484159  4005471
           32768    8192  973206 2191666  3521113  3215036 3665350 2382585 3157135  2337882  3119868  1800357  2120225 3295202  3470872
           32768   16384 1072637 1951071  3406523  3504950 3497102 2082382 3154092  2358260  3385545  1895531  2566610 3148095  3823610
           65536      64 1053839 2906644  5646303  5298462 5082631 3316945 4774937  6092988  4922351  2557293  2895469 4614925  4914958
           65536     128 1257384 2880208  4591567  5061853 4520066 2928975 4925350  6491879  4508870  2479777  2638976 4806498  3664071
           65536     256 1072184 3163523  4855230  5117548 5086582 3124045 4252521  4029533  4291828  2384606  2662441 4582306  4999706
           65536     512 1217735 2904586  4401370  4582917 4451910 2949814 4700631  6519595  5115263  2664376  2731928 4389561  4523785
           65536    1024 1200315 2703500  4206962  4732843 4700952 3019415 4402568  5271130  4487523  2281015  2381136 4491556  4393069
           65536    2048 1027854 2352665  3777310  3910525 3900481 2221867 3684107  3013820  3807341  1726177  1884625 3905858  3603453
           65536    4096 1000488 2107800  3264396  3225176 3477626 2368497 2809698  1996950  2497078  1625478  1834356 3614968  3375186
           65536    8192  956144 2026229  3741728  2955936 3131341 2230250 3146107  2308912  3084467  1725852  1752345 3200765  3350502
           65536   16384  973226 2008830  3591588  3267656 3436068 2376113 3183527  2410220  3260176  1946647  2055257 3232686  3419185
          131072      64  476284 2408792  4927902  4810317 4722468 2201041 5152649  6491558  4988265  2365072  2706879 5406150  4775302
          131072     128 1071716 2307282  4783821  5146716 4750544 2208344 5148548  7280974  5005433  2229425  2518525 4784903  4706176
          131072     256 1109687 2499698  4327395  4559836 4408457 2590208 5231594  5806535  4479581  2248730  2061954 4782281  4593363
          131072     512 1069094 2435189  4542767  4602092 5212052 2564006 4409765  6272829  4422109  2147594  2040123 4447797  4962420
          131072    1024 1174817 2460574  4363113  3924674 4752926 2419829 4304659  5323129  4292224  2041115  2114032 4757080  5096333
          131072    2048 1007224 2044516  4143665  4349615 4172694 2146646 4086164  3232834  4004170  1570722  1607079 3730298  3520041
          131072    4096  893201 1670580  2942265  2843645 3086871 2162053 3223451  2336107  3330081  1472952  1510638 3145329  3006712
          131072    8192  958962 1900363  3459197  3426725 3587762 1876019 3195552  2539125  3272632  1538170  1624205 3550733  3289709
          131072   16384  989759 2050602  3710459  3287899 3534843 2147099 3233309  2470170  3316360  1759264  1670453 3587177  3322152
          262144      64  137033  114441  5033983  5170697 4862905  116728 4629000  6331702  4868589   148053   140449 4946654  5026435
          262144     128  133148  124567  4880627  5009625 4636593  116408 4670389  7664355  5382512   140290   115411 4462868  4986474
          262144     256  115651  123837  4488080  4436738 4492151  127141 4565702  6646152  4844649   143772   138230 4415127  4525897
          262144     512  138468  125830  4557999  4842771 4816867  137061 4591441  5822981  4467510   150173   136258 4213983  4745803
          262144    1024  142888  127767  4446211  4919849 4490298  146462 4756479  5850245  4690112   147161   141302 4786441  4503264
          262144    2048  142994  126797  3212749  3789579 3891280  142072 4149949  2612269  3315089   153444   131936 3879185  4122208
          262144    4096  132542   96177  3325396  3473807 3357637  146851 3312153  2442893  3342947   138679   135882 3323114  3309192
          262144    8192  150668  122928  3184260  3399305 3769571  124730 3211680  2343585  3247451   158615   152338 3099505  3262570
          262144   16384  138086  116960  3607217  3790010 3426809  150631 3552899  2766806  3563331   169225   172118 3636590  3780718
          524288      64   58928   70086  5258974  5019755 4654423   26450 4908558  7094474  4545119    72258    73721 5044188  5381679
          524288     128   75713   74412  5513301  5602024 5258131   46626 5312474  7516465  5270229    78104    77990 4803324  5112868
          524288     256   78852   71792  4922622  5253910 4902779   54441 4619769  6806903  4678058    76735    75669 4576218  4829655
          524288     512   73847   72165  5253232  5070918 5213527   60990 5086319  6545495  5238803    77924    73291 5250072  5204310
          524288    1024   76529   68052  4567644  4629836 3854575   58503 4688760  5817093  4800912    72705    72331 4484893  4524052
          524288    2048   76864   70311  4041721  3983378 3897064   65529 3539140  2567573  3656611    77979    73028 4014429  3793304
          524288    4096   74938   73150  3364592  3340986 3242307   75236 3324233  2321798  3359509    77627    74832 3131254  3270527
          524288    8192   76126   70711  3366715  3482112 3335204   67243 3342347  2424296  3455536    81118    76606 3582668  3688511
          524288   16384   74361   68579  3465977  3292025 3628668   73721 3308374  2372664  3561714    81764    81593 3356258  3481793

iozone test complete.
Timer resolution is poor. Some small transfers may have 
reported inaccurate results. Sizes 8 Kbytes and below.
