	Iozone: Performance Test of File I/O
	        Version $Revision: 3.420 $
		Compiled for 64 bit mode.
		Build: linux-AMD64 

	Contributors:William Norcott, Don Capps, Isom Crawford, Kirby Collins
	             Al Slater, Scott Rhine, Mike Wisner, Ken Goss
	             Steve Landherr, Brad Smith, Mark Kelly, Dr. Alain CYR,
	             Randy Dunlap, Mark Montague, Dan Million, Gavin Brebner,
	             Jean-Marc Zucconi, Jeff Blomberg, Benny Halevy, Dave Boone,
	             Erik Habbinga, Kris Strecker, Walter Wong, Joshua Root,
	             Fabrice Bacchella, Zhenghua Xue, Qin Li, Darren Sawyer,
	             Vangel Bojaxhi, Ben England, Vikentsi Lapa.

	Run began: Sat Oct  5 11:04:24 2013

	Auto Mode
	Command line used: iozone -a
	Output is in Kbytes/sec
	Time Resolution = 0.000001 seconds.
	Processor cache size set to 1024 Kbytes.
	Processor cache line size set to 32 bytes.
	File stride size set to 17 * record size.
                                                            random  random    bkwd   record   stride                                   
              KB  reclen   write rewrite    read    reread    read   write    read  rewrite     read   fwrite frewrite   fread  freread
              64       4  429630 1363961  2561267 12902017 9318832 3738358 3203069  3363612 10821524  2358717  1690338 4018152 10821524
              64       8  633392 1452528  4564786 2096219115972885 4897948 4897948  4564786  5283570  2561267  2892445 5860307 22737791
              64      16  855419 3057153  6421025 2096219112310336 4897948 3363612  6271021  4274062  4018152  3588436 4897948 10402178
              64      32  666414 1562436  3958892 1040217815972885 5283570 2892445  4564786  4018152  4018152  2133730 5860307 10821524
              64      64  503814 1648808 10821524 1597288512902017 5735102 3203069  5389653  3363612  5283570  4274062 4018152 12902017
             128       4  568836 1997245  5784891 12842051 9795896 4407601 3536566  5325799  3445772  3895854  2098744 3468030 11720614
             128       8  814915 3657016  6114306 1284205110567140 4407601 5603747  6727225 12842051  3277486  3199360 6114306 11470204
             128      16  948860 2326073  5325799 1077930712542043 6045455 5847904  7082197  9129573  4135958  4267461 5784891 16365173
             128      32  883293 2035099  4104338 1801235915881078 6406138 3053774  5325799  9287508  3759450  3199360 6406138 18637664
             128      64  948860 3759450  4934216 2164304914200794 6406138 6114306  7082197  7582312  3759450  6114306 4135958 14200794
             128     128  978253 2420455 11720614 1588107814200794 6330599 5122535  5784891  6114306  6114306  2714132 5545860 14200794
             256       4  941213 2699161  5117791 12228612 9868433 3511189 5242734  5687020  7120034  3879045  2692393 4652146 11091721
             256       8 1076103 2539563  4070199 1345445012228612 4404088 4553502  6249745  5217259  4572895  3605511 6249745 14353744
             256      16 1148625 2509882  5569035 1345445012812277 5810112 5117791  7073132  5347168  4840911  2783115 5217259 13454450
             256      32 1112909 2775920  5687020 1416439513625180 6398720 4350555  7735574  5569035  5569035  4819184 4496299 14353744
             256      64 1254656 3557725  7314033 1607260813454450 6398720 5428265  6595234  6249745  5428265  1479379 6107548 12228612
             256     128  723153 3654598  7571923 1416439512661199 5971678 5687020  6761355  6554972  1398455  6249745 5217259  9434868
             256     256 1254656 2665657 11695808 1281227712812277 5687020 5217259  5347168  5117791  5717301  4117018 5971678 12090911
             512       4  831132 1510391  5344582 11877300 9814569 4271001 5019764  5495016  7647578  3795443  3510074 5439343  5639315
             512       8 1120344 1821745  6414119 1378308812499490 5278892 5177083  7211022  7647578  4784885  2891043 5886650 13438092
             512      16 1155924 3550700  6086873 1352271111620224 5115422 6104175  7091952  6632013  3788747  4457157 6571132 13522711
             512      32 1267845 3604335  6821616 1462806713522711 6228097 4871723  2497638  6931711  4827914  1992458 2860238  6821616
             512      64  999850 3710197  6736026 1503780114240069 5744919 6246213  7900804 12797441  2597325  4163357 5439343 13872122
             512     128 1221684 3710197  6736026 1414626513872122 5822804 6018636  7309196  8665997  5509113  4838792 2548017 13109944
             512     256 1190529 4340054  8234036 1279744112499490 5951911 5398323  3239989  7988981  4131319  5177083 5760329 12215097
             512     512  939486 3822466 12427157 1194335711620224 5886650 5624545  6018636  5807059  5699180  4494470 2449212 13109944
            1024       4 1035479 3198502  3999762  9064828 7066349 2829721 5277632  5789881  7257394  3984917  3579719 5451810 11489839
            1024       8 1012771 2646630  6364746 14230902 5917516 4783849 6172653  7577494 11614118  4832290  3130886 6280976  6355328
            1024      16 1299612 3529706  6441107 1381881712790037 5690162 6244448  7590887  8525047  5169641  3999762 5720477 13686709
            1024      32 1110440 4146499  6559147 1442204513818817 3804877 6569179  8183918  9064828  5363307  3291652 6355328 14230902
            1024      64 1166221 4033569  6640274 1461839314230902 6208343 6093831  8061038 15516181  5144870  3923040 6016997 13818817
            1024     128 1387798 4195100  6393168 1310217412983353 6479979 4762630  8199542 10354166  5310258  3880507 6025439 13818817
            1024     256 1109579 3458646  4474829  7941793 4232305 4321737 5958564  6830356  9300377  5417427  4995276 5782087 12790037
            1024     512 1167489 3532609  4415030 1310217412944224 3849207 5444898  6441107  8137402  4550690  6529233 5789881 12983353
            1024    1024 1296083 3436508 13142265 1347205313102174 5789881 5564829  3495237  4679604  5690162  4014717 5720477 12828238
            2048       4  939837 2572756  5611381 11129659 9752360 3821475 2550602  4968710  3430751  2712491  2074960 4312636  5852228
            2048       8  936865 3476572  6340344  975236012729493 4301837 6041567  7733066  9653719  3969827  2420514 6284678  7112016
            2048      16 1190598 2506688  6588354 1383675213058467 5251194 6092991  7503399  8793903  3814687  4088876 5611381  6649556
            2048      32 1248935 3074635  6623917 1451478813949098 5596757 4794010  8229438  8903279  5159722  3314266 4338776 11966935
            2048      64 1260296 3494960  6732948 1451478814638464 5319484 6588354  6717153  6303124  4572018  4423683 6340344 13384011
            2048     128 1269610 3379461  4923146  4707314 9610516 5389574 4444282  8128206 10289741  4960102  3312988 5750369  7846081
            2048     256 1309480 3302797  5868220 1248889712979541 5750369 5521212  7019034 10289741  4215286  3649381 5820505 10660056
            2048     512 1033213 3657149  6062888  5655716 7582884 4531020 5535444  6649556  8866519  3855782  4188565 5754221  7933034
            2048    1024  990330 3864455  8006980 1258034910889797 5492967 4257067  5489457  5068389  2288326  4120256 5655716 10503637
            2048    2048  658091 3500658  3821475  6867521 7159438 4481379 5251194  4441984  5389574  3380791  3074635 5319484  7042051
            4096       4  931369 2639075  5469892  5996870 6737716 3098371 4911613  5513780  4428023  3167493  2848213 4952675  5051705
            4096       8 1270061 3433360  5056165  6330545 5704175 3093907 4461370  4928521  4501111  2828518  2470215 4643451  5618365
            4096      16 1166967 3501232  6379914  7845385 9327731 3754501 5633102  6490793  5340661  3552638  3935097 4179197  5969780
            4096      32 1318809 3009890  6351609  6330545 9503161 4116116 4227532  7848969  7024216  3853020  3768502 5769304  6311938
            4096      64 1295439 3020473  5469892  7326777 9440496 5069594 6066754  8480511  4432592  3300136  3984379 5988509  5601877
            4096     128 1480282 3456153  4939858  5504946 5402804 3534366 4334185  7877762  4361695  2747106  2603876 4853336  4740836
            4096     256 1363069 4000150  5580043  5404504 4807163 3782607 5506711  6049663 10691939  3235498  2858639 4592558  5244471
            4096     512 1078473 3082251  6142675  6225028 8360824 4779081 1715961   665917  1804265   668092  3210107 5093643  5087609
            4096    1024 1148632 3416292  6041154  6442115 6815229 4196552 3646906  5674032  8865630  2747106  3583016 5674032  6245395
            4096    2048 1069743 2238184  4075109  5127086 5438722 2963678 4808509  4063542  5980170  2788122  3080040 3792628  4059701
            4096    4096 1048140 2310114  4653513  3282481 4576653 3022599 3618486  2442471  4235870  3088901  2229760 2773270  2858164
            8192       4  869628 2978013  4730266  4586921 4150325 2463097 5028642  5591672  3569544  2399623  2523889 4150325  5292786
            8192       8 1196086 3335636  5501249  5340499 3275223 2661522 4958969  7019632  3685162  2912136  2847459 5301769  5078440
            8192      16 1258745 3665114  6281710  6254268 6425016 3297857 5278962  7550253  5337181  2709159  3076126 4914286  5371390
            8192      32 1239537 3744193  4162896  4937591 4751854 3403704 6316353  8334066  6460047  3826334  3453307 5361332  5918168
            8192      64 1279987 3600968  5645881  5793435 6253130 3331431 4917099  7954000  5615432  3380930  3268991 6117309  4938300
            8192     128 1388732 3901055  4680649  4583861 5660764 3057785 5053790  7187018  4973325  3098317  2796929 5393311  5872650
            8192     256  729153 2807442  4931921  4233160 4586921 3373958 4574098  6036702  4659702  3068160  1227098 3811901  5098030
            8192     512 1252231 3072825  2583282   621639 5901904 3783776 5584401  6901200  2604627  2018216  2259794 2789210  2936276
            8192    1024 1353821 2485548  5257958  4667931 4348340 2443132 5161595  6027172  9214676  2711724  1948625 4439927  5524246
            8192    2048 1096780 2997498  1471836  5025700 5299316 2934020 3311205  2639036  3390940  2105401  2454125 4259926  3873350
            8192    4096 1045582 1216325  3629879  2427254 2172356 1787818 2677909  2010304  3538663  2228575  2728737 2382815  2196801
            8192    8192 1090653 2455528  3969101  4059129 3888253 2430860 3462355  1621522  3661989  2281249  2149659 3177689  3139938
           16384       4  881801 2576097  4964991  5007319 4144769 2320364 4534500  5795294  4446191  2392172  2300171 3475629  3461623
           16384       8  662491 2452707  4527330  5450550 4562499 2776005 4013564  6622411  4262252  2557593  2745396 5021222  5128010
           16384      16 1223423 2840022  4858970  5365018 4924783 2829148 5211229  7373488  6054683  3097173  3041922 6229778  6279877
           16384      32 1329844 3524110  4603454  5889161 4360703 2783539 5086636  7529411  4825871  2768066  3304487 5677040  6345402
           16384      64 1194855 3137473  4744900  6405137 4418461 2987698 4726949  8204521  5207675  3156786  3462321 5373408  5808029
           16384     128 1247362 3088959  5022690  5132990 4915624 3845133 6026012  8668158  6145651  3524291  3603386 3493475  5342079
           16384     256 1436930 2993685  4442455  4999668 4801929 3318690 4681225  6104162  5704846  3493297  3376081 5396617  5430735
           16384     512 1155691 3431203  4476312  4403173 5389422 3920597 5853544  7360851  6023899  3462321  3186353 5487108  5834658
           16384    1024 1145652 2744847  4971096  5807538 6139062 3865029 5323045  6676457  6716917  1972271  2339879 3316608  5316044
           16384    2048 1240652 2660575  4407975  3352528 3636950 2597716 4973975  4192306  6741958  2360779  2026716 4655852  5263115
           16384    4096 1181766 1972554  2864289  3543920 3919703 2819514 3027849  2982770  4187963  2230079  2291427 4118686  2838028
           16384    8192 1075425 2017256  2761947  4452241 3599988 2769963 3567840  2476037  4337856  2486250  2803068 2672370  2819514
           16384   16384  970041 2716635  4460622  3617422 3657079 2360131 3144076  2370061  4455705  2362484  2991340 2888610  3213171
           32768      64 1077649 3527983  6371526  5923376 5634174 3181692 5106444  8609410  5051267  2871638  3410496 5710726  6376255
           32768     128 1368412 3667404  4435975  5377993 5596776 2934359 4635408  7476088  4753731  2923685  2848369 5465898  5950303
           32768     256 1397066 2992239  4521642  4066986 4065061 2584420 5818062  6356791  4894409  2648363  3370187 5752796  4452790
           32768     512 1255863 2956578  6012516  4514068 4679122 3074779 4999633  6522409  4631503  2554399  3323329 2412784  5473953
           32768    1024 1292474 3708471  1899146  4876868 4545419 2952070 5597460  3412952  3829363  1662766  3128817 4214004  4109917
           32768    2048 1288053 2648108  4591889  4285084 3612839 1987122 3821378  2376734  2568433  1834505  1918605 2455810  2490160
           32768    4096  834831 2569442  4393574  3860557 4451059 2735440 4097541  3033248  3343378  2130281  1844525 4226055  3731731
           32768    8192 1094095 2448285  3420512  3571437 4345235 2644083 3906090  1722383  2770175  1812203  1726732 4403710  2811026
           32768   16384 1088170 2616399  3999526  4346472 4418576 2680229 3455079  2462630  4241313  1790973  2267976 4306432  2815114
           65536      64 1018067 2404990  4419201  4540674 5795467 3555537 5875115  8490225  6281659  3105831  3072504 5731183  6274346
           65536     128 1115907 3597510  5811887  6078840 5675565 3768816 5819269  7009186  5245380  3379003  3366876 5915321  5696856
           65536     256 1376986 3424211  1697732  5376605 5287658 3527068 4283935  6832353  5728675  3270455  3112619 5562437  4952861
           65536     512 1257189 3139746  4581924  5408128 4654229 3037566 5425099  6833032  5647231  2322235  3110963 5444549  5499339
           65536    1024 1421205 3034079  5205054  5102539 5112789 1927468 5447246  6341803  5026126  2069601  2451950 2623862  5202492
           65536    2048  950415 1713501  4639383  3320430 3372081 1895359 4900674  4225977  3532553  2141847  1987982 3307565  4994710
           65536    4096 1137458 2512002  4367036  1803461 1521084 1356010 3016896  2481120  4239077  1961342  2146329 2903420  2821320
           65536    8192 1135236 2029910  4109598  4368771 4352239 2714500 3320270  2514921  3740201  2200593  1621977 3386872  3829193
           65536   16384  715919 2529780  2901245  3356885 3698582 2390246 4132147  2316423  4199635  2451404  1831789 4139240  4240450
          131072      64  986408 1520242  5849598  5833707 5812490 2670690 5431253  5327256  3640795  1751741  2714497 5884788  5971400
          131072     128 1288758 2742255  5678779  5799919 5578739 2995180 5464291  7409027  5602332  2913156  2686009 5672158  5804573
          131072     256 1264623 3166526  5570655  5652329 5639400 3301325 5455019  7532056  5594408  2930877  1368025 5067957  5897477
          131072     512 1333091 3117787  5561920  5778946 5350119 3110467 5648903  7290243  5780465  2814932  2814212 4758315  5787341
          131072    1024 1290192 3038923  5576589  5770030 5685944 3105599 4233847  7018923  5534651  2600624  2464457 3423567  3420713
          131072    2048 1161246 1034083  4571401  4845379 4686838 2609016 4045689  2603579  4152585  1873021  1517229 3525051  4575243
          131072    4096  934439 1031274  3855722  4135031 4223633 2323440 3880735  2275829  2693246  1743469  1765706 3871688  4100335
          131072    8192  891378  639157  3746849  2822157 2258180 1464212 3440945  2520950  3100975  1612041  1897097 4194694  4020010
          131072   16384 1135235 2265130  3980945  4090998 4002071 2358092 3684275  2150416  4215731  2001588  1910029 1410879  3142219
          262144      64  114054   76411  5685556  6039089 5725406   87157 1231410  7888034  5583238   112225   132658 5579187  6148575
          262144     128  105294  114238  5323253  5692591 5597307   60764 3073813  7406871  5171208   119598    93436 5184081  5805180
          262144     256   93003  110266  5146133  5591330 5392808   72648 4945652  7119999  5150472   111616   100199 4538114  4520259
          262144     512  104455   68956  5086027  4390060 4608801   77866 5297349  6890949  5573502    85208    99573 5143509  5640435
          262144    1024  117981  107363  5056788  5535258 5495200  107568 5061373  6871225  5440492   108615   117236 4955639  5576583
          262144    2048  119265  112721  3518619  3490227 4258622  114925 4136459  3465486  4859552   114213    86749 2515539  3053513
          262144    4096   96382   93669  3467924  2461256 3823459   86870 3689205  2717642  4168546   121787    82003 3799952  4166903
          262144    8192  121820  108339  3977313  4137705 4240032  127532 3810778  2790222  3734084    96460    71442 1175033  4078658
          262144   16384  123239   66492  4106458  3997616 4124357   94479 2755172  2093084  3601427   128911   127762 1397676  2746775
          524288      64   33565   85222  5858284  5977234 5795721   21115 4335794  7739366  5699464    74131    62794 5768326  5613780
          524288     128   68350   55724  5717365  5811037 5490615   24269 1108719  8412136  5383445    75486    73097 4686962  5892458
          524288     256   45575   49484  5500641  5555252 5473136   31314 5344377  7211548  5699154    82867    80999 5189217  5161435
          524288     512   74594   36451  4095611  5179427 5555420   34383 5214516  6092813  3522541    65207    72768 4300546  5158384
          524288    1024   37788   74369  5389025  5503187 5424158   37007 4910081  6852635  5533375    47445    70626 2751056  5737443
          524288    2048   49247   63838  4375122  4784564 4642258   37539 3770416  3438086  4972243    65441    44163 2802750  4860366
          524288    4096   79402   72532  2924914  2310413 2321810   40463 3108437  2153806  2678111    42747    81192 3675294  3962926
          524288    8192   47090   44874  3847952  3985378 3907549   66537 3827784  2721850  3916952    67231    42659 3830638  4033293
          524288   16384   79877   48774  3826192  3874693 3887784   40845 3371996  2352870  3636800    42340    46664 2752671  2555070

iozone test complete.
