	Iozone: Performance Test of File I/O
	        Version $Revision: 3.420 $
		Compiled for 64 bit mode.
		Build: linux-AMD64 

	Contributors:William Norcott, Don Capps, Isom Crawford, Kirby Collins
	             Al Slater, Scott Rhine, Mike Wisner, Ken Goss
	             Steve Landherr, Brad Smith, Mark Kelly, Dr. Alain CYR,
	             Randy Dunlap, Mark Montague, Dan Million, Gavin Brebner,
	             Jean-Marc Zucconi, Jeff Blomberg, Benny Halevy, Dave Boone,
	             Erik Habbinga, Kris Strecker, Walter Wong, Joshua Root,
	             Fabrice Bacchella, Zhenghua Xue, Qin Li, Darren Sawyer,
	             Vangel Bojaxhi, Ben England, Vikentsi Lapa.

	Run began: Sat Oct  5 11:04:24 2013

	Auto Mode
	Command line used: iozone -a
	Output is in Kbytes/sec
	Time Resolution = 0.000001 seconds.
	Processor cache size set to 1024 Kbytes.
	Processor cache line size set to 32 bytes.
	File stride size set to 17 * record size.
                                                            random  random    bkwd   record   stride                                   
              KB  reclen   write rewrite    read    reread    read   write    read  rewrite     read   fwrite frewrite   fread  freread
              64       4  557144 1452528  3738358 1597288510821524 4274062 3958892  3588436  4274062  3541098  1304314 4564786 12902017
              64       8  780776 2923952  6421025 2096219112902017 4897948 3057153  5860307  5389653  2801873  2923952 5735102 20962191
              64      16  874936 1526887  6421025 2096219115972885 5389653 5283570  5860307  4274062  2689580  4564786 5283570 10821524
              64      32  733819 1599680  4274062 2096219115972885 5735102 5389653  6421025  4018152  4018152  4897948 5283570 10821524
              64      64  735831 3541098  7100397 2096219115972885 5860307 5283570  5860307  6421025  5735102  1734015 5860307 20962191
             128       4  711270 1827299  3657016 1284205110779307 4557257 5122535  5122535  3657016  4407601  2784517 5603747  9795896
             128       8  889145 2027414  4135958 1420079411720614 5545860 3468030  6727225  6045455  3468030  2286447 6114306 12542043
             128      16  901083 2004703  5847904 1636517314200794 5784891 5122535  6727225  4934216  4889281  2326073 3759450 12842051
             128      32  871818 2166499  4407601 1420079416365173 6406138 3277486  7176872  4557257  5603747  2286447 5603747 14200794
             128      64 1040839 2058509  7082197 1801235914200794 5847904 3445772  4557257  9129573   800337  3297617 5545860 11720614
             128     128 1111981 2367096 14200794 1588107814200794 5545860 5784891  6406138  1185654  6114306  2286447 6045455 11720614
             256       4  867455 2285501  5810112 1281227710148242 4132864 1740810  1311351  4332998  4117018  2692393 5569035 11695808
             256       8 1190657 2754556  5810112 1169580812812277 5117791 4572895  6554972  5022044  1123389  3499745 5117791 15164624
             256      16  812329 2872459  6761355 1583556911695808 3465855 4404088  7120034 14164395  5455847  3078337 6554972 14164395
             256      32 1058076 2880164  4652146 1495343513454450 5142301 4907284  6213578  4929815  5455847  4840911 6107548 14953435
             256      64 1122215 1938842  7735574 1607260815164624 5347168 6107548  7791708  7120034  5320671  4572895 6554972 16072608
             256     128 1062263 2943325  8888172 1495343514353744 6554972 4572895  7314033  5569035  3316006  3935921 5428265 15164624
             256     256 1028679 4264168 12812277  253956311569783 5938650 5540300  5455847  5810112  6073004  4819184 6107548 14164395
             512       4 1100818 2521095  5760329 11943357 9681823 4331300 5331314  1789859  3284589  4411377  3201349 5639315 11138071
             512       8 1209982 3710197  6156675 1462806712499490 5331314 6035551  7115451  6246213  4882800  4000485 4838792 13522711
             512      16 1286067 3140488  6736026 1414626513109944 5822804 6319739  7115451  3409755  5227492  3762197 6395018 14240069
             512      32  932550 3849877  6821616  247176513872122 5495016 6414119  7647578  7513788  5384786  4571003 5067142 14146265
             512      64 1004057 3634839  6472112 1503780114628067 4000485 6018636  7115451 14240069  5398323  4163357 6246213 15037801
             512     128 1078159 4340054  6999490 1414626513522711 6491676 5398323  6736026 11877300  5684095  5331314 6035551 13872122
             512     256 1411141 3762197  8109658 1352271113109944 5384786 5807059  6472112  7211022  4305250  6491676 6086873 13190469
             512     512 1329871 2544997 12146009 1242715712215097 5115422 5822804  6104175  1620980  6086873  4927617 6174377 13109944
            1024       4  849176 2926114  3966517  9655828 7113161 2968586 5071963  4898425  6519323  3778101  2877110 5751117 11278631
            1024       8 1312720 3469823  6519323 1442204512348754 5096034 5983467  7472033  6102490  3821805  3941039 5983467 13264026
            1024      16 1189146 2535690  6559147 1423090213102174 5690162 5572049  7208671  3877004  4048778  4162573 6244448 12492426
            1024      32 1088213 4512441  6599461 1461839313818817 5363307 5536137  7811791  8262639  5536137  3835457 5782087 14230902
            1024      64 1065535 4415030  6874084 1482016114422045 6609617 6208343  7883484 15295157  5226256  4339202 6025439 13472053
            1024     128 1068717 3764854  6025439 1347205312790037 6102490 5958564  7811791 12313351  5451810  3821805 4451639  4178773
            1024     256 1418039 2553783  5782087 1231335112313351 5813392 5720477  6974549 10354166  5277632  4146499 4512441 11132462
            1024     512 1336827 2206161  7699755 1249242612208350 5226256 5444898  6208343  5310258  3567824  5390231 2900425 11903823
            1024    1024 1236742 3401130 11489839 1177330110354166 5417427 5720477  3579719  3335105  2432298  4178773 4095102 12037272
            2048       4  952130 2296279  5549749 10660056 9441504 3690142 4971585  3792790  6873016  3250308  3121562 5416763  9990553
            2048       8 1245675 3819776  6185123 1338401112274742 3548378 5868220  7286980  6378005  2905140  2566606 4016229  7135648
            2048      16 1254040 3297725  6041567 1363902312710657 4875642 5689430  7470770  8159088  4686767  3702868 4023754  7013303
            2048      32 1260296 2464260  6284678 1383675213574363 5655716 6171791  8029434  4643695  3169944  2860636 5197183  9664580
            2048      64 1315294 3245396  6185123 1451478814202800 5884299 3799501  7969835  5403134  4643695  3772800 4257067  5800851
            2048     128 1428131 3074635  5986827  799952413138359 6075753 5953632  8159088 10945301  5119743  3612546 5503525 11626784
            2048     256 1370703 3038742  4356379  650355610503637 5521212 5447681  7159438 12257227  4762117  3292669 5420181  8940345
            2048     512 1263261 3210223  6401772 1198363011770166 5549749 5107566  5251194  9525260  3967993  4204968 4146110 10143926
            2048    1024 1155212 3848872  4960102  4048407 4094723 4633675 5478953  6202989  8059569  3814687  3751381 3341339  4853603
            2048    2048 1019963 2734946  4562305  3324528 4878411 3374151 3878414  2909075  5107566  3229534  3074635 5122796  5107566
            4096       4  977083 2154538  4586428  5418140 5849848 2795836 4481152  4075109  3536549  2600722  2890382 4551192  5402804
            4096       8 1324298 2584291  4316760  6291135 8414056 3706707 3703511  6225028  4864330  2595614  3565171 6068897  7447471
            4096      16 1439235 3112404  4819300  5238075 8752710 2925325 4196552  6930704  5178081  3459633  3537277 5153230  6122971
            4096      32 1341149 2964189  4266376  3740604 5802430 3864287 5145513  7380284  5744227  3736536  3686820 4858827  5963564
            4096      64 1289605 3056478  6330545  5299475 6850558 3709909 3599532  8356757  4361695  3172758  3916259 3919833  6166930
            4096     128 1302807 3139133  6005255  6468797 9023961 4043458 4618485  7599002  7123239  2866270  2903080 5075585  6964419
            4096     256 1347778 2957556  5843879  5980170 8142867 4779081 4612286  6094733 11318885  4266376  3276846 5211065  5549401
            4096     512 1514738 3070133  4887857  4540367 5894001 3530734 3634562  6826060  9550708  3182750  2701744 5657217  3112404
            4096    1024 1158078 2343517  5063617  5490871 5944991 3911800 4113159  5706070  4438318  3207709  2222548 5447345  5721272
            4096    2048 1124351 2203167  3927001  4893426 4516494 2758132 5038371  3543113  3919833  2533229  3222752 4570565  5438722
            4096    4096 1027884 2068915  3178040  3912691 3421735 2258189 4031124  2032686  3957760  2816923  2998333 3407483  4551192
            8192       4 1001834 2341250  4578974  5227560 4796296 2594008 4625826  5088216  4194915  2583282  2465218 4934754  5281396
            8192       8 1280607 3346356  5414558  5468852 4923441 2723331 4143818  6420214  4184187  2636808  2997498 4787608  5802240
            8192      16 1289886 3665505  5752696  4989212 5538493 2836645 4490996  6196743  5351312  2651867  2837582 5113204  5923270
            8192      32 1201901 2982148  5053790  2969006 3835303 3024144 3455391  5282208  2580953  1689783  2826843 4734829  5708730
            8192      64 1303836 2982148  4250966  4633311 5351312 3397646 5802240  8117485  6321001  3440513  2976981 4139325  5224380
            8192     128 1256076 2961585  5654243  6135880 5721087 3744193 5075439  8368573  4995015  3720275  3084410 5732541  6154564
            8192     256 1297435 3088847  4390007  5417973 6068689 3783776 4729615  7379976  5988306  2892524  3138504 5028642  5393311
            8192     512 1232070 2864312  4518161  4899570 4757117 4009863 4870401  7073098 12263426  3383927  2853370 4958969  5333867
            8192    1024 1107028 2351988  4005655  4558925 6099933 3705031 5572627  6809564 11251448  3198990  2367546 4183678  5016162
            8192    2048 1011508 2317406  3282106  5136133 5340499 2951916 3282106  4343942  5958192  2506033  2156946 4349991  4051471
            8192    4096 1013238 1946748  2929767  3487304 3696660 2781533 2749921  2953185  3518732  2304351  3316319 3412155  3434666
            8192    8192  926892 1932080  3647218  3978753 4449702 2492218 3026008  2733513  2889605  2358122  2880400 4369352  4282758
           16384       4 1092766 2773652  5042962  5031885 3826292 2426894 4637628  4832999  4342241  2845903  2866918 4779552  4649237
           16384       8 1217226 2709886  5329650  5357907 4476312 2624302 4011690  7223891  5455742  3021193  2848852 5639767  5605266
           16384      16 1345493 2824381  5649969  6211196 5628681 2891162 4619236  7147999  5150687  2704553  3126624 4539892  4821470
           16384      32 1315159 2980571  4799246  4664068 5830698 3191236 4685374  7170374  4687931  3153744  3169015 5165011  5925724
           16384      64 1330205 3697616  5072369  4418461 4945339 2933995 5042592  6633278  5352482  3373926  3422488 4367909  5118462
           16384     128 1291797 2970265  5767086  4924430 5254664 3216932 4768276  7098528  4786210  2779711  3319973 4440158  5151846
           16384     256 1336829 3744154  4685374  4998214 4714626 3369790 4376254  5781155  4786543  2689944  3238611 4946763  5148758
           16384     512 1359683 3145947  5102499  5659741 5505571 3582721 4912813  5925213  4503594  2673201  3105992 4256708  5797739
           16384    1024 1410214 2240988  4178287  4861720 4771256 3425559 4111293  3984475 11643805  2849916  2751331 5824273  5960159
           16384    2048 1052884 2064279  5450550  5211229 5335029 2633656 3014566  2633656  3135755  1731937  2556451 3828851  3607358
           16384    4096 1304350 1045039  2837560  3365664 3626394 2538977 2805013  2831596  3761162  2306656  2273687 4155044  4442742
           16384    8192 1145003 1875029  4356280  4409106 3530991 2009822 2993555  2393255  2753205  1935061  3388566 3444964  3561737
           16384   16384  930215 2253038  3486739  2834049 3992114 2762391 4224781  2734254  3447729  2374483  2748030 3200004  3332046
           32768      64 1171919 3407621  5320326  6143400 6320832 3542076 5937194  7484638  5017337  2881210  3332838 4599573  4781016
           32768     128 1316782 2877169  5942585  5384946 4329221 3004865 5066163  7814890  5379888  3297257  2015742 5855491  5191507
           32768     256 1298568 2809819  4777360  5101705 5275804 3608381 4932703  6037874  5569108  3100373  3479308 5200543  5346195
           32768     512 1394331 3592160  4922280  5180744 5722854 3013430 4502828  4780850  5669267  2987296  3004274 5612775  5747744
           32768    1024 1343728 3671912  4534022  5217918 4066505 2386225 5194843  6703748  5833619  3052990  2288292 5539926  5026512
           32768    2048 1099073 2921261  3083194  4143620 4889359 2819271 4898770  2602083  6554760  2154526  1707638 5140248  5153740
           32768    4096  913471 1871373  3827124  4331540 4412476 2711907 3421534  2541174  4102679  1860657  2212553 2749889  2813903
           32768    8192 1198928 2726595  3203197  3814696 4391890 2779306 4378318  2087411  4388384  2087919  1753991 2879158  2808556
           32768   16384 1214481 1885830  4381808  4413751 4186535 2403753 4253389  1991499  2736584  1827237  2601049 4270570  2938060
           65536      64 1003417 3525350  6299799  5812010 5681901 3447444 5660838  8216640  5921820  2661693  2667660 4496773  6126531
           65536     128 1329622 2863227  5391686  5619179 5413987 3205804 5878759  6253364  5376289  3138097  2820336 5633112  5943716
           65536     256 1373573 2864958  5224444  5294074 5271535 2434922 5390840  6475210  5049393  3038573  2755701 4305070  5599946
           65536     512 1253537 2898644  5164372  5265577 5282577 3129736 5668777  5860335  4987550  3029030  2426368 5753857  4310403
           65536    1024 1330955 2578040  5420713  5973683 5861335 3846931 4959206  5930380  5214434  2340067  1861020 3417612  3724238
           65536    2048 1141463 2387133  3081839  5287760 4740352 2838392 4489649  2844325  4718625  1391013  1631547 3080423  2975938
           65536    4096 1049044 1985168  4222407  3475604 3458201 2581066 4305340  2375436  2710111  1497117  1690414 2830093  2882715
           65536    8192 1112970 2223071  3544031  3520969 3512286 1974274 4134198  2360970  2745297  1598398  1790982 2821320  2876019
           65536   16384 1117349 1908174  3965416  4345909 4340076 2677691 3896556  2478011  2778009  1821000  2280542 2729757  3038439
          131072      64 1031632  935794  5979258  5823819 5705476 2991627  977144  7725976  5543580  2788702  2643529 5705003  5948398
          131072     128 1287605 3116904  5618134  5701275 5436624 2943982 5460383  7358254  5564228  2798297  2616155 4837832  4310599
          131072     256 1334080 3064075  5222796  5366099 5545873 3106266 3244587  7313032  5679541  2890488  2885648 5421611  5377752
          131072     512 1301761 3080282  5234283  5587301 5466845 3164229 5507482  7116505  5591563  2887876  2846487 5592302  5458811
          131072    1024 1324735 1176938  5545873  5775121 5622731 3225437 5609478  7035180  5556523  2461444  2412079 5377278  5615781
          131072    2048 1199282 2501803  4942566  5188930 4806616 2578993 4861189  3378231  4905038  1899674  1901277 4394994  4963540
          131072    4096 1127868 2310861  3263831  2835213 2655583 2289105 3527155  2187710  3768604  1818776  1504466 3647051  4146133
          131072    8192 1147378 2312981  3681487  2808662 2965164 2111815 2018602  2770446  3953547  1856807   909759 3530575  3949485
          131072   16384 1167688 2269563  2738771  3665214 3958557 2269919 3622061  2775355  3921846  2003696  1718503 3896550  3986979
          262144      64  127719  105510  5158882  5698551 5751672   91354 4824243  7894491  5635810    98827   108315 5306861  5822302
          262144     128  103889   88822  5571271  5713951 5732779   52766 4735012  8269006  5666043    84305    83089 3978997  5739602
          262144     256   81123   96588  5157164  5348552 4612610   95393 4783650  7055622  5285152   115419    89777 4321965  5191277
          262144     512   82206   92890  5234204  5620339 5362456  106758 5008393  7119999  5435409   107082    82755 4562444  5041022
          262144    1024  111377  100901  4836700  5412505 5487411  114756 4916241  6709256  5336585   113893   112195 4944718  5432831
          262144    2048  111737  111849  4280307  4780510 4668644   57894 2462094  3360912  4574059    53105   112958 4344954  4563618
          262144    4096  118374  111100  3837458  4084324 4130911  122856 2752427  2675452  3950263   112874    84547 3616126  3996889
          262144    8192   92404  105026  3753870  3905308 3719670  102970 2848004  2371273  3722365    85335    93040 3700093  3958797
          262144   16384  117037  113653  3864786  3978752 3940834  126580 3664454  2653551  3858858   150192   130670 3648077  4060777
          524288      64   45213   61285  5835540  6176011 5887048   12312 1608774  8141370  5653556    63812    60827 5732373  5864393
          524288     128   70403   40393  5564684  5298828 5396855   10432 3818532  8109365  5696865    72313    64513 5144373  5171522
          524288     256   36229   58412  4985432  5579198 5368397   29588 5101670  6975051  5303236    41187    72843 5439628  5544508
          524288     512   73519   37849  5272301  5392752 5493372   37969 5123351  6248879  5395292    49251    63357 5049192  5134643
          524288    1024   40419   60853  5100369  5383774 5380784   53209 5228290  6459056  5268007    39682    69310 5099080  5062070
          524288    2048   38586   59219  4459373  4847477 4644769   44225 4017223  2618992  4717528    41058    70717  366903  4473298
          524288    4096   71765   35334  3976966  4156301 3852482   37447 3770765  2622515  3897044    73394    40084 3772829  3724722
          524288    8192   73743   46249  3764407  3943440 3926134   60306 3710412  2596026  3830611    62364    40757 3766812  3088989
          524288   16384   38517   72189  4164889  4260361 3406302   86211 3762140  2775623  4153631    90792    88203 4019102  4107032

iozone test complete.
