	Iozone: Performance Test of File I/O
	        Version $Revision: 3.420 $
		Compiled for 64 bit mode.
		Build: linux-AMD64 

	Contributors:William Norcott, Don Capps, Isom Crawford, Kirby Collins
	             Al Slater, Scott Rhine, Mike Wisner, Ken Goss
	             Steve Landherr, Brad Smith, Mark Kelly, Dr. Alain CYR,
	             Randy Dunlap, Mark Montague, Dan Million, Gavin Brebner,
	             Jean-Marc Zucconi, Jeff Blomberg, Benny Halevy, Dave Boone,
	             Erik Habbinga, Kris Strecker, Walter Wong, Joshua Root,
	             Fabrice Bacchella, Zhenghua Xue, Qin Li, Darren Sawyer,
	             Vangel Bojaxhi, Ben England, Vikentsi Lapa.

	Run began: Sat Oct  5 11:04:24 2013

	Auto Mode
	Command line used: iozone -a
	Output is in Kbytes/sec
	Time Resolution = 0.000001 seconds.
	Processor cache size set to 1024 Kbytes.
	Processor cache line size set to 32 bytes.
	File stride size set to 17 * record size.
                                                            random  random    bkwd   record   stride                                   
              KB  reclen   write rewrite    read    reread    read   write    read  rewrite     read   fwrite frewrite   fread  freread
              64       4  484710 1933893  4897948  900617910821524 3363612 3541098  3958892 10821524  3057153  2067979 4564786 10821524
              64       8  614542 2772930  6421025 12902017 9318832 4207076 4897948  4564786 12902017  4564786  2689580 5283570 15972885
              64      16  297664 2203800  7100397 2096219115972885 5283570 4897948  5860307 10821524  3791156  4274062 6421025 20962191
              64      32  789967 3406295  9006179 2096219115972885 5860307 5283570  5735102  9006179  3738358  5735102 6421025 15972885
              64      64  743988  673098 12310336 20962191 4018152 5283570 4897948  5389653  4988978  5389653   111903 5860307 20962191
             128       4  710329 2558895  5545860 11720614 7917784 4135958 4717434  4135958  8036304  2920861  2714132 5379161  9795896
             128       8  870405 2969325  6406138 1420079411720614 5325799 5122535  6045455 14200794  3445772  3053774 5784891 16365173
             128      16  985435 3124872  5847904 1147020412842051 5545860 5122535  6406138  9129573  3657016  3277486 5325799 10779307
             128      32 1076312 3982553  7082197 1863766414200794 3297617 5603747  6406138 11720614  3359523  4596273 6406138 15881078
             128      64  902598 3657016  9129573 1588107816365173 5847904 5847904  6406138  9129573  2286447  6114306 6406138 16365173
             128     128  889145 3468030 12842051 1588107814200794 5325799 5603747  5603747  6114306  1755594  3053774 5603747 12542043
             256       4  930608 2984226  5569035 12812277 9868433 4197489 4496299  4840911  7735574  3557725  3197509 5320671 11695808
             256       8 1049800 3756894  6107548 1495343512812277 4332998 5687020  6936061 11207494  4840911  3823789 4734192 14353744
             256      16  985259 2783115  6554972 1516462413454450 5022044 5810112  6554972 14953435  4929815  3823789 6213578 14353744
             256      32 1224606 3667079  6891544 1495343514164395 5455847 6107548  6719046 12812277  4907284  3810220 5810112 14164395
             256      64 1148625 3935921  7518900 1495343514164395 4929815 4907284  6249745 11207494  5320671  4929815 6073004 15164624
             256     128 1173737 3879045  8534922 1435374413454450 5687020 4264168  6249745  9192546  3123106  3605511 6107548 14164395
             256     256 1108314 3368013 12228612 1281227712812277 5117791 5320671  4929815  5971678  5217259  2582316 5569035 13454450
             512       4 1007827 3064306  5886650 11943357 9681823 3849877 4262523  5214798  8844453  3201349  1968713 2722449  8394979
             512       8 1303238 3768799  6319739 1414626512215097 4571003 5807059  6652558 11374040  4650188  3527371 5951911 13522711
             512      16 1347393 3459188  6395018 1424006913109944 4375425 6086873  6909408  7540170  4296637  3604335 6018636 13872122
             512      32 1302447 2975154  6652558 1004408913109944 4237291 4973263  5822804 13109944  3201349  2560168 3710197  9145790
             512      64 1180062 2845081  7022379 1462806713872122 5551840 4411377  6472112  9304292  2942541  2235086 5822804  6571132
             512     128  746222 1625889  6931711 1424006913109944 6174377 5265948  4827914 10911694  4375425  3259661 5384786 13438092
             512     256 1319250 3634839  7758090 1279744111877300 3905895 3736016  3220553  7513788  3736016  5331314 4447925  9145790
             512     512 1066910 3527371 11374040 1279744112797441 5019764 5760329  5079126  3550700  5331314  2548017 5684095 12499490
            1024       4 1077836 2798378  5226256 10255274 8593274 3390391 5175871  5564829  7590887  3955557  2805690 4854136  9743447
            1024       8 1248607 3046495  6128613 1442204512208350 4317393 5144870  7020149  7356843  4415030  3570790 5917516 12639479
            1024      16  412588 1573360  3941039  6208343 5390231 3151562 3567824  3518141  5950309  2024203  3130886 4876180 12208350
            1024      32  801328 2448941  3877004  7941793 7811791 2565989 3696803  5144870  3506651  2837198  2216407 3764854  7941793
            1024      64  709700 2370545  3655895  6918376 8680108 3425544 3483896  4614246 10454984  3012308  2236023 4304412  9064828
            1024     128  698959 2156318  4356809  7008693 8768716 3133170 2490116  3863055  1614767  2859868  1812371 4720752 12037272
            1024     256  367285  761410   970656  2529716 8750850 2300703 4700088  6128613  8262639  3923040  2534194 3324778  8822754
            1024     512  803127 3112733  5336651  8750850 8750850 3249318 3849207  3821805  4898425  3271594  3866533 3941039  4265934
            1024    1024 1102176 3591693 12492426 1330511613102174 5821271 5444898  3208058  5758828  5885083  3671521 5529011 12983353
            2048       4  892386 3219850  5659442 11900619 9796850 3663388 5293261  5970183  6284678  4040790  2365196 5032754  5916724
            2048       8 1065642 3630870  6359119 1303864612187663 4603874 5836323  7336772  9140117  4686767  3806235 5884299 13467949
            2048      16 1414491 2562778  5933071 1218766312654482 5280246 5769681  5521212  8903279  4807425  2712491 6041567 12327589
            2048      32 1313685 3179330  4709895  5626082 8390200 4014352 4864597  7874853  9228493  5156624  2745435 4886737  7065219
            2048      64 1119092 4223576  6340344 13660713 8565901 5953632 6359119  8456277  5674397  4971585  4293237 5920802  6895083
            2048     128 1284993 2947000  5769681 1170600613301113 6225466 3828288  7207495 14040298  3549844  2708215 3715681  5852228
            2048     256 1285763 3215029  4853603 11770166 7817519 5689430 5359311  5475461 11187641  3007884  4223576 5769681 11440955
            2048     512 1237420 3953383  6523312 1169007612187663 5535444 5319484  6583305 10096235  4330028  3561619 5433896  8830061
            2048    1024 1084203 2343259  6092991 10660056 6024617 2181401 2951050  5389574  7969835  4490751  4559883 5644567 10555264
            2048    2048  706710 2211731  4511980  4469720 4751580 2734075 4240255  3819776  4170264  3991965  3771144 4056054  4472047
            4096       4  836255 3088901  4183268  4971306 6585338 2830382 5178081  5238075  3980686  3258820  2625764 4505833  5095153
            4096       8 1268466 2743596  4575434  7261741 8552280 3427880 4875373  5527974  4442909  2989984  3163410 5902100  5490871
            4096      16 1255672 2976515  5867831  6595451 9222577 3530734 6049663  6077484  6420447  4399673  2642729 4723889  5178081
            4096      32 1277617 2936325  4698053  6041154 9086004 3810292 4965558  7612471  6291135  4157956  3427880 5340661  7656576
            4096      64 1265011 2771033  5397712  5438722 8047509 4761860 6122971  6302675  7339297  2888923  2944377 4344048  7061751
            4096     128 1314872 3462422  5969780  6493246 8752710 4249491 3381993  8047509  7572208  3949571  2972395 4352854  6737716
            4096     256 1358005 3009363  4659824  6978564 8324363 4145915 4899008  7158858 13258059  3767675  2471992 5674032  5572803
            4096     512 1189263 3088901  5659080  4581535 4648477 2618960 4180214  5867831 11609543  3949571  2727047 5339001  4664886
            4096    1024 1055092 2035817  5461198  6430059 6649056 3686820 3425146  2605455  6861502  3624593  2913419 3268741  5312585
            4096    2048 1030659 1680214  5184332  3580776 3459633 3178040 5151685  4289813  5988509  2703445  4192455 4526013  5411313
            4096    4096 1051026 2539220  3500519  4530788 4132949 2799480 3571100  2844440  3720353  2366436  2824797 2748864  3596518
            8192       4  820104 2402475  4295608  4757117 3919746 2150735 4366576  5175590  4147820  2526115  2473381 4563770  5069448
            8192       8 1030437 2679789  4131362  4309076 4638941 2963628 5826839  6239504  5088216  3401682  3031882 4738094  5708730
            8192      16 1441759 3191562  4732873  4852518 5129233 2832670 5047850  7550253  4584473  2823823  2979046 4902367  6439465
            8192      32 1507018 2910163  5708730  5626466 6196743 3817406 4346140  6989645  4309076  2627332  2931016 4905866  5214074
            8192      64 1485710 3154351  5261179  5244315 6575012 3806833 5069448  8275854  4563770  3436040  2982148 4591825  5483690
            8192     128 1268270 3831881  4483963  4139325 5414558 3389267 5728718  8062248  5626466  3440513  2877264 4343393  5992483
            8192     256 1263606 3848189  5588034  5569014 5717279 4011735 4430767  6287458  5016894  2993059  2672702 5110162  4699856
            8192     512 1263420 3831881  4581417  4476368 5545644 4011735 5461897  7191531 12338289  3718664  2894717 4890505  4662231
            8192    1024 1043296 2285042  4878700  3597574 5244315 3588182 4047176  6420214 10393756  3300391  2284434 4476368  4737440
            8192    2048 1014854 1915813  3940424  5720134 5053047 3223903 3782110  3913942  3728348  2519078  2643503 3139938  3133924
            8192    4096 1026681 1943995  3949937  4259926 4143318 2587562 4160376  2542377  3126794  1550613  2968237 3081920  4209820
            8192    8192  937719 2444522  4199016  3803041 4079854 2529090 3369657  2678744  3819104  2495295  2708091 3600968  3084410
           16384       4  834512 2430155  5698696  5653687 4329929 2034516 4725974  4813027  3263838  2206308  2673201 4985884  5011701
           16384       8 1216062 2690259  4797571  5423449 4553429 2587153 4989142  6939394  4206420  2637497  2947208 5316044  5096067
           16384      16 1272446 2763391  4640133  6090637 6052550 3009549 5548244  7457506  5487108  1889724  3576381 5078742  3060618
           16384      32 1228278 1181684  5906370  6250745 5986118 2781173 5459210  7964884  6379568  3676056  3100666 5772899  6070729
           16384      64 1324487 2972963  5708638  4766953 5520166 3768175 5887143  8555918  4863096  3373263  3204929 5962227  6152804
           16384     128 1289155 3823738  4612724  4649237 5001488 3618375 6047756  7285157  3835261  2741672  3477036 4969299  4553731
           16384     256 1342287 3763016  4919847  5895729 5915013 3940380 4933268  6313919  5826249  3489572  2897257 4476603  5853544
           16384     512 1273932 3764665  5516621  4930437 5578420 3933614 5066012  6499029  5264728  2970265  3264303 4566137  4905448
           16384    1024 1148870 2470075  5239439  6198870 6145651 3575079 4850396  5643936 10569291  2480596  1814432 5365018  4914218
           16384    2048 1286741 1992977  3203136  3175164 3946037 2482836 5266745  4092928  2924755  2100754  2535043 3900126  3810169
           16384    4096 1062653 2062668  2921522  3300519 3741503 2346271 3443410  2980571  2886062  2304104  2513256 4089031  3602441
           16384    8192  721533 1008359  2900926  2736213 3244422 2700939 4040466  2854770  3813764  2123343  3009549 4162595  4275512
           16384   16384 1011237 2668426  3069916  4072553 3230998 1619298 3325274  2295024  3846855  2368591  2097292 2993033  2934120
           32768      64  796577 2230507  6200214  6548514 4453367 2903181 4463636  8007953  6245009  2332604  3562550 4565804  5953654
           32768     128 1291151 3695906  4670535  5870247 6130794 3550953 4668473  7577902  5250409  2985414  3418300 6243874  6245009
           32768     256 1323312 3775608  4562621  4771224 5509943 3575340 4339473  6742556  4419855  2656040  3401970 4508589  5142363
           32768     512 1370472 3213532  5926697  4606664 4473952 2949662 4433542  6667002  4555513  2430878  3405173 5613922  5372527
           32768    1024 1441236 3673580  3679776  4464361 4755046 3068395 3611510  6858297  3666915  1605336  1606837 3696701  3270268
           32768    2048 1188231 1840474  3014553  5421696 5127208 3012043 5270746  2161914  3497102  1625557  1460177 4683267  4874101
           32768    4096 1244514 1941123  2719796  3612744 4314408 2582380 2765270  2111203  2743686  1662323  1701971 2835090  4312242
           32768    8192 1305339 2727731  3326707  4365524 4375530 2709394 3162656  2889570  4174328  1801230  1839662 2736366  4332633
           32768   16384 1241445 2300472  3561350  3545914 3948963 2610188 3177940  2862786  2789007  1714968  3221139 2780937  3126113
           65536      64  864249 3415828  6043556  5638543 6264765 3351360 6088939  7958293  4404049  3208948  2233221 6004741  5369988
           65536     128 1364593 2591065  5834215  5705725 5464030 3415998 4210442  4312702  5078781  2856087  3269288 5587084  4499276
           65536     256 1397143 2751976  5401009  5660838 5510915 3690488 5628268  5606571  5390311  3234588  2051085 5653038  5707265
           65536     512 1315401 3090571  5571344  2175840 4809610 2933726 5472733  5753255  5603371  2096083  3222982 5872354  5351587
           65536    1024 1482406 3303550  5699809  4288212 5750727 2662441 4256142  3678683  4463114  2314219  3181685 4142297  5748803
           65536    2048 1085303 2606643  3184302  2965279 2920510 2205112 4761043  2714607  3022735  1624067  1337684 3054578  3217587
           65536    4096 1186558 2151537  2689533  2559508 2797204 2118294 2649609  1979164  4341584  1576335  2086267 3030567  4122541
           65536    8192 1266322 1997008  3945381  2656394 2765098 2044997 2562299  1572664  2275483  1368015  1973084 2831055  2827764
           65536   16384 1290077 2653727  4043463  2927290 4106528 2585849 3794989  2923212  2620285  1713010  1871766 4142859  2948770
          131072      64 1102316 2815422  5871840  5677781 5241869 2099540 3527336  8218213  5674382  2843337  2898091 6107189  6040754
          131072     128 1090930  783202  5766701  5893241 5501915 3187326 1431824  5746508  4343739  2254226  3025726 4404007  4655365
          131072     256 1359977 3386430  5629755  5699029 5770272 3178131 5124408  7279335  4556170  2706306  2388634 5524861  4225386
          131072     512 1221389  419195  5628775  5499823 5527917 3112386 2167945  6594500  5489718  2856648  1449029 5286886  5410832
          131072    1024 1104127  907794  5175789  5589175 5607361 3091402 5516490  6582892  5609535  2398702  2491858 5458811  5448855
          131072    2048 1208159 1218911  4779620  4947994 3785367 2471570 4541041  3762775  4995699  1789203  1764232 4050428  5053283
          131072    4096 1168242  723631  3646156  2708159 3581405 1589735 3658068  2834906  3928993  1848448  1851168 3901528  4088321
          131072    8192 1162056 2286078  4002712  4030503 4138549 2363191 3125516  2876663  3961924  1875775  1659415 3942744  4019129
          131072   16384 1127182 2256085  3921594  3983339 3847814 2260092 3603259  2624385  3296910  1968018  1104023 2152142  4111313
          262144      64  120589   93489  5082383  6118295 5709203   89115 5260045  8002221  5627589   126222   110352 4157245  5439012
          262144     128   73952   70820  5642722  5982701 5529774   75005 3607465  6033488  5145314   117790   122654 5354152  5910119
          262144     256  109052   64193  4477498  4055131 5101957   62025 4851639  7248182  5253486   115292    85015 5033660  5441812
          262144     512  137608   91960  4264932  5237445 5308065   90446 5032624  6733745  5357726   111715   102121 5080410  5584060
          262144    1024   98662   62230  5329652  5457261 5411493  111743 4469853  6570179  5372990    86019    89267 3296908  4562993
          262144    2048   95521   90541  4290478  5061490 4736460   66334 4280740  3006102  4814315   111677    60022 3334907  4741505
          262144    4096  110755   74948  3365562  3381678 3405887  110584 1345238  2753937  3920501    92370   111545 3621725  3981591
          262144    8192  113393   83746  3761202  4030190 4029377  127087 3228769  2194148  3438587   119331    78028 2828145  2645321
          262144   16384   77492  112973  3927012  4038019 3814003   90950 2590970  2582724  3923901    87545   140013 2590201  4092031
          524288      64   31044   74996  5381008  5732687 5679518   15895 3189121  7852762  5720175    69534    69166 5103008  5993982
          524288     128   77271   69937  5769143  5477649 5715433   24736 4845362  6548360  5349825    47400    69213 3462015  5644182
          524288     256   71974   55041  5161895  5416089 5311242   25502 4426163  7087546  5377691    67208    54805 5193543  5520803
          524288     512   75426   63898  5218810  5569589 3817803   52619 5288836  6986797  5424492    47087    50295 3429924  4770117
          524288    1024   74540   39886  5247917  5617393 5444652   54086 5294605  6734422  5589238    77171    55763 4696702  5223819
          524288    2048   70107   42137  4777890  3551487 5015233   34400 4593943  3439236  4793847    76498    63226 3092142  4719027
          524288    4096   71651   51548  3880511  4010000 4079488   71149 3300355  2637902  4005624    68799    50323 3852678  2563628
          524288    8192   54726   61445  2601874  3494274 3068472   41699 3995944  2816012  4135906    70231    37296 2357823  3961434
          524288   16384   76345   68669  2563705  3082468 3719776   40657 3417716  2210822  3384946    49585    78624 4024163  4107906

iozone test complete.
