	Iozone: Performance Test of File I/O
	        Version $Revision: 3.420 $
		Compiled for 64 bit mode.
		Build: linux-AMD64 

	Contributors:William Norcott, Don Capps, Isom Crawford, Kirby Collins
	             Al Slater, Scott Rhine, Mike Wisner, Ken Goss
	             Steve Landherr, Brad Smith, Mark Kelly, Dr. Alain CYR,
	             Randy Dunlap, Mark Montague, Dan Million, Gavin Brebner,
	             Jean-Marc Zucconi, Jeff Blomberg, Benny Halevy, Dave Boone,
	             Erik Habbinga, Kris Strecker, Walter Wong, Joshua Root,
	             Fabrice Bacchella, Zhenghua Xue, Qin Li, Darren Sawyer,
	             Vangel Bojaxhi, Ben England, Vikentsi Lapa.

	Run began: Sat Oct  5 15:04:44 2013

	Auto Mode
	Command line used: iozone -a
	Output is in Kbytes/sec
	Time Resolution = 0.000001 seconds.
	Processor cache size set to 1024 Kbytes.
	Processor cache line size set to 32 bytes.
	File stride size set to 17 * record size.
                                                            random  random    bkwd   record   stride                                   
              KB  reclen   write rewrite    read    reread    read   write    read  rewrite     read   fwrite frewrite   fread  freread
              64       4  555990 1363961  2892445 10821524 7100397 2133730 2467108  2772930  8182586  1991276  1526887 2444640 12902017
              64       8  735831 3022727  4897948 3438968815972885 4988978 4274062  6421025 15972885  4897948  3363612 5860307 20962191
              64      16  889431 2662899  5735102 1290201710402178 4564786 1828508  5283570  7940539  3203069  3363612 4564786 22737791
              64      32  686877 1526887  7100397 2096219115972885 5860307 3203069  5860307  4018152  4018152  4564786 3738358  4564786
              64      64  939223 1562436 15972885 2096219115972885 5860307 4897948  4564786  3791156  4274062  1828508 3541098 15972885
             128       4  739689 1067750  5122535 1284205110567140 4557257 3297617  5325799  2969325  4135958  2905056 5545860 12842051
             128       8  789741 1939522  4267461 1588107812842051 5325799 3895854  6406138  6114306  3560017  3036502 5325799 15881078
             128      16  809997 1778862  4135958 1458662514200794 5784891 5122535  6406138  7582312  4934216  3380677 4759253 11720614
             128      32  853794 2511022  4267461 1636517315881078 5784891 3445772  6727225  4596273  5122535  3982553 3895854 14200794
             128      64 1196221 3199360  7476717 1147020414200794 5847904 5325799  4934216  7082197  3759450  5325799 5545860 11470204
             128     128 1231904 2511022 11720614 1801235914586625 3199360 5325799  5603747  3867787  5847904  2367096 5847904 14200794
             256       4  383779 2458168  6073004 1281227710245071 4496299 4070199  5687020  9868433  4404088  3159869 4281170 12090911
             256       8 1031644 2480886  6107548 1607260812812277 5428265 4404088  6936061  4672389  4929815  3285566 6249745 14164395
             256      16 1089202 2842047  6554972 1607260813454450 5810112 4572895  7314033  5242734  5022044  3368013 4477549 14353744
             256      32  740100 2557711  5810112 1495343515164624 5841722 4009406  2045979  4734192  5569035  2783115 4572895 15164624
             256      64 1089202 2719671  8271916 1709624914953435 6249745 4572895  7314033  8815202  5347168  4422226 4652146 14353744
             256     128 1137672 3326279  7791708 1583556914353744 6073004 5938650  6554972  8815202  1274008  5217259 5117791 14353744
             256     256 1260547 3705040 12812277 1345445013454450 5971678 5938650  6073004  4819184  5810112  4652146 6107548 14164395
             512       4 1057974 2879414  5886650 1249949010044089 4296637 5177083  5807059  5684095  4131319  3580298 5453155 11374040
             512       8 1155302 2782414  6491676 1503780112797441 5278892 5822804  7115451  6414119  4973263  3905895 5127637 13522711
             512      16 1267097 3533174  6632013 1462806713522711 5384786 6086873  7435738  6395018  3437042  4420457 4532414 13438092
             512      32 1296159 2906696  6931711 1503780113783088 5951911 6174377  7647578  9638369  5227492  4163357 6018636 14628067
             512      64  926116 3437042  2796910 1424006912797441 5886650 6246213  7211022 14240069  1834193  4411377 6571132  2668325
             512     128 1239310 2600470  6999490 1462806713872122 6246213 5684095  7309196  7758090  5760329  5019764 5822804 10044089
             512     256 1062161 2277758  8140399 1319046912797441 6086873 5699180  6395018  8265729  4522868  6174377 5624545 12146009
             512     512 1264858 4305250 13109944 1352271112215097 4457157 5886650  6035551  6246213  5951911  4882800 5870558 13438092
            1024       4 1149061 3020783  6059442 12492426 9946527 4195100 5417427  5853003  7883484  4211554  3618930 5917516 10990032
            1024       8 1155864 3594699  6519323 1482016112639479 4715569 4339202  6244448  7269678  4215688  2877110 4674510 13142265
            1024      16 1029029 3591693  5251818 10429596 9220512 4410497 3751699  6830356 11018226  2774874  2503178 3436508 14230902
            1024      32 1129123 3447541  6441107 1423090213305116 5417427 4995276  7257394  6830356  4995276  2985091 5950309 13818817
            1024      64 1385560 3366474  6208343  839179213472053 5169641 6050905  7269678 10230845  4550690  3849207 5417427 13863422
            1024     128  980853 3149251  4741598  832671513102174 3483896 5500686  6025439 13305116  4265934  3229770 5536137 13472053
            1024     256 1141730 4079544  6963241 1203727212639479 5536137 5950309  6830356  8914314  5479632  5200941 6025439 12639479
            1024     512 1367037 2414523  4064103 1263947911773301 5390231 5991815  6199382  8061038  2918161  5950309 5821271 12071103
            1024    1024 1301187 4048778 12639479 1347205313142265 5853003 5917516  5958564  5885083  5821271  4720752 6016997 12790037
            2048       4 1023975 2245848  5884299  8036946 7207495 3792790 4231899  5674397  8128206  3792790  2771120 5689430  5119743
            2048       8  820526 2455806  6498636 1232758912488897 4686767 5953632  5020987  6608629  4611288  2698008 3297725 10555264
            2048      16 1450315 2324238  3592903 1177016612488897 3174630 4674016  4785996 10568250  3307884  3340040 3723735 11129659
            2048      32 1178348 2759547  4014352 11835033 7135648 5644567 4365235  7262337  5820505  3447273  2824887 5953632  6303124
            2048      64 1448358 1794877  2615051  1695335 1299377  937274 4923146  6523312  7042051  4550221  3297725 2662880  3447273
            2048     128 1363523 2429413  3246623 11246230 6696208 4376355 6185123  7846081 14840791  4403275  4061807 6132138 12398764
            2048     256 1141549 2406949  4772701  5107566 6340344 4509611 5644567  4785996 11706006  4663865  3530875 4864597  5689430
            2048     512 1397918 2495039  5920802  864347410713237 3084572 5689430  3611028  6092991  3806235  4663865 4204968  7368238
            2048    1024 1359854 3999400  5107566  934902110401883 5144271 4432815  4265523  7874853  2963266  5159722 5507054  5884299
            2048    2048 1257160 2295665  7135648  7636816 7419150 4223576 5345969  4259178  3536690  2450202  2329912 4207028  3235617
            4096       4  965388 2240811  4875373  4166022 5580043 2992067 4227532  5711761  4491697  2623759  2202037 5563779  6714018
            4096       8 1013872 2600329  4535572  4952675 6263611 2618960 3646906  6815229  7111444  3621537  2830848 1033263  6096896
            4096      16  958547 2459958  5327412  5204750 5681538 4067390 3814522  7380284  4643451  4263200  2494244 4597474  5217395
            4096      32 1071143 3253266  6186918  7355007 8127459 4240052 4990078  7683972  7301864  4516494  3961410 6281934  7728911
            4096      64 1416802 3934195  5382492  6024207 5603704 4602401 6186918  8062616  8032459  4566920  3546770 6186918  7085049
            4096     128 1277617 3114661  6041154  7447471 9183139 4325455 5902100  7099689  7434579  3849566  3580776 5306022  7173805
            4096     256 1224875 3310948  5706070  6905631 8308260 4471821 5506711  6672297 12997272  3341213  3549702 5704175  6772244
            4096     512 1463884 3269363  6131713  6987078 8344580 4339659 5603704  5587302 11570449  3799338  2661150 5089116  5769304
            4096    1024 1242684 3757786  6575257  7146945 7004170 4284464 4864330  5032468 10166771  4125010  3938705 4526013  4597474
            4096    2048 1242684 3021005  5818150  6043279 5519094 3324403 5114874  3474326  4846491  2071909  2840678 4457897  4869845
            4096    4096  798439 1187947  3879120  3713116 3802702 2503695 3813675  2506617  3706707  2106975  2752387 3670280  3379997
            8192       4  619107 2727871  5003744  5450634 5152307 2534688 5010310  5417973  5210911  2931016  2967980 5305863  5732541
            8192       8 1320674 3368665  5948908  6470997 5732541 3022813 5765244  7468200  5958192  3449147  3376942 5872650  6032463
            8192      16 1214519 3608910  5966469  6490555 5919188 3433293 5940679  7142200  5784656  3631414  3732398 6321001  6135880
            8192      32 1444001 3864202  6063334  4295608 4362141 2453424 6205696  7900959  6414221  3678455  3591182 6001904  6480761
            8192      64  963650 3803462  5884720  5164698 6455193 3901055 5864631  7243074  6585093  3455043  3549630 6331484  5867636
            8192     128  968895 3884297  5672914  5764277 6215800 3940424 5664497  8134781  6230453  3725519  3578839 5580773  6164502
            8192     256  955769 3723500  4847725  5653313 5915112 4055775 4678100  7301563  6127127  3216359  3589681 5241116  5557305
            8192     512 1408081 3731993  5584401  5876668 6177802 3663551 5432536  6606618 12316176  3421669  3591558 5516264  5896839
            8192    1024 1301564 3519092  6077276  5769116 6205696 3886054 5724900  5649594 11359320  3358786  2529090 4813093  5689823
            8192    2048 1196419 2975692  5516264  5572627 4917099 3309929 5007390  4071152  6415419  2784463  1389855 5171695  5211701
            8192    4096 1145103 2126115  4469381  3018564 3013799 1825722 4368796  2971317  4205183  2553714  3138791 4293461  4186227
            8192    8192  824987 2618123  4201070  4201070 4456628 2818958 4359373  2445392  4295608  2705319  2859307 4421075  4237859
           16384       4  722588 2746712  3948985  5612591 4507434 2299555 4900900  5507336  4753105  1702249  2557974 5373828  5419600
           16384       8 1255682 3020662  6217941  6179917 5227880 2794973 5470509  6453256  5554073  2979925  3223269 5224700  6180472
           16384      16 1320644 3335442  6140708  6258145 5728625 3050970 1238215  4350488  3912116  3051648  3221305 5975188  6029713
           16384      32 1259341 3561737  5217956  5889161 6063765 3656301 6048288  7634813  6017042  3509891  3010604 6129206  6101994
           16384      64 1325356 3566358  6159422  6429708 6061626 3814822 5881097  8384712  6150051  2990819  2844843 6147850  5876570
           16384     128 1337688 3523388  5527714  5977786 5416182 3753561 5808029  6904533  5834658  3453620  3255951 5822300  5843092
           16384     256 1359898 3411783  4653330  5191545 5370049 1783586 4992404  6154457  5089650  2866320  3423340 5461379  5698696
           16384     512 1324283 3674483  5736755  5853544 5883111 4048321 5686906  6764523  5552278  3269583  3134468 5582045  5777267
           16384    1024 1319148 3543189  5814418  5936474 5874561 3705192 5582045  6646751  9991482  3222513  3175164 2031990  5495884
           16384    2048 1140310 2944177  5221128  5473995 5108948 3293875 2179923  2202419  3871562  1674581  2442160 5055205  5149144
           16384    4096 1211752 2533455  4341418  4367909 4323936 2648067 4246712  2927246  4289121  2603522  2527956 4207450  4264633
           16384    8192 1136745 2624001  4268872  4235718 3811860 2681128 4234674  2839084  4075693  2438780  3302581 4255390  4281105
           16384   16384 1172471 2623100  4255390  4063642 4244351 2464494 4287783  2863334  4150026  2826240  2852282 4249075  4357385
           32768      64 1011645 3118947  2928544  4285084 5008013 2628810 6137638  7448940  6231983  3292281  3585132 6458049  6278673
           32768     128 1352149 3710975  6084922  6036813 5917001 3444947 5355152  7783467  6116878  3193743  3649002 6182643  6101941
           32768     256 1397777 3181987  5785245  6001489 5813140 3845973 5696761  7366692  5791583  3314912  3566063 5714763  5793537
           32768     512 1369557 3760011  6043449  6077119 5838080 3834706 5904291  6880959  5436064  3314193  3527258 5832629  6022528
           32768    1024 1242579 3623125  5922100  6067193 6031250 3817875 5342039  7057631  5861984  3062378  3052109 5894668  5798670
           32768    2048 1323426 2912718  5426834  5324654 5414434 3155612 5328163  4132159  6943884  2245778  2330745 5156254  4171034
           32768    4096 1236108 1727079  3436935  4324181 4223198 2751541 3599687  2921013  3527620  1988588  2272890 3796152  4455099
           32768    8192 1092816 2714585  4289497  4349360 4418434 2546636 4320104  2900608  4332633  2500262  2531905 4267256  4420281
           32768   16384 1002079 2688776  4146245  4316169 4354045 2663658 4281746  2700080  4386003  2529948  3072785 4266593  4043415
           65536      64  981139 3639089  6324585  6445300 5947574 3379211 6278646  8104953  5848863  3317425  3625553 6323421  6097043
           65536     128 1368928 3621589  6136927  6161136 5949763 3240345 6019074  7917718  5895655  3263737  3644299 5937938  5865087
           65536     256  816301 2670355  5378393  5789364 5529985 2371828 5441746  6587719  5592768  2981490  3185520 5688485  5603371
           65536     512 1238167 3557101  5724141  5606686 5398357 3595910 5632189  5801706  5657459  3078560  3365104 5803175  5841033
           65536    1024 1350785 3379003  3694456  5626425 5386298 3621970 5863961  5292341  5052084  2808378  3139172 4619423  5081128
           65536    2048 1190092 3059134  5226530  5362131 4946444 2812947 5179553  3606620  4937914  2078930  2216814 5330727  5305314
           65536    4096 1213022 2632178  3238284  3549981 3373653 2497373 4169250  2717774  4067035  1995008  2196759 4374612  4279800
           65536    8192 1182230 2493001  4331800  3354100 2972430 2550058 4281666  2682499  4295450  1730361  2295569 4314666  4058448
           65536   16384 1191759 2560891  4328662  3763192 2682918 2231101 4312161  2812343  4359210  2403035  2600011 4254232  4073061
          131072      64  915780 2563109  6133695  5655062 5604960 2881337 5937541  7691495  5525583  2634825  2887178 5945118  5719663
          131072     128 1232390 2896366  5792463  5667012 4085647 2816764 5519037  7833086  5422253  2540346  2961012 5701985  5707727
          131072     256 1283936 2937784  5623248  5323387 5437108 2827819 5588209  6729220  5604502  2455540  3018284 5780951  5572575
          131072     512 1303731 2930486  5750054  5459299 5463639 2882788 5534651  5760356  5106653  2102471  2713090 5665494  5341801
          131072    1024 1204419 2365153  5674090  5519259 3625477 2633399 5622731  5104472  5620604  2437370  2497790 5567778  5421398
          131072    2048 1143065 2468917  2689544  5007530 4684841 2411180 4960360  3414827  4807667  1826383  1924532 4802962  4773354
          131072    4096 1108741 2191844  3969590  3713090 3424399 2186213 4184923  2786158  4140513  1676673  1814496 4176942  4176910
          131072    8192 1085852 2197679  4206409  4346039 4316997 2216893 4118150  2729701  4067901  1759473  1926852 4017044  3976568
          131072   16384  966379 2243967  4106890  4372552 4287437 1193681 4115807  2228395  4332954  1736722  2033227 4116577  3710659
          262144      64  137219  131050  5902822  6252667 5896554   77861 5630096  5100087  4969458   122999   135430 4753641  5533615
          262144     128  138989  130906  4453685  5358745 4714304   94356 5383487  7611615  3902398   141866   140347 5479235  5708699
          262144     256  131100  137532  5175809  5499158 5309013   97730 4801427  7113596  4968986   152202   149757  980431  5197560
          262144     512  140294  119800  5267858  5543687 5546007  111492 5037050  6485998  4927434   161890   140861 5180515  5670806
          262144    1024  137531  137433  5243289  5493717 5531638  136553 4729533  4572462  4464227   144430   140361 5354256  5453039
          262144    2048  134794  133668  4605326  4660017 4572062  129279 3185966  3326371  4507436   137111   143185 4231465  4333890
          262144    4096  143589  128515  3897708  4068967 4025792  168932 3865343  2712641  4116389   136471   139064 3938942  3999943
          262144    8192  139877  132319  3887070  3885216 3887290  155509 3951214  1845952  3951285   162956   154599 3872095  3509197
          262144   16384  147451  142089  3831066  4009175 3875684  141637 3973978  2759909  4033723   158323   148150 3345256  3540053
          524288      64   53237   81761  5911530  6191034 5724225   23420 5553961  6484292  5664114    84251    82070 5214454  5828209
          524288     128   85653   79523  5652699  5629214 5530341   39437 5635200  7863798  5761268    82990    82432 5691852  5939857
          524288     256   83523   77542  5516081  5576397 5521912   56131 5337023  7029972  4994411    84438    82198 5539983  4838028
          524288     512   87136   76808  5345624  5597661 5465424   59837 5638104  5023263  4893898    86558    82680 5449860  4315086
          524288    1024   87240   77187  5502995  5083121 4964665   59659 4860774  5339083  5076186    88766    83918 5350358  5523063
          524288    2048   86082   79699  4591890  4622372 4619032   67237 4541495  3316097  4687881    87589    84338 4868533  4440113
          524288    4096   85908   80813  3803763  3303598 3706447   88625 3759580  2586225  4013440    89000    84485 3861839  3788840
          524288    8192   85392   81509  3852874  3380347 3116309   89884 3561766  2654918  3895994    90962    87157 4016115  3729302
          524288   16384   85517   78416  3886808  3959430 3631934   85762 3920003  2725287  4109418    95062    91887 3913473  3697504

iozone test complete.
