	Iozone: Performance Test of File I/O
	        Version $Revision: 3.420 $
		Compiled for 64 bit mode.
		Build: linux-AMD64 

	Contributors:William Norcott, Don Capps, Isom Crawford, Kirby Collins
	             Al Slater, Scott Rhine, Mike Wisner, Ken Goss
	             Steve Landherr, Brad Smith, Mark Kelly, Dr. Alain CYR,
	             Randy Dunlap, Mark Montague, Dan Million, Gavin Brebner,
	             Jean-Marc Zucconi, Jeff Blomberg, Benny Halevy, Dave Boone,
	             Erik Habbinga, Kris Strecker, Walter Wong, Joshua Root,
	             Fabrice Bacchella, Zhenghua Xue, Qin Li, Darren Sawyer,
	             Vangel Bojaxhi, Ben England, Vikentsi Lapa.

	Run began: Sat Oct  5 15:04:44 2013

	Auto Mode
	Command line used: iozone -a
	Output is in Kbytes/sec
	Time Resolution = 0.000001 seconds.
	Processor cache size set to 1024 Kbytes.
	Processor cache line size set to 32 bytes.
	File stride size set to 17 * record size.
                                                            random  random    bkwd   record   stride                                   
              KB  reclen   write rewrite    read    reread    read   write    read  rewrite     read   fwrite frewrite   fread  freread
              64       4  496362 1163036  3203069 1231033610821524 4274062 2801873  4897948 10402178  3588436  2772930 2801873 12902017
              64       8  598110 1421755  4018152 1290201710402178 4564786 3203069  5860307  5860307  3057153  1734015 3057153 15972885
              64      16  647135 4018152  5860307 12902017 9318832 4018152 2772930  4274062  4274062  3363612  3541098 5283570 10821524
              64      32  674790 1648808  6271021 1290201712902017 5860307 4988978  4564786  3541098  4988978  2203800 5389653 10402178
              64      64  763021 1638743 10821524 1597288512902017 5735102 4897948  4988978  5735102  4564786  1526887 5735102 12902017
             128       4  800337 1684006  4135958 10779307 9977956 4557257 4934216  4135958  3445772  4104338  2727923 4407601 10567140
             128       8  852438 2420455  4267461 1420079412542043 5379161 3359523  6727225  6114306  3445772  2248149 3895854 14200794
             128      16  908709 2066432  5603747 1284205114200794 5545860 5122535  6406138  4267461  5122535  2132084 6727225 18637664
             128      32  848397 2248149  4557257 1801235915881078 6114306 3560017  6727225  4267461  5603747  2784517 5545860 15881078
             128      64  919605 2367096  7476717 1458662515881078 6406138 5784891  6727225  8548124  4557257  4557257 3895854 16365173
             128     128  955616 2367096 10779307 1801235914586625 6406138 3468030   853794  3867787  6114306  2511022 4267461 16365173
             256       4  927393 2588541  5810112 12090911 9868433 4572895 5242734  5569035  4281170  4422226  2842047 5687020 12228612
             256       8 1062263 2699161  5142301 1495343512812277 5569035 5810112  7120034  4422226  5022044  4054829 5971678 15164624
             256      16 1147398 2665657  5971678 1495343513454450 6107548 5242734  7314033  5022044  5320671  3285566 6249745 14164395
             256      32 1147398 3368013  5938650 1495343514164395 6554972 6398720  7518900  4840911  5569035  3994490 6249745 14953435
             256      64 1152323 2975955  6554972 1583556915164624 6761355 2045979  7735574  5428265  6107548  5428265 5687020 13625180
             256     128 1066483 3114048  7965107 1607260814164395 6595234 4819184  7120034  6554972  5022044  7073132 6073004 14953435
             256     256 1267990 3756894 12812277 1416439512812277 6249745 5971678  6249745  6249745  6249745  3667079 5841722 14164395
             512       4 1040545 2597325  5886650 12215097 9859630 2560168 5384786  5760329  5744919  4375425  3580298 5760329 11620224
             512       8 1239310 3556580  6472112 1424006912215097 5331314 4927617  7309196  6652558  5164632  4375425 5624545 13522711
             512      16 1282994 3284589  6652558 1462806713190469 6104175 6319739  7647578  7540170  5384786  2509312 6652558 14628067
             512      32 1042566 3934520  6395018 1503780113872122 6472112 6472112  7871843 12797441  5744919  4827914 5509113 14628067
             512      64 1340664 3736016  7211022 1547114914146265 6246213 5115422  8140399  7871843  5951911  4827914 6821616 15037801
             512     128 1299295 3815675  7410080 1462806713872122 6652558 6174377  7620440  9145790  6035551  5439343 6395018 14240069
             512     256 1372364 2405320  8265729 1310994412797441 6414119 5624545  6174377  7309196  4532414  6632013 6018636 13190469
             512     512 1383861 4375425 12797441 1352271113109944 6228097 6018636  3029721  6174377  6156675  4961773 6156675 13438092
            1024       4 1029029 3160839  5885083 11773301 9569770 4249053 4943530  5652717  6963241  4321737  3671521 5751117 11520658
            1024       8 1270397 2737730  6559147 1442204512492426 5330028 6208343  7472033  6744549  5277632  4321737 6519323 14422045
            1024      16 1367473 3835457  4095102 1423090212983353 5983467 5564829  7644933  4898425  5330028  4474829 6519323 13998981
            1024      32 1217806 4178773  6479979 1466831813863422 6519323 6650556  8137402  8610501  5690162  4700088 6787181 14618393
            1024      64 1495042 4339202  7008693 1529515714422045 4178773 5789881  8262639 12492426  3849207  4694950 5660167  6402699
            1024     128 1265531 3066069  6830356 1442204514044758 6733974 5917516  8122014  5751117  5782087  4741598 5690162 13998981
            1024     256 1457004 4265934  7020149 1298335312790037 6364746 5958564  7066349  9485232  3748425  5144870 6093831 12944224
            1024     512 1484193 3160839  8310603 1326402613142265 6244448 5917516  6650556  8326715  3345496  6830356 6025439 13142265
            1024    1024 1287921 4470172  5991815 1347205313264026 6128613 3345496  4762630  6093831  6128613  3469823 6172653 13102174
            2048       4 1181753 3140967  4559883 10555264 9610516 4073364 5403134  5670651  5754221  4330028  3696494 5836323 10339282
            2048       8 1299574 3929871  6464402 1265448212488897 4957240 6041567  7582884  8866519  5020987  4347560 6440169 12118884
            2048      16 1348327 4301837  6459541  829299813058467 5293261 5820505  7556202  8229438  5345969  4569586 6167360 12398764
            2048      32 1501525 4432815  6759439 1321923513836752 6243566 5916724  7874853  6738230  5549749  4581773 5172149 12561952
            2048      64 1382840 4421406  6608629 1321923514514788 6543188 6675393  8159088 12635867  5626082  4481379 6132138  7562855
            2048     128 1201926 4423683  5131978 1256195213836752 6563185 6114678  7940367 13748169  5238385  4451191 6298503 12398764
            2048     256 1340333 4521480  6397004 1088979712710657 6132138 5953632  7262337 10452512  4911886  4481379 5970183 11129659
            2048     512 1444461 4031308  5277002 1185136112729493 5953632 6003564  6895083 10240672  4937295  4818211 5900467 11260973
            2048    1024 1513696 3624742  7969835 1183503311626784 5640860 5884299  6459541  8284999  3915540  5611381 4751580  9808036
            2048    2048 1132220 3717289  7036283  7698414 5549749 4267642 5389574  4490751  4327846  4293237  4154130 5416763  6984790
            4096       4 1100229 2940345  5642353  5926533 6930704 3202328 5211065  5069594  5468151  3664018  3456153 5620203  6669706
            4096       8 1321649 3349029  6213770  7542289 8501494 3477139 5841891  5883908  7024216  3904688  3937802 6186918  7418527
            4096      16 1414818 3664018  6291135  7612471 8906998 3643812 6103394  6690486  7380284  3942321  3803543 6351609  7599002
            4096      32 1383375 4176149  6370451  6254490 9042961 3945943 6077484  6311938  7642951  3831537  4076076 6410863  6370451
            4096      64 1405673 4257917  6512939  7831080 7111444 4876757 6339889  6953144  7460407  4192455  4149921 6420447  7670249
            4096     128 1498749  713455  5902100  4209920 4179197 2776856 3663236  6490793  3676563  3444374  2506617 6030551  7339297
            4096     256 1458169 3802702  5418140  6815229 8077780 4176149 4899008  7237268 13217259  2537719  3693161 5751920  5894001
            4096     512 1227852 4116116  6225028  7123239 7529067 4556020 5761565  6872481  9081201  4117102  4016047 5784846  6669706
            4096    1024 1474438 3589754  5666546  5125556 4226492 3112404 5698499  5859825 10263956  3789282  3537277 5580043  5265366
            4096    2048 1377275 3133979  6094733  6195843 5672159 3368730 5165626  4208889  6131713  2752387  3897601 4576653  5512011
            4096    4096 1217928 2741407  4751325  4725189 4664886 2824797 4607338  2888438  4288742  2805423  3103408 4698053  4617244
            8192       4 1105852 2909178  5244315  5248321 4804344 2613940 5129999  5558204  4847725  3075025  3017504 5435974  5454094
            8192       8 1340773 3350598  6192276  5821902 5607184 2999853 5333867  7656244  5983092  3484475  3247058 5821902  5888754
            8192      16 1371273 3592684  6311712  6040947 6350207 3349292 5970616  7591960  6224809  3389267  3373958 6302451  6054786
            8192      32 1381473 3728753  5966469  6201216 6568727 3804725 5785631  8175428  5927357  3554036  3708229 6301295  6054786
            8192      64 1432682 3852936  5793435  6040947 6775991 3994479 5765244  7419818  6331484  3543042  3766356 6310553  6085887
            8192     128 1238420 3867682  6117309  5748846 5740202 4277426 6001904  8291831  5880691  3917958  3644124 5607184  6168929
            8192     256 1443273 4059608  5847664  5520695 5736369 4293461 5347148  6732179  5736369  3375284  3641034 5414558  5580773
            8192     512 1446859 3901055  5603526  6155667 5814021 3578839 5454094  6611703 12391686  3696660  3540122 5323125  5923270
            8192    1024 1479759 3654200  5669170  6395120 6192276 3930957 5268439  5010310 11554130  3255981  3273040 5227560  5897851
            8192    2048 1305470 2963628  5078440  5282208 5382328 3305789 4763052  4116513  6496691  2795791  2765637 4844991  5044145
            8192    4096 1264629 2712581  4293998  4275829 4341746 2651254 4306915  2887662  4496285  2476412  3324662 4224832  4309076
            8192    8192 1184336 2460099  4318282  4229512 4493932 2861450 4158362  2823823  4186227  2577662  2819883 4255705  4293461
           16384       4 1119888 2727958  5330063  5216372 4411370 2318720 4967862  2674970  4657430  2573685  2456389 5400009  5448821
           16384       8 1265253 3201346  6012304  6159422 5412770 2726551 5667209  7104399  5636067  3069779  3148831 2232180  5507336
           16384      16 1362378 3208071  6417099  6404540 6032360 3213772 3959451  5349148  4669138  2307276  3223269 4047368  4392478
           16384      32 1021884 1238304  5758869  5342079 5391113 2970265 4586862  5053718  4534799  2217701  2812245 5555870  5620854
           16384      64 1255384 3554001  5546005  5387732 5368371 3315808 3670950  8212365  5775325  3405527  3127905 5720994  4057404
           16384     128 1225168 3274101  5231462  5855539 5607095 3711796 3254101  6566722  5132606  1221227   750664 5434171  5396617
           16384     256 1419389 3574149  5808029  5756940 5567122 3865899 5622234  7170374  5787485  3334795  3566358 5074242  5746349
           16384     512 1382746 3831626  5445367  5818356 5851052 4045461 5740589  6795964  5803614  3306554  3491877 5742987  5698696
           16384    1024 1418891 3393586  5830698  5997088 5770960 3755407 5599328  7055528 12364497  3284115  2972449 5667209  5716711
           16384    2048 1251634 2970778  5212811  5263115 5036679 3035740 5158807  4162595  6603320  2370715  2460787 4961764  5173176
           16384    4096 1244990 2648985  4232588  4341144 4321760 2818473 3965163  1601897  3014434  2253924  2559593 4248025  4210802
           16384    8192 1219688 2634968  4161586  4332113 4323936 2670085 4138529  2957991  4186177  2458938  3341605 4142521  4300125
           16384   16384 1044372 2706790  4218298  4313892 4284575 2856906 4222704  2668012  4161586  2748910  2913224 4238069  4186177
           32768      64 1336112 3619976  6299393  6242740 6090854 3547836 5987110  7962949  6219011  3303518  3565600 6146697  6167383
           32768     128 1380521 3699288  5806754  6049035 5690864 3749650 5885077  8019635  5932068  3352267  3550586 5860984  5975137
           32768     256 1418215 3785591  5614839  5623339 5580414 3763408 5507293  7438861  5717616  3373247  3500487 5875517  5778192
           32768     512 1487099 3866422  6049301  5936424 6000441 3900437 5931812  7048221  6022528  3378554  3666133 5211191  6035752
           32768    1024 1469954 3884782  5716902  6168768 5898716 3972935 5929765  6756145  6029133  3087835  3305902 5943870  5985025
           32768    2048 1343111 3052990  5203693  5455917 5241199 3117745 2228517  4271101  7217747  2241164  2386763 5040337  5377993
           32768    4096 1299084 2743029  4469151  4464796 4292846 2789516 4459436  3110688  4471041  2275411  2382956 3981106  4408371
           32768    8192 1295887 2689196  4405545  4334956 4303735 2773417 4368993  3017333  4410210  2594029  2615602 4415595  4427543
           32768   16384 1289165 2779531  4316711  4347022 4269376 2759884 4283881  2951816  4332087  2049131  3453256 4312648  4437693
           65536      64  866535 3653891  6220251  6262339 5977841 3605816 6050207  8229925  5923351  3140499  3548835 6156444  6264765
           65536     128 1388448 3642513  5870724  5983436 5437763 3627611 5671584  7969830  5805872  3197340  3364239 5815084  5955048
           65536     256 1406897 3717338  5816068  5892369 5812010 3886144 5807835  7479506  5767983  3434265  3677060 5826918  5869219
           65536     512 1456161 3736998  5604171  5090915 4648955 3127030 5817053  7325622  5872354  3316424  3597746 5452757  5933068
           65536    1024 1330736 3808713  5849361  6044088 5920034 3894955 3838122  6722406  5516999  2206227  2125862 5658857  5809430
           65536    2048 1048156 2407454  4984927  5215423 5136387 2921007 4624319  3766389  4980682  2122481  2210396 5007357  5100077
           65536    4096 1221316 2213084  4126440  4225653 4135815 2633439 4131091  2945578  4139178  2044358  2155080 4228968  4388720
           65536    8192 1268157 2708562  4365025  4278667 4152811 2621009 4301903  2986770  4326074  2201703  2132575 4246477  4359210
           65536   16384 1284237 2726130  4244313  4328662 4380747 2775652 4090639  2997584  3263118  2511061  2665694 4298002  4218843
          131072      64 1235096 2991415  6075199  6272900 6046867 2851936 5948334  8154218  5864011  2771955  2954408 6114865  6149819
          131072     128 1295970 3073067  5838974  4843757 5831108 3048190 5913463  8428501  5843567  2796376  2956331 6074595  6232931
          131072     256 1355715 2993402  5521643  5677019 5604731 3087097 5470217  7154570  5539558  2770307  2526105 4344734  5337289
          131072     512 1057221 2863776  5627105  5705239 5688650 3139366 5573536  7099595  5709683  2807471  3176277 5859011  5927937
          131072    1024 1301065 3093211  5889327  6029623 5835069 3360061 5784296  7130906  5931647  2575284  2704083 5716452  5963756
          131072    2048 1219457 2557351  5209977  5298197 5266273 2628011 5089963  4043814  5244170  1912933  1843205 5146957  5229304
          131072    4096 1174080 2366140  4315438  4336851 4249917 2333024 4297861  2887876  4297592  1799376  1963534 4348480  4262340
          131072    8192 1153031 2278876  4145227  4200238 4206988 2328548 4186931  2883045  4138175  1868082  1964832 4181199  4134378
          131072   16384 1153783 1925604  3112386  3123740 3216322 1795919 4084403  2901180  4175197  2036896  2043817 4287604  4339145
          262144      64  151716  163186  5983515  6204295 5871865  122513 5736308  8634536  6157665   160628   150995 5974541  6303967
          262144     128  150664  159657  5594886  5987751 5737835  122688 5672532  8410437  5992287   154283   160853 5568872  5954577
          262144     256  135448  159576  5381958  5710834 5493141  131039 5317126  7388505  5730060   150221   154139 5451903  5686409
          262144     512  157511  158499  5516485  5041438 4914681  149740 5642375  6991599  5846326   158030   148316 5096116  5705855
          262144    1024  156242  152900  5488096  5775995 5769388  160945 5570650  7078470  5958353   141530   150816 5308065  5767996
          262144    2048  155902  154889  4861722  5076962 5058439  169751 4789944  3766162  5044515   160540   155193 4784004  5000557
          262144    4096  158172  156039  4133520  4130275 4157324  172766 4039443  2897616  4222608   165964   158575 4203993  4361950
          262144    8192  152942  153912  3514132  3576999 3593776  177572 4014210  2879819  4145021   145551   172310 4049441  4200556
          262144   16384  154599  148087  4120338  4191748 4043261  172486 4092290  3035339  4275713   191769   185457 3938942  3843642
          524288      64   65919   85710  6259552  6457633 6072019   25265 5702124  8221544  5930790    86037    88341 6073847  6202332
          524288     128   89731   86666  5835138  6025186 5719417   45762 4829114  6442234  5745058    88326    89965 5752617  5634045
          524288     256   87455   86421  5581988  5715552 5538169   57902 5234862  6067445  5549616    90946    81257 3077150  5136958
          524288     512   86148   86683  5609870  5798870 5717855   59886 5430051  7020837  5676762    89828    86519 5469189  5668771
          524288    1024   90093   85393  5262510  5368711 5199155   64782 4680009  6491681  5752858    88816    86394 5613665  5675516
          524288    2048   81762   85499  4858798  5082768 4955648   85953 4813301  3619101  5047245    90154    89677 4824145  5006384
          524288    4096   89199   86697  4026454  4183366 3952179   90797 4069583  2702974  4072485    92454    91024 4227551  4356435
          524288    8192   88520   81442  3842734  4037269 3991295   91169 4059022  2803393  4074130    91474    90246 4091649  4066513
          524288   16384   88342   81769  4193097  4218403 3915724   89953 3601049  2885013  3625527    88776    92990 3986526  4040511

iozone test complete.
