	Iozone: Performance Test of File I/O
	        Version $Revision: 3.420 $
		Compiled for 64 bit mode.
		Build: linux-AMD64 

	Contributors:William Norcott, Don Capps, Isom Crawford, Kirby Collins
	             Al Slater, Scott Rhine, Mike Wisner, Ken Goss
	             Steve Landherr, Brad Smith, Mark Kelly, Dr. Alain CYR,
	             Randy Dunlap, Mark Montague, Dan Million, Gavin Brebner,
	             Jean-Marc Zucconi, Jeff Blomberg, Benny Halevy, Dave Boone,
	             Erik Habbinga, Kris Strecker, Walter Wong, Joshua Root,
	             Fabrice Bacchella, Zhenghua Xue, Qin Li, Darren Sawyer,
	             Vangel Bojaxhi, Ben England, Vikentsi Lapa.

	Run began: Sun Oct 27 09:57:15 2013

	Auto Mode
	Command line used: iozone -a
	Output is in Kbytes/sec
	Time Resolution = 0.000001 seconds.
	Processor cache size set to 1024 Kbytes.
	Processor cache line size set to 32 bytes.
	File stride size set to 17 * record size.
                                                            random  random    bkwd   record   stride                                   
              KB  reclen   write rewrite    read    reread    read   write    read  rewrite     read   fwrite frewrite   fread  freread
              64       4  546928 2278628  4897948 12902017 7940539 3057153 7100397  4564786 10821524  3363612  2561267 7940539 12902017
              64       8  886494 2662899 10821524 2096219112902017 5389653 9006179  6421025  3791156  3541098  358843610821524 15972885
              64      16  760859 2772930 12902017 2096219115972885 528357010402178  6421025 15972885  4564786  427406212902017 15972885
              64      32  913649 1768283 12902017 2096219115972885 538965310402178  6271021 12902017  5389653  538965312902017 15972885
              64      64  760859 2923952 15972885 2096219115972885 573510210821524  5860307 12902017  5283570  420707612902017 20962191
             128       4  852438 3297617 10567140 1420079410567140 4267461 8414153  4444086  9129573  3759450  378596110779307 12842051
             128       8 1076312 4135958 12542043 1801235912842051 532579910779307  3759450 18637664  4759253  455725711720614 15881078
             128      16  841746 4596273 12842051 1801235914200794 560374711720614  5325799 15881078  5325799  5122535 9977956 15881078
             128      32 1022989 3277486 12842051 1588107814200794 6114306 5325799  6114306 14200794  5545860  611430612842051 15881078
             128      64 1206978 2211113 14200794 1801235914200794 6406138 9129573  6727225 14200794  4596273  611430612842051 15881078
             128     128 1231904 5122535 14586625 18012359 8036304 611430611720614  6406138 12842051  6406138  584790414200794 16365173
             256       4 1028679 3823789 10651598  6936061 8271916 4281170 9518507  3879045  9114515  3935921  300931810651598 11695808
             256       8 1219045 4477549 13454450 1495343512228612 542826511569783  6595234 10245071  4819184  481918412812277 14353744
             256      16 1185399 5022044 13454450 1495343511091721 426416812090911  7073132 13454450  3935921  524273412812277 14353744
             256      32 1195962 5217259 13454450 12812277 7735574 610754812090911  7518900 12090911  5022044  568702012812277 15164624
             256      64 1201314 5320671 14353744 13454450 7965107 581011212228612  7314033 14953435  5938650  655497214353744 15164624
             256     128 1334162 5320671 10245071 1416439513454450 624974512228612  4496299 14164395  4734192  881520213454450 13454450
             256     256 1376935 5022044 12090911 1281227712812277 584172211091721  5938650 10651598  4264168  581011211207494 13625180
             512       4 1055894 3556580 10911694 11374040 9145790 4123387 8992598  4296637  9145790  3822466  376879910434519 10641343
             512       8 1147892 4091959 11620224 1279744111138071 491633610485468  6551087 10641343  4660280  441137712146009 12797441
             512      16 1010197 4457157 12146009  365961611943357 562454511138071  7022379  6246213  4916336  465018812499490 12797441
             512      32 1237168 4447925 11620224 1352271112499490 588665011943357  7309196 14240069  4305250  430525011374040 12215097
             512      64 1293037 4610256 10856530 1343809213109944 6018636 3604335  7410080  3822466  5214798  538478612499490 13438092
             512     128 1236455 3653390 12215097 1319046911943357 608687311620224  7211022 13783088  5509113  617437712146009  3393590
             512     256 1329871 4784885 11138071 1221509711683444 543934310911694  5760329 10911694  4000485  721102211374040 12215097
             512     512 1286838 4871723 12215097 12499490 9510316 545315510434519  5822804 11620224  5822804  574491911683444 12499490
            1024       4 1170033 3436508 10662628  9855234 9402175 3937426 9485232  4854136  9485232  3541348  341465010662628 11132462
            1024       8 1231070 4512441 12790037 1381881711936907 459450212037272  6609617 11773301  4249053  453148512790037 13472053
            1024      16 1229309 4392454 11645609 1099003211614118 550774011773301  7269678 12492426  5071963  504219110454984 12639479
            1024      32 1372717 5284125 12208350 1386342213142265 525181812492426  6441107 12639479  5144870  531025810134284 13472053
            1024      64 1352828 5310258 13305116 1418390513643232 605944212790037  6650556 16531459  5330028  553613712828238 14044758
            1024     128 1370965 5200941 12208350 1347205313102174 569016211645609  6569179 15743686  4574926  494353012676785 13264026
            1024     256 1367473 4920874 11368190 1234875410557785 5720477 8895850  6692005 12790037  5310258  578988110878686 12348754
            1024     512 1387798 4304412 11018226 1190382312348754 547963210039528  6208343 11368190  4433259  5983467 8525047 14044758
            1024    1024 1380217 4531485  9402175 11645609113983601024000000 8822754  3112733  8199542  5751117  5507740 9832672  8914314
            2048       4 1179805 3117032  5212953  8398403 8608824 2639154 7368238  4983122  8190205  3598924  3470953 7903836  9349021
            2048       8 1273562 3751381  8678404 1280539910503637 4327846 8608824  6092991 10048990  3630870  1972971 9268323 12050878
            2048      16 1364390 4259178  7664071 1280539912635867 4720248 9101380  6583305 11502234  4697018  3413030 9567698 11015480
            2048      32 1369829 4472047  9431138 1170600613198923 536265710439809  7616502 11626784  4842658  4500161 9841749 12805399
            2048      64 1418228 4451191  9441504 1138032513219235 562608210240672 27637635 12187663  4911886  4358590 9567698 11380325
            2048     128 1289043 4293237  8390200 1088979712805399 5582208 9431138  6895083 15623582  4594025  4170264 6873016 11770166
            2048     256 1389326 3922692  8357547 1062051610673302 4948672 8284999  5029807 11129659  4204968  4086930 7419150 10834854
            2048     512 1410543 3494960  6738230  9062970 8089930 4897882 7159438  5475461 11706006  4521480  4347560 6629029  9932791
            2048    1024 1374432 3855782  8643474 10143926 8097557 3864455 6917293  5280246  2285891  3946119  4441984 6007763  8540351
            2048    2048 1304310 2793651  5852228  6440169 6097316 3592903 4550221  3696494  4934459  3638560  3029098 4623699  5535444
            4096       4 1104047 2788575  5217395  5761565 5769304 2691164 4623457  4958393  5625724  2844440  2331431 3919833  4946971
            4096       8 1270061 2241981  4404184  4875373 6122971 2561557 3901141  6311938  6189146  2723588  2603876 4491697  4201683
            4096      16 1329011 3016231  4911613  6024207 9614850 2936325 4841028  6451792  6086096  3346419  2641104 5520868  5953231
            4096      32 1447358 3133408  4183268  4718699 7326777 3445064 4516494  4894820  5936773  2628979  2771033 3101168  5120972
            4096      64 1190664 2970339  5087609  8603675 4521249 2123381 5312585  5711761  6342230  3707507  2756362 4505833  5777065
            4096     128 1395964 2516162  4018865  4218190 5777065 2880688 4591331  9456085  4262142  2696655  1720945 4339659  5238075
            4096     256 1173343 2854365  3555579  2622157 3586757 3256349 4125010  6575257  9529517  3061379  2576153 5971855  4521249
            4096     512 1176719 2260566  5238075  6032669 5513780 3930595 3904688  6186918  8906998  2758132  2795836 3771811  4153935
            4096    1024 1395964 2058503  6204794  5217395 5468151 3091124 4530788  8193352  8902382  1907643  2725317 4209920  4476482
            4096    2048 1189263 1814939  3934195  8655693 3781775 3030063 3438858  3387995  2600722  2391139  2878275 2942360  4257917
            4096    4096 1271188 2183565  3945943  3580030 2661562 2455387 3693955  2605455  3643812  2178581  2132342 3105653  3346419
            8192       4  872233 2463804  4083733  4179607 4118487 2372450 3821227  3566209  5645881  2430860  2195537 4716630  3571028
            8192       8 1305520 3372633  4746603  5050818 4708228 2215355 4311780  5454094  3954028  3064876  2750802 5261179  3770075
            8192      16 1416557 2869335  4770989  6470997 5966469 3239099 4442223  5588034  8144423  3465148  3413171 5291970  5050818
            8192      32 1363546 3187417  4464155  3597574 6173362 3181514 4705649  8358395  4373801  3890014  2752565 3004049  5271672
            8192      64 1340511 3296592  5072442  4528880 5082195 2324618 3107564  6708520  5905961  3170359  3428839 5576245  5214074
            8192     128 1388732 2990974  4899570  5458427 4578974 4014079 3955393  6177802  4373801  3239099  2402307 4425630  3756063
            8192     256 1324288 2922540  4112571  6814966 5123115 2776812 3111222  9014031  5657967  2822663  3148282 4478702  5368033
            8192     512 1274243 2284434  4594281  5403489 5450634 3978753 3248286  5251529 11160086  2255492  2839458 4445097  4763052
            8192    1024 1051856 2694711  4879393  5498608 5364680 3610427 4810398  6336155  6127127  2199754  2452024 4031505  4459520
            8192    2048 1254105 2237136  3257215  4257814 4589372 3446379 3284616  3268991  4721167  2402307  1891867 3414868  3808521
            8192    4096  923256 2051106  3511540  3849914 2633372 2137357 3569544  1764770  3164228  1977788  2771213 3695467  2878470
            8192    8192 1060164 2440182  3282106  3297857 2753668 2216499 2562284  2053190  3106440  1931645  2293431 3311205  2543318
           16384       4  956605 2178472  3636950  3772519 3604709 1769715 3933839  3658053  4028387  2052381  1869673 4432998  3604142
           16384       8  582502 2474165  4085628  4554938 3818214 2314191 3543372  6323215  4882098  2380735  2309835 4681225  4190261
           16384      16 1081807 2667183  4682501  5105532 3827998 2779261 4567654  5368371  5274831  2590372  2808452 5359578  3123782
           16384      32 1144622 3219494  6010201  5953446 4553429 3237238 3811226  6835170  3984244  2607276  2805929 5067880  5237842
           16384      64 1212372 2727092  5908402  4948544 5150687 3144796 5171619  7169626  4966426  2613523  2304027 5755011  4975415
           16384     128  838351 2545278  4877594  5550036 4419882 3602441 4130072  5083626  4972175  2344589  2727525 4521075  4743590
           16384     256 1120125 2638408  4238069  4379601 4924430 2665425 4448494  6056817  4335666  2549244  2743971 4912813  5261503
           16384     512 1151701 2618103  4718834  3954666 5461379 2553222 4020609  5455742  5025629  2748910  2485081 4731180  5012066
           16384    1024 1092418 2671019  4497405  3890631 4609939 2794973 3837832  4275778 10349621  2130849  2267684 4985884  4281105
           16384    2048 1012981 2012766  3123782  3794390 4182865 2392838 3224630  2438434  2897257  1185374  1928436 3883376  3161579
           16384    4096 1089940 2129462  4109572  2845903 2739376 2017493 3111899  1748017  4147771  1819428  1902437 3623144  2804555
           16384    8192  927115 1991764  2810749  3092434 2948472 2173511 3154323  2160595  3180749  1952102  2527584 2949864  3584215
           16384   16384  989555 2039346  3522665  3357278 3261824 2019984 3303216  2244428  3368468  2237340  1852136 3044213  3194352
           32768      64 1080488 2773921  4189725  4853789 4415595 2750384 6155782  7411982  6240189  2988400  2869360 4413184  4917173
           32768     128 1128020 2696530  5042002  4608827 4264475 2953402 3956921  6497740  4557477  2564599  2704969 4989831  4403710
           32768     256 1153313 2755457  4507849  4348259 4882585 2906742 4450338  5731684  4648577  2427615  2700982 4060978  4440131
           32768     512 1104230 2731580  4421561  4386563 4536117 2686358 4745524  5647602  4170528  2453618  2760549 4241313  4408513
           32768    1024 1093425 2551648  4899469  4673712 3772084 2835324 4396526  5351607  4026476  2247614  2034029 3850067  4575989
           32768    2048 1009209 2213016  3446761  3589064 3568748 2207506 3530248  2766161  4093514  1589205  1718291 3558215  3458296
           32768    4096  958545 2032885  3230907  3184198 3298919 2049162 3161783  2284146  3193076  1594404  1816826 3116967  3032378
           32768    8192  984196 2044802  3345413  2955815 2700716 1972181 3069902  2257694  3105136  1844006  1894982 2988725  3105627
           32768   16384  989610 2041370  3071892  2786858 3160547 1762855 3194708  2138202  3283080  1907660  2500035 3224615  3075673
           65536      64  832033 2732471  4980682  5091009 4883522 2730544 5185709  6524856  4693888  2558817  2598880 5469466  4900674
           65536     128 1112083 2671757  5510032  4728772 5040412 3043654 4672187  6338732  4497141  2547458  2661899 4609353  4519694
           65536     256 1114993 2819844  4080195  4401370 4386899 2842472 4127989  6455441  4903559  2762097  2695626 4375169  4984475
           65536     512 1146438 2706775  4614538  4726089 5018052 2793281 4310133  5668309  4296054  2458024  2583298 4549241  4432027
           65536    1024 1114938 2470439  4544202  4292632 4231702 2780116 4286741  5514121  4373498  2179740  2306878 4037939  4292968
           65536    2048  973267 2125714  3474681  3124045 3395826 2288669 3566193  2842443  3600102  1621375  1697774 3678880  3191104
           65536    4096 1026277 2034131  3269600  3236835 2999907 1934182 3050748  2104637  3148052  1564109  1675514 3108606  3166766
           65536    8192 1001881 2032251  3215856  3054850 3302717 2049739 2996342  2298390  3026529  1681397  1874114 3121349  3207039
           65536   16384 1005818 2026095  3097746  3204534 3214126 2050504 3167204  2401544  3201100  1945545  2039852 3191104  3132090
          131072      64 1018715 2331530  4767476  4876194 4555717 2717691 4751406  6362413  4581000  2516980  2345686 4803802  4865147
          131072     128 1036379 2344466  4641373  4394116 4234434 2332618 4893294  5842325  4752104  2363831  2195731 4767104  5131823
          131072     256 1090575 2429915  4317098  4405348 4386753 2327355 4119045  5819196  4224055  2230782  2374100 4517384  4415574
          131072     512 1029170 2345766  4267203  4467641 4992070 2355213 4464448  5423590  4257257  2201190  2201922 4256696  4411110
          131072    1024  993165 2301121  4306615  4423639 4496913 2248464 4200752  5239521  4322258  1875085  1883952 4455222  4247881
          131072    2048  920332 1683301  3530938  3603850 3645358 1887289 3327299  2537157  3268060  1577755  1489841 3105459  3455262
          131072    4096  970636 1648869  3182971  3155765 2985080 1833510 3197187  2247352  3011208  1496562  1628569 3139886  3131872
          131072    8192  960438 1816535  3355488  3176350 3129038 1835487 3237708  2266662  3222091  1496990  1532036 3087391  3168752
          131072   16384  862792 1872275  3289118  2793590 3118601 2076087 3207054  2383736  3184686  1614166  1346250 3185221  3122250
          262144      64  143565  135137  4753127  4857126 4621567  110214 5032900  5469994  4902454   142772   132780 4793431  4974269
          262144     128  139418  136139  5055044  4097979 5070780  127468 4542051  6348703  4503338   152829   149895 4611159  4989891
          262144     256  151670  110951  4274250  4191748 4426075  131604 4373157  5989251  4317977   122304   147615 4867318  4744943
          262144     512  152635  145887  4582294  4620577 4372723  141406 4314994  5441273  4375420   137136   140833 4481696  4454822
          262144    1024  150855  132046  4291952  4336181 4366228  149060 4272373  5239017  4218882   149630   144809 4255177  3984318
          262144    2048  146908  151186  3282586  3407026 3342653  147600 3627783  2878326  3553439   164235   148326 3496331  3700292
          262144    4096  147636  125493  2995627  3107186 3071074  156147 3277948  2238976  3160498   153097   152456 3169819  3169582
          262144    8192  147591  143209  3234468  3178810 3187509  161155 3016370  2125531  3018316   166855   162385 2963748  3131648
          262144   16384  152217  129750  3282625  3185883 3303604  160960 3240703  2330812  3101052   169863   132110 3215032  3203669
          524288      64   55616   76560  4789890  5067541 4708932   28992 4808165  5994325  4616714    74602    83553 4888415  5009349
          524288     128   77021   72933  4377491  4977341 4789984   37391 4399720  5972688  4846579    80820    76722 4649188  4629349
          524288     256   68588   67469  4496899  4372677 4912834   53353 4321174  5606938  4507795    82304    73229 4506778  4887230
          524288     512   73170   68412  4271077  4928679 5180769   58689 4566762  5557133  4480288    83498    76287 4588785  4440669
          524288    1024   73966   68438  4432524  4505818 4305699   59013 4476767  5363840  4333385    77234    83621 4444888  4358214
          524288    2048   77157   69293  3507176  3501111 3817663   60906 3374340  2401664  3403719    80727    78869 3601745  3679728
          524288    4096   77016   69078  3265985  3329548 3219333   79998 3178101  2167734  3164746    84756    81257 3181453  3362956
          524288    8192   70896   69642  3168416  3211111 3189801   80693 3191079  2255679  3281890    84509    80523 3333556  3440931
          524288   16384   73502   62494  3138714  3616304 3624254   81150 3181784  2281196  3213082    83996    84132 2950478  3202698

iozone test complete.
Timer resolution is poor. Some small transfers may have 
reported inaccurate results. Sizes 1024 Kbytes and below.
