	Iozone: Performance Test of File I/O
	        Version $Revision: 3.420 $
		Compiled for 64 bit mode.
		Build: linux-AMD64 

	Contributors:William Norcott, Don Capps, Isom Crawford, Kirby Collins
	             Al Slater, Scott Rhine, Mike Wisner, Ken Goss
	             Steve Landherr, Brad Smith, Mark Kelly, Dr. Alain CYR,
	             Randy Dunlap, Mark Montague, Dan Million, Gavin Brebner,
	             Jean-Marc Zucconi, Jeff Blomberg, Benny Halevy, Dave Boone,
	             Erik Habbinga, Kris Strecker, Walter Wong, Joshua Root,
	             Fabrice Bacchella, Zhenghua Xue, Qin Li, Darren Sawyer,
	             Vangel Bojaxhi, Ben England, Vikentsi Lapa.

	Run began: Sun Oct 27 09:57:16 2013

	Auto Mode
	Command line used: iozone -a
	Output is in Kbytes/sec
	Time Resolution = 0.000001 seconds.
	Processor cache size set to 1024 Kbytes.
	Processor cache line size set to 32 bytes.
	File stride size set to 17 * record size.
                                                            random  random    bkwd   record   stride                                   
              KB  reclen   write rewrite    read    reread    read   write    read  rewrite     read   fwrite frewrite   fread  freread
              64       4  666414 2133730  7940539 1597288510821524 3958892 7940539  4564786  5389653  2892445  3057153 8182586 12902017
              64       8  863676 2379626 12902017 2273779115972885 489794810821524  4564786  9318832  4274062  358843612310336 20962191
              64      16  727850 2772930 12902017 2096219115972885 538965310402178  6421025 12902017  4274062  401815212902017 15972885
              64      32  710511 2892445 12310336 2273779115972885 5860307 9318832  6421025 15972885  4897948  489794812310336 22737791
              64      64  889431 2923952 15972885 2096219115972885 573510210821524  5860307 12902017  5735102  401815212902017 20962191
             128       4  859260 2608629 10567140 12842051 9795896 4267461 4557257  4934216  9287508  3982553  386778710567140 12842051
             128       8 1000121 4267461 12842051 1636517312842051 532579911720614  3759450 15881078  4104338  4407601 9129573 14586625
             128      16 1007629 4557257 12842051 1863766414200794 560374710567140  3468030 16365173  4889281  512253512842051 15881078
             128      32 1040839 4759253 12842051 1588107814200794 584790411720614  3468030 14200794  5325799  584790412842051 15881078
             128      64 1022989 4934216 14200794 1863766414200794 611430611470204  6406138 14200794  4407601  584790412842051 15881078
             128     128 1220700 4934216 14200794 1801235914200794 584790411470204  6114306 12842051  5847904  475925314200794 15881078
             256       4  693718 3879045 10245071 12812277 9868433 4350555 8534922  3935921  9114515  4009406  304343610651598 11569783
             256       8 1098113 3705040 12090911 1345445011569783 521725910651598  6761355 11207494  1639786  4734192 1461259 10651598
             256      16 1084800 4734192 12228612 13625180 5217259 545584711091721  7120034 15835569  5022044  502204412228612 13454450
             256      32 1266495 5022044 12661199 1416439513454450 597167811569783  6761355 14164395  5320671  492981512090911 13454450
             256      64 1147398 5217259 11091721 1345445012228612 593865011569783  6554972 15164624  5687020  139845512090911 13454450
             256     128  766517 5022044 12812277 1345445012812277 597167811569783  6554972 13454450  4496299  8271916 8024634 12090911
             256     256 1254656 4840911 12228612 1281227712090911 568702011091721  5569035 12228612  3123106  521725911695808 12090911
             512       4 1103647 3604335 10911694 11620224 9468384 4195896 9304292  5115422  8808176  3884698  387768410694336 10911694
             512       8 1135750 4228947 12797441 1352271111943357 511542211620224  6999490  7988981  4784885  448508312427157 13190469
             512      16 1245780 3934520  8665997 1343809212146009 533131411620224  7211022 12146009  8394979  4195896 8665997 12797441
             512      32 1261144 4742616 13190469 1387212212797441 617437712146009  7435738 13522711  4375425  4420457 8808176 13109944
             512      64 1258188 4061007  9344779 1249949013109944 639501812427157  7115451 15037801  5067142  5019764 7647578 13522711
             512     128 1293037 4271001  8665997 1343809212499490 631973911877300  6909408 13522711  5551840  631973912797441 13190469
             512     256 1344020 4571003 11620224 1221509711877300 582280410856530  4927617 12215097  4571003  7540170 8265729 11877300
             512     512 1098566 2521095 12215097 1279744112499490 273632510434519  5744919 10911694  4827914  4690818 6632013 12215097
            1024       4 1137798 2315588  2632033  7369466 6163794 3458646 7590887  2666347  8680108  3923040  2484355 4898425 11018226
            1024       8 1253344 4614246 12983353 1364323211278631 478918311773301  6441107 11645609  4493556  489842512348754 13472053
            1024      16 1317957 4972145 12983353 1386342212639479 566016711018226  7113161 12492426  4574926  509603412828238 13264026
            1024      32 1352828 2553783 11018226 1386342213142265 412657911936907  7420395 12944224  4720752  527763213305116 13643232
            1024      64 1347734 5175871 13305116 1418390512492426 602543912790037  7699755 16280798  5564829  572810711773301 13863422
            1024     128 1363565 5330028 12639479 1347205312944224 566016711903823  6692005 14820161  4783849  476263012313351 12639479
            1024     256 1367037 4451639 11398360 1035416611398360 578988110878686  6733974 13142265  4995276  4926518 9946527 11520658
            1024     512 1396825 4339202  9464330 1249242612348754 5444898 9064828  6280976 11773301  4392454  3251778 9677584 12037272
            1024    1024 1393200 4470172 11773301 1148983912208350 5303701 8391792  5782087  9240349  5336651  5593820 9464330  9320560
            2048       4 1170321 2438378  5209791  9228493 9308497 3229534 7237860  5461535  9268323  3683812  3702868 7529708 10503637
            2048       8 1248935 4063729  7911115 1295995811851361 4330028 8940345  6523312 11502234  4581773  4265523 9140117  6670210
            2048      16 1345582 4231899 10192069 1295995811502234 5009275 8749118  6523312 10673302  4897882  444198410240672 11564174
            2048      32 1320552 3821475  9653719  752970813138359 540653510834854  7262337 12187663  4128177  4367454 9796850 12805399
            2048      64 1413328 4643695  9318595 1107227512274742 553544410834854  2378293 12488897  4839929  465628110339282 13280548
            2048     128 1397918 4321315  7789164 1177016611144098 5904523 9140117  6780783 13138359  4707314  4376355 9308497 11187641
            2048     256 1408461 2836079  5626082  8713618 7013303 3892474 6062888  5032754 13038646  3777778  4223576 7999524 10131961
            2048     512 1391351 4056054  7523114 1100137210289741 5389574 8713618  6401772 10192069  4338776  4394265 7183386 10660056
            2048    1024 1299377 3604966  8940345 10660056 8643474 4572018 7213548  5816563 2048000000  4293237  4923146 6243566  9101380
            2048    2048 1322992 2994254  2019352  6207471 5222461 3723735 5107566  3430751  4934459  3677503  6629029 5640860  5920802
            4096       4 1110326 1906162  3875619  4730393 4836939 2094134 1943027  4052041  6897314  2682340  2307631 4071246  4628439
            4096       8 1279996 2281885  3961410  6651630 4266376 2151300 3820460  3509816  4183268  3124291  3081698 4817948  3129412
            4096      16 1337703 2615770  3778448  8340529 4071246 2745350 4496399  4072211  5461198  3003050  3034344 3605576  6703539
            4096      32 1377717 2776856  5475122  6894546 8393502 3676563 5404504  7515892  5424983  3931494  1900679 4342950  3580776
            4096      64 1402804 3052133  4235870  6041154 4775096 2312913 3747948  4515307  4654774  3504089  3177452 4575434  6049663
            4096     128 1369044 2748864  3565171  4713521 6358661 3574071 4911613  7314299  5192166  2910951  2720138 4452120  5818150
            4096     256 1414935 2426601  5297841  4602401 2952980 4137927 3954116  4125010  9966244  2579247  2537719 5594580  7326777
            4096     512 1376834 3459633  5044289  4817948 6032669 3477139 4586428  3953206 10718622  3143154  2678994 4214051  4075109
            4096    1024 1315778 2880688  4456740  5565581 5340661 3462422 3151225  4824714  9756822  3172758  2987384 5020702  4083827
            4096    2048 1281620 2469150  5250883  4835578 4581535 2243152 3723578  2931815  5223741  2003996  3157596 4613524  4271680
            4096    4096  903832 2124432  3295704  3408159 2550150 2275537 1915940   792582  3233063  1437188  1673993 3056478  3470816
            8192       4 1013089 2970290  5034537  5000831 4518755 2418540 4029614  4025365  4097857  1893744  2607196 5158495  5429103
            8192       8 1245378 2817109  7656244  5721087 5389927 2386125 4681287  5440277  5101058  2360714  3183872 4751854  5697371
            8192      16 1102128 2576889  4399563  4110112 3970936 2821041 4914286  7913697  5107124  2279433  2338541 4468800  4476368
            8192      32 1089788 3554036  5851647  5817959 5923270 3573999 4602281  7830733  5475825  3383593  2718160 5120061  5337181
            8192      64 1361493 3567690  4357715  4995741 5050818 3541581 3925120  7642620  5923270  3087737  2944832 3938618  5164698
            8192     128 1209687 3673343  4805016  5984134 5085204 2959544 5221205  7495897  5876668  3417585  2903769 3551098  4641448
            8192     256 1399422 2708945  3453654  5704938 4773640 2453424 3547798  8030217  4824582  2492942  2335839 4934754  3901055
            8192     512 1378425 3182693  5133064  4352746 3629496 3305789 4181641  5821902 11751717  3212750  2301110 4364911  3876846
            8192    1024 1326640 2286410  5065711  4896777 3790873 3464100 3358786  5428245 10527507  2972345  2596557 4001923  4827293
            8192    2048 1106565 2885480  4518161  4875931 4610309 2481599 4543252  2334569  4007524  2190917  2023684 3913942  3305789
            8192    4096 1153948 2529277  2739834  3897073 3223903 2775915 3491912  2787400  2531513  1812432  2799892 3373958  3541946
            8192    8192  997820 1884500  3780445  4464155 2438104 2671870 3919746  2295269  3240626  2497653  1776173 3306108  2663998
           16384       4  993202 2124196  4292336  4331021 4332113 2054405 3716815  5542874  3645053  2279645  2021232 4065566  5085131
           16384       8 1006262 2854414  5435890  4728576 5171619 2942538 5959642  7005182  5942635  2973478  2946323 4823162  4714949
           16384      16 1231602 3244269  5533501  4337856 4653015 2991991 5700587  8484089  4837421  3224025  3258576 5765150  5661606
           16384      32 1071618 3205079  4873097  5206097 4477770 3319973 5742507  7403675  5281723  2871830  2770409 4405714  4773907
           16384      64 1328662 2818936  5744908  5832677 6501489 2990298 5394922  7340408  4329929  3215727  2929992 4353796  5483167
           16384     128 1294254 2870870  5288633  5514407 5555420 3562661 4318501  8355148  5375089  2474967  2636991 3742319  4921609
           16384     256 1223772 3443410  4081503  4492406 4594528 2443897 4855880  4714626  4387710  2396343  2771862 4909654  4901250
           16384     512  980672 2379334  4905448  4082715 4109326 2915325 4952824  6205588  3829704  2884003  2470430 5044073  5155324
           16384    1024 1133595 2646435  3987249  4721753 5005860 2693423 4720131  5714334 10082370  2529910  2480596 2911126  2256441
           16384    2048  931438 2180753  3797955  3860470 4006077 2137477 3031188  2517122  3700005  1829991  1421738 3126197  3593023
           16384    4096  797082 2366959  3816305  3002449 3178248 2109719 3317889  2322717  3419593  2155242  2120133 3213171  3709191
           16384    8192 1088283 2001977  3332854  3496319 3841479 2231890 3923507  2765170  2735233  1860561  2378264 2867755  2951638
           16384   16384 1005776 2351006  3238001  3537171 3678614 2419716 3755202  1856540  3397781  1976355  2426894 3378072  3003499
           32768      64 1187677 3271903  5657366  5531453 6036813 3142337 4852418  8436596  4486366  2787593  2957915 4761966  5687802
           32768     128 1198364 2856123  4480077  5946956 4731148 3211280 4866679  7013692  4157282  2212125  2911977 4870301  5586993
           32768     256 1276058 2953402  4979166  4350462 4428685 2911175 5211191  5316004  4279480  2988140  2425986 4845233  5746783
           32768     512 1190743 2888537  4624334  5788412 5140824 3325983 5287576  5969687  4032974  2542914  2952894 5262270  4646534
           32768    1024 1237455 3120435  5027431  4156779 4394277 2903120 3998595  5127208  4217755  2271312  2367807 4561258  4175342
           32768    2048 1163023 2629665  3452216  3842854 4567625 2244054 3918228  3202226  5691806  1992220  1900354 4102679  4334956
           32768    4096 1072846 2413504  3585881  3771670 3744440 2243468 3663689  2241164  3639725  1784555  1864140 3545182  3786008
           32768    8192 1040252 2106996  3270268  3777372 3630782 2509805 3526082  2545504  3183829  2101455  2352165 3845112  3693820
           32768   16384 1165865 2488627  3701679  4000457 3252084 2401821 3867292  2624794  3704673  2318869  3168124 3799195  3839634
           65536      64 1008538 3324647  5634036  6196693 5302755 3373819 5401433  6169156  4674730  2802251  3284524 5278824  5760368
           65536     128 1355201 3298595  5285218  5624467 5387776 3371005 5269413  7611646  4883089  2788407  3154845 5494282  5656994
           65536     256 1349088 2677326  4810620  5295400 5216215 3587275 4319004  6527491  5231504  2971466  2643443 5395602  5466312
           65536     512 1197533 2586677  5227822  5193842 5014665 3400405 4988274  6488661  5077561  2999776  2717667 4426246  5195118
           65536    1024  946520 2297180  4531242  4879881 4850945 3065855 4735289  5428742  4830232  2194339  2303301 4877630  4966733
           65536    2048 1097957 2116662  3660216  4160731 3965358 2457189 3820677  3233636  4244510  1945503  2036301 4012710  3910024
           65536    4096 1124733 2173226  3335176  3304901 3060121 2265020 3362387  2341243  3182606  1840694  1804160 3666955  3793470
           65536    8192 1076016 2309164  3154410  3799185 3260176 2311417 3401499  2656523  3481899  1717581  1769720 3580640  3175803
           65536   16384 1055242 2229110  3339227  3253231 3358936 2358681 3707611  2628604  3415828  1609470  2027724 3568322  3372577
          131072      64 1187247 2467288  5181741  5746988 4926577 2417807 5133644  7188342  4912929  2556411  2870730 4855950  5118826
          131072     128 1124376 2568726  4893860  5337652 5064782 2844631 5327256  7369795  4901715  2555259  2669432 5242419  4740753
          131072     256 1150300 2516404  4667974  5096333 4598242 2471892 4310734  6712705  5144067  2394836  2151325 4177450  4386893
          131072     512  904132 2730718  4973329  4817610 4541679 2721875 4589069  6529414  4924415  2456791  2422239 4639884  4991118
          131072    1024 1135334 2405251  5097515  5245821 4963540 2596300 4747262  6266322  5042021  2204297  2203634 5000471  4648122
          131072    2048 1052094 2186683  3595529  4018776 4210887 2108017 3909797  3155548  4172789  1625295  1777248 3382679  4046672
          131072    4096  964736 2007442  2940219  3324161 3422331 1936900 3368069  2548400  3297325  1624248  1588789 3444265  3713316
          131072    8192  963107 1933154  3214592  3261797 3430660 1948184 3335657  2499608  2909672  1418941  1721527 3452723  3403580
          131072   16384 1036526 1979698  3586499  3599484 3751452 2091194 3464386  2417499  3463120  1908862  1753445 3454003  3538096
          262144      64  142697  124419  5001603  5852363 5418560  114423 5304403  7151629  5399481   142491   136590 5203438  4678139
          262144     128  147848  117968  4823968  5379746 5081983  119537 4321948  6205486  4319181   146487   137484 5208195  4661084
          262144     256  145894  141174  4626935  4798724 5160093  108998 4578211  6299417  5196626   152095   148715 4871027  5116201
          262144     512  143498  127438  4906588  5166834 5129304  147257 5071669  5848814  4890656   160057   148441 4884920  5081279
          262144    1024  134067  140322  4529869  4823523 5016734  151010 4453072  6075025  4406669   159498   153371 4814842  5022577
          262144    2048  138491  125859  4232784  4349268 3745826  143625 3982384  3269361  4138998   145868   146741 4127856  4205810
          262144    4096  157248  144522  3474268  3674067 3652246  157231 3233669  2275122  3276316   158039   138810 3392792  3442150
          262144    8192  145419  148695  3614629  3498790 3798534  150882 3298154  2608736  3351027   157962   157641 3357596  3382552
          262144   16384  141367  150497  3277010  3458096 3485535  151657 3259117  2620444  3225151   175604   182915 3409921  3331310
          524288      64   43667   74083  5030825  5281329 5010787   25651 4891296  5817016  4905295    80991    73005 5219715  4590960
          524288     128   76656   65138  5219801  5407326 5302584   44041 5016915  7087454  5117544    78353    72723 4993560  5126360
          524288     256   77299   71575  4558829  4827736 4901260   52891 5093139  6694688  4924000    80420    78949 4710919  5006520
          524288     512   78087   76400  5034407  5104442 4542040   57467 4552222  6066675  5177390    77702    77062 4673792  5156303
          524288    1024   78650   72776  4505467  4938154 4847295   59156 4827789  6243681  5033589    79057    75569 4311651  4843526
          524288    2048   75154   66550  4151295  4277383 4273767   63008 3935564  3239585  4206452    77618    74357 3451577  3321010
          524288    4096   78686   67637  3149881  3440910 3375640   76618 3492737  2384763  3549801    83173    76495 3465152  3397650
          524288    8192   80098   72725  3272137  3165342 3338475   64057 3418428  2319478  3374951    73583    76739 3259686  3372301
          524288   16384   75098   74101  3282605  3480498 3653598   77098 3060141  2416074  3123866    82529    80928 3376184  3374231

iozone test complete.
Timer resolution is poor. Some small transfers may have 
reported inaccurate results. Sizes 1024 Kbytes and below.
