	Iozone: Performance Test of File I/O
	        Version $Revision: 3.420 $
		Compiled for 64 bit mode.
		Build: linux-AMD64 

	Contributors:William Norcott, Don Capps, Isom Crawford, Kirby Collins
	             Al Slater, Scott Rhine, Mike Wisner, Ken Goss
	             Steve Landherr, Brad Smith, Mark Kelly, Dr. Alain CYR,
	             Randy Dunlap, Mark Montague, Dan Million, Gavin Brebner,
	             Jean-Marc Zucconi, Jeff Blomberg, Benny Halevy, Dave Boone,
	             Erik Habbinga, Kris Strecker, Walter Wong, Joshua Root,
	             Fabrice Bacchella, Zhenghua Xue, Qin Li, Darren Sawyer,
	             Vangel Bojaxhi, Ben England, Vikentsi Lapa.

	Run began: Sat Oct  5 02:25:56 2013

	Auto Mode
	Command line used: iozone -a
	Output is in Kbytes/sec
	Time Resolution = 0.000001 seconds.
	Processor cache size set to 1024 Kbytes.
	Processor cache line size set to 32 bytes.
	File stride size set to 17 * record size.
                                                            random  random    bkwd   record   stride                                   
              KB  reclen   write rewrite    read    reread    read   write    read  rewrite     read   fwrite frewrite   fread  freread
              64       4  424198 1304314  5283570 1597288510402178 4207076 4274062  3588436  3738358  3588436  1255511 4274062 10402178
              64       8  599446 1492919  6421025 1597288510402178 3791156 5283570  4564786  5283570  2467108  1452528 3791156  4897948
              64      16  621657 2801873  6421025 12902017 9006179 3738358 4274062  4207076  9006179  2662899  3057153  763021 15972885
              64      32  581273 1518251  7100397 1597288515972885 5283570 4564786  4564786  3363612  4274062  4564786 3203069 12310336
              64      64  863676 1690338 10821524  528357012902017 4274062 3363612  4897948  5860307  5389653  1828508 3541098 12902017
             128       4  731625 2098744  6045455 1458662511720614 4596273 5122535  5603747  3277486  4267461  1939522 5847904 10567140
             128       8  800337 2409592  4012317 1420079414200794 5325799 5325799  5122535  6406138  3199360  3124872 3982553 11720614
             128      16  848397 1997245  4267461 1172061412842051 5847904 3380677  6330599  4934216  4135958  2464907 5325799  9977956
             128      32  864797 2286447  5847904 1284205114200794 6114306 3359523  7082197  4407601  5545860  5122535 3560017 14200794
             128      64  901083 2558895  4717434 1801235915881078 6114306 3657016  6812590  4407601  3895854  3218540 4135958 11470204
             128     128 1243315 2558895 10779307 1458662514200794 6406138 4135958  6406138  3657016  5603747  2843510 5545860 14200794
             256       4  831194 2463808  5810112 12812277 9868433 4496299 5242734  5810112  5217259  4070199  3410808 4572895 11569783
             256       8 1019886 2613746  6398720 1435374412228612 5455847 4672389  7120034  6107548  4734192  3169196 5841722 13454450
             256      16 1070737 2975955  5320671 1495343512812277 5687020 3236056  5687020  9434868  3465855  4009406 6107548 14164395
             256      32 1080434 2665657  6554972 1416439512812277 5455847 5938650  7314033  8534922  4197489  4422226 5569035 13454450
             256      64 1137672 3511189  5841722 1435374413454450 5569035 4652146  6891544 11207494  5347168  4070199 6107548 14164395
             256     128  969251 3557725  6936061 1416439512812277 5938650 5022044  6398720  6936061  4132864  6249745 5428265 12661199
             256     256 1089202 2842047 11695808 1281227712228612 5428265 5320671  3935921  5320671  5117791  3823789 5428265 12090911
             512       4  969603 3325278  5822804 11943357 9468384 4163357 2560168  3012719  8265729  3459188  3239989 5384786 11138071
             512       8 1062161 2275345  5566231 1352271111620224 3046915 3264616  3122224  7309196  4296637  2875558 4571003 10911694
             512      16  942786 1834193  5509113  8992598 8394979 3556580 5760329  6931711  8665997  4784885  4131319 5968453 13438092
             512      32   47981 1829505  6018636  6821616 8665997 3393590 6104175  7540170 14240069  5344582  2958758 2712134  8394979
             512      64 1267097 1004057  5509113  985963013438092 5822804 5127637  7091952  9145790  2922519  2681653 5886650 14240069
             512     128 1309596 2216629  6652558 1387212213190469 5278892 2958758  6736026  8140399  4061007  3877684 5019764 12499490
             512     256 1343179 3941742  7115451 1069433611943357 5331314 5566231  6395018  5067142  3388236  5278892 4195896 12499490
             512     512 1078159 3788747 11374040 12797441 9681823 3366987 3905895  5439343  4532414  5566231  4195896 5227492 13109944
            1024       4  852547 2485792  5444898  4488860 6692005 2007176 5175871  3835457  7472033  2328140  2260740 5144870 10769573
            1024       8  894448 2916180  6059442  441049712037272 3012308 6025439  7113161  5042191  3738636  3401130 6163794 13818817
            1024      16 1352402 1907343  6093831 14044758 5958564 5363307 3791442  7054742  4211554  3891053  3603747 5983467 13643232
            1024      32 1203137 2966535  6519323 1423090213305116 5114239 5660167  7699755  9946527  4920874  4321737 5444898 14230902
            1024      64 1286378 3411938  3970183 1508034114422045 3722435 5958564  4079544 11398360  5219904  2908281 6402699 14820161
            1024     128 1342258 3291652  4374559  542426913818817 5917516 3414650  6830356 12348754  1670669  3301774 5950309 13643232
            1024     256 1304348 3304314  6519323 12208350 4433259 4741598 5885083  6918376  7869040  3189002  4415030 5917516 12983353
            1024     512 1250425 3179559  7869040 1249242613142265 5813392 4783849  5451810  8061038  4249053  4512441 5813392 12983353
            1024    1024 1140517 1838751 12492426 1347205312639479 5682634 5310258  3908759  5564829  3506651  4282950 5789881 12983353
            2048       4  857637 2631876  3991965  8784909 7112016 2556676 4741090  4531020  3848872  2800938  3189957 5785224 10289741
            2048       8 1208181 2829540  6202989 1295995812187663 4531020 3436240  6459541  8977721  4709895  3351769 4741090 11770166
            2048      16 1287304 4154130  3561619  999055311001372 3166439 6080053  7368238  9525260  3644736  4376355 3704465  7911115
            2048      32 1256425 2955111  4079167 13118295 9752360 4957240 6041567  8089930  5135046  3194702  3929871 6440169 13301113
            2048      64 1314489 3205431  6459541 1392648314638464 6097316 4086930  5564129 10339282  4983122  3319389 6359119 12050878
            2048     128 1308482 3061485  5900467 1205087813660713 5900467 4562305  7582884 11015480  4293237  3185225 5640860 12033995
            2048     256 1465907 3452815  5644567  7059413 7477273 4008732 5507054  3862718 10713237  3297725  3367537 4423683  4775354
            2048     512 1445434 3102397  6851089 1156417412118884 4697018 5433896  5475461  9140117  3567536  2691246 3650932 10289741
            2048    1024 1273562 4031308  3977179  4994712 9349021 5095447 5689430  6132138  8292998  2715922  4850862 3922692  5044577
            2048    2048  701860 2131071  6780783  6917293 7419150 3871422 3702868  4178378  4188565  3894239  3908414 5359311  4621211
            4096       4 1003684 2799480  4059701  5912256 5875858 3049966 4740836  5928578  6169144  3568133  2544108 4047268  5657217
            4096       8 1253748 3465216  5542240  5198450 5416431 2858639 4399673  7222056  5081590  3298235  2790386 5894001  4801789
            4096      16 1411911 3462422  5050220  5944991 5468151 3225172 5869835  5744227  4501111  4192455  3119752 5291314  4971306
            4096      32 1293294 3035953  5389246  5894001 6272759 3284363 6013663  7756829  5013377  2792200  3568133 5454263  5519094
            4096      64 1480282 3143729  5551194  5738471 7558881 3927001 5996870  8552280  7392988  4399673  2508081 5580043  5565581
            4096     128 1335104 3968731  4153935  5424983 7760332 4176149 4298399  7529067  4965558  3321831  3740604 4757904  4633432
            4096     256 1194223 2876348  4696769  5978090 6330545 3984379 4043458  5719367 11186225  4091608  3663236 5250883  6149271
            4096     512 1244574 2786313  4526013  4457897 4830139 3287506 5291314  5265366  8902382  2630589  2615770 4516494  4853336
            4096    1024 1480792 3407483  5153230  5319164 4807163 3131124 5483860  3904688  4707064  2266830  2878758 3927001  4204769
            4096    2048  583737 1937548  4496399  4649735 4187346 2798112 3413576  3279348  3670280  2485223  2517637 4395170  3930595
            4096    4096 1029918 2647616  3788446  3838385 3828122 2427973 2974454  2393804  4027344  2595614  2049906 3853020  3882626
            8192       4 1044121 2958525  5403489  4971166 4120956 2316781 3588182  4220161  3267748  2835709  2751683 4521133  2689438
            8192       8 1242540 2686914  4531269  5545644 5429103 2970290 4879393  7224798  5302587  3231483  3273975 4718573  5457560
            8192      16 1215249 2274303  6214676  5152307 5221205 2727005 1935235  6848927  4602281  2904996  2147778 4268923  3782110
            8192      32 1226572 3698649  5439416  3508313 3632566 3045318 6196743  7243074  4887722  3278036  3013006 5703991  4836126
            8192      64 1282807 2758310  5814021  6281710 6077276 3814017 5776876  8446750  6365501  3403704  2934020 4934754  4533661
            8192     128 1391093 3641034  4395061  5565406 5133064 3472853 4648984  6224809  5439416  3385260  2876542 5013966  5032325
            8192     256 1167792 1108528  4437634  4521133 4754484 3369987 3817406  5104089  3882102  2320693  2931016 4602281  4209820
            8192     512 1331163 2617325  5565406  3951754 3919746 2657200 4630813  6359610 12320592  2754551  3560297 2861450  5032325
            8192    1024 1002565 2872454  3200182  5599873 6196743 3645670 3844314  5468852 11207409  2785366  1854595 3407755  3591558
            8192    2048 1191028 2251797  5120061  3965436 5299316 2998544 4749227  3430551  6108608  2624121  2411581 4329710  4166429
            8192    4096 1098534 2069763  3268991  3380930 3336607 2414971 3355834  2196239  3584813  2199191  2969263 3990304  3117149
            8192    8192 1027602 2045489  3099435  3514413 3104195 2177036 4205698  2651254  3302929  2122831  2769426 4259926  4385525
           16384       4  971302 2373827  4307943  5036679 4736724 2313802 5180196  5639767  4979742  2259185  2632445 5165399  4084657
           16384       8  774550 3002974  6115570  5613049 4964991 2098381 4892178  7095596  4084899  2928868  2758731 4510985  4372634
           16384      16 1149447 3443583  4837421  5906370 5678917 3143501 5514407  7255927  5426876  2966034  3240597 4947119  6166054
           16384      32 1046566 3427609  6509495  6537983 6297141 3515817 5192722  6676457  5293522  3430518  3650668 4738030  5128010
           16384      64 1284504 3248870  5921129  5785049 5732448 3184434 3770656  8388806  6016516  2721692  2848380 4700115  5259490
           16384     128 1464272 3338359  5050746  5338344 5443210 3279413 4754420  7824319  6099286  2603128  2670189 5243037  4412787
           16384     256 1505460 3863291  5876570  5949323 5949323 3002842 4071588  5411065  4068454  2397095  3655523 3949893  4344712
           16384     512 1529791 3754381  5251050  4649552 4766953 3153744 5206097  5791387  5728625  2877964  3062937 3940380  4182610
           16384    1024 1150968 3727905  5377192  5417891 5359578 3103047 5815894  7058427  6980986  1910423  1586988 3426925  3589083
           16384    2048 1036636 2201220  2925253  2749900 3913898 3001269 5166953  4179557  6662863  2402375  2547259 3195540  3019998
           16384    4096 1266162 1832675  3070464  3424876 3510608 2582584 2758289  2996296  2772197  1892170  1852336 2856787  3219494
           16384    8192 1218758 2402039  4176255  4419882 4428142 2750781 3621616  2677993  4044509  2174955  2673201 3823738  3768175
           16384   16384  987819 2138940  2861903  4299049 3780405 2057789 4291264  2798730  4425860  2830197  2471585 4354900  3098988
           32768      64 1189228 1867635  6140929  5671139 4746179 2970252 4792686  8817647  4580870  2967879  3091029 5992592  2280773
           32768     128 1289165 3635200  4900167  5234611 6113613 3422301 4109917  3890830  4229697  2166036  3470434 4540913  5016605
           32768     256 1203864 3420427  4825330  5323829 5224463 3278146 3577294  4077725  4078088  2150817  2583011 4597726  3926624
           32768     512 1179684 3613979  5519236  4523427 4386003 2929106 5090556  4855847  4385443  2404468  3113930 5174307  3968003
           32768    1024 1207906 3682636  3528073  3746175 3496390 1959444 5311690  6800943  3516249  2349954  1711935 3305187  5211982
           32768    2048 1317199 1846607  4719613  3190926 3174857 2450861 2791386  2418132  3202525  1516554  2255323 2772970  4264475
           32768    4096 1214975 2452129  4012253  4372607 4034987 2720927 2128071  2952070  4405545  2074838  2309556 3242723  3318995
           32768    8192  991231 2634302  3761760  4384884 4307647 2555396 3670735  2726595  2966726  1631229  1999757 4370243  4057980
           32768   16384  840184 2415285  3684215  3576084 4328130 2659535 4084754  2602280  3177352  1991239  2741880 3188779  3348102
           65536      64 1186625 2817301  6168741  6415664 5244579 2788294 5524872  7801096  4783995  2230557  1536559 4671155  6375635
           65536     128 1303166 3419951  6014727  4272815 5119169 3573007 6074407  8080887  5030726  2968097  2791494 4107510  5987215
           65536     256 1411861 2771790  4507613  3910247 4501707 3071199 4126130  6961435  4358588  2241617  3447790 5555355  4700631
           65536     512 1082811 2497736  5837932  4476780 4398412 3051052 4078682  4971673  4342407  2396185  3473935 4554592  4744853
           65536    1024 1260359 2123858  4156013  4597404 4466160 3204534 5529095  2491013  5133701  2609935  2927135 3581806  3481150
           65536    2048 1091067 2022338  4995073  3129095 3345038 2163765 2757885  2321411  4976534  2136039  2214581 4940132  5217899
           65536    4096 1212621 2546679  4033022  3844886 4348796 2578233 3595158  2847153  4179330  1989320  2064177 3890269  4169756
           65536    8192 1182856 1916369  4074148  4102422 3974762 2542016 3926221  2893944  4213992  1750660  2135076 3999049  3784955
           65536   16384 1215946 2582084  3592620  4152309 4181173 2565097 4047690  2905968  3805812  2450027  2487992 4209926  3637452
          131072      64 1128938 2769734  3472372  3954628 5597769 2455825 4317370  8163420  5798879  2802963  2868723 4750544  5470435
          131072     128 1320944 2993940  5942676  5765915 5609249 2748534 5649425  7680320  5417124  2821361  2934741 5560738  5624169
          131072     256 1309816 2825624  5660186  5760598 5561188 3171421 2351234  7458684  5571841  2866599  2829522 5363900  5489225
          131072     512  923698 1254168  4979365  5516767 5609993 3012793 5510684  6858418  5581118  2698786  2736549 2562858  5418459
          131072    1024 1156828 2902253  5431467  5541680 5577777 3156689  644599  6314909  5449504  2378589  1514229 5309351  5585598
          131072    2048 1060263 1689249  3228942  2982360 4085678 2430409 2593997  1861712  3355058  1803561  1675620 4253633  4926577
          131072    4096 1089661 2200036  3895142  3918938 3992683 1847156 2417637  1577071  3973808  1766188  1274909 4020981  3961210
          131072    8192 1137283 2260018  3959641  4032750 3837447 2303744 3991697  2952076  3975130  1965921  1902817 3995498  4034733
          131072   16384 1099257  901149  3883147  3904909 4125257 2231434 3905602  2518525  3750581  1960572  2004185 1758128  4027756
          262144      64  114453  117659  5403116  5909071 5506428   75617 3068845  8135803  4449377    77382   107458 5365753  5915716
          262144     128  123325  112874  5390137  5560396 5616005   74706 5262865  8091855  5401338   121808    97658 5045209  4420115
          262144     256   76911   73353  2983548  5716921 5687762   69276 4937635  6911046  5353057    59402   112399 5080105  4421306
          262144     512  114491  119637  5018245  5456801 5468389   90172 4435378  6841809  5507476   109499   122834 5022876  4237287
          262144    1024   77171   72098  3840152  4978413 5664904   77662 3105054  2425171  3906016    79553    98836 4951443  5414744
          262144    2048   80229   74132  4192419  3495719 4353832  118160 2567244  1985037  4273685   104322   118877 1229401  3233992
          262144    4096   84825   72517  3262802  4033605 4114772  116679 3138844  2102651  4018759    87254   113968 3241352  3004657
          262144    8192   83061   72191  3778756  4107608 3979170  114860 3595551  1728713  4034833    88580   111216 2712781  3967067
          262144   16384  114224   56815  2287947  3708629 3683149  129768 2451067  2874263  3978263   140591   145204 3935868  4082095
          524288      64   13856   32570  5705112  6163098 5903421   11760 5223087  7931959  5223819    74410    47365 5879712  5869308
          524288     128   79735   71505  5560899  5576524 5499719   18437 5122754  7771256  4526631    44114    40304 5698105  5203436
          524288     256   64406   41713  4440302  5565515 5269648   16967 4566810  7430693  4773544    46963    79667 4105107  5497299
          524288     512   44018   28015  5367623  5552488 5388814   39679 5305437  5632169  5629819    40080    48881 5430225  5453942
          524288    1024   78098   57429  4812627  4571661 5637078   56998 5191483  6458183  5525922    79970    36176 2166837  5437880
          524288    2048   36956   74854  4409115  4517657 4565928   53535 4708720  3540719  4019411    89129    87875 4007128  4911046
          524288    4096   89546   81213  3338333  3999665 3285818   89817 4118138  2608866  3995334    90658    89778 4112254  4152384
          524288    8192   90260   85791  3944473  4215419 4160547   90730 3978715  2671081  4065062    92211    89602 3964162  4053500
          524288   16384   88107   85615  3568187  4091108 4141951   88666 4000851  2700163  4037892    93060    92648 4140578  3376319

iozone test complete.
