	Iozone: Performance Test of File I/O
	        Version $Revision: 3.420 $
		Compiled for 64 bit mode.
		Build: linux-AMD64 

	Contributors:William Norcott, Don Capps, Isom Crawford, Kirby Collins
	             Al Slater, Scott Rhine, Mike Wisner, Ken Goss
	             Steve Landherr, Brad Smith, Mark Kelly, Dr. Alain CYR,
	             Randy Dunlap, Mark Montague, Dan Million, Gavin Brebner,
	             Jean-Marc Zucconi, Jeff Blomberg, Benny Halevy, Dave Boone,
	             Erik Habbinga, Kris Strecker, Walter Wong, Joshua Root,
	             Fabrice Bacchella, Zhenghua Xue, Qin Li, Darren Sawyer,
	             Vangel Bojaxhi, Ben England, Vikentsi Lapa.

	Run began: Thu Oct  3 14:51:24 2013

	Auto Mode
	Command line used: iozone -a
	Output is in Kbytes/sec
	Time Resolution = 0.000001 seconds.
	Processor cache size set to 1024 Kbytes.
	Processor cache line size set to 32 bytes.
	File stride size set to 17 * record size.
                                                            random  random    bkwd   record   stride                                   
              KB  reclen   write rewrite    read    reread    read   write    read  rewrite     read   fwrite frewrite   fread  freread
              64       4  842003 1255511  2772930 12902017 9006179 4274062 2662899  3738358  4274062  3541098  3203069 4564786 12902017
              64       8  659861 1484662  6271021 2096219115972885 5283570 4897948  4564786  5389653  2801873  1828508 5735102 15972885
              64      16  718114 1518251  4897948 1597288515972885 5283570 3203069  5389653  4643754  3791156  4274062 5283570 12310336
              64      32  727850 1780008  7940539 3438968812902017 5283570  520419  4897948  3958892  4988978  5735102 5389653 12902017
              64      64  929467 1734015 10821524 2273779115972885 5860307 3057153  5389653  4897948  6421025  3791156 5860307 15972885
             128       4  794416 2660335  3657016 11470204 9977956 4557257 5122535  5603747  4407601  4407601  2098744 5545860  9977956
             128       8 1206978 2660335  4889281 1284205112842051 5545860 3468030  7082197 15881078  3657016  2098744 5325799 10567140
             128      16  881842 2098744  4267461 1172061411720614 3759450 3359523  6406138  5122535  5122535  2132084 4267461 14200794
             128      32 1185654 3359523  4267461 1284205114200794 6406138 5325799  6727225 10779307  5545860  4267461 3759450 11470204
             128      64  927549 2166499  9129573 1801235915881078 6727225 3759450  6727225  1162547  4135958  5847904 5784891 12842051
             128     128  969421 3468030 10567140 1420079415881078 5847904 3445772  5847904  5545860  6045455  4267461 5545860 16365173
             256       4  633548 2242541  2880164 1222861210245071 4672389 5117791  5320671  4652146  3236056  3465855 4929815 12228612
             256       8  713067 2350543  1262029  484091112812277 3994490 3159869  5971678  4132864  4734192  3756894 4652146 14953435
             256      16 1128110 2463808  5320671 1516462414164395 6107548 4132864  7314033  5320671  3043436  3994490 5687020 14164395
             256      32 1168627 2783115  5971678 1516462414164395 6719046 4117018  7735574  1445521  1938842  3654598 6107548 16072608
             256      64 1185399 2984226  6554972 1607260815164624 6719046 5455847  7735574  5428265  5971678  3410808 5569035  2305128
             256     128 1062263 3245838  8024634 1495343513454450 5971678 5687020  7120034  5971678  4755158  6398720 6249745 14953435
             256     256 1422540 3994490 12812277 1345445012812277 6249745 5217259  5938650  5687020  4281170  4009406 5242734 13454450
             512       4  741072 2826358  5807059 12797441 7309196 3849877 5019764  5384786  6319739  2337255  2600470 5624545 11620224
             512       8 1316016 3970896  6652558 1514384613109944 5177083 1700565  7334159  9304292  4163357  3941742 6319739 14240069
             512      16 1316016 3788747  6736026 1462806713438092 5177083 5331314  7115451  8665997   719230  3628697 6472112 14240069
             512      32 1351633 4690818  7022379 1514384613783088 6652558 5951911  7309196  7647578  5331314  4532414 6174377 15037801
             512      64 1357615 4340054  7309196 1547114914628067 6395018 5566231  8394979 10044089  5278892  4701087 6843354 15143846
             512     128 1426135 3822466  7022379 1462806713872122 2796910 2942541  7309196  8808176  5127637  5278892 6086873 14240069
             512     256 1242177 4123387  8265729 13109944 3684733 6319739 5886650  6736026  8394979  4784885  7211022 5760329 12499490
             512     512 1537424 4532414 12797441 1352271113109944 6246213 5951911  2975154  5384786  4331300  4532414 6018636 13109944
            1024       4 1091532 3003881  5363307 11903823 9655828 2311849 2138070  5593820  6776473  3696803  3603747 4876180 11645609
            1024       8 1205839 3495237  5417427 1386342212037272 4531485 6059442  7524394  6208343  4110780  4270175 6280976 14044758
            1024      16 1236742 3984917  6650556 1442204513472053 5789881 5720477  7883484  9381637  5417427  4594502 6599461 13998981
            1024      32  493005 3251778  6650556 1461839313818817 6364746 6402699  3337696  9064828  5303701  4720752 6692005  9569770
            1024      64 1475525 4451639  6874084 1482016114422045 6692005 6479979  8525047 10039528  5536137  2240689 5991815 13863422
            1024     128 1284839 4493556  5720477 1404475813643232 6128613 5751117  7590887  9743447  5226256  4356809 4589593  9743447
            1024     256 1316341 3748425  6569179 1234875412173747 5219904 5660167  6819511 10429596  5507740  3324778 3671521 12639479
            1024     512 1389145 3696803  7811791 1298335310039528 4249053 3200886  2744728  7113161  4926518  5018624 3880507 12037272
            1024    1024  823926 3198502 12348754 1035416610796646 4415030 4995276  3999762  5821271  3425544  2827858 3821805 12944224
            2048       4 1122895 3402216  4120256 11440955 6829301 2951050 4259178  5900467  6440169  3329682  2844532 5611381 10945301
            2048       8 1255690 3476572  6097316  906297012050878 3314266 5475461  7643611  9841749  4435103  3362265 5836323 14040298
            2048      16 1301149 4154130  4983122 1280539913301113 5503525 6340344  5403134 11380325  3730203  3848872 6363830 13038646
            2048      32 1472188 4559883  6588354 1321923513926483 5626082 5290001  8029434  8866519  5172149  4394265 5578583 12187663
            2048      64 1407538 2937929  6440169 1432119514514788 5430461 5765808  8464610 12187663  5197183  4472047 6378005 13118295
            2048     128 1411238 3908414  5800851 12635867 8097557 5507054 4968710  7556202 14417342  4284671  4196751 4451191  7368238
            2048     256 1262704 2980747  5119743  8292998 8713618 4897882 4911886  6690992  8159088  1328928  3563097 5704543 12050878
            2048     512 1352786 3977179  6696208 1138032512416686 4481379 4365235  6378005 10240672  3814687  3543986 3329682  7207495
            2048    1024 1443248 4023754  7782107 1118764110726615 4864597 3145567  5769681  8059569  2875960  4864597 5095447  8261095
            2048    2048 1282499 2319844  5655716  6543188 4196751 3145567 3618634  2653011  4154130  2904157  3513544 4096676  3786104
            4096       4 1047309 2551665  5297841  4887857 4325455 2135523 4414369  4395170  2856738  3038638  1726133 3834958  1977696
            4096       8 1308662 2974454  3341213  6068897 7774379 2745350 5019235  6905631  6379914  4019805  3643812 5736555  7111444
            4096      16 1234557 3589754  5504946  7447471 7802627 3961410 5263753  6758923  6234064  4047268  2959084 6112079  4982841
            4096      32 1403147 3775126  6234064  6615769 8328399 4723889 5396016  8108279  6015769  4302706  2661562 1662331  1431201
            4096      64 1295049 2335234  4362802  6439700 6714018 4117102 3027393  8272256  4096486  1730479  3222752 5238075  4137927
            4096     128 1479262 3007255  4964124  5721272 3992713 4067390 5120972  8209013  6131713  3882626  2666519 5594580  6693092
            4096     256 1238563 3768502  5551194  5969780 7572208 4133944 5278308  6459069  9023961  3945943  3734100 4218190  5504946
            4096     512 1406133 3577048  5810280  5728903 6024207 3488435 4370571  5961494 11439475  3800178  3049966 5107271  5926533
            4096    1024 1391329 3524939  6542703  6953144 6149271 3927001 4977067  5736555  9663524  3878244  3453374 5312585  4847858
            4096    2048 1209696 1951413  5312585  5238075 4316760 3279348 3025260  3875619  5057654  2618960  2461367 2714551  4408705
            4096    4096  297503 2608620  4284464  4183268 4257917 2838331 3831537  2822940  3734100  2448040  2821086 4235870  3343814
            8192       4 1108671 2755434  5524246  5305043 4899570 2100510 3768008  5494212  4719221  2834539  1522646  629370  5208541
            8192       8 1076473 1249135  5446314  4729615 5097274 2851476 1503984  6782679  5598961  3017239  2887420 5228355  5660764
            8192      16 1325156 3558822  4428482  4841578 5210911 2915349 5053790  6737460  5312425  3496175   868354 4673010  5457560
            8192      32 1346711 3499380  5978928  5983092 6415419 3309929 5838720  7656244  4525898  3531027  2924530 6135880  5728718
            8192      64 1353128 3563251  5961293  5372229 5432536 2340453 5798323  7930135  4793620  3030545  3443616 5915112  5893805
            8192     128 1236370 3477070  5535816  4137332 2850293 3711835 4995741  7466577  5268439  2090796  3042083 5688881  5431677
            8192     256 1354943 3749096  4311239  5497729 5218033 3685162 5284645  5429103  5697371  3312482  3239404 5016894  5104089
            8192     512 1366909 3368335  5201445  5123115 5442863 3206454 1474679  6698058 10638329  2838520  3107845 5047109  4815791
            8192    1024 1438199 3078607  5019093  5217241 5653313  822656 4715983  5780764 10214543  3300391  2982148 5254742  5265210
            8192    2048 1195753 2601472  4628318  4884942 5174810 3170359 3974610  3856828  5736369  2709159  2729821 4357162  4523514
            8192    4096 1184499 2429485  4192356  4112079 3954028 2666686 3720275  1755662  2603837  1748604  2931016 3792546  3849483
            8192    8192 1159008 2312260  3940424  4141321 4075498 2376552 3966810  2629946  3773388  2674574  2431032 3736863  2494571
           16384       4 1142852 2698288  4768607  5191545 4509801 2316766 4606231  5165011  2990428  2024268  2658413 5055205  4971096
           16384       8 1214987 3185024  5239439  5639767 5189976 2615612 3449287  4078838  4810332  2652462  2856312 5457909  4519589
           16384      16 1224972 3108943  5931862  5870546 5541086 2842960 5189976  5337101  5503367  3206275  3001793 5012066  5305783
           16384      32  873951 2830197  4020609  4700115 5293522 3218287 5145674  7310733  2184844  2696064  1537114 5936474  5866036
           16384      64 1327814 3349913  5516621  5445367 4984437 3757050 5189585  4180829  5463116  3403334  3349750 5787485  5663472
           16384     128 1375880 3529540  5179805  5572991 5651827 3642541 5494127  6826343  5430306  3152586  2871350 5070872  5670950
           16384     256 1317454 3625629  5061534  5053346 5324694 3375417 4453395  5370049  5362924  3158673  3317248 5224700  4967862
           16384     512 1321940 3701798  4736724  2528793 5064519 3723662 5243037  6427303  5202944  3134611  3310536 5016457  5075741
           16384    1024 1265859 3059528  5391113  5021222 5521940 3599234 5446662  6189936 10624851  3105992  3125487 5342079  5052231
           16384    2048 1234478 2564848  4372634  4980103 4852794 1639034 4577695  3644859  5834658  2277454  2278058 4193329  4592993
           16384    4096 1150409 1666580  3330108  3806792 3911003 2532334 4036669  2519429  3727905  2442160  2472741 4099032  3515996
           16384    8192 1157813 2646435  4112523  3996990 4013799 2625204 3444964  2730126  3655523  2208081  3191236 3836975  4007713
           16384   16384  801563 2578127  3911225  3892615 4134048 2710741 3636758  2511327  3110772  2454459  2776454 3788116  3736215
           32768      64  944164 3075054  5596548  4948331 5918020 3218499 5309227  7242852  4290166  2890056  2558012 4516738  5355987
           32768     128 1110063 3421875  5134295  5464811 5469596 3567081 2644948  7841195  5341001  3055570  3103874 5398483  5806754
           32768     256 1321772 2647241  5111191  5409958 5274994 3327996 5265697  3844252  5252817  2893402  3330415 5304924  5552010
           32768     512 1313611 2185115  4980609  5030375 4722857 2972693 5468725  6016728  5058331  2426372  2738656 5094519  3993135
           32768    1024 1266639 3294570  4563681  5184848 5526782 3551320 4458857  6536679  5269937  2524464  2533119 5119950  5317855
           32768    2048  905772 2556204  3377060  2283463 3213157 1954539 3184493  2336729  4867541  1680659  1997548 3740262  3689259
           32768    4096  789911 2099176  3372254  3227114 3390389 1966734 3547104  2136407  3439516  1498106  1647696 3051025  3191518
           32768    8192  960038 1902011  3808459  4144245 3790394 2601246 1894747  2128236  2273642  1978626  2098214 3690943  3303201
           32768   16384 1166409 2520437  3856441  3798670 2328928 2461351 3877329  2666035  4009794  2383659  3088112 1823891  3738939
           65536      64 1109184 3346219  4908726  5794490 5595615 2871873 5367471  8351700  4124830  3113641  2790190 5197476  5624007
           65536     128 1272766 2963553  5392638  4776016 5288167 3509103 4865026  7405354  4483571  3221056  3138097 5597096  5241979
           65536     256 1345766 3026796  5096862  4970415 4272482 3190807 4943508  6829467  5083101  2870883  2666237 4914167  4208572
           65536     512 1188127 3290815  5341188  5452216 5056359 3546317 5080659  6964434  5051806  3065274  3197488 5288574  5291526
           65536    1024 1325135 3369807  5370932  4318394 5188940 3515521 4992079  6334496  5466420  2611100  2321745 5476767  5467181
           65536    2048 1186558 2560796  4339528  4313041 4447660 2737042 4256736  3692371  4374333  2014129  2061329 3415277  3124329
           65536    4096 1116814 2222765  3980806  3544396 3921460 1867760 3903694  2439828  3840374  1810243  1830093 3698432  4036457
           65536    8192 1171124 2375703  3953211  3671902 3808027 2634499 3883399  2563709  3326699  1635498  2042201 3631445  3873494
           65536   16384 1165641 2403497  3715831  3982248 3890269 2540442 3426345  2502899  3644299  2223754  2359187 3852538  3998758
          131072      64 1182288 2813722  5543524  5681478 5460654 2645666 5610451  6834120  5320347  2700019  2683099  850459  5476211
          131072     128 1185966 2449119  5455398  5363481 5069499 2761970 5079288  6327410  5194225  2569939  2715999 4008696  5084267
          131072     256 1153669 2585762  4876713  4533141 4998743 2806869 4911436  6417822  5205981  2561247  2651830 4912402  4413057
          131072     512 1110977 2874498  5105278  4607607 5373547 2851063 4241687  6740937  4694201  2567574  2739849 5351629  5365627
          131072    1024 1172347 2699780  5114778  4193894 5428303 2830993 5257158  3660212  5352254  2401154  2258421 5116206  3965410
          131072    2048  990681 2348542  4353956  4369494 3499003 2117484 3715198  2691414  3810107  1607948  1743187 4405772  4315811
          131072    4096 1054795 2020531  3692069  3259612 3703435 2165187 3571238  2537801  3465499  1639937  1172232 3688032  3439030
          131072    8192 1002953 1968307  3960468  3857994 3713718 1993914 3013784  2640558  3469808  1564629  1724243 3237956  3685337
          131072   16384 1078337 2008029  3442475  3367305 3516821 2059551 3187307  2362551  3559792  1834507  1725629 3443553  3369803
          262144      64  138030  147081  5620569  5665547 5189342  121687 4954232  6946061  5256751   165871   170307 5164067  4983174
          262144     128  160578  140577  5146230  5427414 5390798  127172 5080997  7410615  5112110   174108   161015 4748140  5167951
          262144     256  171929  153684  4775112  4780323 5036773  142879 4975597  6759411  5018451   134038   167244 4933270  5291460
          262144     512  160761  111332  4967864  5322944 5240041  145855 5232610  6696058  4969458   128095   162137 5328567  5524995
          262144    1024  161324  144246  5256550  5393125 5355117  165297 5201051  6683766  5359084   170113   103088 5096518  5383487
          262144    2048  161436  140010  4144052  3964964 3808125  167878 3356049  3044365  4040824   173940   153390 4417504  4236323
          262144    4096  162366  142744  3865574  3818679 3879760  184050 3918978  2709746  3954625   184303   136244 3603398  3509858
          262144    8192  165765  136315  3721899  3691025 3801725  179209 3839468  2471446  3432768   162332   140160 3625785  3753972
          262144   16384  141946  118986  3610605  3477356 2769293  165625 3034845  2403404  3162898   163069   127431 3178589  3853705
          524288      64   54213   91641  5661620  5711321 5409933   29853 3857896  8106735  5683217    91808    93491 5879445  5873572
          524288     128   93805   83254  5472169  5322348 4944438   45158 5163568  7155278  5449644    85093    86456 4773462  5230230
          524288     256   89850   79444  5502953  5355571 4842993   50687 5631448  7298697  5765709    91903    92955 5672149  5869574
          524288     512   95219   91067  5313552  5777282 5658066   62676 2433953  7117183  5708222    95247    91094 5559845  5526617
          524288    1024   94719   92051  5756668  5932390 5868055   68258 5632963  7016133  5707393    95110    80623 5412116  5792409
          524288    2048   94375   89267  4538065  4293434 4444439   82101 4630538  3324736  4705425    84910    85187 4632255  4630782
          524288    4096   85687   82628  3598456  4107968 4061796   86350 3672691  2463864  3992838    89109    83723 3915933  3897182
          524288    8192   86387   82160  3964734  3886203 3891802   86536 3308165  2518339  3844232    85458    88086 4005347  4085909
          524288   16384   89712   78165  3908653  3967609 3838347   87349 3754759  2478365  4137376    91601    80706 3984525  3924578

iozone test complete.
