	Iozone: Performance Test of File I/O
	        Version $Revision: 3.420 $
		Compiled for 64 bit mode.
		Build: linux-AMD64 

	Contributors:William Norcott, Don Capps, Isom Crawford, Kirby Collins
	             Al Slater, Scott Rhine, Mike Wisner, Ken Goss
	             Steve Landherr, Brad Smith, Mark Kelly, Dr. Alain CYR,
	             Randy Dunlap, Mark Montague, Dan Million, Gavin Brebner,
	             Jean-Marc Zucconi, Jeff Blomberg, Benny Halevy, Dave Boone,
	             Erik Habbinga, Kris Strecker, Walter Wong, Joshua Root,
	             Fabrice Bacchella, Zhenghua Xue, Qin Li, Darren Sawyer,
	             Vangel Bojaxhi, Ben England, Vikentsi Lapa.

	Run began: Sat Oct  5 15:37:53 2013

	Auto Mode
	Command line used: iozone -a
	Output is in Kbytes/sec
	Time Resolution = 0.000001 seconds.
	Processor cache size set to 1024 Kbytes.
	Processor cache line size set to 32 bytes.
	File stride size set to 17 * record size.
                                                            random  random    bkwd   record   stride                                   
              KB  reclen   write rewrite    read    reread    read   write    read  rewrite     read   fwrite frewrite   fread  freread
              64       4  515423 1363961  4897948 1597288510821524 4274062 2689580  4988978  4207076  3541098  1452528 2892445 12902017
              64       8  603489 2801873  4018152 1597288515972885 4897948 4274062  6421025  5389653  3791156  1780008 3791156  6421025
              64      16  720041 1780008  6421025 12902017 9318832 4564786 3203069  5735102  4564786  3203069  3541098 3541098 12902017
              64      32  718114 1562436  5860307 2096219115972885 5735102 3203069  5283570  4018152  4018152  4897948 3541098 12902017
              64      64  780776 1679761 10402178 1597288515972885 6421025 3363612  4988978  3738358  4564786  1933893 3738358 12902017
             128       4  761728 2004703  4267461 11720614 9977956 4557257 3468030  5325799  3218540  4267461  2727923 3560017 11470204
             128       8  492178 1543594  3124872 1420079412542043 5122535 4889281  6114306 12842051  3468030  2985839 5603747 12842051
             128      16  927549 2202044  4104338 1588107816365173 5784891 3359523  6727225  5122535  4717434  2248149 3657016 14200794
             128      32  908709 2286447  6114306 1172061414200794 6114306 5122535  6727225  5545860  5545860  2905056 4717434 15881078
             128      64  969421 2166499  8036304 2164304915881078 6406138 5325799  6406138  4596273  3199360  3036502 4444086 14200794
             128     128 1291158 2558895 14200794 1588107814200794 6406138 4135958  6406138  4267461  6114306  4135958 6406138 15881078
             256       4  934659 2285501  5810112 1281227710245071 4572895 5320671  5717301  4840911  4264168  2849590 5455847 11569783
             256       8 1114064 2699161  4929815  511779112812277 5117791 5938650  7120034  5455847  4819184  3197509 5971678 14953435
             256      16 1190657 2754556  5841722 1516462413454450 6107548 6398720  7314033  5938650  5242734  3421677 4422226 14164395
             256      32 1274008 2754556  5841722 1607260814164395 6554972 6213578  7518900  6107548  5569035  3935921 4496299 14164395
             256      64 1168627 2903529  7735574 1607260814953435 6719046 6249745  7965107  5569035  6107548  4652146 5687020 14953435
             256     128 1230218 3159869  8271916 1516462414164395 6595234 5569035  7120034  7735574  4477549  6398720 5810112 14164395
             256     256 1398455 3879045 13454450 1345445012812277 5938650 5687020  6249745  6107548  6249745  4907284 6398720 14164395
             512       4 1108203 2800557  6018636 1249949010235583 4571003 4742616  5807059  7022379  4340054  3580298 5822804 12146009
             512       8 1296941 3122224  6571132 1462806713109944 5684095 6174377  7334159 12215097  5079126  4163357 6246213 14240069
             512      16 1306409 3659616  6395018  702237913109944 5439343 5822804  7647578  6931711  5439343  4375425 6395018 14240069
             512      32 1334001 3527371  7022379 1462806714240069 6472112 6472112  7758090  8808176  5566231  4494470 5067142 14628067
             512      64 1347393 3510074  6632013 1503780114240069 6736026 6491676  8109658 13872122  5822804  4916336 6736026 15037801
             512     128 1322500 3628697  7309196 1424006913783088 6472112 6018636  7513788  8140399  6035551  5439343 6319739 14240069
             512     256 1264113 3993047  8265729 1319046912427157 6319739 5951911  6736026  8394979  4784885  6821616 6086873 12797441
             512     512 1446306 4237291 12499490 1279744112499490 6174377 5624545  5951911  6018636  6086873  4882800 5886650 12797441
            1024       4  950885 3110479  5917516 11773301 9655828 4146499 5444898  5536137  6599461  4178773  3655895 5720477 11132462
            1024       8 1335165 3591693  6402699 1381881712492426 5120336 5958564  7420395  8610501  5120336  4110780 6393168 12828238
            1024      16 1385560 3804877  6569179  794179312790037 5363307 5444898  7420395  7699755  4826859  4374559 6559147 13472053
            1024      32 1331853 3923040  6609617 1418390513472053 6317933 5652717  8061038  8680108  5536137  4079544 6609617 13643232
            1024      64 1406431 4064103  6355328 1090631013863422 6441107 6355328  8391792  9381637  5660167  4550690 6609617 14230902
            1024     128 1343518 4060261  5690162 1347205313305116 6479979 5593820  8262639 13472053  5623115  4654248 6025439 13305116
            1024     256 1470977 4282950  6874084 1263947912639479 6172653 5330028  6918376 10134284  5536137  5144870 5958564 12173747
            1024     512 1395464 4249053  8061038 1298335312790037 5991815 5853003  6692005  8199542  4876180  6692005 5950309 12208350
            1024    1024 1492963 4433259 12348754 1267678512983353 5950309 6025439  6208343  6172653  6137371  4972145 6093831 12492426
            2048       4 1221235 3175804  5953632 11129659 8431376 4023754 5507054  5723548  7444871  4094723  3624742 5820505 10351742
            2048       8 1370922 3806235  6503556 1295995812416686 4818211 6167360  7343043  8830061  4945823  4196751 6440169 11072275
            2048      16 1471180 3771144  6523312 1256195213038646 4875642 5868220  7589584  8390200  5071381  4490751 6523312 12187663
            2048      32 1473451 4164199  6690992 1321923513748169 6062888 5704543  7789164  8221561  4643695  4248644 6097316 13038646
            2048      64 1545562 4310472  6298503 1311829514321195 6114678 5900467  8067138 12274742  5264067  4385291 6690992 13219235
            2048     128 1472440 4338776  6543188 1311829513926483 5578583 5750369  8159088 11058022  4367454  4321315 6225466 10289741
            2048     256 1492913 4412322  5920802 1157976312710657 6007763 5974336  7112016 10503637  4831762  4451191 5920802 11564174
            2048     512 1518244 4303993  6823876 11770166 9708272 5738844 6024617  5884299 10240672  4994712  4741090 5937172 11246230
            2048    1024 1483118 4086930  7911115 1177016611072275 5293261 5503525  6401772  8128206  4472047  5596757 5735012 10048990
            2048    2048 1244231 3277593  6759439  7733066 7444871 4338776 5319484  4403275  5420181  4301837  2905140 4284671  2625441
            4096       4 1062531 2950952  5542240  6490793 6339889 2836457 4535572  5250883  5192166  1837653  2701744 3115226  5056165
            4096       8 1231195 2224851  3864287  5744227 5928578 2913419 4952675  6987078  6291135  3676563  3343814 5327412  6389405
            4096      16 1392796 3802702  5454263  6978564 8501494 3938705 5299475  6714018  7015611  4262142  3874745 5953231  7515892
            4096      32 1420316 3509816  5721272  6716643 7831080 3734100 5826043  6930704  5936773  3489144  3453374 5920406  5902100
            4096      64 1307368 3546038  6030551  6886255 7756829 3757786 5483860  8173861  6041154  3977000  3537277 5753847  6703539
            4096     128 1472290 3673419  5513780  6391782 7529067 3957760 5642353  6225028  5672159  3839243  3405457 5601877  5744227
            4096     256 1445775 3349029  4470657  5777065 6330545 3857345 5217395  7047267 11193514  3450600  3357537 5468151  5549401
            4096     512 1448335 3595765  5826043  6330545 6281934 4121052 5402804  6703539 11070889  3543113  3504089 5286429  5885924
            4096    1024 1361665 3110150  6114255  6532752 5572803 3817913 5334028  5389246  9227530  3172758  3373360 5263753  5672159
            4096    2048 1082482 2809552  4302706  4729091 4188367 2851995 4935601  3734100  5826043  2998333  3779279 4977067  5165626
            4096    4096 1250281 2828983  4560858  4597474 4175134 2807257 4075109  2756362  4452120  2705147  2760347 4204769  4654774
            8192       4 1178042 3032953  5450634  5851647 5050076 2657200 5136133  4323172  5241116  3047479  3024942 5439416  5449769
            8192       8 1342292 3343425  6292063  6277120 5785631 2938285 5834754  7647724  5606269  3216359  3406066 6211306  6091282
            8192      16 1439464 3610427  6321001  6145757 6059057 3460959 5519808  7002465  5954062  3647218  3538663 6282859  6205696
            8192      32 1453777 3794222  5860630  6081578 6054786 3588182 6085887  8200795  6431028  3391944  3549630 5979968  6470997
            8192      64 1417083 3913942  5984134  6470997 6517641 3963149 6045199  7068733  5927357  3777121  3244298 6131500  6456406
            8192     128 1466747 3990304  6054786  6145757 5863631 3762644 5728718  5550123  6177802  3621463  3585187 6019780  5802240
            8192     256 1505896 3814017  5681356  5634770 6064404 4168957 5588034  7591960  5761377  3582197  3614985 5756551  5591672
            8192     512 1503918 3908154  5826839  6049456 5944791 3715447 5424817  6698058 12302946  3821227  3600968 5772993  5897851
            8192    1024 1469947 3346356  6104267  6040947 6220301 3957671 5309142  6715075 11098803  3429182  3229054 5669170  5435974
            8192    2048 1358102 3048831  5210911  5195153 4991387 3303247 4896777  4255705  5892794  2823823  2736997 5142283  4989212
            8192    4096 1053630 2667514  4306915  4469381 4474037 2805608 3847758  2620719  3946308  2385628  3375284 4371576  4220680
            8192    8192 1222687 2642689  4209304  4307455 4348340 2761857 4409161  2872454  4354953  2873415  2806524 4454894  4280090
           16384       4 1145175 2924630  5762733  5809993 4733787 2423984 5246239  5578420  5021222  2680605  2637092 5370049  5523715
           16384       8 1345388 3247488  6182697  6246199 5466592 2914336 5712909  7186120  5781155  3096475  3262443 6092797  6191610
           16384      16 1392497 3521221  6317983  6263278 5751158 3194946 5923170  7592636  6116114  3399799  3614378 6377792  6476367
           16384      32 1477526 3658832  6483700  6455075 6313339 3468962 6311020  6956957  2483913  3613618  3588146 6113394  6533011
           16384      64 1459359 3886011  6437538  6529907 6343059 4128087 6313919  8803636  6473317  3670362  3801317 6129206  6337794
           16384     128 1464834 3651444  5271594  6270136 6173255 4103192 6063765  8376536  5986118  3727905  3571920 6005999  5851550
           16384     256 1458306 3695031  5758869  5659275 5714809 4028623 5696807  7108073  5832677  3368468  3571177 5678917  5722900
           16384     512 1486186 3754381  5775325  5925724 5832677 3685914 5613049  7180114  5763216  3371774  3482322 5712909  5817863
           16384    1024 1414597 3505951  5822300  5968441 5855539 3675073 5455742  6986664 11661588  3205677  3158092 5667209  5677040
           16384    2048 1329870 2970907  5183322  5267957 5075741 3205677 4999668  4267811  6915650  2442854  2431961 5007319  4182865
           16384    4096 1266629 2447901  4273119  4255390 4217262 2885941 4185922  2890675  4329929  2479790  2429726 4197940  4207450
           16384    8192 1235321 2659339  4264633  4214159 4201020 2646027 4283240  2949358  4260931  2538977  3328012 4253546  4276576
           16384   16384 1185272 2618502  4217262  4382953 4233370 2832530 4322848  2840492  4228160  2677993  2700939 4275512  4248025
           32768      64 1392734 3539066  6208336  6203852 6123692 3559045 6145597  8569151  6046906  3288972  3533334 6181530  6295642
           32768     128 1407150 3293938  5596776  5943870 5886085 3617594 5537917  7989798  5884069  3292912  3523099 5964247  6037874
           32768     256 1461357 3741076  5648530  5697942 5445972 3706371 5670203  7499749  5672075  3317953  3459079 5706695  5670203
           32768     512 1428103 3495590  5781351  5857737 5757858 3802243 5586993  6761796  3508708  2569442  3430844 5714763  5744621
           32768    1024 1441236 3655115  5803812  5896945 5856738 3674759 5703617  7061983  5754723  2850377  3178896 5816092  5983982
           32768    2048 1329816 2919214  5256232  5437569 4817381 3096601 5122431  4181186  7265826  2249159  2344262 5213761  5223669
           32768    4096 1277862 2674700  3407284  3553615 3612839 1205723 4271101  3050416  4415027  2225018  2339394 4362614  4355149
           32768    8192 1105571 2624192  4368577  4402018 4297410 2675793 4312648  2987815  4379016  2491514  2487906 4268846  4393013
           32768   16384 1288053 2659741  4344274  4301445 4414460 2719097 4312648  2945995  4233084  2523723  3323007 3946015  3359067
           65536      64 1085140 3596381  6273201  6308184 5815576 3523226 6056473  8006742  5995443  3240651  3463822 6021843  6230261
           65536     128 1420742 2866721  5996620  5431424 4892562 3520068 5909471  8499939  5851976  3312268  3592620 5983957  6025143
           65536     256 1436693 3606005  5850357  5923862 5818161 3743869 5835205  7518993  5803788  3306053  3566193 5905789  5951824
           65536     512 1473711 3798975  5845629  5846126 5938965 3856430 5844635  7149192  5914302  3273844  3590415 5849859  6023426
           65536    1024 1467707 3675388  5919652  5800237 5931916 3756506 5843144  7163165  5913157  3009695  3180764 5840537  5930892
           65536    2048 1327420 2947284  5240380  5378393 5219979 3021074 5195118  4185694  5300199  2189934  2324139 5222459  5272040
           65536    4096 1288505 2639381  3456722  4377817 4361770 2674408 4310200  3042374  4343848  2043082  2215635 4255286  4372524
           65536    8192 1288004 2617141  3986580  3858000 4328390 1764709 4284803  2491284  4322128  2158702  1817364 4294309  4334396
           65536   16384 1279627 2693618  4349966  4355964 4339322 2692748 4334669  2951937  4332961  2510855  2640015 4332142  4370855
          131072      64 1274968 3031115  5977633  6236466 6029359 2974051 6005910  8590900  5945375  2876347  2963087 6187055  6327410
          131072     128 1323466 3035684  5817164  6067824 5746748 3069961 6052725  8597214  5995430  2929830  3046771 6207805  6196958
          131072     256 1393357 3209469  5876925  1662843 5801939 3001902 5695074  7503989  5677840  2823853  2953742 5698025  5779675
          131072     512 1325083 3058279  5770030  5879564 5790938 3184759 5780708  7057126  5686650  2819234  2889652 5520700  5756375
          131072    1024 1300976 3319123  5926340  5956777 5899059 3335415 5868455  7090256  5946983  2573115  2556055 5885859  5956713
          131072    2048 1204174 2473983  5054073  5025382 5124599 2540005 4935866  3942970  5013101  1856331  1940229 4846062  4936442
          131072    4096 1131569 2297658  4172124  4117502 3926776 2180499 4119693  2879934  4226783  1713602  1834428 4102661  4187728
          131072    8192 1145745 2272988  4201811  4225549 4222693 2268701 3331615  2778427  4172029  1844417  1950790 4239888  4129689
          131072   16384 1175405 2314451  4293632  4363979 4352543 2386115 4313136  3036757  2398964  1761671  2003974 3602858  4146384
          262144      64  134234  155532  5992254  6278159 5919761  122051 5551328  8595722  5907071   147852   152932 5822826  6146959
          262144     128  153086  146767  5836054  5949712 5766483  117316 5596709  8242475  5962553   152579   148461 5144014  5343873
          262144     256  151009  153925  5465888  5641998 5566391  133121 5511258  7493495  5789529   158471   157425 5469640  5692857
          262144     512  152373  142523  5732420  5855979 5880030  141373 5505133  6737005  5692238   160715   157559 5489000  5759144
          262144    1024  148807  154753  5501442  5728806 5619736  149417 5394342  6587854  5726270   153164   148123 5550375  5964591
          262144    2048  156758  157102  4789610  4988374 4993131  154268 4634873  3414125  3121167   159495   156797 4777643  5012503
          262144    4096  153930  145577  4073475  4062172 4171883  163585 4106335  2815544  4161871   166747   163084 4082095  3967367
          262144    8192  157731  151188  4127329  4329607 4301607  175700 4028152  2869575  4140962   167013   169499 4048054  4155752
          262144   16384  153747  136330  4090828  4139527 4035085  160937 3618078  2873940  4011150   191250   184392 4194451  4138484
          524288      64   61556   87168  6083560  5034926 5364389   29448 4055503  8217550  5906608    88741    87943 5476735  5650622
          524288     128   88065   73467  5864784  5912786 5730296   43278 5288200  7374996  5976503    87460    87676 6077221  6221670
          524288     256   88121   83685  5691793  5911737 5773460   54979 3416893  7381630  5762989    87852    88987 5608425  5708030
          524288     512   88827   83328  5584894  5716621 5602153   60459 5527492  7174163  5502829    88832    86787 5542803  5775613
          524288    1024   89237   81977  5604894  5708652 5624074   60358 5522591  6621713  5662903    88412    89508 5792668  5955526
          524288    2048   88635   84951  4802495  5128369 4791601   68142 4832414  3681311  4995023    89793    86333 4075784  4923636
          524288    4096   89064   83669  4135315  4160720 4075746   89023 4092578  2749078  4063492    88825    86069 4233793  4278365
          524288    8192   88879   85007  4051372  4021293 3981135   85890 4046712  2788512  4086577    87911    86347 4089670  4131865
          524288   16384   89173   82461  4128738  3994028 4189080   89954 4079360  2829032  4019161    93121    93376 4025828  4145097

iozone test complete.
