	Iozone: Performance Test of File I/O
	        Version $Revision: 3.420 $
		Compiled for 64 bit mode.
		Build: linux-AMD64 

	Contributors:William Norcott, Don Capps, Isom Crawford, Kirby Collins
	             Al Slater, Scott Rhine, Mike Wisner, Ken Goss
	             Steve Landherr, Brad Smith, Mark Kelly, Dr. Alain CYR,
	             Randy Dunlap, Mark Montague, Dan Million, Gavin Brebner,
	             Jean-Marc Zucconi, Jeff Blomberg, Benny Halevy, Dave Boone,
	             Erik Habbinga, Kris Strecker, Walter Wong, Joshua Root,
	             Fabrice Bacchella, Zhenghua Xue, Qin Li, Darren Sawyer,
	             Vangel Bojaxhi, Ben England, Vikentsi Lapa.

	Run began: Sat Oct  5 15:37:53 2013

	Auto Mode
	Command line used: iozone -a
	Output is in Kbytes/sec
	Time Resolution = 0.000001 seconds.
	Processor cache size set to 1024 Kbytes.
	Processor cache line size set to 32 bytes.
	File stride size set to 17 * record size.
                                                            random  random    bkwd   record   stride                                   
              KB  reclen   write rewrite    read    reread    read   write    read  rewrite     read   fwrite frewrite   fread  freread
              64       4  511494 1163036  3022727 1290201710821524 4018152 2801873  4988978  4564786  3363612  2222043 2892445 12902017
              64       8  615952 1421755  4897948 1290201712902017 4988978 3203069  5860307  5860307  2222043  2892445 3541098  5860307
              64      16  720041 1492919  5860307 12902017 9318832 4897948 4988978  4274062  7940539  3363612  4018152 3541098  4643754
              64      32  615952 1562436  6421025 1290201712902017 5283570 2772930  5860307  4018152  4018152  4564786 3203069 12902017
              64      64  955947 1638743 10821524 3438968815972885 5860307 3203069  4274062  3791156  4564786  1828508 5860307 12310336
             128       4  762811 1705404  4934216 1284205110567140 4407601 3036502  5325799  3468030  3895854  1997245 3380677 12842051
             128       8  824932 1939522  4012317 1420079412842051 5122535 3657016  6406138  6406138  3560017  2066432 4012317 15881078
             128      16  895074 2035099  4407601 1147020414200794 5545860 5122535  6406138  4934216  4759253  2286447 3560017 14200794
             128      32  927549 1852520  4407601 1420079415881078 6045455 3657016  6727225  4135958  5325799  4135958 5545860 11720614
             128      64  901083 2286447  4934216 2164304915881078 6114306 3867787  7082197  4407601  3445772  3380677 4012317 15881078
             128     128 1229084 2286447 11720614 1801235916365173 5784891 5325799  5545860  4759253  5545860  2621367 4717434 14200794
             256       4  962301 2135500  5971678 1281227710245071 4572895 5320671  5810112  3770085  4264168  3009318 5428265 12228612
             256       8 1103757 2557711  5841722 1495343512812277 4734192 5569035  7120034  4572895  4819184  3087188 6213578 14353744
             256      16 1058076 2639446  5810112 1516462413454450 5687020 3935921  7120034  5022044  5117791  3245838 4350555 14353744
             256      32 1137672 2692393  5320671 1583556915164624 6398720 4734192  7735574  5022044  5540300  3935921 4132864 14953435
             256      64 1173737 3159869  6554972 1709624914164395 6595234 5455847  6891544  6719046  5938650  5347168 4652146 14953435
             256     128 1213534 2911402  7735574 1495343514164395 6554972 6107548  7120034  7571923  4132864  4264168 6398720 14953435
             256     256 1384034 3465855 13454450 1435374413454450 6107548 4907284  6073004  5347168  6073004  4929815 6073004 14164395
             512       4 1152822 2841317  5951911 1221509710044089 4375425 4732165  5807059  6228097  4131319  3459188 5639315 11620224
             512       8 1210664 3081897  6491676 1503780112797441 5331314 5886650  7309196  6246213  5019764  4155301 5744919 14628067
             512      16 1326585 3487274  6472112 1414626513438092 5760329 6395018  7540170  6228097  5278892  4340054 6319739 13872122
             512      32 1032044 3604335  6319739 1503780114146265 6491676 2845081  7758090  6999490  5566231  4620174 6472112 14628067
             512      64 1320061 3481620  2497638 1503780114146265 6491676 5624545  8140399  7513788  5822804  4690818 5760329 14628067
             512     128 1380303 3659616  7334159 1462806713783088 6319739 6035551  7309196  9145790  4690818  5127637 5870558 14146265
             512     256 1080328 3795443  2655129 1310994412797441 6018636 5760329  6551087  7022379  4916336  6909408 6018636 13109944
             512     512 1391933 4091959 13109944 1352271113109944 6035551 5886650  6174377  6174377  6086873  4571003 6086873 13438092
            1024       4 1174192 3198502  5958564 12037272 9743447 4232305 5390231  3863055  7113161  4195100  3579719 3908759 11520658
            1024       8 1258117 3835457  6393168 1404475812313351 5226256 5536137  4512441  7883484  4926518  4130547 4033569 13472053
            1024      16 1322828 3804877  6172653 1314226512492426 5660167 6208343  7699755  7420395  5226256  4488860 6355328  6280976
            1024      32 1347311 3937426  5536137 1381881713102174 6093831 5536137  8061038  8391792  3696803  4392454 6529233 13472053
            1024      64 1372717 3937426  6280976  906482813472053 5536137 3158515  7208671  9064828  5042191  4451639 5356618 13818817
            1024     128 1227903 4199201  6609617 1347205312944224 6280976 5885083  7941793  8895850  5417427  4574926 6016997 12944224
            1024     256 1338494 4130547  6609617 1263947911903823 5991815 5853003  7113161  9320560  5500686  5120336 5853003 12348754
            1024     512 1432225 4178773  4570058 1279003712639479 5758828 5821271  6441107  7941793  5048117  6559147 5813392 12208350
            1024    1024 1262555 4029784 12348754  591751612639479 5690162 5885083  5885083  5958564  5782087  4783849 3908759 12492426
            2048       4 1209712 2767549  5868220 10302081 9441504 3436240 5403134  5704543  7419150  3960675  3542524 5626082  9525260
            2048       8 1284993 3743207  5044577 1177016611983630 4631177 6003564  7419150  9062970  3835124  3436240 6340344 11642543
            2048      16 1355562 3901313  6280083 1248889712786337 5169036 4741090  7368238  8600205  4994712  4347560 6298503 11564174
            2048      32 1268859 4130162  6563185 1211888413384011 5785224 6382745  7817519 10143926  5159722  4319142 6483920 11770166
            2048      64 1358993 4213218  6321679 1263586714017386 6058611 4754210  8089930  9472740  4376355  4248644 5750369  7903836
            2048     128 1513696 4146110  6207471 1205087813467949 5884299 5953632  7817519 15399510  4886737  4248644 6110328 11502234
            2048     256 1336787 3723735  6261772 1101548012488897 5719737 5852228  7059413 12327589  4751580  4276140 5785224 10780463
            2048     512 1392253 4071433  6711905 1124623011706006 4385291 5816563  6873016 10240672  4071433  4621211 5800851 10240672
            2048    1024 1401796 3969827  7874853 1112965910607402 4056054 5626082  6225466  7969835  3938881  5461535 5578583  9567698
            2048    2048 1197736 3061485  5376082  7286980 7106133 4094723 5293261  4146110  5197183  3857514  3880166 5403134  6780783
            4096       4 1204353 3042943  5672159  5833956 7249484 2874423 4796426  5587302  6103394  3470816  3243439 5133213  6349261
            4096       8 1312461 3332786  5784846  6758923 6420447 3230631 5674032  6772244  7200866  3643812  3589754 5971855  6216019
            4096      16 1411911 3673419  6216019  6595451 8944095 4128976 5476867  7599002  6693092  4297324  3222752 6151473  7392988
            4096      32 1445410 4015108  5810280  7499487 9636422 4639689 5918366  7728911  7342434  4032070  3677350 5746149  6234064
            4096      64 1427159 4067390  5642353  7555557 9414629 4446359 1182469  1026533   777517   368383  1139112 6198078  7421732
            4096     128 1461394 3979764  6142675  6339889 8902382 4824714 5955295  8193352  7515892  3860813  3942321 5389246  6883496
            4096     256 1461891 3750403  5920406  6861502 8224733 4095510 5681538  6149271 11193514  4108241  3673419 5611025  5961494
            4096     512 1462389 3723578  5319164  6761583 8177752 4531983 5649775  6941906 11570449  3820460  4023571 5250883  6420447
            4096    1024 1377275 3522048  5859825  7050159 6905631 3664018 5618365  6379914 10036109  4071246  3919833 5634950  6158088
            4096    2048 1355862 2983234  5025108  6263611 4941279 3555579 5026578  3605576  5996870  2860543  3141429 4643451  4551192
            4096    4096 1221566 2779102  4262142  4481152 4280194 2994153 4171080  2721862  4059701  2900630  3049966 4591331  4515307
            8192       4 1120823 2939542  5733497  5696426 4727012 2416499 4893987  5502130  5210911  2767419  2789210 5162371  5697371
            8192       8 1282376 3304518  6239504  5881698 5701152 3013006 5822889  6665573  5988306  3157830  3347660 6108608  5944791
            8192      16 1394367 3544504  6336155  5940679 6384425 3245524 5681356  7111158  5748846  3551098  3558822 5504775  5657967
            8192      32 1357888 3456433  6121668  6040947 5940679 3356162 5224380  7432659  5817959  3113760  3520174 6330318  5716328
            8192      64 1447590 3698649  6370221  6117309 6233844 4049561 5896839  7944805  6395120  3621463  3720275 5905961  6395120
            8192     128 1406871 3680031  6131500  6135880 5732541 3642192 5523358  8299843  5876668  3603989  3546333 6050521  5716328
            8192     256 1451688 3735645  5429103  5944791 5748846 3805147 5704938  7528746  6104267  3496531  3582197 4345590  5471465
            8192     512 1380307 3255981  5553712  6104267 5842692 3895747 5364680  7167528 12316176  3602478  3015121 5764277  5475825
            8192    1024 1430951 3544870  6095604  5793435 6205696 3862465 5712526  6486879 10163180  3315039  3180336 5278151  5432536
            8192    2048 1305917 2911150  5224380  5207752 4902367 3270236 4832725  4039563  6516405  2794882  2711724 5113204  4974045
            8192    4096 1240298 2638225  4216019  4257814 4242568 2462391 4233160  2711724  3893540  2583476  3345053 4289173  4201070
            8192    8192 1186913 2605614  4248864  4287033 4418232 2771213 4248864  2845337  4295608  2793064  2748162 4124914  4205698
           16384       4 1172451 2723849  5631910  5669546 4453395 2486970 5163847  5525936  4844242  2788735  2918420 5561265  5393229
           16384       8 1306111 3220852  4975415  5966368 5459210 2799300 5764667  7207979  5661606  3087848  3194946 5999706  6154457
           16384      16 1371980 3413308  5679386  6108503 5393229 3124350 5925213  7724930  5769022  3265699  3195094 5977266  6104162
           16384      32 1404306 3571177  6313339  6182697 6008099 3408398 5799696  8051674  6131394  3497031  3342418 6194400  6155008
           16384      64 1380413 3361548  6265562  6068049 6124836 3073348 6030242  8627891  6175474  3595467  3534078 6021260  6106332
           16384     128 1475369 3496319  5927257  6077171 5910434 3707590 5450550  8046960  5834658  3553266  3599988 5853544  5917050
           16384     256 1430171 3644859  5591583  5783101 5694918 3859602 5568926  7230732  5657877  3243809  3390071 5509102  5663472
           16384     512 1434560 3360068  5682674  5847069 5716711 3690269 5607095  6764523  5752602  3193164  3426242 5753084  5738671
           16384    1024 1420739 3546298  5583859  5769022 5826743 3625629 5298828  6930995 11314072  3220852  3130898 5450550  5423449
           16384    2048 1299909 2902396  5118462  5069376 5060044 3167116 4966426  3880744  6175474  2449036  2295637 4893920  5102499
           16384    4096 1257888 2575711  4410238  4450799 4222704 2937256 4392478  2999697  4448494  2519891  2636687 4285644  4432712
           16384    8192 1303831 2640943  4413920  4411370 4418461 2677993 4409106  2915819  4410238  2539352  3426925 4412503  4415055
           16384   16384 1275114 2668012  4430425  4451952 4432998 2784103 4388831  2801125  4380997  2697864  2493376 4435287  4440158
           32768      64 1427984 3516249  6479666  6418839 6297950 3503074 6362677  8544644  6190719  3338262  3435131 6066925  6156057
           32768     128 1394317 3569953  5961142  5978516 5902009 3571066 5914963  8406152  5923121  3274866  3522286 5753760  5988415
           32768     256 1410052 3645420  5689921  5759788 5656667 3623221 5594726  7181541  5713813  3262196  3264365 5687802  5711676
           32768     512 1427673 3635585  5790363  5721662 5732640 3737617 5620580  7084918  5777220  3226508  3297574 5657366  5697705
           32768    1024 1406776  570672  5753760  5791339 5850506 3527620 5699832  7045331  5744621  2898833  3080844 5664127  5758823
           32768    2048 1293289 2812694  4965494  5056843 5145636 2920516 4990556  3890280  6788514  2174536  2167916 4934828  5013494
           32768    4096 1212274 2540940  4237390  4186025 4244064 2550417 4221512  2881754  3962283  2121599  2192120 4103659  4178643
           32768    8192 1221638 2569826  4202151  4222160 4175850 2647700 4131165  2860819  4213488  2379491  2519051 4186535  4163705
           32768   16384 1214663 2546495  4224756  4086333 4223198 2527807 4178008  2843183  4241183  2411894  3274164 4172680  4241706
           65536      64 1052044 3434780  6277929  6282233 6015780 3471741 6110596  8178746  6046880  3184154  3511165 6314850  6421359
           65536     128 1446483 3663485  6082876  6264765 6044619 3678290 6026860  8473736  6050340  3344713  3607804 5088936  4831930
           65536     256 1287033 3749844  5830626  5910106 5759885 3807816 5699691  7683131  5800114  3350502  3603264 5856714  5881904
           65536     512 1459501 3701520  5918505  5969662 5994266 3780323 5939991  7255241  5898312  3302241  3509327 5917995  6019733
           65536    1024 1426989 3538055  5896161  5976931 5982264 3492650 5792536  6897848  5986694  2752913  3013588 5924500  6000285
           65536    2048 1317280 2902654  5202985  5185611 5285625 2987842 4881268  4107326  5212061  2153729  2270352 5154688  5208308
           65536    4096 1257937 2597039  4355964  4286206 4353963 2661152 4237117  3005121  4253376  2085080  2081228 4276404  4351344
           65536    8192 1254303 1967336  4203167  4334054 4033969 2557103 4287009  3008707  4299683  2217798  2308582 4313853  4346733
           65536   16384 1277878 2668411  4362323  4341516 3784955 2734863 4297733  2997715  4186267  2489299  2571047 3617347  3581013
          131072      64 1177318 2880824  6073522  6163195 5875292 2829099 5985052  8053637  5895137  2730216  2989918 6428553  6491328
          131072     128 1256045 2907733  5822586  5952391 5836308 2853475 5806351  8032338  5835255  2602754  2962624 5861385  6005647
          131072     256 1283849 3056222  5712947  5722938 5688886 2902390 5540507  7282517  5547328  2738430  2973633 5708261  5841518
          131072     512 1342840 3093872  5560738  5427446 5159322 2878109 5628545  7260875  5715382  2428026  2821361 5659370  5738709
          131072    1024 1291501 2845677  5584917  5779432 5807087 2981131 5664035  6415051  5655702  2392793  2418477 5832160  5962980
          131072    2048 1165621 2290631  5067536  5262442 3969820 2158056 5052075  4116701  5156419  1836745  1958462 4950801  5215760
          131072    4096 1158166 2163227  4161418  4207246 3986603 2193523 4111036  2836207  4057963  1689483  1810713 4075501  3953661
          131072    8192 1120167 2172048  4272509  4317404 4313846 2262557 4295477  2939747  4273472  1903344  1974571 4271945  4335244
          131072   16384 1155085 2147527  4289009  4352543 4165517 2162368 4249819  2928800  4303783  1997566  2149038 4260424  4333091
          262144      64  157292  159872  6043105  6279055 5949969  118159 5732929  7771564  6121974   166042   160896 6081409  6239468
          262144     128  156901  164210  5715168  6026444 5804781  123993 5640783  8396115  6022021   162724   161897 5709707  5992287
          262144     256  154523  158164  5623501  5842163 5754321  136623 5458941  7355930  5639828   170271   160067 5541926  5661375
          262144     512  155850  157579  5529412  5749146 5725048  152150 5527661  7067051  5707603   160787   152734 5701004  5877138
          262144    1024  158733  164132  5488891  5710093 5717308  151749 5465997  6659799  5709826   168657   163179 5479044  5729165
          262144    2048  157057  158666  4730734  4968897 4892463  170645 4826551  3921032  5090454   162775   149087 4705165  5023449
          262144    4096  158404  161657  4100363  4211142 4087452  174042 4061737  2870226  4067282   165520   161121 3982918  4152770
          262144    8192  158537  138833  4031859  4180782 4109819  147480 2818120  2813461  4179861   173933   174272 4137051  4303645
          262144   16384  161823  160090  3974107  4014137 3993043  168992 4158047  2921639  4250473   189963   185827 4049307  4169621
          524288      64   61053   91032  6162511  6251508 5889160   36100 5687288  8204306  5846805    90685    90702 6082432  6287795
          524288     128   92159   86289  5892522  6057067 5726476   49717 5778162  7921559  5995976    90286    89930 5947424  6234918
          524288     256   92073   87588  5689805  5797784 5735183   58151 5145926  7044340  5590502    92849    93118 5561616  5693900
          524288     512   92178   89197  5650883  5740019 5693635   61269 5502554  7187646  5719104    92229    92169 5640056  5727729
          524288    1024   93011   88218  5080560  5998708 5943228   61866 4541177  6445463  5756352    92317    91276 5626664  5799910
          524288    2048   91214   76984  4668305  4342353 4873378   88148 4717913  3738317  4856276    91168    84842 4929972  4826634
          524288    4096   93045   87632  4103537  4158210 4130949   93650 4066769  2712707  4023478    93369    91681 4139986  4185061
          524288    8192   91324   86976  3946377  4164723 4214538   92581 4010248  2793773  4034721    92868    91502 4026978  3977304
          524288   16384   91520   85608  4127607  4179088 4061788   94719 4106426  2567093  3966443    97049    83153 4055257  4200386

iozone test complete.
