	Iozone: Performance Test of File I/O
	        Version $Revision: 3.420 $
		Compiled for 64 bit mode.
		Build: linux-AMD64 

	Contributors:William Norcott, Don Capps, Isom Crawford, Kirby Collins
	             Al Slater, Scott Rhine, Mike Wisner, Ken Goss
	             Steve Landherr, Brad Smith, Mark Kelly, Dr. Alain CYR,
	             Randy Dunlap, Mark Montague, Dan Million, Gavin Brebner,
	             Jean-Marc Zucconi, Jeff Blomberg, Benny Halevy, Dave Boone,
	             Erik Habbinga, Kris Strecker, Walter Wong, Joshua Root,
	             Fabrice Bacchella, Zhenghua Xue, Qin Li, Darren Sawyer,
	             Vangel Bojaxhi, Ben England, Vikentsi Lapa.

	Run began: Sun Oct  6 09:02:30 2013

	Auto Mode
	Command line used: iozone -a
	Output is in Kbytes/sec
	Time Resolution = 0.000001 seconds.
	Processor cache size set to 1024 Kbytes.
	Processor cache line size set to 32 bytes.
	File stride size set to 17 * record size.
                                                            random  random    bkwd   record   stride                                   
              KB  reclen   write rewrite    read    reread    read   write    read  rewrite     read   fwrite frewrite   fread  freread
              64       4  460591 1336792  4897948 1290201710821524 3958892 4564786  4897948  9006179  3541098  2444640 3057153 10821524
              64       8  598110 2467108  5860307 1290201710402178 4564786 4564786  4274062 12902017  2923952  2801873 5389653 20962191
              64      16  831569 3363612  4564786 12902017 9006179 4018152 4564786  3363612  7940539  3057153  3057153 4988978 10402178
              64      32  780776 3363612  7940539 2096219115972885 5283570 4564786  4564786  7100397  4564786  2278628 4897948 10402178
              64      64  752329 1599680 15972885 2273779115972885 5389653 4897948  3541098  5735102  4274062  3363612 6421025 20962191
             128       4  747933 2608629  3867787 11720614 9795896 4407601 2985839  5122535  3277486  3982553  2066432 3982553 11720614
             128       8 1051027 1997245  4267461 1420079412842051 5325799 3380677  5325799  4934216  4596273  1997245 6114306 11470204
             128      16  432679 1684006  3468030  4407601 6114306  836500  889145  1048974   706589   248458   348888 1471662  2464907
             128      32  876086 2098744  4759253 1636517314200794 6114306 3277486  6727225  4407601  5325799  3785961 3759450 14200794
             128      64  901083 3380677  7082197 1863766414200794 4934216 3982553  5545860  6812590  3560017  5545860 6406138 15881078
             128     128 1102844 3560017 11720614 1636517314200794 5847904 3895854  6114306  6114306  4889281  2673584 4267461 15881078
             256       4  900936 2911402  5810112 1281227710245071 4496299 4332998  5142301  1471270  4132864  2533571 4652146 11091721
             256       8 1094754 2692393  6398720 1516462412812277 5217259 5455847  6249745  8888172  4197489  3705040 6107548 14164395
             256      16 1168627 1405778  6761355 1416439513454450 5540300 4734192  7120034  4907284  5117791  3378611 4422226 13454450
             256      32  750970 3994490  4422226 1075832212090911 5971678 6249745  7518900  5428265  5428265  5022044 4404088 14953435
             256      64  778183 3368013  6761355 1607260814164395 5938650 6107548  7518900  5687020  5841722  5320671 4197489 14164395
             256     128 1254656 3454704  7965107 1495343514164395 5938650 5455847  6249745  8271916  3823789  6398720 5841722 14953435
             256     256 1147398 3557725 11695808 1416439512812277 5841722 5320671  5569035  5687020  5242734  4404088 5938650 13454450
             512       4  841884 2695115  5509113 11877300 9468384 1985091 4916336  2449212  8562340  3762197  3431550 3934520 10694336
             512       8 1176828 1938502  6319739 1352271111374040 5115422 5951911  6931711  6931711  4882800  4091959 5968453 14146265
             512      16 1000315 2169601  5807059 1387212212797441 5760329 5822804  6736026  6931711  4827914  3905895 6491676 13872122
             512      32 1135150 3527371  5699180 1424006913872122 6246213 5951911  6821616  9510316  4961773  4650188 5384786 13872122
             512      64 1305615 3710197  7022379 1352271112499490 5624545 4827914  7647578  8665997  5453155  3762197 4494470 14628067
             512     128 1305615 2097550  7309196 1424006913522711 6395018 5886650  7211022  8955098  3459188  4204110 5744919 13783088
             512     256  922535 4195896  8140399 1310994412797441 5951911 3580298  5067142  7871843  3941742  3140488 6104175 13109944
             512     512 1267097 4305250 12797441 1352271111877300 5453155 5760329  6018636  6104175  6156675  4927617 6246213  9304292
            1024       4  773476 1942715  5630486 11132462 9045736 3379719 4762630  4789183  6830356  2805690  2701567 2672984 10354166
            1024       8 1239598 3680961  5917516 1386342212348754 4470172 5690162  7113161  6431462  3970183  3655895 4898425 13472053
            1024      16 1370965 3877004  6093831 13142265 8914314 5690162 5813392  7644933  7319232  4972145  4079544 5853003 12828238
            1024      32 1354535 4304412  5630486 1368670912828238 5200941 5991815  7257394  5660167  4614246  2503178 4854136  6290174
            1024      64 1307923 3160839  6208343 14044758 8326715 6025439 5330028  7883484 11249091  4146499  3615883 2968586  5226256
            1024     128 1342258 4048778  5751117 1249242612790037 3124054 3518141  6830356  9142007  3970183  2592318 3170172 12639479
            1024     256 1302766 4033569  6650556 1234875412348754 5853003 5751117  6650556  4876180  5071963  4178773 5690162 12313351
            1024     512 1256644 3778101  5277632  6244448 5363307 3472628 5417427  6093831  7755368  4762630  4989473 5660167 12348754
            1024    1024  946485 2102484 11903823 12944224 4995276 5330028 3149251  4570058  5065980  3048658  4488860 5251818 11645609
            2048       4  938502 2329912  3598924  4490751 8758039 3549844 4831762  5719737  8128206  3723735  2993211 4886737  8292998
            2048       8 1125249 3089009  3099039 11966935 9796850 4096676 4071433  5535444  5251194  3336148  3580921 5564129  7065219
            2048      16 1200582 2840769  6189580 1205087812561952 4971585 5920802  5197183  7643611  4666399  3878414 6003564 11380325
            2048      32 1324829 3307884  6171791 1211888413489098 5611381 5884299  6717153  8325147  4971585  2782790 6058611  7643611
            2048      64 1088324 3764533  6459541 1319892314132698 5920802 3878414  7903836  7419150  4231899  3379461 5006356  8325147
            2048     128 1279252 3047366  5970183 1319892313574363 5754221 5785224  8221561 10945301  4850862  3857514 2942962 11380325
            2048     256 1208861 3924484  5674397 1014392612257227 5447681 5754221  7183386 10503637  4697018  2925920 5080379 10289741
            2048     512 1356204 3751381  6207471  809755710780463 4850862 3084572  5920802  5107566  3470953  2778290 4720248 10037248
            2048    1024  952552 3779440  7810411 11380325 9990553 4094723 5389574  5920802  6967792  4472047  3384788 3969827  6990474
            2048    2048  974378 2913021  6629029  7262337 7082696 3324528 4358590  3240499  4338776  3358321  2888532 4347560  5596757
            4096       4  893723 2506617  3853884  6430059 7200866 2938334 4763181  5642353  5319164  3546038  2381196 4137927  4485833
            4096       8 1222000 2813233  5849848  7237268 8734909 3401411 5649775  5426697  6058196  3992713  3311586 5859825  4404184
            4096      16 1183120 2868184  5826043  5050220 6804432 3479956 5468151  7405736  6293440  3968731  3942321 5751920  4846491
            4096      32 1375401 2927818  5753847  3740604 5468151 4274869 6077484  7831080  7396171  4288742  3512686 6096896  4456740
            4096      64 1299948 2840678  6302675  6309619 9242423 4125010 5704175  8127459  7585581  4038705  2850103 5375755  5587302
            4096     128 1283247 3059199  4515307  6585338 9081201 4481152 5252488  8062616  6480999  4100397  3245890 5728903  6772244
            4096     256 1353192 3007255  5833956  6007355 7965422 4321103 5596402  4756587 11281721  4000150  3436107 4746074  5238075
            4096     512 1350002 2822940  5353976  6068897 7061751 3612399 5634950  6897314 11570449  3670280  3030063 5618365  2805423
            4096    1024 1099032 2097201  6565206  6769576 6872481 3669496 5204750  6572741 10036109  4035859  2751065 4413235  4485833
            4096    2048 1025002 1861750  5025108  6261328 5527974 3427196 4977067  3901141  5902100  2730514  3102848 5225329  4466009
            4096    4096  933039 1909552  2828518  4031124 3250804 2771480 2725317  2092858  3349029  2714551  2587795 3589754  4196552
            8192       4  845657 2752785  4143818  4667931 4830687 2607196 4033398  5218033  4071635  2297264  2461509 5498608  5449769
            8192       8 1190202 2721605  4664763  5821902 5244315 2893742 5218033  5789530  4116513  2821736  3297857 5876668  5863631
            8192      16 1301317 3018564  5527801  5059743 5392464 3199884 5013234  6786699  4827293  3272728  3105317 5241116  5761377
            8192      32 1231496 2979046  5576245  5053790 5227560 3061326 4719221  7080386  4546258  2711724  3618412 5062726  6173362
            8192      64 1294746 3747460  4801658  5264403 5752696 3119697 4100302  7495897  4902367  2764746  3308654 5264403  4435342
            8192     128 1341192 3133924  5516264  5542961 4583861 3799676 4506310  6872214  5123115  2903033  2760304 5732541  4481039
            8192     256 1456118 3413510  5117011  5502130 5227560 3437759 4749227  7453619  6090202  3528126  2614736 4343942  4334079
            8192     512 1245919 3475312  6006101  6108608 5633847 4059608 4508675  6182248 10569606  2957252  2623921 4710810  5697371
            8192    1024 1016385 3639492  5876668  4862131 5078440 3208849 4715983  3961322  6248582  1768585  2685024 5395852  5630154
            8192    2048 1054309 1929801  2764746  2667514 2747283 2095641 4153837  3906377  3323375  1748159  2449751 4201070  2892524
            8192    4096 1068771 2209799  4131362  4373245 3849483 2883543 3831454  2613940  3613465  1722136  2646965 3708229  3618412
            8192    8192  941496 1957953  4421075  2761192 2720743 1911762 4371019  2672909  2736997  1992237  2594008 3645670  3063510
           16384       4  959637 2850862  4750476  4828923 4142521 2356004 3887990  4435287  4430425  2706684  2521371 4227900  4653330
           16384       8 1262533 3056126  5521940  5728625 5184886 2786812 4159571  6939394  4749163  2622700  3044887 4877594  5171619
           16384      16 1233105 2949991  5738671  6019150 5799696 3055583 4850396  7111015  5357907  3086739  3027849 4044509  5012066
           16384      32 1274924 2767063  6119927  6220192 6108503 3330754 5347067  4931852  5904340  3141633  3277380 5878581  5013529
           16384      64 1233725 3528815  5763216  6363028 6282173 3636180 5555870  8031911  5714334  3444100  3720236 5144133  5237842
           16384     128  826682 3260431  5726715  5592038 5649504 3252868 5927769  8502985  6052016  3367808  2960029 4957469  4772581
           16384     256 1289276 3789160  4842876  5231064 5505130 3747625 5067506  7488387  5093045  3413986  2815125 5323045  4532407
           16384     512 1424332 2976698  4580136  5225892 4491232 3250714 5540639  6751231  5906370  3423340  2883035 4914218  5712909
           16384    1024 1170274 2125050  5367951  5915013 6079322 3829704 5637917  7092667  9536681  1769897  3025183 4936458  4233631
           16384    2048 1255865 3078580  5080244  5373828 5110468 2735233 3252714  2815125  6229778  2423300  1705248 2787378  2820440
           16384    4096 1069234 2675908  3425559  3557128 3522665 2269632 3100666  2289900  1885835  1749486  1771814 3721041  4113508
           16384    8192 1089215 2690786  4407692  4205390 4374861 2716635 3540998  2476484  4232327  2496003  3439102 3021193  3274257
           16384   16384  858480 2508210  4278973  4013799 4397256 2680605 4027679  2474165  3350566  2700090  2102104 2790207  4396975
           32768      64 1131875 3206560  5994945  5106444 5283511 3547470 4733266  7907513  5546409  3336884  3569119 5158576  5421482
           32768     128 1388120 2891880  5047557  5925674 5927719 3532971 6100858  8128727  4521642  2711693  3141116 5242998  5807981
           32768     256 1461559 3512564  4946906  5017337 5211191 3555638 4377900  6843613  5734554  3083747  2921261 5852499  1686288
           32768     512 1237176 3631550  5814124  5014957 4463636 3042852 5776006  6279821  5394669  2774145  3317553 5008926  5252215
           32768    1024 1287450 3203122  4291774  4719613 5513700 3581955 5926441  7242852  5280060  2139866  3008680 4623712  4668473
           32768    2048  866260 1923115  3005719  3662420 5294502 2800201 3745358  4108320  7120523  2200227  1659053 2812982  2845479
           32768    4096 1252692 2544703  4270040  4328676 4414885 2684155 3482658  2490927  4269376  2141300  1501740 4201509  4402582
           32768    8192 1198186 2507698  3447453  3453951 3566063 2158484 4243933  2859094  2874642  2017606  1839465 2864815  3580369
           32768   16384 1245078 2612867  4321190  3137746 3223632 2305682 2756397  1569192  2712121  2080901  2473444 2945995  3072442
           65536      64 1077273 3518310  6135283  4718544 4511608 2861320 5610462  7622199  3966846  2881084  3436583 5343369  6519131
           65536     128  769399 3114241  5775618  4632814 4250614 2221634 4217807  7721765  5907312  2559794  3222038 5591403  5393484
           65536     256 1186148 3417612  4534382  4465217 3707411 2439005 5212852  6186651  4990176  2161197  3328391 4515685  4567610
           65536     512 1448305 2902899  4596712  4595790 4518802 1980533 5161948  5082255  4208637  2264386  3393353 5831615  4425106
           65536    1024 1209622 3566378  3905358  5424778 3685095 1584412 4688444  3402004  4696535  2637052  2078066 5214929  5933452
           65536    2048  695082 1843904  2817185  2712919 2583516 1691121 2869354  2564307  2775540  1434421  2035140 2763486  3394065
           65536    4096  847397 2111411  2651014  2669500 2607459 1688856 2479799  2368314  4220527  1503463  1537212 4042214  2673082
           65536    8192 1229549 1996109  2740808  2326697 2437362 1721873 2641283  2236346  2526362  1454189  2086996 2724887  3415319
           65536   16384 1064828 1907949  1724358  2700181 2507694 1590721 2726130  1997691  4058747  1794818  2384772 4098568  2784848
          131072      64  797283 2996421  6018007  5916136 5801694 2923225 5064595  7536806  5500318   408485  1104637 2953932  6135749
          131072     128 1301259 2560960  5381700  5748250 5535096 3039427 1427722  7858953  5519758  2771787  2838213 5845990  5997850
          131072     256 1351382 3058994  5217394  5578909 5474139 3031767 2997025  6387250  5378173  2749744  2518675 5407692  5440228
          131072     512 1278550 1060719  5249628  4689356 5617215 3103110 4485832  6668976  5503292  2720300  2772836  617137  5758064
          131072    1024 1339424 3060425  5530252  5826967 5802980 3185055 5314741  6832676  5731171  2518190  1699232 5733682  5540005
          131072    2048 1201899  802203  4596128  5067536 4796049 2598165 4891857  3893901  4882733   289661  1904392 1936954  3533798
          131072    4096 1150540 1242058  4108978  4101100 4095753 2306063 3791947  2643860  3941670  1822871  1560756 1726631  4058831
          131072    8192 1137598  793130  4050040  4047178 4032365 2238521 3889603  2708666  3964066  1828187  1883190 3832177  3887760
          131072   16384 1146878 2172116  2602483  2554107 2892404 2017024 2843645  2250470  4044945  1968582  2023654 4111959  3664286
          262144      64   72228  108100  5460296  5954416 5591813   79941 3981158  7966159  4291751    69824    69477 5404152  4850034
          262144     128   74908   70554  5366094  5845425 5566053   51126 4107424  4669318  4534801    69490    85160 1731716  4700358
          262144     256   76619   75523  5104847  5513027 5418213   91862 2945732  7154980  5413731   108524    91861 4351953  5455555
          262144     512   68305   62242  4407481  4968717 4140369   89706 1229851  6698302  5546623    78681    76965 4786024  5390349
          262144    1024  106547   69399  3801607  3725379 3912535   79717 4836785  6901069  5618875    77163    98316 4834105  5374224
          262144    2048   71776   78470  4308096  4719241 4703495  122539 4387922  3579106  2824120    70317    65765 4507048  2888671
          262144    4096   70183   81698  3666654  4060147 3864555   76935 3577581  2294637  3853530    71698    99256 1455037  3001523
          262144    8192   72875   65343  2671234  2620600 2798054  121092 2837670  2667618  3960965    86590   101994 3889435  3977845
          262144   16384   92655   99085  3822795  4051246 4006356  114421 1085463  2778159  3841896   125985   112263 2066437  3796816
          524288      64   38348   64969  5684877  6190093 5860064   14306 2929832  7939176  5828657    73449    73780 5833126  6032740
          524288     128   63944   62049  5572609  5853061 5467489   16018 4432077  6791032  5158081    38470    62258 2590393  5883142
          524288     256   74982   66676  5190613  5559198 5456338   26877 2128042  4896001  5361590    40141    73939 2261539  5646849
          524288     512   74511   35118  5419439  5534489 5490848   51205 5251752  6733205  5477936    46204    46398 5301089  5591682
          524288    1024   74051   36836  5378086  5644733 5518586   47404 5246289  6555661  5393294    72316    43700 2839450  3808658
          524288    2048   37028   63445  4512447  4726207 3014640   39552 3329614  3508843  4820286    70407    67250 2880607  3468409
          524288    4096   38033   48004  3776743  3977729 3881258   46398 2504337  2641555  2656358    66901    75958 1673858  3908215
          524288    8192   73480   42265  3780444  3978931 3913682   44034 2527369  2414705  2620821    38789    74573 1504136  3831426
          524288   16384   73469   70263  4047248  4098688 3980832   86951 3984193  2800847  4186400    87711    86643 4116033  4096260

iozone test complete.
