	Iozone: Performance Test of File I/O
	        Version $Revision: 3.420 $
		Compiled for 64 bit mode.
		Build: linux-AMD64 

	Contributors:William Norcott, Don Capps, Isom Crawford, Kirby Collins
	             Al Slater, Scott Rhine, Mike Wisner, Ken Goss
	             Steve Landherr, Brad Smith, Mark Kelly, Dr. Alain CYR,
	             Randy Dunlap, Mark Montague, Dan Million, Gavin Brebner,
	             Jean-Marc Zucconi, Jeff Blomberg, Benny Halevy, Dave Boone,
	             Erik Habbinga, Kris Strecker, Walter Wong, Joshua Root,
	             Fabrice Bacchella, Zhenghua Xue, Qin Li, Darren Sawyer,
	             Vangel Bojaxhi, Ben England, Vikentsi Lapa.

	Run began: Sun Oct  6 09:02:31 2013

	Auto Mode
	Command line used: iozone -a
	Output is in Kbytes/sec
	Time Resolution = 0.000001 seconds.
	Processor cache size set to 1024 Kbytes.
	Processor cache line size set to 32 bytes.
	File stride size set to 17 * record size.
                                                            random  random    bkwd   record   stride                                   
              KB  reclen   write rewrite    read    reread    read   write    read  rewrite     read   fwrite frewrite   fread  freread
              64       4  207157 1304314  4897948 1597288510821524 4274062 2467108  4988978  4274062  3406295  1460430 2689580 12902017
              64       8  647135 1304314  7100397 2096219112902017 5283570 3203069  4564786  5389653  2298136  3541098 5860307 12902017
              64      16  627470 1562436  5735102 1290201712902017 5283570 2772930  5860307  4274062  3203069  1690338 3541098 15972885
              64      32  735831 1452528  6421025 2273779115972885 5283570 4564786  4564786  4018152  3791156  2067979 3738358  6421025
              64      64  695778 1828508 15972885 2096219122737791 4564786 4564786  4564786  4018152  4564786  2133730 5735102 20962191
             128       4  859260 2558895  5784891 1284205110779307 4267461 5122535  5545860  8036304  2985839  2409592 5784891 11720614
             128       8  895074 1727352  6406138 1284205110567140  766076 5847904  6406138 14200794  4267461  3867787 6114306 12542043
             128      16 1022989 3036502  6727225 1801235914200794 5545860 5122535  4596273  9129573  4934216  2843510 6727225 18012359
             128      32 1040839 2453642  7582312 1636517314200794 5784891 3867787  7176872  8548124  5603747  3560017 5545860 10779307
             128      64 1017175 3867787  7082197 1420079415881078 6406138 3895854  2843510  7582312  3199360  2843510 6114306 15881078
             128     128 1040839 3445772  9795896 1420079414200794 6114306 6045455  6406138  5545860  5122535  4267461 3895854 15881078
             256       4  800221 2247235  5347168 12228612 9868433 4132864 5022044  5569035  7518900  3823789  2747508 3511189 11091721
             256       8  805021 3368013  6554972 1607260813454450 5540300 5347168  6107548  3123106  4819184  3756894 1044693 14164395
             256      16 1058076 2639446  6398720 1516462414164395 5938650 4477549  6936061  5687020  5117791  2903529 5938650 15164624
             256      32 1173737 2943325  6554972 1607260814164395 6398720 5938650  7518900  4734192  5428265  2872459 5117791 15164624
             256      64 1202660 2975955  6891544 1709624914953435 6398720 6073004  7314033  8815202  5810112  5320671 5687020 15164624
             256     128 1178892 2943325  6249745 1345445012228612 4652146 5320671  5971678  7735574  4070199  7314033 5810112 14164395
             256     256 1117543 3770085  9868433 1222861211695808 4197489 5242734  5217259  5717301  1871263  4819184 5810112 13454450
             512       4 1044594 2796910  5566231 11620224 9304292 4030519 5227492  5214798  7410080  3762197  3527371 5019764 11683444
             512       8 1218910 3768799  5398323 1352271112499490 5115422 6018636  6821616  8992598  4690818  3905895 6018636 13438092
             512      16 1254513 3388236  5951911 1424006913190469 5807059 5951911  7540170 10434519  4973263  4204110 6338392 14240069
             512      32  984268 3580298  6246213 14628067 2655129 4690818 4973263  7540170 14240069  4701087  4237291 5177083 13438092
             512      64 1365383 3822466  6999490 1503780114240069 2405320 5331314  5067142 12797441  4882800  4532414 6246213 14240069
             512     128 1326585 3220553  6736026 14628067 2587935 6174377 5331314  6821616 10911694  4927617  4030519 6035551 14240069
             512     256 1309596 3970896  7513788 1162022411620224 5398323 5177083  5968453  7988981  3970896  5760329 2572435 13109944
             512     512 1368865 3346002 11620224 1343809211877300 5331314 5624545  5439343  5566231  5684095  1848401 5760329  3580298
            1024       4 1095429 2798378  5363307  7577494 3835457 3121783 5507740  5564829  7369466  3037876  3101494 5782087 11645609
            1024       8 1190795 3291652  6172653 14422045 5853003 4854136 3281592  6776473 11368190  4614246  4300102 6093831 14422045
            1024      16 1247157 3458646  6317933 13818817 5917516 5200941 3579719  6963241  6650556  3891053  4451639 6280976 13998981
            1024      32 1188159 3541348  6733974  628097613818817 6059442 6128613  7869040  6733974  4720752  4433259 6093831 13264026
            1024      64 1331440 2498809  5917516 1386342213472053 3655895 5782087  7306780  9142007  4014717  2559871 5536137 13643232
            1024     128 1352828 3877004  6355328 1314226512944224 6208343 5363307  7699755  9402175  5336651  4570058 6059442 12790037
            1024     256 1408275 3764854  3411938 1234875412208350 4654248 5251818  6569179  9300377  5071963  5096034 5277632 12492426
            1024     512 1190795 3142339  6963241  541742712037272 5660167 3643490  4654248  7699755  4674510  6025439 5720477 12173747
            1024    1024 1199106 1995982 12348754  458959311278631 4832290 4512441  5751117  5451810  5277632  4634161 5885083 12313351
            2048       4 1081882 3260177  5389574  7477273 6675393 2321725 5267294  5904523  7477273  3586902  2202092 4096676  9898453
            2048       8 1283266 3657149  6167360  7733066 5704543 2868277 5920802  7368238  9308497  4674016  3585405 5095447  9308497
            2048      16 1301149 3169944  5389574  791111512882215 5020987 5750369  5068389  8325147  4796687  3592903 6378005 11966935
            2048      32 1278491 3200654  6280083 1295995813489098 5567735 3542524  4001263  9268323  4994712  3841986 4948672 11917129
            2048      64 1331606 2896324  4796687 1272949314132698 4741090 6114678  8253158  8390200  4001263  3855782 3677503 10607402
            2048     128  463049 3174630  4038890  8866519 5937172 4096676 5503525  7940367 13926483  3419824  3204236 4751580 11564174
            2048     256 1326465 2964289  4772701 1132033411626784 5626082 5659442  7159438 10389302  4591569  4120256 4338776  7556202
            2048     512 1442279 3089009  5670651  8722466 6058611 4259178 3828288  5461535  5611381  3946119  4186524 5447681  7911115
            2048    1024 1403858 2301200  7159438  7451329 9898453 4762117 5332694  5852228  5937172  4319142  4128177 4839929  9441504
            2048    2048 1350872 2340705  6503556  3736694 6243566 4104506 5251194  4154130  4686767  2395538  3282603 3598924  5953632
            4096       4 1030474 2815077  5565581  5721272 5139356 2484145 3399392  5497899  4158963  3038638  2668590 4329816  5292944
            4096       8 1411447 3009890  6086096  6562698 8205092 3427880 4946971  7301864  4681411  3032202  2767462 5953231  5032468
            4096      16 1170545 3483484  5133213  5810280 5828019 3321831  691654  5942934  5527974  3886139  3036489 5657217  7339297
            4096      32 1345245 2848213  5418140  5594580 7050159 3112404 6169144  7770863  6883496  4428023  3308398 5447345  5988509
            4096      64 1352340 4043458  4204769  4602401 8158335 4723889 5409609  8142867  5083093  3817913  3897601 4977067  5519094
            4096     128 1381928 3368730  5347310  7289472 9124610 4058742 4941279  7848969  5340661  3644585  3483484 4977067  5013377
            4096     256 1340731 2816923  5218980  6930704 8224733 4051086 5204750  7326777  9966244  3027393  3084464 4521249  4530788
            4096     512 1460773 3107900  5347310  5291314 4853336 3703511 4240052  5184332  7788478  2478054  3737349 4676314  5353976
            4096    1024 1117258 2244324  5178081  4941279 4301628 3357537 4751325  6261328  9846293  3377339  2367414 4321103  5761565
            4096    2048 1100511 2005867  5284803  6051794 4893426 3558525 4796426  4121052  3896717  2765680  2965725 4141917  3775126
            4096    4096  976639 2128907  4535572  4649735 4023571 2659502 4476482  2902590  3552638  2396810  2419425 4200656  4617244
            8192       4  983426 2572837  4952536  4387765 4952536 2647780 4721816  5081444  4408595  2271897  2412935 5443725  4953250
            8192       8 1240432 3229054  5859631  6296676 5603526 2944580 4776295  6866721  4771651  2824752  2941555 4792951  5523358
            8192      16 1288048 2894717  5468852  6379683 4801658 3493687 4919916  7563550  6244039  2779732  3585187 4762392  4931921
            8192      32 1304231 3137644  6154564  4929091 5164698 2896670 2443132  7413415  4971166  2940548  2876542 6006101  5060489
            8192      64 1427681 3309929  6028229  4873856 6677231 3698251 5343822  8054689  5354648  3481651  2954201 4489235  4520538
            8192     128 1262445 3698649  4320454  5245116 4286498 3951754 5889763  8250021  6224809  3718664  3070354 4890505  4282224
            8192     256 1297239 3011685  5120061  5316535 5546540 4190311 4352746  6585093  5531360  2975692  3614985 5378957  5298499
            8192     512 1391995 3002999  5227560  4724413 5095007 3844314 4248864  6390362  9266865  2718805  2952931 4667931  5761377
            8192    1024 1365768 1627667  4867641  5996667 4908670 3596068 3994015  5494212  8234205  2039298  2750802 3875097  4974045
            8192    2048 1118815 2025234  2892768  4226911 4104220 2427254 3897515  2444696  5101058  2430000  2332509 4067297  4961834
            8192    4096 1016776 2673533  4458941  4291316 4336814 2866224 3086904  2408031  4007524  1913999  2301110 3639106  4266803
            8192    8192  977801 1958846  2745307  4211884 3673343 2608978 3481298  2395941  3512976  2821736  2278073 3619936  3766356
           16384       4  990082 2707217  4929022  5047407 4199993 2327280 4287783  4966067  4074726  2778362  2559975 4935040  4882098
           16384       8 1314279 2593206  4714626  6270136 5574800 2432306 4418461  7019493  5041113  2678828  2382138 6117748  5342079
           16384      16 1214279 3417552  4286713  4572517 4297974 2525262 4378206  7095596  5005495  3218287  2708604 6008099  6134130
           16384      32 1385897 2910139  5975188  4952824 5554073 3094244 5152232  7739720  5949323  3111336  3177073 6206148  6184922
           16384      64 1264974 3623144  4560077  4951396 5309062 3232214 4440158  7678320  5254664  3356130  3097731 4764309  4514838
           16384     128 1367393 2990298  5955510  5838624 5566671 2969751 4351590  6701197  5704846  3259194  2034275 5864034  5533501
           16384     256 1374037 2736649  4746211  4763979 4873443 3188127 5518393  6657054  5779211  2951511  3015095 5591583  5651827
           16384     512 1201435 3144796  4765631  5165011 5021222 3321417 5557667  6547951  5700587  3216932  2859284 4528524  4940717
           16384    1024 1142377 2313802  5007319  4722726 5822300 3503092 4888002  5219542 11803808  3046507  1953933 3690863  3631185
           16384    2048 1085036 3039097  3620090  3916798 3871562 2417928 5217560  3330754  4758701  2315439  1607066 2873872  3080788
           16384    4096 1268710 1979486  4272056  3086739 3379567 2365981 4392759  2921025  2765615  1785951  2213130 2671850  3064713
           16384    8192 1081382 2580159  3577312  3490458 3491168 2613125 4375975  2839553  2746712  1918477  2517860 2855363  3452059
           16384   16384 1218585 2649394  3478620  3497921 4425860 2394256 3151863  2178126  4233370  2337253  2712560 3045832  2759618
           32768      64 1241445 2970252  5063736  5179963 4769733 3630015 5875768  8589502  5529450  3372916  3745358 5563472  5997038
           32768     128 1310604 3509067  5680984  5785489 2929668 1880849 4535968  7312603  4279480  2815863  3216390 4463636  5442306
           32768     256 1269927 3414394  5761961  5066163 5407404 3738939 4740777  7398416  5028167  2760549  3098625 4422130  4774539
           32768     512 1456927 3366637  5872504  5045148 4347022 2915560 4546772  6719152  4567018  2341586  3554075 5129504  6001227
           32768    1024 1279801 2923374  3606393  3789558 3924830 1935737 5833619  2897245  3766399  1288802  1685606 5876521  6025697
           32768    2048 1359102 2178292  5086600  5190526 3257248 2185393 2815114  2233987  3121994  2023964  1721110 3985377  2168463
           32768    4096 1225155 2604549  2866607  3132668 3499685 2575074 2624994  2654347  2666242  1634061  1826921 3394576  3643777
           32768    8192 1165578 1850884  2737511  4147872 3658034 2188769 4203179  1938112  4165346  1755582  1785134 3161129  3332111
           32768   16384  909163 2501354  3421108  3622361 3641268 2397589 3490796  2846953  4117181  2389004  3113084 3838347  4412617
           65536      64 1102648 3344021  5143307  5978491 5958404 3325009 5577562  8106865  5561424  2304750  2893548 4697899  3939162
           65536     128 1384455 3016201  4808516  4687165 3858704 3107868 4623308  7797997  3918944  2209206  2929100 5566605  5620098
           65536     256 1323425 2893031  4501412  5197082 4374612 2180760 5184731  5892496  4378723  2982719  3407487 5307772  5485949
           65536     512 1248356 3146215  4266117  5255911 5633689 3557884 4282600  4047929  4336447  2425918  2777082 5334244  4751414
           65536    1024  904156 2452869  3990457  5395284 5680492 3647152 4117354  4924997  3586293  2560008  2881688 4850945  3672098
           65536    2048 1208351 1982447  3056990  3206590 4267243 2726806 2792231  3866193  5178285  2118506  2184747 3240995  3302558
           65536    4096 1192167 1980348  2967424  3043115 3489325 2510763 2976743  2602078  2788407  1846543  1646470 4062947  3106849
           65536    8192 1203842 1980419  2776830  3044665 3147439 2499848 3046352  2687325  3033945  1505159  1890549 3868696  3990283
           65536   16384 1271824 2628704  4190863  3787981 4311011 2540747 4106037  2873374  3991500  2408340  2470905 3719803  4263602
          131072      64 1176862 3003821  6120584  5708972 6001189 3016611 5747289  7994145  6001451  2862390  2469139 4646629  5448153
          131072     128 1333860 3077385  5573253  4677108 4509751 2321998 2300967  7359042  5331595  2879556  2781013 2895725  5616986
          131072     256 1308363 3020307  5417337  4348480 5320965 2962145 4671465  7251585  4398827  2590917  2578425 4868766  5702754
          131072     512 1303097 2599750  5754568  5730395 5473866 2835695 5705476  6900688  5532812  2876152  2978692 2365876  5413497
          131072    1024 1322371 2879059  5127180  5583952 5643278 3022316 4923092  6961154  5256102  1770306  2507063  989723  5552258
          131072    2048 1191216  510327  4527690  4807330 4872391 2393793 4527988  3862331  4803256  1549940  1786866 4544345  4692038
          131072    4096 1139617 2245846  4056436  4058202 4301526 2413275  925642  2916928  3987817  1836873  1876185 2208494  4006096
          131072    8192 1148495 2214758  4009163  3881063 3902248 2279717 4039832  2843145  4119168  1910786  1867841 3906185  3812458
          131072   16384 1143495 2265447  4077133  3985880 3995614 2321586 2963215  2819856  4186389  1392326   732750 3989785  4064623
          262144      64  130951  103737  5133735  5995979 4474055   67823 1065245  8082872  5849996   104565   108678 5276326  5937439
          262144     128  120195  102407  5350973  5812146 5474570   83477 3426051  7912158  4768257    90477   101383 5124595  5850494
          262144     256  115487   92240  4285011  4108575 4463774   66391 3571352  5134646  5539692    82774    88354 4983445  5508056
          262144     512  122796  103018  4852367  4057316 3569740   83066 5181418  7023129  4752162   111377    82934 4839467  5485221
          262144    1024   80635   69441  4823798  5442620 5176515   84283 4897497  6700343  4741935   114544   102559 4854874  5323047
          262144    2048   90278   84076  2504817  5036981 4779201   78774 4205408  3532320  4636358    91790    87776 4058274  2781160
          262144    4096   84659   70765  3592684  2663437 3002696  137329 2852645  2685818  4059518    83873    86391 3630155  3934262
          262144    8192  123111  149514  3774890  3832682 3711308  109678 3687436  2690556  4033916   104898   112301 3718614  3991782
          262144   16384  121194   95501  2591349  3735682 3461341   82235 3403272  2792511  3893595   150653   148549 3504321  3990376
          524288      64   47548   74451  5982551  6178128 4829475   10922 5179073  8127618  5995093    69928    79745 6008000  5735378
          524288     128   49455   42979  5515679  5752677 5422860   14211 4430648  7806791  5563037    39608    67412 1450324  5653077
          524288     256   68215   48568  5282395  5420909 5379244   32354 5053764  7178191  5323263    76419    71679 4609726  5070100
          524288     512   46543   45430  5378796  5341262 5433701   32596 5277185  6877002  5454172    64817    43059 5280632  5482292
          524288    1024   69660   41128  4928724  5361198 4365351   46455 5496200  6700420  5478222    55412    67267 4021351  5383998
          524288    2048   41418   37136  4626456  4929132 4919935   49160 4483357  3358001  4806946    76276    64438 3830945  4682530
          524288    4096   74857   37946  3807022  3994057 3949439   74845 1393370  2600259  3528589    51510    43218 3053156  3631131
          524288    8192   41067   49780  3713275  4125268 3949673   64530 3263077  2590368  3951312    41051    76126 2212747  3655225
          524288   16384   77198   58147  3835228  3954616 3181803   80523 3834004  2271493  3968125    61635    58926 3648615  4122701

iozone test complete.
