	Iozone: Performance Test of File I/O
	        Version $Revision: 3.420 $
		Compiled for 64 bit mode.
		Build: linux-AMD64 

	Contributors:William Norcott, Don Capps, Isom Crawford, Kirby Collins
	             Al Slater, Scott Rhine, Mike Wisner, Ken Goss
	             Steve Landherr, Brad Smith, Mark Kelly, Dr. Alain CYR,
	             Randy Dunlap, Mark Montague, Dan Million, Gavin Brebner,
	             Jean-Marc Zucconi, Jeff Blomberg, Benny Halevy, Dave Boone,
	             Erik Habbinga, Kris Strecker, Walter Wong, Joshua Root,
	             Fabrice Bacchella, Zhenghua Xue, Qin Li, Darren Sawyer,
	             Vangel Bojaxhi, Ben England, Vikentsi Lapa.

	Run began: Sun Oct  6 09:02:30 2013

	Auto Mode
	Command line used: iozone -a
	Output is in Kbytes/sec
	Time Resolution = 0.000001 seconds.
	Processor cache size set to 1024 Kbytes.
	Processor cache line size set to 32 bytes.
	File stride size set to 17 * record size.
                                                            random  random    bkwd   record   stride                                   
              KB  reclen   write rewrite    read    reread    read   write    read  rewrite     read   fwrite frewrite   fread  freread
              64       4  500060 1279447  4564786 1597288510402178 4207076 2467108  5283570  9318832  3791156  2561267 3363612 15972885
              64       8  608965 1492919  3958892 2273779112310336 5389653 5389653  5735102  5389653  2923952  1553394 5860307 15972885
              64      16  754443 1492919  6421025 1597288512902017 5735102 3406295  4564786  3203069  3203069  3541098 3958892 10821524
              64      32  666414 1599680  3738358 1290201710402178 5389653 5389653  6421025  3958892  2801873  2379626 3791156 12902017
              64      64  842003 1679761 12902017 1597288510821524 5860307 4897948  4564786  3363612  5283570  1828508 5860307 12902017
             128       4  688467 1939522  4557257 1420079410779307 4717434 2969325  5325799  3199360  3657016  2286447 4135958 10567140
             128       8  841746 2027414  6727225 1636517314200794 5545860 3657016  6727225  6727225  3359523  2336194 6406138 18012359
             128      16  870405 1905110  6406138 1863766415881078 5784891 5325799  4934216  4934216  4934216  3106789 3867787 12842051
             128      32  927549 3657016  4444086 1588107816365173 6045455 4233807  7176872  4557257  5325799  4135958 6727225 18012359
             128      64  870405 2377579  7582312 1420079415881078 6330599 3785961  6727225  4717434  3759450  3380677 5545860 11470204
             128     128 1102844 2175277 11720614 1420079414200794 6114306 5603747  6114306  5847904  5545860  3199360 5545860 11470204
             256       4  891956 2228578  5455847 1345445010245071 4652146 3950402  5810112  4009406  4422226  3207059 4054829 12228612
             256       8 1084800 2665657  6761355 1583556913454450 5569035 5971678  7314033  4422226  4929815  3197509 6554972 15164624
             256      16 1093639 2754556  6073004 1516462414164395 5971678 6249745  7314033  5428265  5022044  3410808 6398720 15164624
             256      32 1137672 3087188  5810112 1607260814953435 6398720 4350555  7518900  4819184  5687020  4197489 5428265 14353744
             256      64 1117543 2975955  6891544 1709624914953435 6554972 4422226  7518900 12090911  5938650  5117791 6213578 16072608
             256     128 1053922 2911402  7965107 1516462413454450 6249745 5569035  6936061  7518900  4070199  6398720 5687020 14953435
             256     256 1237306 3454704 12661199 1435374413454450 6249745 6107548  6249745  5428265  5347168  4929815 6398720 14164395
             512       4  982917 2800557  5951911 12499490 9859630 4494470 5439343  5886650  5951911  4340054  3504346 5807059 11434603
             512       8 1233614 3366987  6632013 1514384612499490 5439343 6246213  7309196  6652558  4916336  4271001 6491676 13783088
             512      16 1201856 3140488  6035551 1378308813522711 5968453 4916336  7540170  6414119  5227492  4375425 6652558 13783088
             512      32 1309596 3653390  6319739 1514384613872122 6472112 6551087  7758090  7647578  5398323  3710197 6156675 14628067
             512      64 1261144 3628697  6931711 1424006913522711 6491676 5331314  7988981  7410080  5566231  4827914 6086873 13783088
             512     128 1257451 3905895  6999490 1387212212797441 6174377 5214798  7334159  8701110  4099771  5214798 5951911 13109944
             512     256 1242896 3822466  8018812 1249949012499490 6104175 5822804  6551087  7900804  4660280  6551087 5951911 12215097
             512     512 1475116 4237291 12499490 1310994412499490 6035551 5699180  6086873  6018636  6086873  4571003 5951911 12797441
            1024       4 1075407 2976816  5821271 11773301 9569770 4114719 5330028  5720477  7811791  4232305  3655895 5720477 11132462
            1024       8 1336827 3668386  6479979 1381881712492426 5169641 5690162  6317933  8457895  5089995  4282950 6402699 13818817
            1024      16 1379773 3923040  5720477 1381881712639479 5751117 6327241  7644933 11249091  5144870  4451639 6317933 13472053
            1024      32 1434138 4215688  6787181 1423090213472053 6244448 5690162  7755368  8525047  5507740  4433259 6364746 13998981
            1024      64 1420384 4018473  6479979  480525812348754 6208343 6128613  8199542 15080341  4570058  4574926 3970183 14044758
            1024     128 1486247 4033569  2068064 1364323213264026 6235382 6163794  7769397 10454984  5356618  4634161 6128613 13264026
            1024     256 1356245 4110780  6874084 1282823812639479 6137371 5983467  6819511  9045736  5417427  5120336 5925680 12639479
            1024     512 1503415 4126579  8000971 1298335312828238 5991815 5885083  6559147  8262639  4433259  6692005 5958564 12313351
            1024    1024 1223356 4232305 11903823 1263947912492426 5885083 5950309  5950309  6163794  4854136  4898425 6016997  8610501
            2048       4 1140942 2921939  4676561 10401883 9664580 3922692 4414590  5769681  7846081  4188565  3630870 4572018  9308497
            2048       8 1407538 4104506  6583305 1234530612345306 5006356 6261772  7582884  8793903  5044577  4293237 6459541 12050878
            2048      16 1427182 4096676  6583305 1234530613384011 5056455 6420913  7940367  8253158  5212953  4500161 6543188 12416686
            2048      32 1523630 4063729  6523312  805956913926483 6225466 5674397  8128206  8036946  5349298  4519101 6440169 12488897
            2048      64 1441311 4301837  6711905 1271065714441580 6523312 5920802  8431376  9062970  5032754  4562305 6317030 12580349
            2048     128 1351722 4240255  6397004 1183503313384011 6280083 6092991  8029434 15154989  4900677  4259178 6110328 11305435
            2048     256 1480817 4356379  6243566 1156417412561952 5836323 5800851  7262337 12204980  4775354  4502520 5937172  7589584
            2048     512 1536439 4023754  6900622  758288411129659 5750369 6007763  5349298 10389302  5020987  4707314 5920802  7112016
            2048    1024 1395873 4204968  8036946 10834854 9796850 4276140 5836323  6363830  8128206  4405533  5596757 5723548  8940345
            2048    2048 1232980 3525079  6802261  7336772 7088541 3885431 5251194  4196751  4738475  4063729  3977179 5290001  6670210
            4096       4 1112411 3022599  5792648  6022095 7380284 2978579 5340661  5125556  6160296  3415612  2970339 5145513  6490793
            4096       8 1408554 3730856  5587302  7529067 9105266 3346419 5980170  7639552  6410863  4158963  3628421 6225028  7499487
            4096      16 1479262 4052041  6358661  6291135 9000323 4208889 6114255  7149920  6975730  4222337  3761900 6151473  5649775
            4096      32 1492110 4027344  5679660  783465110089154 4280194 6291135  8244467  7555557  4586428  3713116 6349261  7770863
            4096      64 1555611 3904688  6321227  7656576 8962759 4954103 5535098  8447153  7555557  4607338  3889659 6049663  7301864
            4096     128 1503207 4059701  6140479  4779081 7061751 4713521 5928578  8066402  7460407  4423462  3726809 6024207  7339297
            4096     256 1552097 4076076  6015769  7050159 8377131 4301628 5119446  7351860 13207098  3991785  3889659 5565581  6693092
            4096     512 1496529 3726809  5389246  6978564 8443002 4162994 5777065  6836927 11531617  4184286  3703511 5178081  6459069
            4096    1024 1495357 3927001  5902100  6096896 6861502 4055868 5704175  6555186  9846293  4063542  3768502 5664678  5777065
            4096    2048 1391780 3222752  5902100  6077484 5542240 3145455 5081590  4104315  5902100  2620558  3968731 4581535  5418140
            4096    4096 1207570 2639075  4530788  4649735 4047268 2820623 4530788  2856263  4602401  3027393  2844440 4581535  4654774
            8192       4 1092978 2946853  5630154  5769116 4922735 2555994 4862131  5261179  5129233  2930016  2872214 5288712  5673850
            8192       8 1349833 3367015  5868638  5637544 6059057 3070628 5901904  7642620  6067617  3431922  3064603 4433053  6183361
            8192      16 1423482 3713841  6277120  6177802 6379683 3508313 5732541  6814966  5893805  3549630  3571028 6287458  5757516
            8192      32 1489123 3784193  6404656  6099933 6596471 3792546 6239504  8307870  6638529  3743785  3799676 6302451  5838720
            8192      64 1471206 3740525  6339662  5784656 6140266 4186227 6099933  8109821  6440672  3698649  3532479 6099933  5838720
            8192     128 1497364 3760997  5747884  6210183 5732541 4051471 5550123  8366536  6238371  3411816  3602478 5847664  5846669
            8192     256 1515594 3772973  5897851  5512724 6192276 4040988 5626466  7373641  5614514  3561773  3596068 5797345  5461897
            8192     512 1509733 3716653  5923270  5953031 6196743 4104220 5777847  6655245 12414071  3751142  3541581 5817959  5676663
            8192    1024 1481929 3566579  5962328  6045199 6253130 3858994 5721087  6315193 11408351  3403367  3365696 5347148  5724900
            8192    2048 1384479 2967211  5278151  5389927 4992112 3317920 4620228  4112571  5971654  2864312  2806295 5069448  4830007
            8192    4096 1293917 2694922  4404075  4181641 4339005 2777036 4203640  2818033  4438207  2348612  3226628 4343393  4116513
            8192    8192 1149739 2564962  4287033  4282224 4454317 2796702 4293461  2905979  4302601  2877505  2859307 4242568  4168957
           16384       4 1099515 2841431  5904340  5959642 4896361 2517860 5159969  5672823  5105532  1755699  2827286 5441486  5428590
           16384       8 1296720  985623  4492406  4764309 5464853 2726118 5653687  7433306  5706741  2911619  3112463 6063765  6099827
           16384      16 1344940 3303216  6189936  5880593 5795783 3030118 5929815  7001613  6003900  3114156  3133325 5366275  6189379
           16384      32 1377728 3505415  6093337  6311600 5992904 3559339 5904340  7670606  6161631  3491877  3441341 6159422  6226956
           16384      64 1392864 3515277  6210635  6203907 6094958 3801527 5955510  8011311  6113394  3234800  3497208 6141257  6232038
           16384     128 1403704 3556392  5936474  5194684 5447093 3514378 4272322  4481566  4334299  1982856  3441341 5274831  5864034
           16384     256 1223423 2756408  5608926  5754529 5673291 3582721 5580232  7068591  5724330  3290090  3293875 5494127  5567122
           16384     512 1423830 3523568  5777267  5813926 5499843 3922611 5696807  6633278  5770960  3318690  3234800 5593404  5738671
           16384    1024 1426431 3303216  5663472  5955510 5565318 3646600 5589764  6598248 11387189  3004024  2748030 5492370  5264728
           16384    2048 1254032 3020131  3809324  5121513 5267957 3124208 3539539  3332854  3247028  2028451  2069439 5050746  5236246
           16384    4096  960214 2761947  4335666  4451087 4418745 2718892 4302279  3100107  4445041  2596930  2618901 3948758  4425860
           16384    8192 1315034 2741234  4234674  4438724 4240161 2940398 4235718  3014566  4316331  2254886  1543466 4223742  4273385
           16384   16384 1169876 2678515  4393602  4262252 4324208 2484362 4304705  2915819  4247762  2740250  2724713 4213900  4254336
           32768      64 1273481 3568655  6002538  6321123 6123692 3614360 6097339  8542520  5682863  3233111  3529885 6195463  6177918
           32768     128 1404490 3554350  5907336  5617823 5706695 3771256 5601338  8088543  5876521  3318274  3644550 5981899  5978516
           32768     256 1442886 3707671  5738864  5818062 5721662 3740567 5635098  7259301  5601338  3186265  3564121 5598600  5716665
           32768     512 1455970 3635969  5764136  5936168 5810928 3578039 5778192  7121999  5814124  3318594  3464573 3434101  4766260
           32768    1024 1170203 3121639  5615757  5759788 5848265 3723239 5614839  6853851  5708592  2877711  2785728 5520344  5658530
           32768    2048  924339 2577924  1706324  3417195 3329689 2264240 3515080  2416007  3141116  1575235  1882910 4348259  4402582
           32768    4096 1117564 2273153  2921572  3179778 3167175 1875869 3744950  2672775  3801822  1731824  2086492 4041513  4249575
           32768    8192 1255335 2459325  4202151  4224366 4222679 2687461 3493014  2680176  3628769  2312509  2420262 3847803  3701281
           32768   16384 1231136 2213301  3898998  3612839 3820953 2452698 3723643  2467671  3849096  2349110  3170901 3813743  3876017
           65536      64 1253388 3278765  5484635  6127760 5953500 3441273 5893001  8386098  5592313  3318266  3600668 5946931  6223067
           65536     128 1474272 3743614  6149558  6164590 6053005 3651852 6063018  8418201  5972515  3450517  3712619 6142549  6219547
           65536     256 1500607 3843542  5871351  5984999 5746279 3824026 5869219  7455770  5871852  3352586  3639474 5709280  5948604
           65536     512 1534517 3648363  5943716  5987215 5891485 3752199 5850855  6995807  5806363  3293260  3546134 5802195  5682488
           65536    1024 1512205 3630773  5954532  6074407 5909471 3764945 5792414  7114958  5978491  3010387  3274702 5884045  5980702
           65536    2048 1374645 3049732  5079532  4416432 5153045 3052035 4814243  3728735  4994710  2178513  2163834 5028057  5173314
           65536    4096 1303475 2688087  4359763  4356930 4342956 2706428 4352239  3078974  4352239  2115083  2257449 4333781  4346458
           65536    8192 1310722 2687666  4314733  4312432 4347077 2666987 4324100  3006798  4331254  2235110  1658760 4334123  4358657
           65536   16384 1310953 2436929  4352584  4330708 4337542 2692748 3491718  2650401  4039185  2434016  2639280 2545288  3093493
          131072      64  598316 2818020  6126928  6282506 5984205 2776771 6106918  8197626  5867140  2771368  3061635 6358071  6370744
          131072     128 1382543 3081732  6072649  6105222 5909967 3057140 6003417  8062495  5938696  3015916  3207129 6039891  6169558
          131072     256 1384106 3156997  5733203  5886111 5847234 3057786 5738470  7296435  5786366  2815365  3035550 5890400  5850656
          131072     512 1410451 3143890  5855080  6008338 5947304 3097830 5847482  7351169  5863198  2807515  2634194 5575853  5988311
          131072    1024 1379923 3195478  5968418  5994319 6008338 3288056 5784296  5610222  5868706  2571249  2644127 4997198  2976402
          131072    2048 1135087 2208716  4812802  5011182 4971260 2441310 4936442  4017895  3984811  1834814  1924215 4809097  4943722
          131072    4096 1178982 2259433  4135405  4178529 4139858 2270631 4032720  2855536  3985302  1803762  1916762 4334116  4291386
          131072    8192 1220343 2353559  3596047  3441484 3427794 2216857 4216022  3020174  4257224  1886473  2023938 4302233  4309180
          131072   16384 1220955 2081526  4148386  4247160 3923133 2252176 4131768  2894444  4215343  1996253  2028882 4115406  4165895
          262144      64  154013  144538  5926557  6194333 5838410  104303 5044630  5969351  5116106   158031   161546 5965400  6287601
          262144     128  157768  140294  5818420  5964462 5774994  128000 5447608  7854282  5693829   162582   156450 5827486  5434281
          262144     256  158381  138880  5432240  5738344 5580857  133398 5377773  7144844  5602070   161201   163971 5532918  5684204
          262144     512  161865  139220  5206444  5769267 5631076  144817 5444668  7202742  5598732   172031   159136 5447258  5731046
          262144    1024  162804  144469  5498003  5783652 5749897  159036 5558737  6996449  5920016   165324   160563 5420216  5723439
          262144    2048  152614  143596  4599585  4850484 4816445  165766 4219011  3788260  4872106   157452   161622 4650163  4892658
          262144    4096  156906  145497  4062368  4149354 4050933  167664 3966838  2252521  3515458   168355   161540 3985227  4070248
          262144    8192  151905  135535  4004955  4008503 3915001  170215 4088136  2929345  4150011   182606   180807 4038761  4176717
          262144   16384  151509  136368  3722894  2997301 3494142  183358 4018832  3027274  4179130   164603   175541 3476938  4026485
          524288      64   65040   85879  4687041  6298583 5816370   28152 5479765  8249612  5919869    87266    87252 6033104  6074485
          524288     128   89976   87993  5819018  5900823 5720666   46709 5715492  8202256  5879445    92088    90228 5835401  5940194
          524288     256   90515   83350  5485164  5631996 5509778   55918 5541868  7456393  5691542    91121    84761 5626621  5799650
          524288     512   90349   81834  5551423  5720785 5676073   60514 5484179  7050777  5896709    91781    90678 5655010  5619561
          524288    1024   90633   84153  5289103  5776447 5719476   63541 5477021  7018215  5639637    88739    80213 5236856  5417650
          524288    2048   85238   84956  4830323  4872158 4907594   87871 4871348  3725650  5099186    91455    89918 4754153  5032806
          524288    4096   89069   85035  3581250  3338521 3060252   87273 3977211  2721564  4111355    87803    88656 3951106  3973804
          524288    8192   89702   83951  4052596  4084664 4141951   91049 4096099  2732602  4135742    91809    88315 3984280  4063492
          524288   16384   88181   77770  4127769  4055571 4166435   90471 4133231  2875172  4151357    96560    93575 4091649  4011690

iozone test complete.
