	Iozone: Performance Test of File I/O
	        Version $Revision: 3.420 $
		Compiled for 64 bit mode.
		Build: linux-AMD64 

	Contributors:William Norcott, Don Capps, Isom Crawford, Kirby Collins
	             Al Slater, Scott Rhine, Mike Wisner, Ken Goss
	             Steve Landherr, Brad Smith, Mark Kelly, Dr. Alain CYR,
	             Randy Dunlap, Mark Montague, Dan Million, Gavin Brebner,
	             Jean-Marc Zucconi, Jeff Blomberg, Benny Halevy, Dave Boone,
	             Erik Habbinga, Kris Strecker, Walter Wong, Joshua Root,
	             Fabrice Bacchella, Zhenghua Xue, Qin Li, Darren Sawyer,
	             Vangel Bojaxhi, Ben England, Vikentsi Lapa.

	Run began: Fri Oct  4 05:17:32 2013

	Auto Mode
	Command line used: iozone -a
	Output is in Kbytes/sec
	Time Resolution = 0.000001 seconds.
	Processor cache size set to 1024 Kbytes.
	Processor cache line size set to 32 bytes.
	File stride size set to 17 * record size.
                                                            random  random    bkwd   record   stride                                   
              KB  reclen   write rewrite    read    reread    read   write    read  rewrite     read   fwrite frewrite   fread  freread
              64       4  512471 1255511  4988978 2096219110821524 4564786 2801873  4897948  4564786  3541098  1947927 2801873 10821524
              64       8  743988 1492919  6421025 1597288512310336 5283570 3363612  5860307 12902017  4564786  1599680 3738358  5860307
              64      16  754443 3541098  7100397 2096219115972885 5860307 5735102  6421025  4564786  4018152  3363612 3791156 12902017
              64      32  780776 1562436  7940539 2096219115972885 5735102 3203069  4564786  3958892  4274062  2358717 6421025 22737791
              64      64  842003 1734015 15972885 3438968815972885 5735102 3057153  5389653  4018152  4897948  1879725 5860307 12902017
             128       4  800337 1732927  3560017 1420079410779307 4717434 5122535  4267461  3468030  4135958  1967960 5545860 11720614
             128       8  955616 1967960  5325799 1636517314200794 5325799 5545860  5603747  6114306  3657016  2175277 6406138 15881078
             128      16  889145 2286447  5784891 1636517315881078 5784891 3359523  7082197  5122535  4759253  2409592 5545860 11720614
             128      32  889145 2326073  6114306 1172061414586625 6406138 3560017  7082197  8548124  5325799  2377579 6727225 18012359
             128      64  921183 2326073  7476717 1420079415881078 6727225 5122535  6406138  9129573  4717434  7176872 5784891 12542043
             128     128 1266785 1663139   566435   554157  603357  260262 6045455  6406138  5847904  6406138  4934216 4557257 14200794
             256       4  954602 2533571  5217259 1281227710245071 4734192 5347168  5971678  4117018  4264168  2783115 5810112 12228612
             256       8 1044693 2903529  5569035 1495343513454450 5569035 6249745  7571923  4496299  5117791  4197489 6398720 14353744
             256      16 1153561 2911402  5117791 1607260813454450 6073004 6398720  7518900  4929815  5428265  3511189 6437081 14953435
             256      32 1163562 2842047  6554972 1607260815164624 6554972 4496299  7791708  5687020  5320671  3245838 5569035 14953435
             256      64 1163562 2975955  6398720 1583556915164624 6761355 6398720  7735574  5347168  5938650  5569035 6107548 15835569
             256     128 1230218 3326279  8271916 1495343514353744 6719046 4572895  7518900  6554972  4734192  5841722 5938650 14953435
             256     256 1340826 3770085 12812277 1345445013625180 6249745 5938650  6398720  6107548  6249745  2783115 5938650 13625180
             512       4 1084694 2845081  5951911 1249949010044089 4447925 5453155  5951911  6999490  4375425  3736016 5822804 11877300
             512       8 1251589 3325278  6571132 1424006912797441 5684095 6156675  7620440  6551087  5067142  4296637 6472112 13872122
             512      16 1254513 3481620  6156675 1310994412427157 6035551 5164632  7620440  6395018  5495016  4494470 6491676 13109944
             512      32 1282994 3628697  6736026 1378308813190469 6491676 6395018  7900804  7022379  5439343  3849877 6086873 13872122
             512      64 1293037 3527371  6395018 1462806713783088 6652558 6472112  8140399 13872122  5760329  5115422 6174377 13872122
             512     128 1340664 4091959  6843354 1378308813109944 6652558 6104175  7758090  7513788  5807059  5453155 6018636 13438092
             512     256 1218910 3941742  7871843 1249949012146009 6338392 5822804  6652558  6736026  4610256  5566231 5684095 12499490
             512     512 1463057 4610256 12797441 1310994412797441 6246213 5951911  6414119  6086873  6319739  5019764 6086873 12797441
            1024       4 1199106 3251778  5958564  8137402 9655828 4114719 5356618  6059442  7319232  4379019  3671521 5821271 11489839
            1024       8 1326505 3684119  6519323 1381881712313351 5363307 5789881  7590887  8122014  5245404  4321737 6402699 13998981
            1024      16 1391395 4029784  6402699 1404475812983353 5885083 6441107  7631350  8310603  5390231  4130547 6441107 13863422
            1024      32 1444266 4126579  6787181 1442204513643232 6317933 5885083  8199542  8391792  5479632  4614246 5958564 14183905
            1024      64 1424152 4374559  7066349 1386342214183905 6830356 6519323  8457895 10039528  5845038  4195100 6280976 14618393
            1024     128 1446211 4456258  6776473 1404475813472053 6776473 6208343  8326715 10354166  5630486  4634161 6102490 13643232
            1024     256 1264413 3908759  6918376 1294422412639479 6355328 5917516  7220790 10329265  5472650  5071963 5917516 12639479
            1024     512 1539522 4339202  8122014 13142265 6093831 5925680 5925680  6569179  8262639  4920874  6650556 5885083 12983353
            1024    1024 1317957 4451639 12348754 1364323213142265 6208343 6059442  6280976  6093831  5303701  5018624 5991815 12983353
            2048       4 1235285 3542524  5904523  8749118 9400176 3977179 5503525  6024617  7754008  4079167  3604966 5836323 10289741
            2048       8 1344739 3977179  6543188 1241668612561952 5018054 6207471  7933034 10048990  5147354  4046500 6498636 12257227
            2048      16 1507057 4365235  6280083 1271065713219235 5238385 6132138  7643611  9024882  5359311  4509611 6483920 11129659
            2048      32 1478778 4385291  5092426 1305846714132698 6340344 6608629  8198022  9990553  5611381  4707314 6378005 10607402
            2048      64 1457698 4676561  6895083 1346794910339282 6483920 6280083  8565901 10945301  5685664  3702868 6359119 13219235
            2048     128 1506793 4666399  5689430 1288221514017386 6696208 5852228  8456277 11001372  4853603  4481379 6185123 12345306
            2048     256 1537539 4500161  6464402  956769812882215 6243566 5970183  7368238 12345306  5044577  4519101 5970183 11690076
            2048     512 1537539 4267642  6990474 1234530612959958 6149699 6024617  6945257  8678404  5187767  4842658 5920802 11835033
            2048    1024 1575323 4240255  8029434  957836710780463 5068389 5852228  6097316  8128206  4886737  5433896 5704543 10673302
            2048    2048 1387530 3698085  6207471  7670915 7262337 3519302 4785996  4367454  5416763  4347560  3573472 5376082  6738230
            4096       4 1239009 3332786  5810280  7001316 7489679 3000428 5353976  6140479  6254490  3404782  3447830 5020702  6737716
            4096       8 1445775 3874745  6103394  7715028 9005041 3512686 6024207  7998800  7277121  3938705  3634562 6243125  7625987
            4096      16 1493797 3399392  6398924  7367624 9042961 4389555 6158088  7845385  7954358  4526013  3577048 5490871  5902100
            4096      32 1541513 4270618  6351609  807778010018551 4438318 6321227  6661947  7367624  4262142  3834958 6370451  7954358
            4096      64 1518218 4302706  6532752  8096815 9593374 4511750 6160296  8660056  7629374  4654774  4230655 6302675  7969117
            4096     128 1565106 3946849  6207035  7670249 9414629 4756587 6005255  8535284  7392988  4076076  3886139 5499659  7286380
            4096     256 1538201 4063542  4887857  6254490 7969117 4043458 5761565  7486415 10190895  4280194  4103335 5728903  6941906
            4096     512 1591936 3904688  5818150  7035723 8447153 4257917 5835938  7038605 11672647  3942321  4117102 5808315  5891980
            4096    1024 1548600 3647681  6585338  6032669 6989921 4491697 5711761  5867831 10270092  3795980  3479956 5704175  6339889
            4096    2048 1339894 3126565  5075585  6311938 5019235 3653887 5171846  4240052  6013663  3072878  3817065 5151685  4882301
            4096    4096 1285648 2707279  4618485  4643451 4071246 2782703 4551192  2663212  4540367  2842558  2826656 4087714  4633432
            8192       4 1241014 2838520  5765244  5424817 5035275 2702765 5120061  5716328  5044145  3070628  3106440 4852518  5697371
            8192       8 1377706 3386595  6287458  6196743 6019780 3059963 5637544  7846828  5630154  3254747  3528126 6201216  5979968
            8192      16 1467311 3775461  5992483  6330318 5940679 3295327 6040947  7415014  6330318  3730372  3696660 5684175  6154564
            8192      32 1495409 3742562  6456406  6201216 6267959 4051471 5885728  7714691  6150158  3718664  3875097 5855636  6512699
            8192      64 1535232 2674574  5966469  6542461 6340832 3986138 5984134  7891886  6027172  3778782  3775461 6144658  6415419
            8192     128 1519279 3773388  5599873  6272536 5721087 4039563 5988306  8650911  5962328  3673735  3833164 5688881  6201216
            8192     256 1495930 3858561  5876668  5527801 6144658 4023480 5701152  7455236  6077276  3444997  3663942 5519808  5863631
            8192     512 1521230 3728348  6006101  5607184 6206817 4124914 5785631  6618070 12373836  3742562  3576976 5527801  5897851
            8192    1024 1484619 3642578  6173362  6356080 5576245 3997733 5312425  6330318 11538609  3230268  3336931 5432536  5505657
            8192    2048 1338110 3081920  5572627  5657967 5062726 3358458 4790946  4081792  6425016  2928768  2898869 4694719  5041185
            8192    4096 1298858 2694922  4376030  4297757 4226911 2791249 4253071  2958525  4275829  2494390  3367015 4264155  3688723
            8192    8192 1206459 2569566  4295608  4192356 4222236 2660492 4186227  2609771  4378818  2834539  2778608 4378818  4277426
           16384       4 1185108 2918420  5655548  5742507 4682501 2531495 5211229  5853544  4998214  2847436  2965394 5570732  5357907
           16384       8 1282706 3082585  6143453  6124836 5463116 2692157 4410238  3888870  4165623  2086087  2949991 6083627  6109046
           16384      16 1359548 3388566  5968441  6143453 5841105 3190644 4669138  7663763  5964297  2487690  3328012 6001802  6272425
           16384      32 1369573 2284419  6187707  6427904 6025484 3528815 5921129  7680895  6215129  2065520  3425559 6206148  6353028
           16384      64 1378088 3534078  6159422  6150601 6265562 3424876 6008099  4556146  6094958  3160561  3424705 6196634  6068049
           16384     128 1386568 3575079  5977266  6012304 5910434 3550145 5868040  4373747  6026012  3396438  1142206 5975188  5921129
           16384     256 1385311 3511325  5655548  5785049 4624209 2577353 5601611  7025234  5722423  3345021  2251783 5601154  5599785
           16384     512 1400357 3478444  5742987  5870045 5732926 3782069 5580685  4458306  5751158  2938260  3294664 5574347  5724807
           16384    1024 1373104 3367808  5805576  5912977 5647647 3439102 4608703  4157306 11338340  3004024  2894084 5607095  4653330
           16384    2048 1247272 2720722  4952824  4948188 4957111 3103607 4780549  3804895  5901805  2291733  2372025 4650810  3815458
           16384    4096 1223968 2760061  4292336  4138280 4218298 2643788 3386562  2688155  3785611  2247144  2464494 4149775  4339225
           16384    8192 1200637 2610544  4247762  4249075 4257763 2768400 4173212  2928743  4297974  2496819  3142351 4166886  4166886
           16384   16384 1212650 2664495  4233370  4331021 4227120 2686788 4280039  2703702  4239115  2889581  2431273 4192306  4308213
           32768      64 1366643 3509515  6195463  6305173 6096528 3481158 6013569  8438668  6165170  3108296  3505665 6138735  6063713
           32768     128 1381909 3583543  6044778  6074702 5968650 3733860 5990503  8258160  6023584  3354312  3500041 5813878  6053564
           32768     256 1400340 3691736  5607966  5661327 5773095 3723542 5639028  7343862  5669033  3302883  3512116 5730489  5714763
           32768     512 1391888 3623603  5753760  5816092 5726669 3719008 5652712  7043886  5784271  3250469  3420427 5959850  6009099
           32768    1024 1468226 3296229  5211191  5306563 4581022 2312004 5788412  7283538  5881803  3019587  3315232 5990503  6004898
           32768    2048 1315245 2939882  5284120  5357866 5311690 2969482 3777268  4060498  6927783  2257508  2001330 3769395  3909312
           32768    4096 1195861 2159197  3910313  3854602 3759085 1905676 3610467  2679967  3078843  1449597  1705328 2619790  3104505
           32768    8192  875051  692901  4314408  4414318 4300772 2754077 4147872  2919710  4233084  2511318  2659535 4366217  4356253
           32768   16384 1254373 2675116  4346472  4349911 4428114 2711907 4335640  2861117  4353355  2487141  3420427 4359155  4341803
           65536      64 1116610 3636441  6147357  6359557 5982915 3566794 5979011  8056964  6045151  3280251  3475955 6199628  6239736
           65536     128 1368383 1865060  5985521  6028049 5800237 3674995 5899958  8346375  5878131  3326538  3553055 5853596  6005922
           65536     256 1392070 3655300  5600403  5742198 5542250 3716836 5596982  7420147  5503082  3285976  3422804 5605771  5379762
           65536     512 1412536 3609225  5630228  5769073 5704185 3759486 5576543  6791836  5817053  3291958  3482826 5653503  5728675
           65536    1024 1390443 3643140  5690369  5787292 5754339 3622734 5708213  7040784  5691901  2904832  3074772 5497029  5720568
           65536    2048 1117068 2908459  4916452  5101308 4948403 2896353 4822689  3887078  4775684  2078584  2216903 4804314  4897706
           65536    4096 1222914 2558079  4122541  4241824 4146796 2604371 4138181  2878941  4182255  2022785  2113716 4167102  4246739
           65536    8192 1217594 2553706  4243986  4360939 4278934 2743243 4145733  3024132  4190863  2252861  2345498 4116368  3903085
           65536   16384 1269463 2711795  4321245  4365857 4369952 2779188 4315817  2246931  4300826  2498894  2646853  909842  4072639
          131072      64 1246499 2779649  6145557  6284014 5953745 2950872 5396545  7681715  5826967  2514620  1467377 5981731  4928653
          131072     128 1305756 3027493  5836804  6087645 5906792 2991090 5885040  8293593  5819997   445914  2820261 5749753  6274690
          131072     256 1325754 3017588  5549008  5635353 5612857 3118000 5522086  7632020  5590141  2842778  2953329 5802490  5906538
          131072     512 1336610 3148572  5896971  1356558 5925509 3046214 5660652  6935073  5684944  2758422  2855921 5621753  5747769
          131072    1024 1280098 2935352  5691831  5697021 5760115 3105687 2425605  6809655  5667246  2554962  2547019 5768032  5935426
          131072    2048 1213988 2437143  4864974  4926798 4983924 2434337 4811033  4017543  5026577  1825947  1403685 3969848  4199693
          131072    4096  868165 2353046  4137646  4154687 4132265 2241387 3995730  2886921  3900255  1801994  1905032 3445453  4230980
          131072    8192 1176187 2373332  4223114  4311749 4351647 2381392 4255576  3019959  4279627  1915359  1975997 4318794  4340104
          131072   16384 1165747 2281108  4307458  4242636 4211823 2443958 4273339  3021004  4304760  2108146  2180897 4285498  4344872
          262144      64  173046  159743  5942284  6247196 6000364  126612 5215953  8142129  6194473   177535   164348 6014675  6255371
          262144     128  154168  153888  5778302  6024364 5694950  129814 5635318  7784053  6048823   168267   170507 5723647  5981757
          262144     256  169559  163739  5435839  5205409 5625314  134132 5255093  7735859  5745391   172496   170516 4951153  5675812
          262144     512  169501  150654  5484756  5777422 5657704  154520 4285779  6842320  4842046   179793   162218 5016070  5201986
          262144    1024  145086  167756  5662950  5941096 5914379  166535 5579300  6985514  5952675   178612   168220 5529551  5754954
          262144    2048  169463  153120  4679234  4952937 4954522  167204 4639880  3743887  4937989   168720   165999 4904575  5231166
          262144    4096  161154  159042  3968098  3580272 3607773  184264 3110764  2334336  3616828   185115   177709 4058589  4186003
          262144    8192  171311  162249  4094987  4147851 4092869  184673 4071770  2849422  4186131   191433   189690 4063794  4148712
          262144   16384  169853  154124  4052814  4200075 4187741  167093 4137954  2969567  4187326   213875   207701 4043499  4153507
          524288      64   65689   86908  6107519  6222708 5891937   31108 5773081  8395051  5952269    91795    91328 6104738  6257468
          524288     128   90936   87028  4545269  5308818 5164380   45362 5771490  8541660  5971050    92812    81178 5851036  6045826
          524288     256   92034   88069  5529354  5695316 5541574   56284 2528773  5225693  4242427    90992    87782 5581747  5683408
          524288     512   91998   85347  5534559  5672398 5656174   63304 5518642  7144445  5681484    90908    92363 4995352  5336815
          524288    1024   90698   85989  5602324  5808704 5750601   62675 4076887  6985842  5662903    90983    89395 5618054  5814694
          524288    2048   91950   85993  4940661  5157113 5165096   86982 4815725  3717537  4927663    92242    92056 4796294  4914767
          524288    4096   90511   86563  4089450  4129421 4168592   93340 4083337  2758600  4180828    93640    84554 4033322  4161775
          524288    8192   91546   87613  4202979  4323417 4308989   91588 4104364  2836439  4150676    94530    92368 3422088  3685055
          524288   16384   91344   88547  3408943  3522518 3551389   94442 4116319  2928724  4157519    97081    96152 4066896  4144707

iozone test complete.
