	Iozone: Performance Test of File I/O
	        Version $Revision: 3.420 $
		Compiled for 64 bit mode.
		Build: linux-AMD64 

	Contributors:William Norcott, Don Capps, Isom Crawford, Kirby Collins
	             Al Slater, Scott Rhine, Mike Wisner, Ken Goss
	             Steve Landherr, Brad Smith, Mark Kelly, Dr. Alain CYR,
	             Randy Dunlap, Mark Montague, Dan Million, Gavin Brebner,
	             Jean-Marc Zucconi, Jeff Blomberg, Benny Halevy, Dave Boone,
	             Erik Habbinga, Kris Strecker, Walter Wong, Joshua Root,
	             Fabrice Bacchella, Zhenghua Xue, Qin Li, Darren Sawyer,
	             Vangel Bojaxhi, Ben England, Vikentsi Lapa.

	Run began: Fri Oct  4 05:17:32 2013

	Auto Mode
	Command line used: iozone -a
	Output is in Kbytes/sec
	Time Resolution = 0.000001 seconds.
	Processor cache size set to 1024 Kbytes.
	Processor cache line size set to 32 bytes.
	File stride size set to 17 * record size.
                                                            random  random    bkwd   record   stride                                   
              KB  reclen   write rewrite    read    reread    read   write    read  rewrite     read   fwrite frewrite   fread  freread
              64       4  586352 1304314  5389653 1597288510402178 4207076 2772930  4564786  4274062  3541098  2203800 2561267 12902017
              64       8  703068 1357066  5860307 1597288512310336 4988978 4988978  4988978  5283570  3738358  1553394 5860307 12310336
              64      16  760859 1452528  4897948 2096219115972885 5389653 3203069  4564786  4564786  3588436  2923952 5860307 12902017
              64      32  754443 1492919  7100397 1597288515972885 5860307 3738358  5735102  4018152  3363612  2358717 5389653 12310336
              64      64  763021 1526887 10402178 3438968815972885 5860307 4897948  4564786  4018152  4643754  3791156 4274062 12902017
             128       4  785122 1827299  5847904 11720614 9977956 4267461 3657016  5603747  3560017  3867787  2727923 4889281 14200794
             128       8  852438 2175277  4407601 1588107814200794 5325799 3657016  6406138  5847904  4596273  2211113 4759253 14200794
             128      16  976473 2004703  6045455 1172061411470204 5847904 3445772  6406138  4934216  4407601  2367096 5545860 15881078
             128      32  889145 2140585  6045455 1284205114200794 6114306 3468030  6727225  4717434  5325799  2843510 5545860 11720614
             128      64  927549 2784517  7476717 1801235915881078 6330599 4267461  7082197  4557257  3359523  6727225 5545860 11720614
             128     128 1162547 2784517 10567140 1588107816365173 6045455 3982553  6045455  4759253  6045455  3124872 4557257 15881078
             256       4  941213 2345409  5938650 1281227710245071 4404088 4197489  5687020  4332998  4197489  3368013 5810112 12228612
             256       8 1084800 2441400  6398720 1516462413454450 5428265 5810112  7073132  5569035  5022044  3275543 6107548 14953435
             256      16 1148625 2699161  5455847 1516462414164395 5810112 4422226  7120034  5938650  5117791  4070199 4572895 13454450
             256      32 1168627 2903529  6073004 1516462415164624 6249745 4264168  7518900  9868433  4929815  3935921 4734192 14953435
             256      64 1185399 3368013  6554972 1607260815164624 6595234 6398720  7571923  8815202  5347168  4496299 4929815 16072608
             256     128 1098113 3197509  7965107 1516462414164395 6249745 5569035  7073132  5938650  4652146  6398720 5938650 14164395
             256     256 1148625 3368013 12812277 1345445012661199 5938650 5117791  6073004  5320671  6107548  4734192 5938650 14164395
             512       4 1105920 2665014  5951911 11943357 9859630 4375425 4742616  5624545  6156675  4163357  3504346 5886650 11877300
             512       8 1191189 3182373  6246213 1343809211620224 5177083 5509113  6931711  7211022  4650188  4000485 6174377 13522711
             512      16 1227971 3259661  5495016 1319046912499490 5760329 6086873  7410080  6395018  5067142  4131319 6086873 13109944
             512      32 1255246 3527371  6035551 1387212213109944 6086873 4701087  7647578  6821616  5227492  4411377 4732165 13190469
             512      64 1270094 3710197  6931711 1424006913438092 6395018 6018636  7988981 13783088  5624545  4871723 6018636 13783088
             512     128  895230 3822466  6843354 1343809212797441 6246213 5807059  7410080 10911694  5566231  5164632 5624545 13190469
             512     256 1210664 3877684  7871843 1279744112215097 6086873 5684095  6491676  7410080  4871723  6571132 5870558 12499490
             512     512 1450212 4237291 12797441 1279744112797441 5744919 5684095  5624545  5951911  5744919  4701087 5951911 12797441
            1024       4 1192117 3112733  5821271 11645609 9300377 4232305 5356618  5593820  6489770  4079544  3579719 5853003 11398360
            1024       8 1328146 3722435  6393168 1418390512173747 3140041 5983467  7472033  7869040  4876180  4162573 6280976 13818817
            1024      16 1400926 3655895  6519323 1381881712944224 5660167 6244448  7590887  7769397  5144870  4415030 6479979 13863422
            1024      32 1448162 4114719  6327241 1423090213643232 6199382 5690162  8061038  8391792  5363307  4339202 5950309 13998981
            1024      64  147548 1289855  2004366  3210456 3170172 1673273  427198  3401130 10134284  4304412  4526709 5885083 14618393
            1024     128 1429841 4079544  6519323 1386342213686709 6519323 5950309  8061038 13818817  5390231  4674510 6244448 13643232
            1024     256 1398645 4162573  7008693 1298335312639479 6172653 5925680  7020149  9320560  3447541  4995276 6025439 12639479
            1024     512 1526390 4374559  8199542 1314226512983353 6059442 5925680  6519323  8183918  4898425  6609617 6059442 12639479
            1024    1024 1262555 4300102 12639479 1347205313305116 6093831 6059442  6163794  6059442  6093831  4972145 5983467 12492426
            2048       4 1144133 3235617  5836323 10289741 9708272 3938881 5416763  5884299  7318020  4112366  3592903 5800851 10096235
            2048       8 1403858 3604966  6378005 1183503312561952 4653758 6058611  7698414  8903279  4794010  4259178 6401772 11770166
            2048      16 1470424 3580921  6303124 1248889713198923 5083385 6189580  7451329  8940345  4653758  4376355 6543188 12118884
            2048      32 1529327 4257067  6690992 1234530613926483 5920802 6583305  8036946  9228493  5222461  1506000 5970183 12561952
            2048      64 1511299 4031308  6759439 1319892314539356 6171791 6041567  8221561  9664580  5345969  4385291 6243566 12959958
            2048     128 1529327 3922692  6416117 1227474213748169 6243566 6185123  8159088 11072275  5006356  4310472 6132138 11917129
            2048     256 1490582 4385291  6359119 1138032512959958 6024617 5916724  7318020 12187663  4886737  4469720 5920802 10903620
            2048     512 1569280 4267642  6802261 1164254312635867 5674397 5904523  6738230 10240672  4911886  4741090 4796687  9400176
            2048    1024 1537539 4104506  7940367 1132033410439809 5107566 5800851  5489457  8229438  4864597  5611381 5735012  9621281
            2048    2048 1269047 3494960  7065219  7817519 7470770 3538147 5264067  4301837  5345969  3991965  3922692 5389574  6990474
            4096       4  996349 3188066  4887857  6471234 7367624 2981164 4576653  5936773  6103394  3595765  3390670 5447345  6512939
            4096       8 1313264 3497668  5961494  7135072 8981502 3424463 5891980  7802627  7123239  4108241  3828122 6169144  7261741
            4096      16 1449312 3980686  5367357  7301864 9456085 3643812 6094733  7756829  7123239  4385074  4076076 6198078  6254490
            4096      32 1446871 3775126  6379914  7585581 9897345 4257917 5347310  7756829  7087972  3846119  4091608 6207035  7515892
            4096      64 1518755 3980686  6234064  6693092 9348033 4864330 5404504  8569343  7545601  4546375  4153935 6243125  6826060
            4096     128 1531755 3809447  6005255  7249484 9435311 4244242 5894001  7489679  6503078  4288742  4023571 5211065  6724530
            4096     256 1496008 4008550  5902100  6836927 7185807 4761860 4735608  7289472 13217259  4043458  3999219 5704175  5885924
            4096     512 1525498 3627654  6158088  5640500 7906767 4204769 5633102  6769576 11601703  3901141  3984379 5761565  6471234
            4096    1024 1449434 3608605  5589120  6964419 6989921 3779279 3509816  5851841 10089154  4031124  3548968 4858827  6058196
            4096    2048 1316585 2987384  5936773  5095153 5490871 3168077 5139356  3537277  5978090  2844440  4078979 4723889  5347310
            4096    4096 1240083 2639075  4380601  4540367 4565707 2996764 4496399  2799936  4352854  3007255  2882622 4601168  4520059
            8192       4  986022 2872214  5649594  5264403 5161595 1848808 4430767  5814021  5210911  2822895  3046398 5322300  5333039
            8192       8 1344708 3279600  5669170  6399884 5414558 3039661 5598961  6365501  5509188  3292800  3316639 1078602  1125743
            8192      16  285247 3183872  5974769  5780764 5764277 2960564 5708730  7019632  5859631  3400672  3187712 5966469  6263389
            8192      32 1401820 3433637  5772993  6496691 6081578 3656923 6272536  8208631  6399884  3652258  3778782 6340832  5855636
            8192      64 1434716 3619936  5974769  5880691 6491781 3623372 5801260  7839667  5896839  3670204  3698251 5919188  6415419
            8192     128 1452732 3733615  6077276  5271672 5978928 3998198 5610847  6638529  6239504  3681608  3616507 5634770  6036702
            8192     256 1478168 3847758  5850651  5572627 5312425 3932757 5323125  7460092  5761377  3514413  3695070 5736369  5669170
            8192     512 1507018 3846036  6000856  5757516 5669170 4015486 5237920  6506533 12356037  3757706  3496175 5007390  5534924
            8192    1024 1484619 3563251  6173362  6296676 5793435 3994479 5278151  6890129 11519268  3306108  3273040 5641246  5454094
            8192    2048 1320420 2899848  4242044  5241116 4995015 3230268 5007390  3833164  5905961  2691334  2784463 4850463  5271672
            8192    4096 1289063 2592443  4135340  4323172 4207243 2680625 4291316  2933268  4421075  2557516  3399327 4302601  4231596
            8192    8192 1183642 2511345  4244664  4299909 4255178 2585031 4207243  2711510  4371576  2870294  2837582 4226911  4304757
           16384       4  995028 2833581  5647647  5628220 4002810 2402375 5132606  5830698  5073867  2685948  2750010 5505130  5513080
           16384       8 1248677 3195540  6142904  6377792 5473995 2860236 5718614  7340408  5510869  3204481  3177660 5808029  6072338
           16384      16 1342733 3399126  6222445  6220192 5843092 3210019 5738671  7403675  5862033  3221305  3465289 3661171  1322347
           16384      32 1013175 3542459  6260425  6291951 6018623 3385895 5472251  8287637  6065906  3415513  3443410 6236563  5677040
           16384      64 1447615 3601686  5917050  6353028 6065906 3879649 6208391  8600894  6173255  3659611  3659611 6212881  6047756
           16384     128 1480869 3494896  5868040  5901805 4698508 2619700 5724807  8347030  6111219  3307827  3460229 5736276  5770960
           16384     256 1457934 3670166  5630526  5836640 5628220 3791669 5574800  7163647  5593404  3221909  3441341 5610758  5576609
           16384     512 1477209 3664490  5700587  5730536 5787485 3576381 5595681  6542963  5364599  3434118  3389402 5647647  5682674
           16384    1024 1444147 3560261  5853544  6063765 5685024 4062682 5624074  6432718 11727262  2945692  3129757 5592038  5751158
           16384    2048 1300721 2884487  4939296  5249445 4892178 2895669 4905448  3909223  6689455  2353019  2416143 5012066  4877940
           16384    4096 1253369 2575711  4261195  4378485 4301202 2600271 4206420  2954811  4313892  2463787  2520631 4226080  4243303
           16384    8192 1258188 2645111  4303626  4293409 4029568 2841901 4292604  2978375  4164613  2439559  3229024 4309294  4326386
           16384   16384 1206646 2646843  4217262  4304705 4161586 2603917 4210802  2743971  4115479  2880860  2874954 4261195  4252230
           32768      64 1161039 3533334  6334232  6264079 6006998 3578039 6098692  8304064  6236791  3356360  3541711 6156057  6265221
           32768     128 1453706 3597331  5951334  6000441 5736708 3699686 5864986  7935821  5831639  3303518  3562550 5913691  5860984
           32768     256 1405567 3534061  5703853  5753037 5627484 3604029 5551114  7386885  5703853  3252084  3360135 5642964  5716665
           32768     512 1382201 3552421  5730489  5745822 5758823 3709272 5710726  7231799  5638103  3247243  3388968 5972021  5895427
           32768    1024 1495644 3666524  6033368  5954686 6111166 3806771 5921334  7268900  6014621  2996349  3226129 5898716  5840809
           32768    2048 1327709 2934609  5007466  5372527 5185630 3103033 5005824  4105743  6599771  2244091  2355350 5146600  5247803
           32768    4096 1278147 2646629  4404416  4437693 4353907 2703851 3425798  2892428  4463781  2188176  2283957 4401313  4417866
           32768    8192 1282764 2651122  4272296  4407806 4311566 2686778 4282814  2956324  4329221  2436480  2649639 4373720  4279480
           32768   16384 1296143 2643015  4332087  4337829 4268846 2709234 4363860  2898039  4293517  2506143  3316912 3987805  4353355
           65536      64 1001895 3591025  6380074  6471399 6206627 3630581 6297345  8603968  6308908  3292944  3519482 6433383  6504784
           65536     128 1464462 3664120  5983957  6152448 5873483 3725955 5720091  5003073  4570496  2864689  3617966 6098531  6126531
           65536     256 1435965 3747953  5655946  5703712 5599490 3720458 5562888  7101172  5534216  3184745  3495626 5626309  5599376
           65536     512 1402654 3602083  5760851  5843641 5777682 3753275 5673691  7107966  5696738  3219019  3226311 5792902  5723188
           65536    1024 1390127 3427798  5974722  6114674 5935630 3831862 5964869  6948940  5992175  2962882  3144595 5636578  5929868
           65536    2048 1341988 2953523  5182385  5326904 5207026 3042811 4982578  4159409  4743788  2179083  2299506 5215325  5274468
           65536    4096 1287292 2633237  4280000  4297397 4343574 2655111 4292364  3042374  3838604  2119944  2206440 1084062  4101136
           65536    8192 1279479 2615896  4172351  4200469 4240123 2587602 4112980  2860724  4179330  2116923  2150965 4119946  4250877
           65536   16384 1239121 2590650  4219166  4247002 4051449 2649737 4132147  2947695  4252258  2382952  2309805 4262214  4213669
          131072      64 1253942 2958749  6248304  6257051 5881892 2824463 5829315  8127576  5944025  2792626  2969248 6432013  6460205
          131072     128 1361871 1988534  6123993  6132600 5899882 3116515 5979518  8317811  5937605  2799138  3033239 6047399  6184341
          131072     256 1360135 3153357  5770272  5934144 5794234 3121434 5787889  6400934  5679306   411241  2787641 5832655  5895074
          131072     512 1376806 3098790  5848291  5921425 5900135 3159120 5727171  7215229  5923084  2815783  2949273 5616240  5960265
          131072    1024 1365446 3057650  5886363  5997065 5848291 3237632 5793257  7134329  5882899  1900613  2357243 5902859  5945439
          131072    2048 1237099 2292953  5152794  5283430 5143682 2474874 5184379  3983108  5031776  1905256  2029631 5134027  5186874
          131072    4096 1197289 2209204  4054461  4207632 4088321 2254919 2399477  2765930  4174151  1743027  1860836 4104468  4021245
          131072    8192 1142516 2250203  4136214  4177735 4047327 2236072 4096638  2887997  4182789  1830872  1935979 4224315  3992944
          131072   16384 1116666 2250351  4177989  4134876 4032750 2191145 4277396  2859784  4275134  2077899  2015907 4118921  4234271
          262144      64  137138  157845  6046162  6287637 5917849  121942 5531276  8121201  5958482   150834   153436 5928858  6226994
          262144     128  166332  157414  5615861  5765969 5584542  127998 5523107  7648946  5525328   153750   160257 5402028  5672649
          262144     256  159384  149991  5449849  5703369 5545672  136067 5577771  7496663  5733796   166588   163296 5444075  5670689
          262144     512  158180  158119  5528940  5700383 5661258  152067 5664788  7237733  5839309   163057   162273 5528245  5748665
          262144    1024  159152  151771  5446934  5815220 5698787  163539 5334306  6828806  5640175   168599   156055 5433153  5714307
          262144    2048  165162  162514  4783047  4946965 4695400  159580 4695821  3715397  4743060   155455   162802 4701202  4907596
          262144    4096  156966  152967  3929552  4135682 4088531  173351 4067327  2848860  4216908   175366   171360 4054443  4138546
          262144    8192  154402  164169  4082550  4181196 3964549  178685 4060357  2884730  4165908   174761   175824 4055505  4170744
          262144   16384  159767  167120  4063494  4073037 3745239  169947 3245639  2837238  4263890   189504   202015 4092747  4122408
          524288      64   63213   86072  5604666  5963925 5510234   30633 5785185  7772163  5812435    88468    88854 6052466  6224170
          524288     128   88090   84829  5764515  5657818 5550610   46741 5631506  7800034  5864127    89414    88606 5732806  5965057
          524288     256   88520   83169  5556304  5677802 5547488   56212 5558018  7131817  5709586    89864    89149 5726297  5871612
          524288     512   88002   84296  5457868  5783846 5864393   60371 5524811  6804165  5643270    89825    88666 5589778  5771490
          524288    1024   86205   84602  5613479  5758884 5748331   62836 5502031  6915824  5708711    89344    87837 5629156  5748076
          524288    2048   88740   84332  4009510  4923725 4794851   81222 4796377  3611149  4944483    89064    83315 4446164  4978997
          524288    4096   88611   83995  3596479  4147779 4024958   89785 4064221  2686575  4124232    89574    89875 4036150  4134731
          524288    8192   88280   81325  4102281  4067679 3816166   87942 4086197  2849746  3627992    91500    90683 4068100  3977240
          524288   16384   87916   83118  4123868  4073813 3935176   89864 4251926  2854899  4334863    92879    92819 4079367  4165244

iozone test complete.
