	Iozone: Performance Test of File I/O
	        Version $Revision: 3.420 $
		Compiled for 64 bit mode.
		Build: linux-AMD64 

	Contributors:William Norcott, Don Capps, Isom Crawford, Kirby Collins
	             Al Slater, Scott Rhine, Mike Wisner, Ken Goss
	             Steve Landherr, Brad Smith, Mark Kelly, Dr. Alain CYR,
	             Randy Dunlap, Mark Montague, Dan Million, Gavin Brebner,
	             Jean-Marc Zucconi, Jeff Blomberg, Benny Halevy, Dave Boone,
	             Erik Habbinga, Kris Strecker, Walter Wong, Joshua Root,
	             Fabrice Bacchella, Zhenghua Xue, Qin Li, Darren Sawyer,
	             Vangel Bojaxhi, Ben England, Vikentsi Lapa.

	Run began: Fri Oct  4 05:17:33 2013

	Auto Mode
	Command line used: iozone -a
	Output is in Kbytes/sec
	Time Resolution = 0.000001 seconds.
	Processor cache size set to 1024 Kbytes.
	Processor cache line size set to 32 bytes.
	File stride size set to 17 * record size.
                                                            random  random    bkwd   record   stride                                   
              KB  reclen   write rewrite    read    reread    read   write    read  rewrite     read   fwrite frewrite   fread  freread
              64       4  546928 1330167  2772930 1597288510821524 4274062 4564786  3541098  3791156  3541098  2561267 4643754 12902017
              64       8  743988 1452528  3541098 1597288512310336 4897948 2662899  5860307  4564786  4274062  1452528 4564786 15972885
              64      16  760859 1562436  5860307 3048429715972885 5389653 4897948  4564786  4274062  4274062  1722886 3203069 15972885
              64      32  710511 1599680  7940539 2096219120962191 6421025 2662899  5389653  3958892  3203069  2358717 5860307 20962191
              64      64  780776 1648808  4564786 1597288515972885 5860307 4988978  5389653  6271021  5735102  1638743 5389653 12902017
             128       4  747933 1749872  3895854 1284205110567140 4596273 3124872  5325799  3445772  3867787  1967960 5545860 10567140
             128       8  908709 2098744  6330599 1458662511720614 5325799 4012317  6406138  6406138  4012317  1997245 6114306 12842051
             128      16 1085013 2248149  4717434 1636517314200794 5784891 3277486  6727225  6406138  5074121  1436229 5545860 10779307
             128      32  934004 3359523  6406138 1172061412842051 6114306 3895854  7082197 11470204  5784891  2132084 4135958 14586625
             128      64  948860 3657016  7582312 1588107815881078 6406138 3982553  6727225  4934216  4557257  6406138 5784891 18637664
             128     128 1142750 2286447 11720614 1801235914200794 6330599 5325799  6330599  5784891  5545860  2608629 5784891 15881078
             256       4  947860 2665657  5320671 1266119910245071 4652146 5320671  5687020  4264168  4009406  2719671 4907284 11695808
             256       8 1094754 4117018  5687020 1516462412661199 5569035 5810112  7314033  9778562  4496299  3499745 6107548 14164395
             256      16 1132871 2719671  5810112 1516462414164395 5938650 4840911  7314033  7518900  5347168  3197509 4907284 14164395
             256      32 1153561 2672291  5810112 1495343515164624 6398720 4840911  7518900 14353744  5687020  3605511 6595234 14953435
             256      64 1213534 2911402  8024634 1709624914353744 6761355 5320671  7518900 12090911  6073004  3717869 5569035 14164395
             256     128 1094754 2975955  8208677 1516462413454450 6398720 5569035  7314033  6398720  4422226  4929815 5810112 14353744
             256     256 1300235 3499745 12812277 1345445012812277 6107548 5687020  6249745  5428265  5810112  4404088 6107548 13454450
             512       4 1091863 2739816  4701087 12146009 9859630 4411377 5398323  5639315  5822804  3963567  3504346 5744919 11374040
             512       8 1276891 3510074  6571132 1462806712427157 5278892 6104175  7309196  7435738  4784885  3993047 6319739 13872122
             512      16 1312798 3487274  6104175 1462806713109944 6018636 6319739  5760329 10235583  5384786  4375425 6395018 14240069
             512      32 1354190 3580298  6931711 1514384614240069 6571132 6491676  8018812  8394979  5624545  4375425 6652558 14628067
             512      64 1279935 3634839  6652558 1503780114240069 5177083 5699180  7988981  7211022  5807059  4000485 6246213 15037801
             512     128 1501940 3849877  6999490 1424006913522711 6652558 6018636  7871843  9304292  5951911  5164632 6395018 14240069
             512     256 1450212 3710197  8109658 1310994412797441 6319739 5886650  6843354  7647578  4296637  6652558 6086873 13522711
             512     512 1441452 4305250 13109944 1343809213109944 6228097 6018636  6414119  6246213  6228097  4961773 6104175 13438092
            1024       4 1114185 3112733  6016997 12313351 9855234 4232305 5472650  5630486  6874084  4064103  3579719 5277632 11645609
            1024       8 1343518 3447541  6559147 1487147712639479 5144870 6208343  7577494  9832672  4943530  4095102 6479979 13818817
            1024      16 1475018 3984917  6529233 1423090212983353 5782087 6137371  5310258  7883484  5251818  4493556 6402699 13998981
            1024      32 1499217 3863055  6830356 1461839313863422 6280976 5789881  8061038  9855234  5417427  4526709 5925680 14230902
            1024      64 1488307 4396951  6441107 1529515714618393 6441107 5958564  8457895  9064828  5536137  4512441 6702448 14871477
            1024     128 1460472 3603747  6830356 1418390514044758 6733974 5917516  8326715 13818817  5472650  4741598 5885083 14044758
            1024     256 1408737 2934110  6974549 1314226512944224 6199382 5983467  6025439  6609617  5564829  4995276 6059442 12828238
            1024     512 1458489 4287225  8000971 1294422412790037 5983467 5950309  6692005  8391792  4876180  6599461 5917516 12492426
            1024    1024 1514549 4321737 11520658 1298335312983353 5251818 5885083  5451810  5950309  6059442  4470172 6059442 12639479
            2048       4 1024586 3200654  5900467 10452512 9483197 3855782 5447681  5785224  7503399  3908414  3425279 5804771  9898453
            2048       8 1333259 3723735  6382745 1190061910048990 4550221 5212953  7503399  9752360  4572018  4086930 6007763 11517657
            2048      16 1471180 4006862  6588354 1241668612786337 5461535 6340344  7789164  9308497  5020987  4414590 6401772 11770166
            2048      32 1492654 3960675  6321679 1220498013301113 4421406 5986827  7754008  8190205  4738475  3771144 5953632  9621281
            2048      64 1483118 4462754  6440169 1288221514417342 6261772 6041567  7112016  9015410  5212953  4500161 6080053 12805399
            2048     128 1530689 4096676  6132138 1234530613198923 6007763 5596757  7969835 14738933  3698085  4138120 6132138 11502234
            2048     256 1440103 3663388  5184636  875803912033995 4643695 5319484  6649556  9525260  3255235  3340040 5640860 10848538
            2048     512 1414491 3065856  5359311  8357547 8221561 4154130 5492967  6459541  9796850  3915540  2516234 5489457  6440169
            2048    1024 1474462 3638560  6990474 10339282 9441504 4741090 5362657  5416763  7444871  4006862  4481379 5119743  8128206
            2048    2048 1343897 3215029  2142232  7112016 5900467 3915540 5018054  3612546  4631177  3799501  3604966 5080379  6629029
            4096       4  806308 3018351  5753847  7027089 7314299 3042943 5278308  5596402  6204794  3326978  3049966 5527974  6094733
            4096       8 1374410 3574071  6272759  7683972 7185807 3660895 5910222  7392988  7326777  4043458  3676563 6198078  7529067
            4096      16 1471785 3871253  4917236  6628532 8829180 4262142 6103394  7670249  7355007  4361695  4048222 6207035  6804432
            4096      32 1508619 3934195  6032669  5689064 8981502 4366128 5936773  8142867  7364466  4404184  4019805 6370451  7831080
            4096      64 1503602 4012295  5928578  7711565 9773474 5038371 6068897  8569343  7249484  4628439  4052041 6077484  7774379
            4096     128 1550976 4075109  6112079  6408472 9144037 5007531 5859825  8324363  7380284  3996428  3747948 5851841  6272759
            4096     256 1569969 4196552  5367357  6941906 8240513 4887857 5711761  7277121 11252164  4104315  2921843 5751920  6905631
            4096     512 1548600 4197577  6158088  6575257 7939654 4757904 5704175  7015611 11633127  4087714  4043458 5696610  6714018
            4096    1024 1491721 3871253  6401308  7173805 5657217 4288742 5238075  6401308 10166771  3893185  3945943 5627567  6263611
            4096    2048 1314973 3042943  5926533  5504946 5454263 3595765 5081590  4188367  6058196  2890868  4132949 5113352  5445618
            4096    4096 1266503 2676907  4108241  4240052 4638436 3029528 4491697  2850576  4230655  3084464  2917377 4612286  4038705
            8192       4 1005764 2875338  5368033  5319004 4188268 2654531 5329730  5583494  5091986  2916338  2909178 5626466  5454094
            8192       8 1245919 3364377  6296676  6067617 6086965 3049913 5851647  7719891  6010303  3400672  3244298 5821902  5949938
            8192      16 1381917 3626431  6108608  6521352 5901904 3369657 5897851  6758664  6090202  3429182  3549264 6316353  6229323
            8192      32 1444244 3730372  6330318  6316353 6257686 3978292 5958192  7712960  6095604  3658870  3782110 6365501  6191160
            8192      64 1491385 3869424  6364322  6296676 6793408 4069224 6037763  8366536  6425016  3781694  3824630 5880691  5910025
            8192     128 1511194 3744193  6145757  5821902 5838720 4226911 5817959  8622688  6224809  3652258  3682003 5893805  6015564
            8192     256 1512258 3946308  5626466  5607184 6085887 3912159 5520695  6713763  6122759  3547798  3725519 5577150  5834754
            8192     512 1513124 3884297  5789530  5825851 5834754 3683582 5579867  6628284 12396156  3410461  3469697 5271672  5868638
            8192    1024 1478422 3508313  5780764  6380868 5712526 3988451 5736369  6606618 10922396  3266195  3292800 5595314  5793435
            8192    2048 1302353 3013006  5081444  5244315 5295233 3295327 5104089  3803462  6485654  2796019  2796019 4295608  5323125
            8192    4096 1280798 2705532  4240474  4240474 4295608 2628135 4295608  2927769  4373801  2467342  3385260 4284894  4357715
            8192    8192 1210924 2646761  4213951  4442223 4304757 2597342 4359373  2745307  4336814  2670209  2917329 4394499  4354953
           16384       4 1004291 2915325  5801655  5712434 4699794 2539352 5206492  4863096  4993492  2692051  2850389 5463116  5620394
           16384       8 1279506 3303216  4852794  6030242 4987693 2718892 5698696  7420464  5602981  2974121  2988738 5981429  4851423
           16384      16 1253186 3153744  6057351  5880593 5667209 3023453 6113394  7652668  5955510  3276130  3273477 6070193  6154457
           16384      32 1451468 3718424  6279877  6491049 5923681 3782902 4516025  6742620  6050418  3372601  3603953 6255866  4674538
           16384      64 1434291 3738044  6251313  6306387 6019150 3743950 4220629  8200605  6120472  3248102  3714404 4897756  5583859
           16384     128 1451836 3717619  5801655  5633757 5832677 3688486 5893706  8781137  6185479  3272230  3642541 5837136  6287346
           16384     256 1551832 3840620  5690674  5227880 5813926 3796277 5599328  7688629  5791387  3494185  3582721 5494566  5392805
           16384     512 1510590 3628117  5570732  5912468 5789435 4030513 5639767  7077327  5663472  3334148  3521943 5696807  5728625
           16384    1024 1461935 3546298  5750677  5964297 5837136 3681767 5696807  6977442 11434558  2986530  2952019 5673291  5509102
           16384    2048 1342943 2959010  5191545  4979742 4990591 3056126 4998214  3830558  6263278  2441379  2223369 5055205  4930437
           16384    4096 1282682 2670189  4221667  4322848 4300395 2810864 4189239  2810290  4124866  2470874  2533081 4197684  4113508
           16384    8192 1188798 2590372  4155044  4203076 4260139 2685423 4202048  2850389  4208739  2501363  3311174 4276842  4277907
           16384   16384 1194004 2692473  4209770  4267811 4222704 2723849 4182865  2860831  4289121  2743971  2755966 4146770  4350488
           32768      64 1169157 3618832  6307488  6418839 6144498 3597331 5847270  8546770  6221263  3325983  3574224 5960884  6166277
           32768     128 1431852 3671912  5954428  6072823 5964247 3607245 5974098  8480323  5957783  3407621  3612744 5692985  6012516
           32768     256 1413387 3720216  5795491  5731684 5684038 3826272 5541713  7043886  5626562  3287006  3666524 5656434  5922355
           32768     512 1530129 3773431  5890374  6047970 5968650 3907978 5906321  7223817  5828672  3443393  3590189 5637178  5968909
           32768    1024 1504781 3788722  5884069  6131614 5889364 3920576 5702670  6882682  3911204  2922814  3198128 5959850  6020154
           32768    2048 1365896 2957151  5191507  5416141 5145636 3048994 5188763  4173187  6421239  2244238  2258770 5072520  5282699
           32768    4096 1301088 2658249  4321870  4428685 4355011 2704543 4353355  3010987  3823610  2013527  2148161 3885221  3797830
           32768    8192 1251837 2682583  4308187  4316711 4394839 2722706 4238567  2985414  4393715  2417920  2640223 4353355  4400749
           32768   16384 1290945 2692990  4407382  4406675 4271632 2749229 4167872  2894743  4389505  2518866  3303915 4287891  4184368
           65536      64  975267 2564714  6470028  6418660 6207187 3656565 6252937  8462779  6253933  3377093  3386538 6301532  6383927
           65536     128 1498267 3775753  6132956  6242145 6073736 3807552 6111140  8564560  6102592  3424552  3663924 6182616  6187904
           65536     256 1448534 3850973  5843144  5966552 5784734 3850757 5756869  7554536  5801706  3414937  3573007 5553896  4955093
           65536     512 1355842 3804022  5869219  6060879 5908963 3884771 5886565  7194663  5839420  3414046  3585123 5933964  3801865
           65536    1024 1310403 3708462  5856215  6034666 6000940 3789129 5895655  7036999  5911631  2945989  3196261 5896288  5950793
           65536    2048 1353406 3021506  5051713  4938978 5035057 2967328 4973112  3628425  4640714  2080173  2219463 4934988  5048558
           65536    4096 1246567 2586896  4202588  4271686 4277802 2583613 4211538  2887287  4239338  2086663  2149653 4256406  4250943
           65536    8192 1250520 2652728  4176409  4207799 4261685 2546467 4326686  3022037  4303115  2250942  2344258 4317580  4330094
           65536   16384 1308445 2732933  3840374  3236187 3289791 1552291 4287878  3018851  4340076  2530642  2517708 4307026  4257791
          131072      64 1300160 3026642  6075468  6346401 5960523 2938051 5941584  8246567  5991901  2830017  2970869 6126859  6110312
          131072     128 1324467 3106494  5898806  6010309 5831913 3038654 5861885  8533294  5846985  2729538  2989301 5722640  6044606
          131072     256 1325687 3151225  5823634  5937028 5715441 3192972 5595376  7274904  5609020  2810715  2941808 5685415  5677547
          131072     512 1337443 3091089  5852961  5916136 5919894 3049188 4846062  7353234  5830119  3008111  2839269 5686179  5968353
          131072    1024 1358737 2978369  5802735  6031343 5937541 3306726 5769243  7053323  5961363  2515436  2820275 5833460  6012478
          131072    2048 1229070 2545828  5120399  5305509 5060679 2629280 5158257  4162710  5254194  1933616  1928150 5129237  5195501
          131072    4096 1178671 2288067  4257257  4347345 4151519 2273429 4287336  2982425  4352370  1809634  1920894 4284496  4353680
          131072    8192 1177243 2327690  4300954  4326816 4332408 2415364 4156384  2849822  3824579  1936586  2066892 4263497  4308302
          131072   16384 1190631 2234972  4198987  4220099 4258609 2080770 4148386  2832642  4138549  2003791  1988469 4235511  4225127
          262144      64  163833  163335  6010828  6331666 5940005  125890 6017605  8601909  6163603   174975   171602 5977237  6285804
          262144     128  173825  174866  5794380  6034780 5849592  134214 5820761  8270561  5949841   180812   165630 5843343  6116253
          262144     256  171976  164188  5553178  5753418 5633153  145935 5601128  7586511  5753839   180317   173145 5466459  5707099
          262144     512  170348  159083  4974832  5535481 5176515  158195 5611677  7373541  5908404   180328   171109 5587153  5668321
          262144    1024  173676  167217  5481885  5796060 5700649  175190 5471137  6809985  5787884   176400   172568 5594317  5808922
          262144    2048  171851  164825  4791071  5093142 4543289  183543 4955840  3966294  5207677   174735   176789 4822740  5070967
          262144    4096  170699  146394  4148242  4250144 4153445  186889 3631510  2801761  4191620   181540   161677 4122919  4201358
          262144    8192  174481  166767  4036403  4201567 4213175  188555 4113156  2788354  4235312   190485   190489 4189943  4330460
          262144   16384  176401  168733  4067914  4240997 2364003  192233 4159038  2941374  4117946   207177   217533 4161682  4342294
          524288      64   76001   84528  6257539  6453407 6039351   33026 4150010  8488018  6166641    95179    90144 6148709  6285908
          524288     128   92377   89367  6059587  6276793 5977786   49227 5708030  8408501  5892585    93891    93248 5902486  6073478
          524288     256   94371   88890  5604594  5754002 5613307   57186 5519223  7302891  5560140    93940    91465 5274843  5768507
          524288     512   93424   88880  5675707  5818694 5675399   61532 5455823  7301145  5864456    87964    91951 5849993  5933943
          524288    1024   90383   88660  5314245  5836640 5748842   78270 5781854  7006766  5876413    89509    91421 5664493  5258760
          524288    2048   92725   88360  4972659  5050839 4982258   88253 4873691  3731029  4981219    93775    90843 4750014  4941738
          524288    4096   94279   88794  4130429  4067814 4051625   93673 4048522  2798306  4122987    94588    94019 4130359  4227006
          524288    8192   92613   90543  4107361  4205036 3976427   88369 4150676  2838900  4194881    96258    95619 4035691  4025334
          524288   16384   93542   88660  4108712  4185396 3887701   94759 4091078  2915738  4188808    98996    97296 4131927  4086676

iozone test complete.
