	Iozone: Performance Test of File I/O
	        Version $Revision: 3.420 $
		Compiled for 64 bit mode.
		Build: linux-AMD64 

	Contributors:William Norcott, Don Capps, Isom Crawford, Kirby Collins
	             Al Slater, Scott Rhine, Mike Wisner, Ken Goss
	             Steve Landherr, Brad Smith, Mark Kelly, Dr. Alain CYR,
	             Randy Dunlap, Mark Montague, Dan Million, Gavin Brebner,
	             Jean-Marc Zucconi, Jeff Blomberg, Benny Halevy, Dave Boone,
	             Erik Habbinga, Kris Strecker, Walter Wong, Joshua Root,
	             Fabrice Bacchella, Zhenghua Xue, Qin Li, Darren Sawyer,
	             Vangel Bojaxhi, Ben England, Vikentsi Lapa.

	Run began: Sun Oct  6 00:46:34 2013

	Auto Mode
	Command line used: iozone -a
	Output is in Kbytes/sec
	Time Resolution = 0.000001 seconds.
	Processor cache size set to 1024 Kbytes.
	Processor cache line size set to 32 bytes.
	File stride size set to 17 * record size.
                                                            random  random    bkwd   record   stride                                   
              KB  reclen   write rewrite    read    reread    read   write    read  rewrite     read   fwrite frewrite   fread  freread
              64       4  450541 1828508  3738358 15972885 9318832 3738358 4018152  4564786  9006179  1562436  2892445 4274062 10821524
              64       8  598110 1599680  6421025 1597288512902017 4897948 4564786  2467108  9006179  1526887  1933893 5283570 15972885
              64      16  673098 2772930  7100397 2096219115972885 5283570 5389653  6421025 10402178  4564786  4564786 6271021 15972885
              64      32  528618 2689580  5735102 1231033610402178 3738358 4274062  4274062  6271021  3363612  4274062 4274062 10821524
              64      64  653436 1690338  9006179 10821524 8182586 4018152 3057153  3057153  5283570  4897948  1879725 5389653 12902017
             128       4  743788 1939522  5784891 1588107810567140 3657016 4759253  5325799  3277486  3785961  1732927 3560017 11470204
             128       8  597981 3536566  6406138 1420079412542043 5122535 3785961  6406138  1658003  4267461  2511022 4717434 12842051
             128      16  843068 1802755  4557257 1588107816365173 5784891 5379161  4717434  4267461  5122535  2367096 3895854 14200794
             128      32 1133103 3468030  6406138 1863766414200794 6114306 5784891  7082197  5379161  5545860  2621367 5545860 11720614
             128      64  877518 2027414  7476717 1420079415881078 6406138 3759450  6727225  7582312  3445772  2905056 5847904 12842051
             128     128  985435 3036502 12842051 1636517314200794 6406138 5122535   836500  5784891  5122535  4012317 5847904 18637664
             256       4  889002 2557711  5687020 12812277 9778562 4332998 5022044  5687020  8815202  4197489  3043436 5569035 11091721
             256       8 1007446 2783115  5687020 1607260812812277 5217259 4197489  7073132  6107548  4734192  3123106 4819184 14164395
             256      16 1213534 2392442  5717301 1495343514164395 5242734 6249745  6719046  9868433  4734192  3511189 4264168 14953435
             256      32 1248819 2842047  6249745 1607260814353744 5687020 5117791  7518900  8534922  5569035  4496299 4332998 14164395
             256      64  660030 3052087  6595234 1709624914164395 6249745 4054829  5810112 11207494  4840911  2872459 6398720 14953435
             256     128 1272498 3950402  7791708 1516462414353744 6073004 5971678  6891544  5687020  1361224  5569035 6249745 14164395
             256     256 1169901 3823789 12812277  371786912812277 5938650 5217259  5938650  5687020  5428265  4350555 6073004  1570244
             512       4  746222 3064306  5566231 11620224 9859630 1711407 5127637  1947291  5684095  4340054  3459188 5684095 11620224
             512       8  946109 3239989  6472112 1462806712499490 5164632 6104175  7410080  3415178  4660280  3464769 6319739 14240069
             512      16 1316823 1783912  6736026 1462806713438092 5760329 6104175  2665014  7758090  4571003  4340054 6246213 13109944
             512      32 1293037 3877684  3431550 1249949013522711 5807059 5699180  7647578  9638369  4916336  4204110 5164632  2572435
             512      64 1176828 4000485  6821616 1462806712797441 5566231 5384786  7647578 13522711  4927617  3104171 5019764 13522711
             512     128 1276891 3284589  6909408 13872122 9468384 5822804 4882800  7211022  8528336  2991733  3012719 6035551 13438092
             512     256  660600 1875849  5968453 1187730011683444 4485083 3762197  3279573  3064306  2560168  3104171 3849877  8665997
             512     512 1140576 3099691  9304292  9638369 9510316 3678421 4827914  4000485  4660280  4494470  4742616 5807059 12427157
            1024       4  996094 2968586  3582705  6874084 5251818 2102484 4356809  4920874  2295784  3553066  2789291 5048117  9569770
            1024       8  450924 3130886  4634161 12173747 9655828 3345496 5660167  6963241  6874084  2730767  3709575 5917516 13643232
            1024      16 1129123 2900425  6244448 1404475812790037 5144870 5593820  6963241  8822754  3923040  3880507 5417427  7869040
            1024      32 1323236 3345496  5251818 1177330111489839 4654248 5356618  6929538  6489770  4392454  3210456 5336651 11645609
            1024      64  812701 2056183  6431462 1314226513818817 4526709 2646630   273359 14230902  3495237  2968586 2751762  6059442
            1024     128  431143 1556257  5991815 1249242612944224 5479632 5500686  5853003 13472053  4433259  4550690 5593820 13142265
            1024     256 1150600 3101494  6280976 1152065811773301 5096034 3748425  5682634  9485232  4321737  4083422 4854136 11520658
            1024     512 1289855 3251778  7208671  875085010662628 4594502 4762630  5018624  7644933  4694950  1458489 5417427 11773301
            1024    1024 1312720 2225595 11368190 1124909111520658 4876180 5096034  4876180  4570058  4920874  3643490 5200941 10039528
            2048       4 1091782 3215029  5655716 10179991 8229438 3430751 5018054  5389574  8678404  3777778  3413030 5184636  9349021
            2048       8 1200414 3598924  5754221 12561952 6503556 3185225 4120256  5119743  6990474  4178378  3649381 4653758 10192069
            2048      16 1424106 4031308  6321679 1263586711642543 3266376 5626082  5349298  5319484  3644736  2684517 5719737 11642543
            2048      32 1436250 3650932  6261772 1366071313836752 4762117 6092991  8059569  6340344  3020577  4086930 3929871  7112016
            2048      64 1230860 2786401  6340344 1295995814226322 6225466 6003564  8190205  9308497  4829046  4365235 6185123 13198923
            2048     128 1286340 3330973  5937172  902488213384011 4741090 4509611  7643611 14417342  4403275  3828288 5169036 11966935
            2048     256 1125249 4229816  4204968 1024067212416686 5280246 4623699  7042051 12118884  4686767  3744839 3185225 10389302
            2048     512 1319537 3199462  6003564 1138032511983630 5535444 5578583  6670210  5953632  3731824  2681165 5447681  7159438
            2048    1024 1482094 2522144  6420913  7556202 6523312 3030166 5376082  6092991  7940367  4521480  2917969 4120256  4875642
            2048    2048 1286340 3419824  7135648  7556202 7419150 4231899 4581773  2998435  4842658  3507805  3606479 4839929  6266340
            4096       4 1126193 2896717  4853336  5139356 6737716 2579247 4964124  5374073  3918939  2592481  2639075 4035859  4911613
            4096       8 1392231 2874423  6169144  5996870 8224733 3670280 1241158   488719   868907  1669114  1635740 3856480  4072211
            4096      16  442953 3020473   548916  2210537 7225093 3727618 4941279  6883496  5596402  3473623  3427880 3689988  5504946
            4096      32 1290476 3160500  5461198  6562698 7473388 3673419 4982841  7656576  5159420  3445064  3393349 4597474  5777065
            4096      64  823666 3468014  5963564  5438722 6714018 3673419 5165626  7555557  4796426  3430618  3107900 4644707  5620203
            4096     128 1368935 3271853  3424463  5736555 7615846 4612286 4946971  6532752  3765198  1274394  2815077 5032468  4964124
            4096     256 1263801 3207709  5062125  5230102 6291135 3846119 4751325  5936773  6321227  1809968  2872500 3730046  4104315
            4096     512 1364477 2929815  5580043  4671228 5885924 3486312 5000244  5504946  9163546  3271230  2921843 5019235  5558378
            4096    1024 1246561 2637454  5867831  6737716 5504946 3172758 4649735  6252213  9588020  3129412  3105653 1805972  1512471
            4096    2048  271580 2262949  5891980  5728903 5424983 2970339 4751325  3976080  5883908  2792200  3075079 5038371  3754501
            4096    4096 1019407 1987535  4607338  4607338 3054304 2850576 4153935  2817385  3131694  2435200  2628979 4370571  2721431
            8192       4  948802 2425711  5583494  5291970 5026435 2658022 3912159  4681287  3517291  2097304  2322733 4583861  4244664
            8192       8 1345393 3339526  5403489  5618186 5482815 2645131 5171695  7481208  4833405  3056697  2987594 5780764  5560902
            8192      16  881520 3532479  4628318  5497729 5721087 2834539 5368872  7055669  5117011  2908193  2867180 5016162  6010303
            8192      32 1290516 3639492  4697286  3671773 4931921 3057785 5305863  8273861  4506310  3166561  3166852 5497729  4714042
            8192      64 1273818 2962862  5343822  4896777 5644954 3639492 5368872  8541237  6081578  3330140  3165394 4976927  5692651
            8192     128 1169462 3010630  5201445  5626466 5696426 3379600 5817959  7415014  4347789  2753668  3124519 5282208  5184962
            8192     256 1278178 2856217  5231540  5204597 5630154 4137332 5425673  6971209  5876668  3596068  3103074 5104089  5207752
            8192     512 1259899 1559764  5817959  5501249 5962328 3862465 5110162  6390362 12099327  3443616  2844630 4890505  5389081
            8192    1024 1147818 2501290  3514413  6205696 5319004 3540486 5610847  6699364  8368573  3108970  2623921 5035275  5337181
            8192    2048 1111397 2045489  3481298  5472336 4887722 3087737 5117011  3879035  4343393  2214071  2599110 3271793  3437759
            8192    4096 1075765 2630550  3367015  3780030 4325349 2597342 4304757  2620519  3307062  2162104  3043160 3053166  3282106
            8192    8192 1049062 2576116  4277959  4280090 4316113 2534688 3444997  2664205  3111504  2457109  1875449 3409108  3607016
           16384       4  980966 2172137  4052619  4182865 3665272 2378922 4576476  5310703  4873097  2782524  2553222 5080244  5285379
           16384       8 1324819 2825891  5241438  4812016 4332113 2676637 4858627  7416459  3888870  3021857  2371779 5156872  5290262
           16384      16 1206836 2847436  5362924  5297194 4973975 2696488 4878979  6884473  5936474  3203883  3363028 4732483  4761338
           16384      32  629185 2949358  5263115  5253057 5216372 2979537 5211229  7512948  4476603  2789301  3250868 5131073  5296786
           16384      64 1192967 3730333  4764309  5161907 5163459 3213922 4380718  7627187  6198870  3077477  3119669 5394922  5582045
           16384     128 1255774 3152586  4825871  5475740 5282129 3209419 3898135  6875519  5927769  3013376  3169745 5066012  5209649
           16384     256 1255292 3593775  4424720  4754420 4927255 3152008 4685055  6410515  5626377  3219494  3076237 4885222  5251050
           16384     512 1166876 2797704  4957469  5271594 5051860 3433260 4181592  6136321  5129541  3313889  2923137 4960332  5222715
           16384    1024 1184842 3178836  4303896  5809993 5994996 3603197 4355176  2594087  7220855  1600628  2042134 4142521  4266751
           16384    2048 1118739 3027849  3547213  4462939 5345404 3038022 3352528  2448687  5004402  2308594  1825518 3979399  3347139
           16384    4096 1314606 2279343  4327475  4442742 4429283 2880980 4309294  2199529  4085871  2516385  2002443 2857262  3201793
           16384    8192 1284913 2285711  3198217  3820974 4397256 2668426 2819514  2213130  2794519  1859906  3010077 3603386  4405431
           16384   16384 1096200 2181376  4149775  3179572 3083276 2329647 2710848  1538559  2794860  1795704  2798274 3631185  2985362
           32768      64 1333002 3258870  5052938  5454185 5504426 3599687 4699923  7733539  5658297  3032378  2712764 6445329  6299105
           32768     128 1258370 3161710  5488818  5334160 4977723 1481106 5470467  7066704  5558522  2243615  3493369 3263435  5643891
           32768     256 1464550 3281355  3236080  5130462 5359538 2812003 5546409  6074702  3350877  1912891  3029304 4979166  5430694
           32768     512  859128 1451848  5586085  1252361 5005824 3273540 4848139  6111166  4609909  2278391  3275881 5894668  5026512
           32768    1024 1146023 3619976  4943170  5932837 6110080 3479220 4359155  4908217  5252215  2482962  3119868 4989650  4490030
           32768    2048 1228825 2997459  3368700  3582422 3805717 2632586 3252699  3887969  6730009  2226099  1941919 2299009  1923465
           32768    4096 1062520 1543619  4296335  4409078 3257865 1682222 3553615  2992825  4179660  1881905  2186436 3336236  4242885
           32768    8192 1051875 2022713  4304813  4304813 4255628 2674960 3507186  2484533  4215556  1929785  1647636 4236346  4387823
           32768   16384  994235 2474201  3347123  3592160 3716092 2598344 3655018  2403081  2765270  1889953  3306220 2783528  2936992
           65536      64 1184584 3347442  4345634  4341310 4172921 2646420 6297922  7437211  4820659  3163996  2686773 4866404  3898214
           65536     128 1348307 3083464  5893506  6100832 6086782 3593607 5950793  8448473  5632189  3280760  3406051 4847694  5661771
           65536     256 1448694 3166730  4470445  5570892 5879262 3728937 5817176  6164037  5676151  3323843  2519647 4498319  5026862
           65536     512 1256034 3044395  4515610  5758920 5678966 3450171 4476780  4016697  4418207  1926563  1256993 5280548  5640394
           65536    1024 1047821 3287470  5741718  4383961 5227822 3673521 5141286  5403238  4961085  2152818  2016981 5732139  4035212
           65536    2048  986141 2518977  3686182  3464783 3609414 2262429 4185502  3179219  4780501  1959273  1499992 4006393  3211460
           65536    4096 1110820 2057826  3904914  3630821 3086649 1477236 4174569  2761154  3041970  1773968  1631838 2976453  3012036
           65536    8192 1128510 2136188  3434651  3449261 3469506 2234129 4080680  2744612  2666340  1534903  1666564 2676570  2897117
           65536   16384 1089381 2198235  4062767  3451644 3490787 2057641 3073328  2870853  3615206  1059493  1693830 3007489  2316735
          131072      64  677077 1475752  5789413  5365208 5898553 2861347 2412079  8074929  5678544  2661626  2714993 6025196  5935938
          131072     128 1314071 2529510  5581344  4891291 5467062 2722954 4038437  6724775  4440863  2687992  2778947 5267737  5548504
          131072     256  738367 3164612  5483476  5679248 5372444 3216322 5160727  7242414  5595603  2838096  2841852 5352723  5498228
          131072     512 1243969 2821665  5461576  5296257 4607569 2751533 5042992  6936561  5562595  2784267  2450680 5379488  5687120
          131072    1024 1242847 2909087  5320141  5035601 5220713 2426665 1685939  6441509  5151201  2353680  2560400  965946  5411046
          131072    2048  980770 2439956  4620736  5075162 4691357 2380752 4697410  3791058  4993204  1848267  1964481  835251  4619920
          131072    4096 1101777 1898080  3972602  4105755 3902691 2321664 2760569  1570799  3668100  1771669  1186645 3899425  4028760
          131072    8192 1118324 1432514  3949485  4052070 3936702 2333034 3944272  2647170  3944017  1826274  1830793 2386343  4064383
          131072   16384 1148644 2326774  3988801  4067149 3957845 2250544 3807125  2818208  4011152  1994001  1979313 3946990  4085526
          262144      64  114094  126166  5375433  5950678 5723409   73332 3792926  7861077  5985827   121418   100379 5422007  6110984
          262144     128  102603   65239  5494074  5631076 5503645   72241 5084239  8080615  5494761   126334    83231 5235126  5467274
          262144     256   92623   82909  5295079  5429209 5452714   90114 4918727  6817966  5458724   113926    83583 5018932  5304403
          262144     512  110106  107943  4998170  5571469 5261606  105865 5147241  6902152  5625055   110582    85403 5153804  5667737
          262144    1024   97926   80419  5125909  4665237 5226367   93734 4808840  6741011  5489713   101522    93264 4151202  3311365
          262144    2048  119584  103397  4464535  2725247 3150952  100039 4487531  1539678  2873031    89872    81237 2583512  2576635
          262144    4096   93377   84096  2459945  2609201 2502855   75035 3601026  1743419  2594302    77089    79717 3803330  4155407
          262144    8192  128372  101936  3653884  4137440 3891858  111571 3682779  2669762  4072962   107464    79274 3830332  3875165
          262144   16384  111927   92393  3823180  3867001 3866661  128254 1834455  1863181  2558903   101921    93572 1006357  3105457
          524288      64   37777   69754  5950659  4596833 5672632    9033 5372187  7646467  5993851    67392    46204 4069320  5795981
          524288     128   37323   65739  5527144  4984200 4545946   17676  310752  7999508  5321099    48758    38847 5328668  5742612
          524288     256   65615   48582  5286497  5500228 5450144   22133 5171363  7309906  5474908    34409    40719 5346664  5118592
          524288     512   35996   64211  4962503  5654094 5581634   55261 5145372  5366196  5536175    41934    67962 1168499  5585731
          524288    1024   68057   34954  4992834  5463495 5549028   54784 5236333  6302302  5245025    61115    66586 5213527  4386537
          524288    2048   64986   46419  4764175  4863881 4776935   33737 4533799  3410291  4613459    69314    57386 2607931  4711474
          524288    4096   67550   49317  2680187  3303390 3265679   36312 1348623  2347929  4002380    38735    37904 2908234  3835576
          524288    8192   64902   34735  3774869  3944982 3759201   29378 3565011  2570265  3855346    78333    73936 3846633  3187725
          524288   16384   37702   73931  4141062  3975435 3897099   86979 4138163  2822941  4145550    91303    89097 2943818  3550764

iozone test complete.
