	Iozone: Performance Test of File I/O
	        Version $Revision: 3.420 $
		Compiled for 64 bit mode.
		Build: linux-AMD64 

	Contributors:William Norcott, Don Capps, Isom Crawford, Kirby Collins
	             Al Slater, Scott Rhine, Mike Wisner, Ken Goss
	             Steve Landherr, Brad Smith, Mark Kelly, Dr. Alain CYR,
	             Randy Dunlap, Mark Montague, Dan Million, Gavin Brebner,
	             Jean-Marc Zucconi, Jeff Blomberg, Benny Halevy, Dave Boone,
	             Erik Habbinga, Kris Strecker, Walter Wong, Joshua Root,
	             Fabrice Bacchella, Zhenghua Xue, Qin Li, Darren Sawyer,
	             Vangel Bojaxhi, Ben England, Vikentsi Lapa.

	Run began: Sun Oct  6 00:46:33 2013

	Auto Mode
	Command line used: iozone -a
	Output is in Kbytes/sec
	Time Resolution = 0.000001 seconds.
	Processor cache size set to 1024 Kbytes.
	Processor cache line size set to 32 bytes.
	File stride size set to 17 * record size.
                                                            random  random    bkwd   record   stride                                   
              KB  reclen   write rewrite    read    reread    read   write    read  rewrite     read   fwrite frewrite   fread  freread
              64       4  477808 1679761  2892445  7940539 5860307 2278628 3958892  3541098  6421025   693980  2444640 4274062 10402178
              64       8  633392 1768283  5860307 12902017 9006179 3588436 4897948  4564786 12902017  3363612  2923952 5283570 12902017
              64      16  809014 3363612  3406295 2273779110402178 5283570 5389653  5860307 10821524  3541098  4274062 5735102 20962191
              64      32   74424 1933893  5735102 12902017 9006179 3165299 3541098  4018152  5735102  3057153  3588436 3958892 10821524
              64      64  524487 2892445 10821524 1290201710821524 5389653 4564786  3958892  5860307  4274062  3363612 5389653 12902017
             128       4  771581 2843510  5545860 11470204 3277486 4012317 3785961  2784517  7476717  2784517  1059322 5545860  9977956
             128       8  919605 3759450  6406138 1801235914200794 5325799 5545860  6727225 15881078  4934216  3982553 3759450 14200794
             128      16  947186 3124872  7082197 1801235914586625 5325799 5074121  4934216  9129573  3657016  3277486 5545860 10779307
             128      32  940549 3199360  6114306 1172061412842051 6045455 4934216  5122535  7917784  4444086  3895854 5325799 10567140
             128      64 1065630 4135958  9129573 1801235914200794 6406138 5847904  6727225  8548124  3560017  7082197 6406138 15881078
             128     128 1067750 3124872  4407601  640613810567140 5784891 5122535  6045455  6406138  6114306   831319 6114306 16365173
             256       4  913973 2639446  5687020 12228612 9518507 4332998 5117791  5347168  8534922  4197489  2975955 5455847 10245071
             256       8 1044693 3159869  6073004  584172212090911 3465855 5687020  6891544 11091721  4929815  3078337 5810112 14164395
             256      16  910872 3935921  6554972 14164395 7735574 5428265 5971678  6891544 14953435  4907284  4332998 1970871  4572895
             256      32 1169901 2413957  6936061 1516462414353744 5320671 5347168  6891544 12812277  5320671   451568 5569035 14953435
             256      64 1108314 1894373  7735574 1607260812812277 5569035 5347168  7120034 11207494  5217259  3770085 5320671 14953435
             256     128 1293967 3245838  8534922 1516462413625180 6073004 5841722  6936061  8815202  3654598  3756894 6107548 14164395
             256     256 1158540 3465855 12812277 1362518013454450 5841722 5569035  5810112  2170027  2170027  4132864 5810112 13454450
             512       4  948197 3012719  4732165 11683444 9468384 3877684 5067142  5331314  7647578  3970896  2600470 5509113 11374040
             512       8 1202529 2047551  6246213 1378308811877300 4660280 5509113  6652558 11374040  4650188  3504346 6174377 13438092
             512      16 1184618 3459188  6395018 1378308812499490 5019764 6035551  7115451 10911694  5067142  4000485 6319739 13438092
             512      32  998455 3849877  5439343 1424006913438092 5624545 5278892  7211022  9638369  4927617  3710197 6246213 14240069
             512      64 1227971 3795443  7022379 1503780113872122 5699180 4038098  7334159 13190469  4228947  3437042 6086873 13783088
             512     128 1143004 2099600  5019764 1387212213190469 5278892 4690818  6821616  8701110  4961773  4068701 5278892 13872122
             512     256 1276891 2207515  5951911 1162022411943357 3366987 5398323  5886650  6999490  3556580  4927617 5067142 12215097
             512     512 1218910 3220553  9468384 1242715711943357 4827914 5453155  4871723  2141475  2768068  2681653 1970519  9304292
            1024       4 1014925 2230218  4493556  8750850 8610501 2960401 4339202  4451639  2645000  1659694  3121783 3481072  6874084
            1024       8  751813 3495237  6025439 1314226511773301 4265934 2365323  6874084  8000971  4392454  3579719 5917516 13102174
            1024      16 1223705 3345496  6244448 1347205312313351 4474829 5593820  7160597  7369466  4589593  3001782 4033569 13305116
            1024      32 1255175 3369115  5500686 1298335312944224 4654248 5690162  7356843  6918376  4634161  3579719 4926518 12944224
            1024      64  973516 3229770  5564829 1298335310039528 5536137 4943530  7472033 13863422  3618930  3048658 3908759 12983353
            1024     128 1268896 3999762  5853003 1282823812456195 4099011 5042191  7420395  9655828  4361233  3189002 5071963  8326715
            1024     256 1039740 3210456  5885083 1148983911132462 5042191 4810640  6163794  7826025  3748425  3808251 5042191 11018226
            1024     512 1110727 3271594  7066349 1161411811132462 4854136 4029784  5593820  7160597  4392454   911920 4995276 11132462
            1024    1024 1206178 3403826 10557785 1076957310230845 4614246 5120336  4162573  5336651  5071963  4029784 3821805  9946527
            2048       4  942829 2748949  4633675  8357547 7846081 3165272 4785996  5461535  4432815  3314266  2864451 4911886  8089930
            2048       8 1185177 3034448  4807425  6359119 9567698 3826582 5372719  7237860  8608824  3967993  2972495 5280246 11579763
            2048      16 1342218 3430751  5769681  930849710660056 4321315 3799501  6917293  6303124  4358590  3334853 5376082 10780463
            2048      32  830121 2423929  2348384  1381061 5083385 1314690 4521480  1990343  5362657  4531020  1903457 1170321  2793651
            2048      64  281242  724656  2566606  1375532 4878411 1547790 3056039  7999524  4502520  2687877  1048600 2397544  6503556
            2048     128  814999 3140967  4900677 1232758912805399 5674397 5444228  6167360 13138359  3592903  2998435 5225638 11900619
            2048     256 1426234 4048407  5719737  8253158 9349021 4188565 5345969  6823876 10452512  4412322  4213218 4785996  4162181
            2048     512 1205976 3043048  5006356 1056825011642543 3372826 3871422  6623917  5904523  3777778  3630870 4923146  7213548
            2048    1024 1441069 4056054  7664071 1100137210192069 5080379 5306340  4934459  6359119  4079167  5197183 4338776  4330028
            2048    2048 1123924 2113246  4423683  6690992 5953632 4031308 3764533  2790021  5056455  4023754  2681165 4367454  6189580
            4096       4  828312 2395473  4911613  5794602 5753847 2894765 3346419  5327412  6122971  2792200  3197560 3856480  5165626
            4096       8 1026288 2854365  6114255  7877762 7816828 3637640 3747948  7802627  6793669  3765198  3098371 5851841  6068897
            4096      16 1359510 2996241  4108241  6801738 7473388 3474326 4746074  6321227  5151685  3077282  3519162 5196878  6490793
            4096      32 1085560 3160500  4602401  5244471 6105563 2950952 5360658  7024216  4565707  3276846  3145455 4988629  7024216
            4096      64 1458664 3133979  5869835  7476641 3886139 3141429 5171846  5634950  4751325  3003050  3605576 5980170  7249484
            4096     128 1220178 3110150  4145915  7225093 8847367 3533639 4587653  7892238  5761565  3656998  3143729 5944991  7339297
            4096     256 1467010 3049966  5093643  6041154 6748303 3743865 4618485  6300364 13076415  3555579  3644585 3382659  5784846
            4096     512 1333343 3354915  5284803  5594580 6140479 3737349 5625724  6941906 11539362  4104315  3456849 4712228  4819300
            4096    1024 1157064 3764373  6542703  7185807 6804432 3886139 4158963  5099691  6953144  3410188  3839243 3580776  5211065
            4096    2048 1288831 2500415  5325760  4887857 4612286 3054847 4047268  3781775  3596518  2141112  3634562 4773769  4819300
            4096    4096 1032021 2820623  3689988  3445064 3846119 2308872 4476482  3067940  3650781  2299600  2628979 3937802  3250804
            8192       4  929098 2546522  4100302  4327528 4083733 2364288 3886054  5107124  3517651  2307601  2825913 5288712  5393311
            8192       8 1075092 2637415  6201216  6267959 5633847 3013006 4543853  7570215  4231075  2686074  2938536 6085887  6118398
            8192      16 1132870 2925775  4807705  4850463 4692154 2621318 5872650  6596471  4576535  2954201  3059146 5251529  6049456
            8192      32 1358317 2820809  5979968  4841578 5728718 3613845 6095604  8167655  4530672  3279287  3229054 6090202  5588034
            8192      64 1251820 3341150  4633311  5979968 6758664 3551098 5372229  8281838  5708730  3030545  3276785 5505657  5576245
            8192     128 1269723 2559231  6112956  5139975 5680416 4011735 5834754  8614041  4306915  3414868  3090236 5386547  5988306
            8192     256 1249544 2981113  5389927  5486317 5817959 3986138 4970447  6558696  5104089  2769426  3527764 5050818  4727012
            8192     512 1238420 2857167  5708730  6036702 5822889 3733615 5576245  7117050 10822627  3525230  3022813 5403489  4697286
            8192    1024 1128368 2436548  4139325  4765034 4943274 3499380 4003788  6606618 11145606  3367015  2562475 5117011  4168957
            8192    2048 1069603 2059836  4055296  5062726 4968291 2790342 5075439  3917958  3944043  2119557  2568029 3218769  3552567
            8192    4096 1076608 2692177  3103074  4209820 4295608 2670209 3418945  2425883  3686744  2402979  3345053 3271481  3125372
            8192    8192  950008 2323361  3194826  4213951 4273171 2521296 3380930  2201022  3591558  2052086  1970190 3613465  4218607
           16384       4  922894 2223657  3267562  3872434 3037485 1632880 3718625  5165011  2268882  2592815  2834633 4265427  5186451
           16384       8 1192263 2606386  5115413  4705264 4031459 2501363 4904048  7132419  5584313  3021724  2867277 5352482  5628220
           16384      16 1219948 3421976  4671678  4729877 4226080 2692051 5090027  7262828  5186451  2940901  3462321 5206492  6166607
           16384      32 1374477 2933619  5204520  4199993 5094556 2980571 5455742  7798569  6179917  2919412  3182517 6229778  6350680
           16384      64 1279887 3656301  4247762  5094556 5574347 3318530 5405531  8110592  3172087  2032711  3211219 5536622  5423449
           16384     128 1259618 2948852  4714949  5261503 5350814 3349097 4208481  8184002  5960159  3180160  3048129 4405431  5718614
           16384     256 1232994 3691656  4706553  4765631 5102499 3243656 5021222  6690106  5732926  3159253  3044213 5111989  5645791
           16384     512 1298043 2812705  4845950  5820327 5860033 3679205 4293677  6085782  4832999  3275505  2938386 5322632  5601611
           16384    1024 1137140 3724470  4518400  4941072 5237842 3867857 5239439  7129459 10063176  2569259  1926382 5847567  5929815
           16384    2048 1070083 2021945  5396617  5492370 5300463 2682907 3868728  2645620  4653330  2564848  2441726 3289302  3676842
           16384    4096 1028830 1953545  2915201  3558602 3019467 2504828 4418461  2924132  3522665  2513256  2049504 2867396  3208221
           16384    8192  823068 2136413  4234674  3572662 3726287 2266114 2732949  2471940  3113732  2053362  2445723 2549244  3169745
           16384   16384  855562 2142007  4045461  3533352 3389904 2283205 3546298  1556260  3816305  2163792  2536166 3088403  3479149
           32768      64  732161 3630399  6370344  5341209 5947213 3641268 5675120  7400010  4943881  3228024  3428704 4719613  6474477
           32768     128  908712 3616357  5624490  6291895 5900996 3794370 5247803  8201978  4903314  1965553  3529523 5012579  6086269
           32768     256 1350581 3570695  5699832  4428685 4840796 3604785 4645435  5144095  5416995  3232503  2791613 4488710  4575989
           32768     512 1409748 3018924  5017337  5634174 5990503 3686686 4665779  6634497  6006998  3139609  2926735 5941557  5215344
           32768    1024 1177390 2691197  6074970  6135173 5450291 3838776 5037382  6388704  5153160  2634302  2148866 3818723  5350774
           32768    2048 1125932 1961093  5384103  3162947 4164715 2932043 3812897  2707420  6499277  2049559  2379820 4771058  2912162
           32768    4096 1014955 1759358  4291238  4416162 4320783 2704277 4109425  2478485  3664960  2094601  1825926 2775546  2958169
           32768    8192 1011794 2354543  2961420  4368577 3988847 2555016 2729790  2944922  3990700  2446804  2258955 4217884  3350469
           32768   16384 1044997 1975043  2754960  3585974 4347022 2530553 4269509  2847130  4360399  2287949  2572279 2772243  2585684
           65536      64  906470 2997976  4833374  4090091 3099073 2687666 4536327  7043851  4716520  2905599  3513588 5048280  4830147
           65536     128  975294 1013233  5825930  6092313 5513790 1813851 4275872  8190932  4510054  2712919  3594735 4707070  5982915
           65536     256 1146199 2961797  5761455  5448650 4121243 2471461 5035887  7570349  4909427  2783297  2580266 5803788  5382395
           65536     512 1269609 2963968  5031094  4562833 4885953 3075391 4836946  6358380  5716166  2520432  3061416 5579939  4089057
           65536    1024 1092846 3508744  5686367  3859408 5467290 3564620 5098942  4482328  4675843  2713267  1818627 3510044  6008679
           65536    2048  787672 1825560  2900449  4661491 4542324 2871993 3823760  3824664  5188058  1862079  1405293 5189331  4134509
           65536    4096  737785 2226997  3048616  3821314 3639282 2357508 3528155  2248236  3400573  1302048  1516059 4070829  4030006
           65536    8192  992834 2303147  2688429  2727130 2653727 1844733 2684490  2223215  2773664  1797576  1701389 2823610  3781675
           65536   16384 1127325 2489682  4002193  4171085 3992892 2601463 3920788  2846681  3955088  2314784  2400244 3771402  4129788
          131072      64 1138065 2978643  6059464  6133421 5919576 2856292 5753303  8178723  5076193  2923940  2842219 5940813  6103460
          131072     128 1298168 2649900  6090410  6060532 5970038 3283951 5862135  8470447  5807393  2874392  2914531 5714194  5882647
          131072     256 1289493 3168277  5074225  5290498 5454478 3073565 5501915  6664611  5143538  2789239  2769497 5221358  5387924
          131072     512 1277207 3143656  5354913  5582251 5506048 3173655 5192851  6451033  4386473  2359995  2581330 4896040  5484898
          131072    1024 1264536 2972218  5335942  5538163 5455885 3147832 5388135  6903548  5565242  2458263  2004405 4957542  5593952
          131072    2048 1168085 2375916  2802120  3077660 3034009 1644464 4749846  3368502  4639414  1808961  1554845 3176038  3072191
          131072    4096  994929 1251057  3171879  2976273 3198824 1894326 3890897  2780254  4042060  1800442  1651276 3561544  4028996
          131072    8192 1110741 2286592  2848522  3640892 3842194 2242273 3936082  2785085  3839698  1907001  1778766 4104713  4040189
          131072   16384 1141923 2326370  3884052  3964438 3906074 2315221 2810055  2723170  4028524  2019224  1974869 3964180  3849970
          262144      64  125826  101485  5023748  5955384 5777543   84626 5153925  8437220  5733407   102673    98653 5905865  5902156
          262144     128   76109   77601  5144712  5816912 5523468   59037 4124357  8473502  4847960    77041    76639 1328495  3625176
          262144     256   74380   75776  3961193  4304369 4384702   62993 4552300  6474120  4827166    78067    76781 3943137  4283325
          262144     512   78233   92374  5169166  5684821 5677688  105424 5038020  7072506  5158204   107477   103838 4904006  5473289
          262144    1024  121131   97429  4954522  5496134 5335730  104614 4871199  6540359  3885697    71436    97584 4857834  4590463
          262144    2048   77761   50641  4479176  4701705 4731752  118125 4130399  3557923  4685495   123770   104555 3185846  4962326
          262144    4096  112246   84026  3710670  3933798 3850642   82238 3018075  2615892  3967969   115894   113196 3689254  3913523
          262144    8192  106690   83021  2480098  2722953 2692770  133229 3274638  2440182  3910086   105115    75928  598682  3828159
          262144   16384   82657   81196  2700760  2772422 2911843   96357  756164  2715589  4126307   127950    78651 3644075  4097597
          524288      64   42617   70329  5708459  5951673 5733613   10385 4729450  7065298  5706904    39557    50194 4083405  6097290
          524288     128   72275   58848  5424599  5640418 5554536   24911 5323792  5079176  4996260    44568    34735 5508729  4374382
          524288     256   65038   67457  4111162  4623149 5418598   25432 5159606  7275804  5450266    58124    52377 5431178  5466850
          524288     512   64416   34226  5277552  5737697 5614554   53807 5222095  6940445  5534837    70578    40116 5427639  5589607
          524288    1024   71156   37670  5292464  5469651 5642169   55260 3595326  6645887  5378573    47596    75186 3347730  3546515
          524288    2048   37427   36840  2632123  3800811 3644334   40796 4436835  3287832  4594663    40016    44830 3176228  4828404
          524288    4096   55919   56963  3776853  3985493 3964005   72575 3810981  2681069  3959907    76955    80856 3779716  3874406
          524288    8192   70526   35242  2584481  3396527 2931195   40080 3403914  2682508  3952264    39282    72018 3952711  2617031
          524288   16384   41346   51715  3924929  3724507 3922723   44659 1946357  2153070  3433137    93896    87953 4026970  4132975

iozone test complete.
