	Iozone: Performance Test of File I/O
	        Version $Revision: 3.420 $
		Compiled for 64 bit mode.
		Build: linux-AMD64 

	Contributors:William Norcott, Don Capps, Isom Crawford, Kirby Collins
	             Al Slater, Scott Rhine, Mike Wisner, Ken Goss
	             Steve Landherr, Brad Smith, Mark Kelly, Dr. Alain CYR,
	             Randy Dunlap, Mark Montague, Dan Million, Gavin Brebner,
	             Jean-Marc Zucconi, Jeff Blomberg, Benny Halevy, Dave Boone,
	             Erik Habbinga, Kris Strecker, Walter Wong, Joshua Root,
	             Fabrice Bacchella, Zhenghua Xue, Qin Li, Darren Sawyer,
	             Vangel Bojaxhi, Ben England, Vikentsi Lapa.

	Run began: Sat Oct  5 11:04:49 2013

	Auto Mode
	Command line used: iozone -a
	Output is in Kbytes/sec
	Time Resolution = 0.000001 seconds.
	Processor cache size set to 1024 Kbytes.
	Processor cache line size set to 32 bytes.
	File stride size set to 17 * record size.
                                                            random  random    bkwd   record   stride                                   
              KB  reclen   write rewrite    read    reread    read   write    read  rewrite     read   fwrite frewrite   fread  freread
              64       4  463774 1452528  4897948 1698346310821524 4274062 4274062  5389653  4564786  3541098  1357066 2923952 12902017
              64       8  598110 1452528  6421025 1290201710821524 4643754 5283570  4564786  5860307  3363612  1553394 5860307 12310336
              64      16  866463 1460430  7100397 2273779115972885 5389653 2772930  5860307  4274062  3541098  1690338 5860307 10402178
              64      32  712397 1518251  4274062 1290201712902017 5389653 3203069  5735102  4988978  4018152  1879725 3203069 15972885
              64      64  809014 1690338  5389653 3438968816983463 5860307 2801873  5735102  2923952  5283570  3541098 5283570 15972885
             128       4  780556 1911894  4135958 1284205110779307 4557257 5122535  5784891  5847904  3895854  1939522 5545860 14200794
             128       8 1057236 1579934  4135958 1588107814200794 5603747 5847904  7082197  6406138  3657016  2727923 3657016 11720614
             128      16  859260 1939522  3982553 1172061412542043 5847904 3468030  6406138  4934216  4444086  2202044 6114306 18012359
             128      32  969421 3199360  6114306 1056714014200794 5784891 3036502  5784891  8548124  4267461  4135958 5603747 18012359
             128      64 1032829 2336194  7082197 1077930714200794 5784891 4407601  6406138  6727225  3359523  5847904 5603747 11720614
             128     128 1231904  604036  9977956 1863766410779307 6045455 1111981  5122535  6114306  5325799  3759450 5784891 18012359
             256       4  661250 3285566  5687020  3410808 9114515 3935921 5022044  5117791  8271916  3935921  2754556 4572895 12228612
             256       8 1226004 2350543  5938650 15164624 3879045  903970 4929815  6554972  9434868  1660068  2692393 2754556 14164395
             256      16 1084800 2812272  4496299 1516462413454450 4332998 4070199  3654598 14953435  4929815  3810220 4332998 14164395
             256      32 1231629 2911402  4572895 1516462414353744 5938650 4907284  4197489 12090911  4332998  3994490 5971678 14164395
             256      64 1137672 2911402  7518900 1583556914164395 5938650 5320671  6107548 11569783  4907284  4734192 6073004 13454450
             256     128 1260547 4009406  8024634 1416439513454450 5217259 3009318  4652146  7518900  3935921  3159869 5117791 13454450
             256     256 1142514 2911402 12228612 1281227712228612 5687020 5455847  5810112  5971678  5687020  4572895 5687020 12228612
             512       4 1057974 2548017  5684095 11080601 9304292 4131319 5115422  5509113  6491676  3710197  3325278 5439343  7115451
             512       8 1163439 3762197  5744919 1249949011877300 5019764 5067142  7309196  6035551  4131319  3459188 5624545 13109944
             512      16 1264113 3437042  5684095 1279744111620224 5566231 3762197  5951911 10434519  4742616  4091959 5951911  8992598
             512      32 1309596 4099771  6319739 1343809212215097 6104175 5822804  7309196  8362289  4610256  4000485 5951911 12215097
             512      64 1303238 3742527  6999490 1424006913872122 5951911 3628697  4610256  8265729  4690818  3653390 2055390 13522711
             512     128 1329871 3762197  2327124 1352271112215097 5822804 5760329  7540170 10434519  2285029  4620174 5684095  2725905
             512     256 1002183 2337255  7211022 11434603 9145790 5566231 2750343  6319739  7309196  3963567  5127637 5439343 12215097
             512     512 1300082 3822466 11620224 1279744112499490 5822804 5699180  5886650  5886650  6156675  4485083 2063289 13109944
            1024       4 1158358 2934110  5885083 12348754 9569770 3835457 5200941  5813392  7577494  3908759  2338280 3447541  5200941
            1024       8 1304745 3615883  4317393 12790037 9402175 3725664 5507740  6733974  7420395  4044965  4215688 6244448 13142265
            1024      16 1420384 3722435  6393168 1404475813142265 5751117 5751117  7208671  8391792  4926518  2710090 5690162 13818817
            1024      32 1361836 3849207  6744549 1442204513818817 6280976 5991815  7699755 11645609  5042191  4282950 3937426  4876180
            1024      64 1357961 4130547  6441107 1482016114230902 6609617 5682634  8061038 10796646  5572049  4526709 6128613 13998981
            1024     128 1131503 3140041  6280976 1423090213818817 6441107 6128613  8199542  9855234  5720477  3074849 5024495 14044758
            1024     256 1218843 3709575  6650556  406410312676785 4033569 5175871  3311958  9832672  5018624  4304412 5536137 12944224
            1024     512 1542286 3179559  7883484 1231335111249091 3151562 5277632  3261656  7699755  3866533  4110780 5593820  5917516
            1024    1024 1521524 4215688 12492426 1347205313142265 2086145 5690162  3808251  5821271  4470172  4244853 5660167 10906310
            2048       4 1156456 2956128  5754221  9808036 9525260 3561619 3302797  5689430  5447681  3357009  2720222 4274012  9389900
            2048       8 1094007 3690142  6359119 1136526812118884 2981782 4945823  7065219  6041567  4023754  3757946 3792790 10439809
            2048      16 1386635 3857514  4839929  8830061 9944290 4481379 5953632  7135648  7343043  3786104  2921939 5800851 10660056
            2048      32 1532875 3999400  6563185 11917129 9189005 5800851 6261772  6649556  6479029  4412322  2947000 6280083  7643611
            2048      64 1521741 3043048  4293237  947274011015480 4957240 4960102  7874853  8565901  5209791  4038890 4164199  6303124
            2048     128 1231389 3819776  6382745 1183503313219235 6340344 4864597  7754008 10713237  4818211  2255282 3841986 10339282
            2048     256 1238312 4128177  6207471 1083485412050878 5800851 4531020  7042051 10503637  3555722  3074635 5083385  5916724
            2048     512 1068292 4188565  4785996  5135046 8261095 3871422 5640860  6563185 10192069  3821475  4204968 5735012  9610516
            2048    1024 1006931 2258247  6823876  6401772 8866519 4807425 5433896  6225466  7159438  4257067  4934459 5549749  6503556
            2048    2048  955200 2202092  4581773  6563185 4295384 3106885 4178378  4048407  5225638  3984558  3779440 5293261  6649556
            4096       4 1077053 2371663  4058742  6032669 5535098 3065750 4649735  5944991  4334185  2998333  2983234 3781775  5107271
            4096       8 1220524 2813233  4348447  5988509 6790983 3686820 5101205  7512605  4977067  3425146  2470570 5953231  5007531
            4096      16 1148325 3942321  4941279  5424983 6389405 3396704 5944991  7969117  5145513  4321103  3273724 5589120  7582234
            4096      32 1246832 3564431  6361016  6449370 8093001 4490523 4847858  6439700  7158858  4188367  3447830 5580043  7555557
            4096      64 1245296  926497  5482110  5751920 9062041 3757786 4571782  6941906  7380284  4628439  3775126 5696610  6270469
            4096     128 1308164 3234889  4934183  4971306 6032669 3368730 5902100  8409937  4324366  2914902  3225172 5565581  5894001
            4096     256 1336351 2412291  4882301  6330545 7969117 4830139 5469892  7447471 10166771  4205798  3027393 3867766  4470657
            4096     512 1164673 3376675  4917236  6930704 5454263 3528559 4922872  7087972 11633127  3835814  2577699 5657217  5885924
            4096    1024 1135273 3165159  6532752  6565206 6886255 3621537 4623457  5319164  9287391  3005151  2360908 5089116  5706070
            4096    2048 1129897 3247731  3679713  6022095 5454263 3683658 4988629  3057021  3923414  2500779  3673419 3456849  3160500
            4096    4096 1040144 2192762  4342950  2341919 3382659 2073910 4545172  2784507  3451293  2540722  3018351 4395170  4546375
            8192       4 1041052 2974661  4199016  4471708 4057211 2175244 3490493  4551075  3808521  2342527  2671039 4508675  5041185
            8192       8 1209687 2681462  5315713  4853203 4224832 2519817 5911041  7809376  6072979  3596068  2977755 5198297  4454894
            8192      16 1268879 3578839  5022761  6389174 5838720 3441891 5512724  7211152  5136133  2980079  3608531 5072442  5011041
            8192      32 1317888 2956234  5966469  4548063 5665431 3583691 5288712  7985426  5465373  3198990  3607395 5618186  5299316
            8192      64 1266961 3475663  4816466  4864885 5368033 3681608 4313945  7906413  5781736  3561773  3308654 5247519  4735482
            8192     128 1306562 2981113  5747884  5940679 5657967 3619936 5685116  7735533  6177802  3568061  2901807 5482815  4776295
            8192     256 1411436 3125372  5315713  4493345 4568624 3258451 4952536  6906749  4911476  2891550  2913124 4715983  4893987
            8192     512 1210582 2735254  4364357  4578974 4855947 3502591 5688881  6527546 12320592  3442236  2953185 4688953  4496285
            8192    1024 1159203 3019626  5801260  4903066 5038228 2726139 3610427  1322352  8334066  2137756  2679580 4226911  4188268
            8192    2048 1085622 2969006  3206154  5357988 4922735 3053166 4779617  4284360  5979968  1924828  2403820 3111222  3393619
            8192    4096 1267708 1978699  3826334  4137332 3783776 2782434 2694711  2386953  4203126  2571296  2831502 2890577  3339526
            8192    8192 1048358 2667514  3693481  3797576 3730372 1615119 3202568  2432925  3541581  2354083  2646965 3130212  4433053
           16384       4 1175318 2880014  4469325  5030411 4016849 2223369 4576476  5357489  4142521  2364923  2691629 5100606  5479669
           16384       8 1322245 2803983  4642641  5329650 4706876 2425438 4856223  7331011  4073519  2672681  3130327 6140708  6131394
           16384      16 1252980 2737958  6210635  6241661 5864034 3124918 5938013  6577407  5454010  3294664  3094941 5657411  6127020
           16384      32 1303608 3567840  5155324  5319748 5454010 3167262 4288051  8337915  6194400  3373429  3722856 5948808  5983512
           16384      64 1308398 3158673  5859534  4634813 4359873 3247642 6184922  7567552  6357730  3522665  3247028 4612724  4825871
           16384     128 1516490 3281449  5820327  4554938 4454549 3328012 6108503  8729823  6187150  2995251  3213171 5653687  6168268
           16384     256 1393542 3048805  5900285  5326345 5938526 3934740 5149144  6936592  5281723  2753205  3728714 5077241  5093045
           16384     512 1533957 2903990  4485076  6077171 5699169 3017346 5851550  7382994  4978660  3442030  3659611 5885126  4810332
           16384    1024 1476415 2188322  5607095  3842338 3571177 3169015 5839120  7207979  8609515  2230948  2763724 5791387  5923681
           16384    2048 1062867 1937298  5311114  5492370 3733981 2545278 3714404  2746712  3006258  1705248  2438088 2720722  3217082
           16384    4096 1079174 2631135  4465549  4463229 4168908 2209856 3728714  3082585  4291264  1910211  1792753 2726551  3067586
           16384    8192 1128309 1996799  3721847  1402014 2736976 2245308 4379601  2938763  3481440  2256811  2989128 4256708  4415055
           16384   16384  992728 2699666  2749020  3456574 4160327 2544524 3158092  2713953  3132182  2222506  2196225 4397256  4444753
           32768      64  773542 3009009  5937194  5496061 5219503 3254009 6320832  8754739  6216761  3481070  3304869 6126148  6139558
           32768     128 1448314 2990351  4756528  5427906 5113663 3102122 6156057  7998167  5524116  2997983  3482570 5938476  6310095
           32768     256 1322306 2989505  5915982  5107203 5899729 3870450 5231224  4152634  5297154  3059242  3617594 4991281  5565275
           32768     512 1238213 2868402  4603578  4477742 5312511 3900437 5049040  7433630  5208032  2800715  3467457 5645746  5912673
           32768    1024  711404 2241602  3834813  4230868 4150503 2925739 2792861  7083457  5947985  2096870  3342971 5794514  6000441
           32768    2048 1219275 2693201  5136214  3629536 3333485 2311537 3317233  1767503  3042852  1682840  1771421 4487537  5180744
           32768    4096 1239620 2738001  2849668  3055570 3156555 2396210 2978621  2650048  2810508  1985342  2216728 3460560  3562827
           32768    8192 1204307 2306146  2843477  2910620 3164112 2453049 2813903  2182790  4066024  1843190  2325107 3500843  3404161
           32768   16384 1028697 2055567  2901342  3671912 3967544 2608107 3020914  2609543  2769449  2002554  3091864 3591034  3996037
           65536      64  874522 1446262  5363387  5041614 5139652 3258746 2752004  5470881  4550220  2868486  3292431 6041829  5444549
           65536     128 1348757 3720055  4629849  5350754 3971144 3446148 4955004  3777310  3722826  2300641  3526435 4619811  5417508
           65536     256 1385481 3740608  4492804  5045130 4995527 3522278 5684368  6995807  4765583  2684045  3275639 5115263  5701228
           65536     512 1373196 3865976  5533770  4608040 4837287 3340932 4263867  5902492  4413808  2556889  3551540 4364401  5119169
           65536    1024 1238000 2850253  3516825  3745552 3403605 2053061 5432820  3411165  4880921  1754135  3156548 3338254  3659193
           65536    2048 1035291 2195583  2686904  3260022 3448526 2628478 2702968  2117135  4447588  2107009  1592103 3054307  3926894
           65536    4096 1158083 2487970  4052166  3236530 3848924 2463288 2604865  2053767  4244313  1530749  1586516 2959405  2849278
           65536    8192 1294183 2316071  4195917  3068422 3394442 2538870 3910247  2067966  2689112  1661327  1673240 3953666  3018420
           65536   16384 1153902 2260010  4183273  4271088 4149926 2610183 4071854  2902930  3933018  2475021  2463487 3995852  4170516
          131072      64 1248946 3088692  6136913  6399965 5866076 3098336 5625377  8590363  5882395  2899696  2730718 5073429  6024602
          131072     128 1307999 3103969  5693128  5734400 5484406 3222903 5743266  8452475  6003942  3033942  2714269 5394109  5923084
          131072     256 1288504 3262843  5504890  5575175 5166790 3101867 5314330  7401845  5436892  2784450  2748713 5318391  5427392
          131072     512 1331989 2196538  5563327  5694543 5336357 3140047 5302234  5866639  5125985  2275405  2020434 4747098  4307458
          131072    1024 1295525 3049323  5416644  5398347 5645770 3190563 5118206  6954549  5576589  2586674  2387431 5541457  5289836
          131072    2048 1169074 2506160  4379868  5052308 4916795 2529860 1975259  3857561  4744886  1922923  1839141 4514602  5052865
          131072    4096 1186140 2270744  3991581  4002567 4022952 2296929 3984811  2795849  4145102  1768569  1860502 4030650  4004870
          131072    8192 1154290 1481842  3839028  4049921 3869508 2246727 2710455  2731355  3260404  1710988  1778892 4139079  4004024
          131072   16384 1013149  988931  4011504  4086042 3953547 1835585 3524870  2366008  3898153  2050403  2095578 4014345  4105878
          262144      64  120821   95950  5713683  5971685 5768631   79973 5394580  8421775  5983254   111286   109610 5351285  6010960
          262144     128  107950  108050  5458724  5763158 5657937   80848 5256123  8147137  5978602    98844    99660 5148543  5654911
          262144     256  111816  108857  5165499  5458020 5550123   90508 4929378  7298024  5256123   118082   107581 5385280  5549562
          262144     512  109229  109104  5075274  5339513 5470702  105655 3344605  6745519  5410162   107499   120096 5108214  5515793
          262144    1024   87418   90853  4596432  5541451 5459049  111451 5032716  6833942  5443078    97869   114477  176212  5613481
          262144    2048   80724   88095  4061092  4672056 4659583   90770 4234415  3484939  2810017   116529    97953 4327034  4762536
          262144    4096   79708   95023  3767517  3925904 3919900  103026 2547366  2414520  3759466    77284    85472 2501517  2699679
          262144    8192   74593   64494  3829999  3924251 3788430  112868 3740155  2828945  3378540    88297    80439 2142116  4068290
          262144   16384   78184  101686  3880622  3968083 3868770   97299 3120945  2730947  3738668    53033   141507 3900197  3994450
          524288      64   45384   71016  5903674  6291933 5769718   11707 5305911  8018234  5725612    41408    39804 5809471  6117492
          524288     128   69556   47466  5580911  5861642 5655330   15934 3308479  8150483  5452414    39122    72442 5431969  5794210
          524288     256   69606   42154  5258345  5116294 5487915   20222 3402460  6681122  5424559    38029    47429 2213259  3929544
          524288     512   37339   70720  5411158  5616848 5551073   22151 5214714  6159111  5365371    42659    61314 4557676  5546550
          524288    1024   76100   40119  5322774  5545445 5411277   45949 5126253  6751417  5496488    39823    39206 5421523  5714809
          524288    2048   56996   68685  4337188  4671886 4561013   52403 2592097  2608476  4490159    38892    74196 3526778  4714272
          524288    4096   34639   68721  3929165  4010468 3953166   35206 3834980  2539391  4074288    75953    49419 3927424  3878362
          524288    8192   75304   35629  3999483  4050901 3995305   39395 3759850   634782  3838548    74237    71739 1396804  3352226
          524288   16384   44283   52384  2509501  3026578 4098909   86925 3984013  2875379  4145355    90054    86534 3468158  4036246

iozone test complete.
