	Iozone: Performance Test of File I/O
	        Version $Revision: 3.420 $
		Compiled for 64 bit mode.
		Build: linux-AMD64 

	Contributors:William Norcott, Don Capps, Isom Crawford, Kirby Collins
	             Al Slater, Scott Rhine, Mike Wisner, Ken Goss
	             Steve Landherr, Brad Smith, Mark Kelly, Dr. Alain CYR,
	             Randy Dunlap, Mark Montague, Dan Million, Gavin Brebner,
	             Jean-Marc Zucconi, Jeff Blomberg, Benny Halevy, Dave Boone,
	             Erik Habbinga, Kris Strecker, Walter Wong, Joshua Root,
	             Fabrice Bacchella, Zhenghua Xue, Qin Li, Darren Sawyer,
	             Vangel Bojaxhi, Ben England, Vikentsi Lapa.

	Run began: Sun Oct 27 06:49:06 2013

	Auto Mode
	Command line used: iozone -a
	Output is in Kbytes/sec
	Time Resolution = 0.000001 seconds.
	Processor cache size set to 1024 Kbytes.
	Processor cache line size set to 32 bytes.
	File stride size set to 17 * record size.
                                                            random  random    bkwd   record   stride                                   
              KB  reclen   write rewrite    read    reread    read   write    read  rewrite     read   fwrite frewrite   fread  freread
              64       4  760859 2467108  8182586 15972885 9318832 4018152 7940539  4897948 10402178  3588436  3203069 7940539 12902017
              64       8  863676  571375 12902017 1597288512902017 489794810821524  4274062 15972885  4643754  354109812902017 15972885
              64      16  621657 2801873 12902017 2096219115972885 538965310402178  5860307 12902017  4564786  379115612902017 16983463
              64      32  913649 2358717 12902017 2096219115972885 528357010402178  5860307 12902017  5283570  489794810402178 20962191
              64      64  955947 2379626 15972885 2096219115972885  29375510821524  5860307 12310336  5283570  401815215972885 20962191
             128       4  962469 3657016  8548124 1284205110779307 4267461 8548124  5122535  8548124  3445772  3657016 8036304 12842051
             128       8  955616 2727923 11720614 1636517312542043 5325799 4135958  6812590 15881078  4759253  455725711720614 14200794
             128      16  976473 2166499 12842051 1801235914200794 5603747 6727225  6727225 16365173  5122535  512253511720614 15881078
             128      32  976473 1114289 12842051 1588107814200794 584790411720614  6727225 14200794  5325799  584790412842051 15881078
             128      64 1185654 4934216 12842051 1801235914200794 386778711470204  6406138 14200794  4444086  747671712842051 14200794
             128     128 1102844 3657016 12842051 1588107814200794 584790411720614  5847904 12842051  5545860  554586012842051 15881078
             256       4  870974 3756894 10651598 11569783 9434868 4197489 5687020  5569035  9192546  3879045  381022010651598 11091721
             256       8 1070737 4496299 11695808  731403312228612 502204411091721  6107548 11207494  4496299  449629912228612 13454450
             256      16 1219045 4652146 12228612 1416439512812277 545584711207494  6719046 15164624  4840911  481918412090911 13454450
             256      32 1178892 4840911 12228612 1416439513454450 584172211569783  6936061 15164624  5242734  532067112090911 13454450
             256      64 1280084 4929815 13454450 1516462413454450 607300412228612  7120034 15164624  1755037  607300413454450 13454450
             256     128 1058076 3950402 12812277 1416439512228612 593865011091721  6398720 13454450  3236056  827191612228612 12812277
             256     256 1248819 4907284 12228612 1281227712090911 1897721 1826695  5687020 12090911  5841722  581011212228612 12812277
             512       4  823167 3580298 11374040 11620224 9344779 4068701 9638369  5509113  9304292  3877684  373601610911694 11138071
             512       8 1216149 4340054 13438092 1387212211943357 2678309 3684733  6909408 11620224  4690818  281524312499490 13522711
             512      16 1323315 4532414 12797441 1343809212797441 272244910235583  7022379 10911694  2587935  258482012797441 13522711
             512      32  776721 4457157  3941742  315896611943357 556623112499490  7211022 15037801  3762197  506714213190469 13872122
             512      64 1383861 4916336 13522711 1462806713438092 2891043 3822466  7647578 15583417  2695115  522749213522711 14240069
             512     128 1402845 5115422 13190469  391301212797441 610417512499490  7435738 15037801  5384786  608687313109944 13522711
             512     256 1125630 4916336 11877300  393452011877300 603555111620224  6319739 12499490  4690818  798898112215097 12215097
             512     512 1127995 5019764 11138071 1279744112499490 6018636 3822466  5951911 12215097  5886650  2875558 3822466 12499490
            1024       4  984450 2835325  5536137 11018226 9381637 3012308 5120336  5536137  9569770  2985091  2443368 5507740 11132462
            1024       8 1204487 4614246 13264026 1381881712208350 484865612208350  6280976 11903823  4379019  472075212828238 13643232
            1024      16 1349004 4995276 12037272 13818817 5417427 519465112037272  6355328 12639479  4356809  485413612639479 13472053
            1024      32 1378002 5200941 10557785 1381881713305116 628097612492426  7755368 13102174  5417427  482685913305116  9402175
            1024      64 1400926 5424269 12037272 1442204513643232 631793312492426  6787181 16280798  5572049  552901110796646 14044758
            1024     128 1422266 3618930 12790037  609383113102174 647997912037272  4215688 14820161  3808251  4700088 8680108 10255274
            1024     256 1281771 5018624 11773301 12639479 5917516 568263411018226  4162573  5690162  5390231  582127110906310 12313351
            1024     512 1270397 4079544  6355328 10255274 6093831 5200941 5042191  4029784 10878686  4700088  424905310134284 12348754
            1024    1024 1159922 3271594 11903823  572047712639479 3778101 9320560  3722435  2767722  5593820  3606774 8988941  5789881
            2048       4 1135813 3459769  9179186 10401883 9268323 3743207 7789164  5209791  8600205  3612546  3657149 8793903  9887060
            2048       8 1140942 4096676 10439809  860882412033995 4031308 6990474  5056455  7582884  3850597  367121710452512 13038646
            2048      16 1176895 3821475 10660056  829299812416686 443281510555264  5564129  7817519  4104506  453102010660056 12805399
            2048      32 1122308 4552633  7286980 13467949 8431376 457201811202231  5670651 12882215  4162181  4633675 9708272 13301113
            2048      64 1189938 3771144  8866519 1198363013552946 554974910452512  7311791 11260973  5009275  4983122 9610516 13467949
            2048     128 1438174 3525079  9525260  85318691297954110452512 6967792  5611381 15399510  4063729  4312636 7846081 12561952
            2048     256 1242072 3764533  8830061 1203399511706006 7846081 8565901  5083385  7911115  3826582  3555722 7556202 11305435
            2048     512 1241175 4293237  9228493 11187641 7562855 4453499 7112016  4842658  7529708  3777778  3744839 7419150  9140117
            2048    1024 1342008 3812993  9024882 10401883 7754008 4730646 6041567  5197183  9990553  4338776  5018054 5238385  6464402
            2048    2048 1168252 2329912  5172149  5376082 5974336 3709263 5447681  3744839 15399510  2335614  3097921 4460436  3999400
            4096       4 1050512 2309182  3325046  5963564 6131713 2410937 4664886  4505833  5231694  1961663  2526895 4244242  5818150
            4096       8 1101357 2700046  5549401  4692920 7099689 2436582 5278308  4124020  5454263  2331431  2930315 4958393  6575257
            4096      16 1234469 2888923  5125556  6703539 5424983 3007255 4701910  5107271  6769576  3230631  2778652 5711761  6628532
            4096      32 1203256 3038638  5728903  6669706 6693092 3477139 5618365  6908408  7756829  3771811  3340563 5596402  5649775
            4096      64 1274016 2750624  4703198  5721272 4367238 3394019 4452120  6349261  5728903  3792628  3136268 4757904  6618318
            4096     128 1262686 2892815  4325455  6281934 5611025 4196552 5549401  7073381  6861502  3637640  2617364 5369035  6672297
            4096     256 1246923 2347038  4869845  5706070 5145513 3483484 5196878  5454263 12523544  3660895  2190525 5271829  5704175
            4096     512 1452498 2908979  5454263  4882301 5744227 3571100 5244471  5971855  8944095  3376675  3187474 4230655  5312585
            4096    1024 1192814 2467377  4964124  4566920 5867831 3491981 4389555  5963564  8962759  3605576  3012001 4995882  4686519
            4096    2048 1302807 2367741  4785737  4342950 3979764 3128843 4395170  3162828  4893426  2370354  4576653 2929815  4423462
            4096    4096 1050255 2113715  3537277  3034344 4581535 2286744 3703511  2487022  3693161  2393804  2217671 3506950  3919833
            8192       4 1119253 2366893  4922735  5776876 4662231 2160880 4513413  5285458  4985593  2201022  2887662 4884942  4442798
            8192       8 1063347 2671870  4343393  5760412 6395120 2768534 4782278  6798785  4339005  2966955  2920304 5672914  5631077
            8192      16 1452977 3144536  3988451  5708730 5716328 3064603 4095903  8022717  5872650  3409108  2934020 4715983  5032325
            8192      32 1194008 3563251  5123879  5830794 5911041 3418945 4143818  6370221  4037189  2931016  3015121 5637544  5793435
            8192      64 1083465 3607395  5047109  6848927 5736369 3844314 5142283  7474698  4528283  3404716  3375284 5721087  5776876
            8192     128 1184826 3563251  5194368  4982701 4770989 3543042 4173008  8714540  5465373  3070628  4037189 5120061  6611703
            8192     256 1296652 3558822  4341197  4776959 3967268 3315359 5201445  6821731  7092077  3449493  2613741 4956108  6511465
            8192     512 1204852 3386261  4646469  3925568 3865941 3123099 4566802  4807033 11836733  2981113  2756319 4911476  4914286
            8192    1024 1127443 3054523  5475825  5579867 5123115 4003788 4638941  6414221  5347980  2826843  2649414 4887722  5123879
            8192    2048 1061278 2717945  3954028  4145818 5323125 2427940 4425630  3763056  5126172  2837582  2844394 4807705  4093951
            8192    4096 1251866 1911337  2485368  3410461 4090052 1814825 3829746  2127695  3588182  1940372  3175046 3783776  2710869
            8192    8192 1095068 2285802  4844308  3558822 3437415 2211648 3356162  1866889  4218607  1895416  1906035 3902827  3027341
           16384       4 1042708 2587933  5131073  5333373 4411370 2302483 4957469  5128010  4691772  1979942  2159237 5113510  5273212
           16384       8 1089284 2826821  5736755  4562499 4864818 2310224 4276576  6294257  6201667  2555690  3066491 5537068  5149144
           16384      16 1118903 2461933  6122653  6052550 4572821 3304487 5081746  7034583  4723051  3063074  2876398 5221128  4817414
           16384      32 1251930 3344370  4873097  5259490 4253546 3600931 5160357  6829736  5734361  2535885  3070464 5843092  4443604
           16384      64 1237546 3121370  3069230  5455742 4996760 3491877 4917383  6875519  4674538  3159253  3172087 5401707  5283347
           16384     128 1236922 3235409  5088143  4798911 4824516 3169599 4936458  6601417  4666285  3147100  3182517 5457475  5505571
           16384     256 1296427 3012848  4841511  5278477 4498582 3755202 5593859  6801345  4823162  2813742  3190644 5263115  5178244
           16384     512 1338001 3401987  5088520  4775234 5247842 3080788 4400917  5624535  5470509  2422958  3593775 4714626  4813364
           16384    1024 1120435 2848380  5263115  5776782 4404302 3512043 4530912  5808029 10700958  1867336  2529538 4120661  4840147
           16384    2048 1195021 2649394  3457965  5004402 3925300 2977859 4234674  2990298  4317145  1894988  1818417 3690863  3318690
           16384    4096 1108739 2090084  3523388  3246261 3516716 1999239 3869600  2279721  3960364  1957719  1992919 3574335  3454488
           16384    8192 1185947 1807370  3386562  3651444 3100666 2081852 4018728  2488050  3035740  2396427  2524891 3602441  3823525
           16384   16384 1051805 1871863  3175164  3588333 3369129 2399606 3159834  2599878  3074998  2534669  2073936 3183844  3420444
           32768      64 1047570 3394241  5797691  5231224 6039996 2750384 4973040  8458403  5435849  2651582  3294649 4387823  5562347
           32768     128 1242478 2836611  4536117  5074018 5536132 3326385 4027066  6683211  4079662  2622690  2934046 5237005  4664512
           32768     256 1230079 3017002  4754389  4929695 4315085 2977266 4947619  6458049  5062244  2601443  3093604 5432411  5097731
           32768     512 1225658 3191593  4683906  5068404 4265534 2899567 4839432  4952789  4681034  2467848  2816325 3981567  3537153
           32768    1024 1265181 3213157  4770396  5741741 4353355 3059242 4650465  6965704  5020269  2382956  2182374 4911374  4833136
           32768    2048 1122575 2341227  4044010  3741076 4314950 1903117 3844682  2982175  4203179  1308309  1818341 3414733  3985955
           32768    4096  826616 1934348  3532880  2912162 3445292 2221709 3669363  2554636  3276115  1826338  1817018 3797830  3605258
           32768    8192 1072394 2047849  3403402  3376065 3314273 2135544 3550586  2348990  3728694  1933913  2153074 3608381  3773431
           32768   16384 1036994 2037436  3585506  3409397 3420087 2105511 3762069  2465237  3769912  2121993  3156555 3570324  3348510
           65536      64 1178722 3019116  4973562  4790916 4937559 2818774 5235689  6452259  4645341  2598143  3286016 4211345  5049022
           65536     128 1310697 2767576  4675127  5024289 5353359 2873254 5453514  6253506  4303048  2465055  2776718 5003529  4817027
           65536     256 1186476 2851377  4297733  5135235 4406096 2860695 5220673  5278824  4572321  2517916  2653394 4469210  4524381
           65536     512 1225777 2910121  5267797  5136867 4773527 3053866 5252497  6017492  4678788  2629660  3056277 4514127  5057197
           65536    1024 1170032 2916327  4417923  4284536 4415297 2998794 4557462  6057407  4651237  2210610  2614428 4512867  4514424
           65536    2048 1037029 2343498  2263845  3298595 2686327 1794033 4258120  3037734  3991210  1693298  2015000 3906524  4263338
           65536    4096 1058811 1976475  3394065  3291761 3405713 2164106 3746420  2446298  3488351  1653651  1756051 3328875  3540561
           65536    8192 1061260 2121531  3353445  3297091 3303550 2206528 3547461  2699279  3399858  1725819  1812141 3630390  3419908
           65536   16384 1120583 1999391  3587463  3505165 3636249 2170926 3394777  2297814  3274507  2105105  2107817 3259364  3190956
          131072      64  596918 2536665  5305918  5167810 4897654 2490684 4739363  7567723  5224732  2532493  2439956 4845721  5234931
          131072     128 1227013 2457439  5175399  5083656 3955225 2561151 4576043  7478774  5186434  2602495  2663302 5290701  5517653
          131072     256 1157183 2683151  5130386  5251935 4815078 3206249 4727910  5776335  5127037  2368567  2542166 4843415  4604173
          131072     512 1236493 2526244  5128232  4884208 4870750 2273975 4945367  5381911  4420793  2194083  2477038 5148403  5022719
          131072    1024 1209541 2789112  5011182  5015159 4281293 2571851 5035786  5534873  4547465  2023744  1884436 4287470  4091394
          131072    2048 1016786 1999942  4242080  3780448 4316827 2054740 3720906  3117505  4168138  1759777  1817868 4309180  4022717
          131072    4096  993910 1817592  3586990  3426896 3478260 2017979 3569198  2603579  3622467  1450295  1549350 2707705  3286916
          131072    8192  964161 1806269  3635739  3461572 3776656 2156042 3305235  2493813  3290713  1689706  1705892 3751759  3638771
          131072   16384 1069922 1734104  3342472  3313822 3333817 2056739 3404107  2411232  3299383  1711191  1736881 3075285  3544483
          262144      64  138577  108359  5129711  4393445 5096707  105601 5144231  7649159  5269650   126744   149811 5278555  5183764
          262144     128  147417  137957  5251478  5423371 4957448  116973 4483012  6611265  4667970   150770   143118 5125096  5137957
          262144     256  155053  138530  4554978  4942762 4751381  141944 4952647  6604950  4760804   145740   149437 4480162  4493142
          262144     512  153227  132576  4950774  5247594 5249397  148685 4941096  5457017  4538976   158428   147692 4968043  4932805
          262144    1024  147329  131797  4428553  4478483 4458380  156032 4477717  5670309  4415287   151972   147819 4617491  4870293
          262144    2048  157593  136566  3770941  3300778 3687596  158278 3740754  3144419  3835262   158640   150735 3802172  3674938
          262144    4096  152821  139524  3633934  3306972 3358243  136642 3456900  2445213  3303683   137535   147866 3296740  3402914
          262144    8192  153245  134538  3431793  3308475 3301848  162085 3561646  2489707  3479480   172654   146159 2918126  3056391
          262144   16384  150641  137392  3232072  3292810 3215342  154858 3682520  2474806  3547431   155300   176677 3792363  3678996
          524288      64   64145   75830  5515624  5592408 5045832   31043 5102310  7168667  5399969    80388    83846 5090569  5427639
          524288     128   82550   74729  5086083  4764175 4706946   44203 4843526  5097059  4415578    78926    82335 4971950  5010741
          524288     256   80037   76273  4898836  4694135 4815061   52472 4780726  6372691  4932383    82244    82538 4640456  4763009
          524288     512   83392   71927  4915096  4707661 4590155   63878 4497975  6123932  4905338    84600    82710 4581414  4962548
          524288    1024   83770   77799  4342361  4567929 4782649   56366 4884451  6180906  4955324    83924    78794 4491883  4802358
          524288    2048   83177   76843  4103912  4274880 4301463   69127 4004552  2653508  3628069    80435    79627 4035780  4019962
          524288    4096   78020   76278  3349887  3449671 3279814   80431 3517976  2343071  3316282    83391    81429 2993812  3349592
          524288    8192   77252   73471  3367488  3244058 3420396   79540 3413419  2332137  2992956    81900    74625 3661409  3688065
          524288   16384   83107   75223  3426963  3363903 3314143   78108 3401260  2651266  3700951    87186    86614 3532154  3352395

iozone test complete.
