	Iozone: Performance Test of File I/O
	        Version $Revision: 3.420 $
		Compiled for 64 bit mode.
		Build: linux-AMD64 

	Contributors:William Norcott, Don Capps, Isom Crawford, Kirby Collins
	             Al Slater, Scott Rhine, Mike Wisner, Ken Goss
	             Steve Landherr, Brad Smith, Mark Kelly, Dr. Alain CYR,
	             Randy Dunlap, Mark Montague, Dan Million, Gavin Brebner,
	             Jean-Marc Zucconi, Jeff Blomberg, Benny Halevy, Dave Boone,
	             Erik Habbinga, Kris Strecker, Walter Wong, Joshua Root,
	             Fabrice Bacchella, Zhenghua Xue, Qin Li, Darren Sawyer,
	             Vangel Bojaxhi, Ben England, Vikentsi Lapa.

	Run began: Sun Oct 27 06:49:05 2013

	Auto Mode
	Command line used: iozone -a
	Output is in Kbytes/sec
	Time Resolution = 0.000001 seconds.
	Processor cache size set to 1024 Kbytes.
	Processor cache line size set to 32 bytes.
	File stride size set to 17 * record size.
                                                            random  random    bkwd   record   stride                                   
              KB  reclen   write rewrite    read    reread    read   write    read  rewrite     read   fwrite frewrite   fread  freread
              64       4  789967 2467108  9318832 1597288510821524 4274062 7940539  5389653 12902017  3588436  2662899 8182586 12902017
              64       8  831569 2662899 10821524 2273779112310336 4897948 6421025  6271021 15972885  4564786  373835810821524 20962191
              64      16  955947 2467108 12902017 2096219115972885 5389653 6421025  5860307 15972885  4564786  395889212902017 15972885
              64      32  901377 2772930 12902017 1597288515972885 586030710821524  6421025  8182586  4274062  538965312902017 20962191
              64      64 1017549 2923952 12902017 2096219115972885 586030710402178  5860307 12902017  5860307  427406212902017 22737791
             128       4 1000121 3759450 10779307 14200794 9977956 4267461 7082197  5325799  8548124  4104338  319936010567140 12542043
             128       8  955616 2969325 11720614 1588107811720614 5325799 4889281  6406138 18012359  4759253  475925311470204 14200794
             128      16  978253 3759450 11470204 1588107812842051 5784891 9795896  6727225 14200794  5122535  455725711720614 15881078
             128      32 1007629 3277486 11720614 1636517314200794 611430610567140  6727225 14200794  5545860  604545511470204 16365173
             128      64 1015251 3759450 14200794 1863766414200794 6114306 8548124  6727225 14200794  4444086  747671712542043 15881078
             128     128 1217930 4934216 12842051  129427012542043 584790410779307  6045455 12842051  6114306  578489112842051 15881078
             256       4 1093639 3879045 10651598 12228612 9868433 4422226 9192546  5687020  8024634  4117018  162983010245071 11695808
             256       8 1148625 4404088 10245071 1435374411695808 521725911091721  4840911 10651598  4840911  433299812228612 12661199
             256      16 1163562 4907284 10651598 13454450 9778562 568702011091721  7314033 17096249  5242734  521725912812277 13454450
             256      32 1292410 5217259 12228612 1435374412812277 624974511695808  7518900 14164395  5428265  556903512228612 13454450
             256      64 1260547 5217259  7518900 1416439512812277 639872012090911  6554972 14953435  5810112  457289512812277 13454450
             256     128 1185399 5217259  7314033 1345445012812277 639872011695808  4404088 13454450  4755158  853492212812277 11207494
             256     256 1325925 5022044 11569783 1281227712090911 581011211091721  5971678 12090911  5841722  542826512228612 12812277
             512       4 1084694 3437042  4973263 11374040 8992598 3580298 8808176  5344582  8844453  3941742  381567510235583 10641343
             512       8 1040545 2391924 11374040 1414626511877300 522749210911694  3196584 11620224  4916336  470108712797441 13109944
             512      16  778128 4580754 11877300 1387212212499490 588665012215097  4532414 11877300  2007358  218727912499490 12215097
             512      32 1373241 4742616 13190469 1387212213190469 171277212215097  7540170 13872122  5439343  534458213109944 13872122
             512      64 1387437 4961773 13438092 1424006913522711 2926501 3795443  7758090 16049269  2722449  527889213522711 13872122
             512     128 1422357 5278892 12797441 13438092 3913012 596845312146009  7410080 11877300  5624545  624621312499490 13109944
             512     256 1182010 4927617 11620224  373601611943357 603555111374040  6491676 11620224  2560168  798898111374040 12146009
             512     512 1140576 2597325 11138071 1249949011877300 287555810044089  5951911 11877300  2782414  527889211877300 12499490
            1024       4 1012055 2837198  5536137 11249091 9381637 2995501 3659010  5660167  9402175  2976816  2926114 5363307 11018226
            1024       8 1098511 4654248 12639479 1364323211903823 463416110990032  7066349 11773301  4854136  482685912348754  6199382
            1024      16 1121751 4898425 12208350 13818817 5950309 556482911903823  7269678 12492426  5144870  509603412492426 13305116
            1024      32 1245710 5120336 12790037 1381881713102174 397018311368190  7811791 12828238  5363307  539023112639479 13643232
            1024      64 1299219 5114239 13142265 1418390513472053 409510211741116  7869040 16280798  5444898  563048612828238  6137371
            1024     128 1200447 5200941 12456195 1347205313142265 556482911903823  7811791 14618393  4356809  485413612208350 10662628
            1024     256 1422266 4920874 11489839 1245619510255274 5853003 9064828  6776473 12790037  5383475  588508311132462 12348754
            1024     512 1065535 2612819 11132462 1249242611018226 582127110329265  6059442 11903823  3335105  6918376 5330028 12208350
            1024    1024 1189476 3304314  5917516 12790037 5885083 5789881 9677584  6016997 10354166  2659742  568263410230845 10878686
            2048       4 1219848 3225896  5553337  9796850 9359208 3185225 6303124  4923146  8229438  3637020  3600433 8866519  9664580
            2048       8 1327285 2901215 10096235  825315811835033 382658210192069  5376082 11502234  3892474  3731824 6939647 12187663
            2048      16 1233157 3764533 10240672  846461012416686 4265523 7165410  5433896  5723548  4056054  3835124 6990474 12786337
            2048      32 1185177 3915540  7165410 13384011 8365686 460140711129659  7817519 12729493  4162181  399196510848538  8097557
            2048      64 1261036 3924484  7141581 13552946 8292998 3791117 7419150  5804771 13138359  4968710  390131310726615  8229438
            2048     128 1335955 2726266  6167360 1183503310143926 1508115 6802261  5607718 15883587  4023754  3806235 6563185 12416686
            2048     256 1147343 3899542  8431376 1038930211835033 5332694 9400176  6895083 13219235  3821475  4276140 6003564  7013303
            2048     512 1258818 3169944  6518362  747727311706006 4519101 9024882  4945823  7643611  5852228  3792790 7529708  9621281
            2048    1024 1370922 2947000  6523312  7237860 7106133 3975338 5888333  4472047 10240672  3235617  1301149 5107566  8940345
            2048    2048 1362658 2631876  4741090  4088876 6080053 3784436 4170264  3407614  4248644  1450560  2896324 4460436  4923146
            4096       4 1069410 2073910  4113159  3806071 4253700 2542602 4643451  5258919  5936773  3040789  2498960 4977067  4893426
            4096       8 1152871 3047802  4209920  6311938 7834651 2686114 6978564  6605595  5894001  3810292  3009363 4779081  5826043
            4096      16 1209696 3005151  5360658  6714018 8142867 4083827 5657217  6512939  5339001  4059701  3025260 5704175  5681538
            4096      32 1441287 2675239  5178081  6861502 6370451 3450600 3935097  4659824  4875373  3416292  2989984 5746149  5971855
            4096      64 1400288 2519114  4995882  5988509 5885924 3853020 5513780  7515892  6638778  5297841  3268741 5558378  5753847
            4096     128 1477100 3583764  4946971  2678994 7615846 3543844 3890540  8032459  6897314  2745350  2860543 4052041  5565581
            4096     256 1272035 2516162  5312585  4971306 6737716 3640724 5178081  4059701 12343583  3703511  2981164 4083827  5649775
            4096     512 1276003 3165742  3670280  5454263 5257310 3927001 3935097  5198450 12299398  3056478  2932315 4757904  5713661
            4096    1024 1185897 2240519  5101205  5618365 4945546 3222752 4380601  5238075 10190895  2658267  3063563 5217395  5433562
            4096    2048 1284783 2422154  3996428  3024728 2550529 1163253 2331431  1297004  2108009  1669114  3007255 2183288  3093350
            4096    4096  661812 2131284  3351642  3470816 4917236 2369047 2317906  2119975  3162828   865972  1771703 1953188  1760267
            8192       4  848036 3075025  4286498  3240626 4090052 2317406 4164410  5450634  4879393  2312727  2490773 4805016  4743326
            8192       8 1095068 2446960  4602281  4920620 3790873 2666686 3785443  8111736  5696426  3212449  2207527 4657175  3267748
            8192      16 1084149 2517601  3355834  3718664 5047850 3382594 5181834  6902587  4801658  3211548  2805379 3114606  4469381
            8192      32  793109 3561773  5053790  4224832 5145363 3029476 5305863  7019632  6205696  2650436  3420306 6302451  4793620
            8192      64 1169939 3524869  4804344  3897515 5389927 4177574 6150158  4481039  5461029  3849483  3655755 5487193  6395120
            8192     128 1541292 3125372  5553712  5343822 4929091 3406404 5855636  7473073  5497729  3164228  3057785 4724413  5013234
            8192     256 1257409 3521978  4705005  6924845 5545644 3035096 4813093  7664784  5745001  2727005  2939290 5107124  4009863
            8192     512 1430177 3631030  5325600  5326425 5312425 4124914 4515786  3521978 11024023  3068160  3873350 5016894  4662863
            8192    1024 1315366 3297857  5078440  5104089 4946832 2491496 3028675  5422249 12172193  3092461  2770319 4533661  5129999
            8192    2048 1157212 2775018  4699856  4578974 4511043 3375284 3799676  3466896  3446379  2141620  2379350 2798980  3849483
            8192    4096 1033972 2372450  3683187  3504019 4168957 1850102 3742562  1998495  3707029  1910487  2657200 3833591  3036437
            8192    8192  980843 2247525  3923327  3406404 3668636 2797840 4641448  2400293  3865941  2688596  2545013 2890821  3496175
           16384       4 1002694 2480506  4830281  4932206 4551017 1995871 4597295  5093045  3898135  2154093  2571278 5010239  4572517
           16384       8 1163636 3012848  5754529  6043501 4263310 2746603 4877594  6959776  5224303  3146524  3173991 6217941  4641387
           16384      16 1117611 2971292  4960332  6343059 3749261 2596538 3596785  6784558  3957399  2024745  2807878 5567122  5949323
           16384      32 1081961 2738831  4564923  5287006 4904048 2926249 4814713  4762988  5880593  2538133  2477466 4975415  4994944
           16384      64 1181766 3365664  6166607  5004037 6272425 3452232 4877594  6835170  5052231  2457883  3080236 5631910  5851550
           16384     128 1215697 2962198  5479233  3966078 4754420 2964882 5099092  6097662  4896710  2608463  2695219 5319748  4102213
           16384     256 1154196 2897745  5507336  6203347 3791669 3404852 4817414  5300463  5321396  3242432  3190644 5244638  5342079
           16384     512 1163143 3097731  4998214  4453395 5350398 3830558 4855880  5377192  4294751  2460082  3505236 4477478  4876209
           16384    1024 1110405 2803068  5256271  5412343 5718614 3147244 5488861  5643936  9319404  2580547  2736649 4383233  4943916
           16384    2048 1054451 2314503  3449979  4576476 4261195 2259260 3868728  3039769  5487108  1905814  1839248 3672716  4127839
           16384    4096 1028368 2178195  3832481  3115991 3154323 2117324 3590583  2356731  3591333  2053116  2553601 4169920  3336252
           16384    8192  955780 2192651  3577312  3490458 3776043 2045173 3333339  2556356  3993041  2247438  2672370 3796906  3678614
           16384   16384  980560 2249939  4133302  3643313 3309898 2244428 2900926  2062173  3230238  2496003  2179024 3129187  3328012
           32768      64 1052343 3221743  5674182  6386329 5128930 3040832 4730497  6720137  5994945  2913767  2683264 5310869  5588810
           32768     128 1188971 2958424  5374628  5080207 4193944 2672983 5771155  6522409  4681034  2608503  2988465 5075517  4384324
           32768     256 1342127 3288579  4993457  5443384 5011848 2885808 5594498  7505483  5560546  2695155  3044807 4251153  5216927
           32768     512 1139836 2794905  4566866  4483292 4414460 3069285 5339341  5964247  4709425  2553782  3006508 5172360  3656282
           32768    1024 1065973 3064973  4640573  4491204 4529092 2924929 4776696  5045889  4424550  2637284  2329284 4879811  4881198
           32768    2048 1215200 2648771  3967086  3799195 3853305 2623942 3849528  3169658  5566176  1910445  1765323 4490617  4194072
           32768    4096 1002020 2149135  3256013  3735078 3451089 2137769 3799720  2368297  3679382  1950130  1699487 4066024  3402728
           32768    8192 1054547 2080397  3793846  3728795 3487430 2310371 3536698  2636627  3449962  1893129  1942275 3678890  4118168
           32768   16384  999295 2272063  3726975  3568285 3344354 2056121 3768671  2115981  3785070  2382089  2702309 2423505  2698754
           65536      64  603162 2884621  4729504  5872480 5283897 2840005 5027689  6519595  4506061  2571143  2839389 5623432  5068854
           65536     128 1234591 2772377  4547284  4987460 4484741 2883864 4763188  3591822  4689484  2532601  2930442 5009638  4602870
           65536     256 1176377 2825554  4384241  4370786 4545705 3001282 4827687  6774595  4558974  2558603  2709096 4385150  4373150
           65536     512 1202520 2468132  5169228  5173314 5234094 3543985 4655175  5307362  4528107  2517501  3022735 4420623  5113169
           65536    1024 1225635 2848510  4748951  5135235 4929766 3036324 4328390  5677558  4379560  2226618  2361579 4620433  4447372
           65536    2048  858004 2565312  3918720  3898656 4008789 2545877 3526842  3342110  3845586  1749357  1970948 3872784  3752865
           65536    4096 1060159 2084353  3777725  3694009 3785998 2137650 3310912  2125649  2281261  1278229  1778122 3631205  3461685
           65536    8192 1065208 2162046  3321474  3225970 3392138 2112774 3503646  2301932  3447099  1733941  2121596 3285702  3195778
           65536   16384 1031789 2170634  3203936  3329238 3345364 2380620 3532962  2313401  3260524  1967153  2065310 3582787  3275014
          131072      64 1105812 2576660  5104662  5005615 4583865 2370109 4858654  6990097  4962957  2354487  2374408 4340549  4849824
          131072     128 1079048 2455453  4824882  4805019 4839493 2403758 4928255  6373847  4695404  2220770  2373936 5206227  4724497
          131072     256 1157500 2426987  4882170  4636910 5209138 2812887 4924944  6245038  4371092  2205482  2280313 5157677  5241420
          131072     512 1229037 2655430  4628555  5242269 4882343 2541085 4809475  6604085  4964123  2204403  2369087 4170952  4185209
          131072    1024 1046116 2500710  5091377  4504208 4716512 3084481 4660811  6571011  4891640  2441961  2104088 5226570  4482321
          131072    2048  987441 2075272  3764811  3704483 3769457 1928779 3847599  3173801  3997909  1536799  1565748 4205475  4286200
          131072    4096  977121 1934616  3273197  3389771 3493844 2130317 3647680  2422143  3767313  1635964  1642298 3518441  3309154
          131072    8192  967171 2032911  3416971  3725016 3348437 2002565 3433102  2374449  3401726  1716684  1891894 3345543  3292506
          131072   16384  931935 2043467  3806809  3850752 3785029 2340822 3291619  2013021  3610405  1712641  1864016 3571540  3338574
          262144      64  160641  162150  5058067  4966271 4650006  119209 4951532  6332869  4796589   164376   156228 4916703  5045603
          262144     128  146285  141869  4942096  4832406 4528152  122393 5223859  7085723  4641349   162383   144120 5091467  5182249
          262144     256  154041  144603  4724087  4487604 4689512  140591 4554204  4238789  4466893   157922   155078 4653706  4485151
          262144     512  155420  151375  4959774  4666980 4401870  151250 5043936  5696691  4419440   164355   154537 4508600  4713617
          262144    1024  163867  132477  4816255  4618131 4672890  156730 4444162  6301836  4610347   168782   161893 4466803  4314419
          262144    2048  157666  156167  3747153  3770928 3860159  148703 3670914  2934521  3354370   168595   143190 3923536  3886150
          262144    4096  149937  125200  3532751  3320846 3275409  154679 3359915  2379798  3282047   169248   166491 3391829  3406372
          262144    8192  155815  157855  3569543  3441880 3440879  154334 3441514  2360744  3507272   175695   158184 3146687  3599894
          262144   16384  156559  148060  3418764  3322100 3317229  163739 3496598  2514302  3387481   184182   169213 3448498  3413690
          524288      64   59941   75694  5199819  5695316 5294719   28618 4883779  7138137  5156702    78234    78464 4875917  5126360
          524288     128   75186   73350  4944861  4786397 4654915   46102 5211661  6985554  4968232    81611    80405 5134284  5439238
          524288     256   78128   77925  4725608  4682730 4885873   55438 4630333  5975674  4660884    82049    70330 4877550  4786043
          524288     512   80745   73500  4881816  4716729 4699562   60409 4684156  5849153  4884690    83610    78505 4704418  4583420
          524288    1024   79599   75986  4438196  4742158 5098938   62205 5013026  5414795  4477569    80805    77057 4819398  5102203
          524288    2048   71288   69585  3756215  3653804 3610876   62414 4015132  3065491  3946256    73846    74758 3992925  3526902
          524288    4096   74491   70633  3307723  3361054 3231359   62800 3446222  2260065  3164190    74358    78578 3210366  3300316
          524288    8192   72005   65348  3250291  3232950 3316813   62488 3260232  2273158  3293100    76785    77820 3354348  3022443
          524288   16384   74176   67021  3228531  3372472 3388336   76591 3299316  2269988  3527757    82083    80251 3333339  3415535

iozone test complete.
