	Iozone: Performance Test of File I/O
	        Version $Revision: 3.420 $
		Compiled for 64 bit mode.
		Build: linux-AMD64 

	Contributors:William Norcott, Don Capps, Isom Crawford, Kirby Collins
	             Al Slater, Scott Rhine, Mike Wisner, Ken Goss
	             Steve Landherr, Brad Smith, Mark Kelly, Dr. Alain CYR,
	             Randy Dunlap, Mark Montague, Dan Million, Gavin Brebner,
	             Jean-Marc Zucconi, Jeff Blomberg, Benny Halevy, Dave Boone,
	             Erik Habbinga, Kris Strecker, Walter Wong, Joshua Root,
	             Fabrice Bacchella, Zhenghua Xue, Qin Li, Darren Sawyer,
	             Vangel Bojaxhi, Ben England, Vikentsi Lapa.

	Run began: Mon Oct  7 15:08:51 2013

	Auto Mode
	Command line used: iozone -a
	Output is in Kbytes/sec
	Time Resolution = 0.000001 seconds.
	Processor cache size set to 1024 Kbytes.
	Processor cache line size set to 32 bytes.
	File stride size set to 17 * record size.
                                                            random  random    bkwd   record   stride                                   
              KB  reclen   write rewrite    read    reread    read   write    read  rewrite     read   fwrite frewrite   fread  freread
              64       4  608965 1304314  3541098  3057153 7940539 3203069 3057153  2467108  9318832  2379626  2006158 2067979  7940539
              64       8  842003  484710  4564786  9006179 7100397 1526887 4988978  5860307  7100397  2444640  3203069 4897948 15972885
              64      16  955947 2298136  4897948 10821524 9006179 3022727 4564786  5389653  9006179  3738358  3958892 5283570 15972885
              64      32  310759 1599680  8182586 2096219112310336 5389653 5283570  3588436  7940539  2923952  3057153 2689580 20962191
              64      64  866463 3541098 15972885 2273779115972885 5389653 4988978  5735102  5735102  5283570  4018152 5860307 22737791
             128       4  976473 2969325  5603747 1420079410779307 3867787 3124872  5122535  8548124  3867787  3199360 4135958 14200794
             128       8  927549 3277486  6406138 1863766414586625 5122535 5603747  6727225 15881078  3218540  3759450 5784891 16365173
             128      16 1254941 2377579  4759253 10567140 8036304 2608629 3297617  2727923  7476717  2286447  3759450 2843510 16365173
             128      32 1000121 2098744  5545860 1588107814200794 5847904 5545860  6727225 11720614  5603747  4934216 6114306 15881078
             128      64 1111981 2558895  6114306 11720614 9977956 3124872 5325799  6406138  9129573  3124872  4267461 4407601 18637664
             128     128 1133103 3657016  5847904 1863766414200794 5847904 5122535  5603747  4596273  3759450  4407601 5784891 15881078
             256       4  920240 2943325  5320671  8815202 3410808 2330140 4572895  4652146  9114515  3823789  3245838 5242734 11569783
             256       8  873809 2719671  4734192  9434868 8208677 2719671 4572895  3654598  5022044  1985448  2114473 4332998 13454450
             256      16 1230218 2754556  5810112 1281227712090911 4422226 5455847  6437081 13454450  4819184  4070199 5971678 13454450
             256      32 1137672 4477549  5217259 1516462413454450 6107548 1790149  6936061 13454450  1839210  3368013 5971678 13454450
             256      64  766517 2943325  5320671  8888172 8815202 3326279 5687020  6891544 11207494  5841722  3245838 4009406 10245071
             256     128 1230218 3159869  8815202 1516462413454450 5569035 5455847  6249745  6073004  2872459  4422226 2582316 13454450
             256     256 1138879 3123106 12228612 1362518012812277 5810112 5569035  5217259  6107548  5717301  4652146 3275543 12812277
             512       4  711133 2022482  5566231 11683444 9468384 3659616 5177083  5439343  8992598  3481620  3244885 5566231 11374040
             512       8 1292259 2910635  4784885 1462806712215097 4916336 4882800  6999490 11877300  4571003  4068701 5760329 13438092
             512      16 1323315 1005938  5886650  899259812797441 5127637 6319739  7513788 10694336  4827914  4305250 4494470 14240069
             512      32  980673 4237291  6104175 1310994412499490 4620174 5684095  7115451 10235583  5278892  4532414 5886650 14628067
             512      64 1398278 3437042  5227492 1503780113783088 5566231 5453155  7115451 12797441  3659616  4571003 6319739 15143846
             512     128  894857 4271001  6246213 1424006913438092 5566231 5509113  6931711 11620224  4522868  3877684 5278892 13872122
             512     256 1296159 3201349  7871843  348162012797441 5760329 5566231  5822804  7871843  4340054  5822804 4163357 11374040
             512     512  169764 3437042 12797441 1352271113109944 6086873 5760329  6018636  5886650  5744919  4305250 2438090  7410080
            1024       4  835953 2968586  5821271 12071103 9677584 4014717 4614246  5417427  6733974  2688041  2791104 5417427 11520658
            1024       8 1270397 2715230  5169641 1326402612071103 3031444 5536137  7054742  5720477  3999762  3518141 5950309 14230902
            1024      16 1345623 3020783  6479979 1423090212944224 5226256 5444898  6128613 10354166  4574926  3220084 6025439  4700088
            1024      32 1286378 2884840  5983467  965582813686709 5151040 4531485  7699755 12790037  4995276  1278338 1854631 12944224
            1024      64  950885 2478620  5444898 1220835011903823 5200941 5096034  7883484  9142007  4339202  3643490 6364746 15080341
            1024     128 1239956 2701567  6519323 1442204513686709 2553783 6059442  6918376  9832672  5330028  3229770 5958564 14230902
            1024     256 1032244 3631168  6650556 13102174 7883484 4904018 5593820  3012308  8183918  4570058  3722435 3436508 10134284
            1024     512 1276817 3140041  6918376 11903823 4898425 4079544 5356618  6208343  3764854  3518141  3379719 5310258 11489839
            1024    1024 1132697 3210456 12208350 1249242612492426  895941 5500686  5144870  5310258  3311958  3556008 5652717  9402175
            2048       4 1060642 2193096  5564129 10607402 9525260 3266376 4818211  5644567  7311791  3436240  3384788 3962502  8498106
            2048       8  853717 2774700  3835124 10780463 5416763 4096676 5119743  7470770  8464610  2131071  2959183 4684211 10389302
            2048      16  664711  609137  3097921  4971585 8820994 3743207 3379461  7262337  6058611  2828608  1736811 4204968  8365686
            2048      32 1031724 3121562  6303124 1295995813404897 5156624 2963266  4686767  8531869  4540600  3266376 4643695 10289741
            2048      64  458991 3407614  1205468  815908812398764 2937929 5332694  4960102  4983122  3319389  2278010 4088876  9944290
            2048     128  683324 3180508  3542524  4008732 8325147 1757781 4435103  7065219 13552946  3189957  2378293 3549844  6629029
            2048     256  754840 2359349  4720248  956769810780463 1939560 4818211  6503556  7643611  2270783  1782215 4356379  3532327
            2048     512  599863 2947000  3922692  7159438 8749118 4265523 3225896  4023754  7470770  3287628  3080148 4046500  7616502
            2048    1024 1101583 1479797  5503525  2230685 4196751 2280429 4983122  4818211  6759439  4421406  3536690 3938881  5970183
            2048    2048  733004 2642401  5080379  5222461 5172149 3136379 4086930  2029371  2356760  2534049  2563543 3806235  4008732
            4096       4  576664 2700046  4209920  4842392 3180393 1626603 3984379  5411313  4035859  2295912  2422154 3155856  3842678
            4096       8 1199392 3091124  4302706  2824797 4447510  641882 4079948  3303309  3817065  2762123  2279462 3761077  4257917
            4096      16 1277997 1891888  3696339  4104315 6140479 2942360 3871253  6826060   841086  1968406  2884558 3824713  3486312
            4096      32  863578 2127589  4357270  6321227 7111444 3775126 3821310  4536770  6234064  3250804  2090820 5081590  4928521
            4096      64  389541 1400288  5081590  6439700 6451792 3992713 2994153  7326777  3934195  3562214  3308398 4515307  5286429
            4096     128  781691 2846325  3577793  4723889 5440445 3170416 4871226  7939654   691765  3018351  2925823 5119446  5953231
            4096     256 1035880 3300770  3849566  5299475 4835578 3850429 4423462  6714018 12151506   633667  3107338 4835578  5826043
            4096     512 1040901 3038638  4648477  5918366 7200866 2894765 4096486  6967243 11601703  3402085  3217321 3864287  5902100
            4096    1024  658716 3416292  5490871  5969780 5721272 3710710 3465216  6401308  7711565  3189841  2039927 4035859  4043458
            4096    2048  772378 2848213  4713521  4307020 4371684 2045026 3235498  1247647  2936325  2382847  2656212 3402085  3908241
            4096    4096  894328 1942148  4071246  1612708 3116922 1939517 3079488  2026691  3284363  1854315  1396078 3915366  3290024
            8192       4  844099 2148449  4246763  4124419 2992016 2219362 4805016  5097274  4824582  2548033  2116815 3186234  4604748
            8192       8 1064599 2653711  5902917  6186701 4147820 2788304 5305863  5458427  4053382  2960564  2782659 4596740  4246763
            8192      16 1164981 2914112  4719221  4870401 5905961 2723331 4584473  5607184  4937591  3063510  3142235 5417973  4870401
            8192      32 1234859 3613465  5418828  5425673 5439416 2683347 4304757  4796296  4583861  1244025  2943571 4466476  5479317
            8192      64  861409 2728954  5435974  5508305 5442863 1919881 3676880  7367317  3446379  2402307  3222694 1039320  4459520
            8192     128 1263606 1960298  4908670  4838850 1841673 3535750 5261179  6229323  4293461  1409468  1771229 4013610  5336352
            8192     256 1147972 2725275  5126937  4754484 5382328 3554036 4085675  6809564  5347148  2954201  3072825 4937591  4876623
            8192     512 1451443 2308997  4262040  3437759 3642578 1173295 3520535  3367015 11523131  3222391  2723331 3992159  5450634
            8192    1024 1310699 2474985   811983  4345590 4995015 3452266 4079854  2436030   882856  2472847  1632151 4500997  4946832
            8192    2048 1221427 1706315  4233681  2085086 3888253 2437413  851567  1510862  3580330  1989814  1150239 1651608  2418710
            8192    4096  881339 2092961  4166429  2796929 3005363 2177588 3237878  2305588  2696614  1908682  2110703 3631030  3235134
            8192    8192  951350 1626665  4106182  4097857 2803547 2369668 3428839   458344  3335312  2269346  2291442 2585031  3865941
           16384       4  700891 2370715  4386590  4999668 2953668 2160935 4682501  4075451  4191283  1344151  2015777 2167136  4049276
           16384       8  984437 2934622  4396975  5303735 2812705 2146758 5124569  6990218  4387991  2460082  2403047 4029568  4138529
           16384      16 1122100 2546127  5514850  5611216 3660391 2512429 1624082  6756542  4872061  2930867  2600566 3960364  4405431
           16384      32  930328 3124208  2831713  5191545 5048891 3053275 4738030  6898295  5481418  2345230  2726551 4754749  4850054
           16384      64 1287947 2777913  4867574  4519886 5730536 3293243 3747625  8051674  3659416  1936425  2889581 4188218  4964991
           16384     128  565924 2841079  4524648  4678675 4975415 2719322 4317416  6855627  5298828  3098988  2073122 5726715  5126480
           16384     256 1067291 2023434  3775835  1606127 4184902 3159980 3845133  5895729  2883519  2645926  2775557 4769600  5278477
           16384     512 1086099 3395766  4225820  3447729 5468332 3025050 5088143  5338759  5324694  2605595  2267684 3706790  2448687
           16384    1024  903849 3067586  2230948  4840147 4343614 2918916 4179557  5111989  9246672  2333285  1635445 3418912  3282076
           16384    2048  802349 1806372  3669382  3695031 4311727 2078641 1571456  1417925  3989333  1872679  1705587 4487712  1319807
           16384    4096  914786 2196506  2442420  2561597 2528793 1195728 3215577  1804001  3082032  1370365  1504208 3512223  3223420
           16384    8192  553681 1481795  1047428   904301 2775557 1609249 3025716  1400728  2893231  1743936  1606916 2409366  2952145
           16384   16384  715330 1907295  4187197  3923283 3881621 2443549 2377605  2334871  2726118  2252668  1912869 2685843  2879894
           32768      64 1133958 2293561  5368330  3443048 4068069 2804258 5219503  5932837  5460252  2368175  2555776 5871250  4557477
           32768     128  700141 3119018  4394839  5025042 4988926 2790876 4278414  6291895  3001059  2170655  2743467 4466247  4877733
           32768     256 1057606 2838310  4252863  4236346 2781894 2553212 5146600  5404640  3726975  2109972  1753611 4167998  3872741
           32768     512  920421 3382296  5355152  5279249 4859452 2538593 3478163  4399622  3436248  1769414  1978740 3825313  4118168
           32768    1024  858474 2842478  4429256  4829399 4645278 1676620 3883903  5832629  2985414  2416517  1958522 5008926  3007890
           32768    2048  827223 1440662  3627141  4081116 3664569 1987639 2370380  1849092  3642522  1460705   960400 3753951  1823697
           32768    4096 1006821 1708445  3822228  1920321 2487141 1800522 3887529  1317047  2317891  1432598  1657812 2460955  2702522
           32768    8192  960911 2269549  3191296  3699288 3209405 1781063 3157425  1661660  1725627  1751733  1849315 3632798  3416176
           32768   16384  791248 1662927  3734672  3721929 3694714 2203648 1149147  1513881  3399194  1593313  2898039 3550219  2574447
           65536      64  614006 2466825  3436583  5361294 5423815 2070178 4807170  7133607  4048644  2682840  2535918 5170103  5013842
           65536     128  948558 2315837  3576307  3316784 5121267 2913761 5054872  7243960  4298002  3114841  2826891 4217742  3710564
           65536     256 1251881 2531015  4414092  4938712 4612292 2718204 4547961  4987550  3764738  1988226  2975680 3988778  3286998
           65536     512  762933 1983778  4447660  5297543 4230856 3275639 4207477  3500077  4240777  1765231  2938431 3401794  4131898
           65536    1024  460981 2858196  2522861  2727699 3520203 1423796 2591383  3199684  4596174  1814401  1057256 3983460  3162322
           65536    2048 1076496 1556078  3872839  2506048 2517800 1949947 3845317  1503882  3408923  1652031  1507859 3334650  2765098
           65536    4096  985918 1600036  3544808  3544990 3491718 2054796 3327223  2193079  3365310  1235646  1194473 2698961  2327032
           65536    8192  934800 1782805  3496382  2320431 2823987 1728728 3350502  2280315  3642899  1763520  1699191 2711688  3390214
           65536   16384  956953 1991251  3587884  3109977 3797190 2336884 3150145  2284124  3072916  1874383  1959818 3189882  3179219
          131072      64  992751 2510474  4999334  5646234 4022481 1564255 3662455  6872136  4132669  2242383  2384687 1948847  4441329
          131072     128  990051 2622645  4745705  5253189 4326646 2392387 4802585  7056763  4956201  2297937  2304845 4549233  4739731
          131072     256 1111891 2423445  5123596  4693560 4746401 2709894 4543406  4865362  2791973  2033325  2177278 2607667  4648594
          131072     512 1107700 2492524  4874378  5085820 4796593 2496225 4557908  5550576  4084008  2254420  2292102 4766070  4871829
          131072    1024 1125255  787593  3991958  3380495 4701990 2426087 4773188  4306885  5048039  1834556  1762716 2501803  4743862
          131072    2048  990208 1735757  3287250  3669642 3554958 1748260 3225759  3201022  3970565  1630491  1567283  936062  3934673
          131072    4096  886694  726825  3172812  3357475 2976337 2034928 1738469  2275518  3567276  1464883  1276632 2915752  3163992
          131072    8192  825635 1749467  3611378  3506278 3288312 1371605 2876663  2266624  3283108  1645912  1488284 3261062  3002738
          131072   16384  957247 2053198  2761623  2924593 2884058 1614185 2722549  1969203  3170580  1611446  1808313 2222386  3119061
          262144      64  101498   89081  4678458  5291028 4858478   51979 4075755  6893066  4592573   102684   100569 4616192  5098195
          262144     128   82960   91736  4427127  4803903 4378626   80591 4333241  5877547  4969099   106733   100913 1931279  4552696
          262144     256  102264   77932  4389481  4693035 4286832   67254  830307  5819868  4776834   101957   102505 3498845  4861636
          262144     512   89117   76324  3776420  4501328 4936615   94002 4278991  5889289  4387800   109265   114295 1155002  4667158
          262144    1024   98553   74789  4429588  4275796 4125657   81604 4504205  5523690  4758640   111102   103694 2223518  4485846
          262144    2048  105994   75830  2067412  2894961 3207866   75866 3694089  2151964  3228532    77862    81932 3255113  2090545
          262144    4096   75669   91763  2994974  2440003 2772310   81841 2142187  1925178  3354247    80180    71340 1940071  1835741
          262144    8192   76980  121318  3074784  3151720 3266427   79964  772208  2199103  3026124    84141    82424 2021905  3404326
          262144   16384   92924   77443  3295959  3365345 3295129  119290 3312861  2223383  2928986   146114   142738 3083320  3237792
          524288      64   24066   47545  4618915  4670209 4929420   10195 4208650  7184101  5008539    50692    52935 4535211  4602490
          524288     128   52146   51809  4628452  4476503 4432077   13368 4463845  7024986  4888741    72006    49340 4724512  4761658
          524288     256   57764   54854  4591123  4476193 4425040   20651 4094429  6285602  4681185    39350    69069 4516915  4999600
          524288     512   41036   47816  5068616  5297079 5279896   37130 4737479  6351927  5082874    43619    70323 3747861  5436858
          524288    1024   69236   50969  4502875  5197348 5010547   40746 2502317  5066374  4880820    72018    44521 5120452  5236694
          524288    2048   69551   32929  2343123  4277840 4526277   35064 2475834  3133744  2553352    47098    49099 3971192  3706790
          524288    4096   55550   51370  1416803  3154866 3138248   40128 2872194  2254798  3359873    67464    40908  605667  3183074
          524288    8192   70249   50406  3203500  3495885 3207065   63212  512487  1877754  2216871    41550    70974  989954  3030954
          524288   16384   34709   56913  3236662  3279672 3420076   49865 2567120  1485703  3120391    85375    75885 3432960  3473878

iozone test complete.
