	Iozone: Performance Test of File I/O
	        Version $Revision: 3.420 $
		Compiled for 64 bit mode.
		Build: linux-AMD64 

	Contributors:William Norcott, Don Capps, Isom Crawford, Kirby Collins
	             Al Slater, Scott Rhine, Mike Wisner, Ken Goss
	             Steve Landherr, Brad Smith, Mark Kelly, Dr. Alain CYR,
	             Randy Dunlap, Mark Montague, Dan Million, Gavin Brebner,
	             Jean-Marc Zucconi, Jeff Blomberg, Benny Halevy, Dave Boone,
	             Erik Habbinga, Kris Strecker, Walter Wong, Joshua Root,
	             Fabrice Bacchella, Zhenghua Xue, Qin Li, Darren Sawyer,
	             Vangel Bojaxhi, Ben England, Vikentsi Lapa.

	Run began: Fri Oct  4 15:10:48 2013

	Auto Mode
	Command line used: iozone -a
	Output is in Kbytes/sec
	Time Resolution = 0.000001 seconds.
	Processor cache size set to 1024 Kbytes.
	Processor cache line size set to 32 bytes.
	File stride size set to 17 * record size.
                                                            random  random    bkwd   record   stride                                   
              KB  reclen   write rewrite    read    reread    read   write    read  rewrite     read   fwrite frewrite   fread  freread
              64       4  481234 1562436  4018152 1597288510402178 4274062 2561267  4897948  4274062  3541098  3203069 4564786 10402178
              64       8  621657 3588436  4207076  489794812902017 4988978 3203069  5860307  5389653  3203069  3203069 3588436 15972885
              64      16  610350 1526887  6421025 2273779115972885 5389653 3203069  6421025  4564786  3738358  2689580 3541098  7100397
              64      32  250919 1734015  4274062 1290201715972885 5860307 4564786  4897948  3958892  4564786  2358717 3791156 12902017
              64      64  780776 1679761 10821524 1597288515972885 5735102 3363612  5860307  3057153  4564786  1828508 3791156 15972885
             128       4  630273 1778862  6045455 1254204310779307 4557257 4934216  5122535  3359523  4012317  1905110 5325799 10779307
             128       8  799146 2286447  4135958 1636517314200794 5545860  595328  4407601  6114306  3468030  2166499 4267461 14200794
             128      16  934004 3359523  5545860 1863766415881078 5784891 5122535  5122535  4934216  4267461  2558895 3657016 12842051
             128      32 1065630 2248149  6114306 1284205111470204 6114306 4934216  6406138  4557257  5847904  4267461 4596273 12842051
             128      64  780556 3536566  7476717 1801235915881078 6406138 5122535  6406138  4557257  3657016  5325799 6114306 18637664
             128     128 1133103  731625 11720614 1588107814200794 6406138  695603  5379161  4444086  6406138  4267461 4934216 12842051
             256       4  805021 2639446  5687020 11569783 9518507 4264168 4907284  5347168  7571923  3557725  2911402 5569035 11091721
             256       8 1108314 3368013  5540300 1495343512812277 5687020 5841722  7120034  9434868  4572895  3465855 5687020 15164624
             256      16 1180188 3123106  4652146 1495343512812277 4197489 4264168  7314033  4734192  5428265  4132864 2266207 14953435
             256      32  686182  999940  5117791 1495343513454450 4819184 5687020  6761355  4840911  5455847  3994490 1805197 14953435
             256      64 1260547 3935921  5428265 15164624 3123106 4572895 5810112  7791708  5810112  6073004  4652146 1463250 14953435
             256     128  671589 3465855  8815202 1516462414164395 6719046 5428265  7073132  7518900  2330140  3326279 5810112 15164624
             256     256 1267990 1897721  6719046 12228612 4907284 1842366 5687020  6249745  6213578  6249745  4422226 5938650 13454450
             512       4  499437 1795846  5886650 12499490 1103647 4340054 4973263  4305250  5886650  4131319  3604335 5760329 11374040
             512       8 1276891 3393590  6414119 1424006912499490 5019764 5951911  7435738  6472112  5019764  4163357 6086873 14240069
             512      16 1004057 2225819  6174377 1343809213522711 5760329 4882800  6736026  7309196  4690818  4447925 6246213 13872122
             512      32 1202529 1938502  5624545 1503780114240069 6319739 5079126  7647578  8808176  4973263  4375425 6018636 14628067
             512      64 1309596 3046915  6652558 1547114914240069 6018636 6086873  7309196  8109658  5127637  4701087 6018636 14628067
             512     128 1322500 3634839  6999490 1514384613783088 6736026 5164632  7871843 11620224  6018636  4916336 3684733 12499490
             512     256  795127 3346002  7871843 1249949012146009 5760329 5384786  6156675  7758090  3487274  6319739 5951911 12797441
             512     512  541227 2178404  6736026  8528336 8140399 3104171 3029721  2962840  4571003  4784885  4195896 5439343 11374040
            1024       4  624014 2534194  5144870 11398360 9464330 3781427 4972145  5390231  3483896  4178773  3606774 2791104  9855234
            1024       8 1246071 2090206  6280976 1347205312208350 5151040 5144870   682737  6317933  3567824  2098375 5390231 12790037
            1024      16  985580 3582705  3379719 1263947912790037 5120336 5991815  7590887  7927135  5169641  3369115 3447541 12037272
            1024      32 1338494 3379719  5917516 1310217412071103 4614246 5720477  7811791 10134284  4470172  3411938 5682634 12639479
            1024      64 1233900 1354107  2405058  6733974 8326715 4392454 2694787  2765939  6529233  1809317  2877110 5917516 13998981
            1024     128 1273788 3066069  6199382 1330511613305116 6441107 5277632  7941793 13102174  3369115  4512441 5885083 12983353
            1024     256 1256644 2301937  6025439 1161411811368190 2837198 5500686  6918376  9946527  3984917  4228138 5720477 12173747
            1024     512 1282920 2586074  6402699 1207110312456195 5845038 4339202  5564829  3835457  4114719  4876180 5144870 11132462
            1024    1024 1242467 3738636 11903823 1193690712639479 3074849 5390231  5593820  4211554  3891053  4304412 4741598  5720477
            2048       4  943347 2510351  5068389  5280246 6041567 2569678 5107566  5785224  7556202  3061485  3250308 5626082 10179991
            2048       8 1170959 2767549  6058611 1241668611983630 4500161 5836323  7213548  7698414  2813783  3806235 6207471 12118884
            2048      16  370546  529073  2019827  1259557 2062505 2340705 4772701  5953632  5535444  4531020  3784436 6284678  9349021
            2048      32 1264191 2933915  5251194  7503399 9898453 4444282 3736694  4633675  6984790  3131805  4048407 6207471 12488897
            2048      64 1472440 3650932  4453499  6359119 7393606 4008732 4120256  7789164  3878414  4162181  3938881 5970183 12882215
            2048     128 1396100 1868268  5868220 1072661512488897 5640860 5626082  7969835 10048990  3324528  3777778 5596757 12050878
            2048     256 1306293 4196751  4441984  6670210 8531869 3960675 4376355  4934459 11579763  4490751  3174630 4552633 11706006
            2048     512 1286533 4394265  6440169  6185123 7159438 3857514 3165272  6080053  4686767  3160613  4180412 5209791  7393606
            2048    1024 1388652 4040790  7817519 1177016610780463 3020577 4031308  5319484  7183386  2482779  5225638 5389574  9796850
            2048    2048  745796 2443928  3669648  4796687 3573472 2458618 4451191  4038890  5319484  4204968  2941954 5006356  5670651
            4096       4  950119 2474841  5556581  6975730 6158088 3139133 3771811  5601877  4505833  3546038  2385494 5396016  5704175
            4096       8 1187619 2635836  5447345  5250883 7099689 2788575 4321103  7392988  5312585  3699523  3032202 5936773  6254490
            4096      16 1147941 2874423  6263611  8077780 9307517 3938705 5867831  5642353  7001316  4125010  3835814 5095153  5270212
            4096      32 1229697 3133979  6370451  5549401 6735075 3961410 5971855  8209013  6850558  4516494  2032686 5397712  4253700
            4096      64 1270812 3052133  6207035  4686519 5244471 3227596 5107271  7728911  5833956  3764373  2738348 4817948  5777065
            4096     128 1326855 4054910  5649775  6178018 6989921 3878244 5178081  7742845  3893185  3419011  3185110 4681411  5851841
            4096     256 1270436 2406546  4433736  4911613 6015769 3934195 5596402  5087609  9679859  3107900  3468014 3128843  4545172
            4096     512 1172622 3942321  3421735  4352854 4671228 1815707 5353976  5786794 10036109  3491271  3202925 5549401  4768469
            4096    1024 1440804 3856480  4325455  5211065 5196878 2880206 3150647  2680666  7845385  3454069  3290024 5402804  4686519
            4096    2048 1339894 2580797  4952675  4812550 5057654 3082251 3574071  2533229  3995498  1773899  3143154 4394046  3419011
            4096    4096  886391  655474  4325455  3919833 4357270 2736168 3335375  2936325  3356881  2678994  2976515 4072211  3500519
            8192       4  987950 2644316  5063472  4710810 5004472 2652891 4422782  5497729  4102260  2358122  2761192 5148447  4551075
            8192       8 1230746 3177689  4841578  4568624 5146134 2518155 4273171  7255309  5888754  3426104  3520535 5364680  5561803
            8192      16 1233574 3645670  5454094  4520538 4757776 2827541 5654243  1813580  4359927  2865507  3733615 6122759  6456406
            8192      32 1324697 3005100  4891201  6399884 6627005 1915386 4364357  7111158  6370221  3862030  3032953 4467057  5685116
            8192      64 1302797 2976723  6384425  6345516 6810914 3963149 6064404  7386322  6389174  3523423  3855097 5829805  5859631
            8192     128 1331834 3149436  6136976  6205696 5855636 4037189 4729615  8560389  6296676  3915726  3110096 5068700  5031588
            8192     256 1285590 3908154  4471708  4203640 4670469 3325949 5685116  7509002  6027172  3543042  3158120 4235769  4546258
            8192     512 1534683 3212449  4591825  4841578 5403489 3652258 4941141  5793435 12116393  3603989  3695070 5472336  5846669
            8192    1024  655822 3073925  4500997  5181834 5911041 3742562 2665031  4890505 10792033  3158120  3264953 4320454  4127392
            8192    2048 1061802 2022730  3957216  2824984 4474037 2075013  772392  1881920  3245524  1720326  2199191 4461836  4406334
            8192    4096  722453 2070262  2276111  3698649 3663551 1677000 2163737  1631531  2927769  1631531  3094689 2264112  3710232
            8192    8192  750937 1365117  4045270  2970290 3303247 2378033 2422291  1581808  3716653  2619919  2497653 3356162  3535386
           16384       4  880524 1334648  4328566  4302549 3810380 2448338 3804052  5437611  4831639  2730126  2589591 4485076  1784188
           16384       8 1180487 2605200  4936458  5144133 4825871 2528049 3574149  6812808  5347067  3031188  2978891 5529493  5708638
           16384      16 1386820 2825310  4908251  4510985 4954252 2713845 4855880  7481865  4990591  2800669  3470364 4999668  6134130
           16384      32 1349244 3359576  4613963  4879325 5031885 2919412 5966368  7787080  6119927  2836037  3544103 6182697  6385496
           16384      64 1285610 3076788  5147601  5841105 5789435 3052190 4946763  7973201  3571920  1589411  3352528 4508617  4453395
           16384     128 1360679 1953045  4567351  5977786 5973110 3771483 4637315  7347471  4318230  3025183  3582907 5368371  5488861
           16384     256 1257405 3255180  5033728  4510985 4228160 3091877 4319315  4899502  4761338  2872310  3038022 5100606  4412787
           16384     512 1238215 3263838  4966426  6032360 6030242 4026499 5505130  7307624  6019150  2645926  3394257 4506252  5036679
           16384    1024 1095780 2180199  3817365  5670950 6109046 3479325 5862033  5081746 11941233  3274725  2953795 4305784  4409106
           16384    2048 1065570 2074437  5452279  5290262 5331717 3230390 5191545  4488592  3815458  2018738  2436272 3293243  3634450
           16384    4096 1018084 2115108  3144076  3913898 3417722 1916497 4055489  2233050  2772309  2248393  2629926 3567099  1778325
           16384    8192 1038799 2335903  4215969  4340322 3101366 2124984 4413637  2869432  4389953  2419716  2922019 3680190  2693423
           16384   16384 1047508 2109460  3414156  2707643 3614378 2231528 4391355  2854888  3685914  2449385  2660987 4244614  3026782
           32768      64 1223236 3589439  4827194  4478325 5493425 3561719 4839432  8036987  4936423  2191386  2985998 5774065  6024640
           32768     128 1348302 3122774  4856018  4718317 4951362 2588508 4753895  8169799  5134487  3019521  3670245 4810299  4785011
           32768     256 1496328 3333808  5933861  5826448 5926441 3918787 4307647  4768244  4448610  2691408  3490796 5621499  4416162
           32768     512 1290230 3849528  5159351  6045576 5716902 4008742 5401878  7015124  4879811  2876446  1569281 4392591  4565197
           32768    1024 1151409 1924462  4744213  5714763 5571818 2987361 2873920  3577759  3715590  1272891  2443932 3412614  3508350
           32768    2048  802845 1473579  5298788  3301217 4600342 3069285 2671269  2933607  6089775  1918391  1370581 2898528  5033507
           32768    4096 1067604 2725459  3464922  4127443 3140829 2246365 2734515  1200038  4307512  1706938  1656453 2773137  2862786
           32768    8192 1151052 2398300  2540752  2587095 3487430 2519651 2771069  2233515  2967046  2169627  1938714 4360953  4305353
           32768   16384 1095001 2438425  3150477  3613504 3968003 2555206 2740240  2115721  2771292  2386225  3404161 2786180  2728868
           65536      64 1170685 3376264  6180252  6026331 5871351 3409600 4314666  6458019  5266888  3197191  3246929 5978361  6308763
           65536     128 1313051 3475032  4583222  5886691 5908963 3554020 4335832  8087782  4746901  3220566  2995656 1697030  5596070
           65536     256 1292012 2820828  5531431  5900971 5876623 3877866 4879102  6336832  5140517  3176427  2778374 3702368  5105666
           65536     512 1136771 2694622  5515117  5573716 5560074 3549752 4411400  4038473  3982017  1575459  2515289 3819085  4205353
           65536    1024  993498 3632020  5117548  5405044 5654434 2489231 4067035  3170455  5510474  3016201  3070616 4434100  5576543
           65536    2048 1271312 2128414  4714174  5233296 5237385 3138706 3779439  2733395  3989067  1995747  1592186 4849063  3102011
           65536    4096  927523 1397924  4062226  4249562 4158905 2645554 4151995  2554014  4110889  1508761  2034779 4066493  2549348
           65536    8192  845898 2026468  4038473  4324372 4331527 2496715 3481899  2651244  4269496  2236710  1497794 2708535  2929100
           65536   16384 1068039 1648573  4001494  3077664 3724037 2536012 2756060  2564905  4285071  2537510  2540465 3830047  2753161
          131072      64 1112107 2672040  5569922  5979323 5683710 3072483 1568204  7696987  4748451  1985733  2125031 6074327  5877113
          131072     128 1300754 3266022  5332681  5855330 5551081 3130891 5161308  8261190  5704943  2910904  2673743 5564059  5344190
          131072     256 1189628 2043437  5618191  5582308 5649890 3211606 4639532  7511781  5640615  3004987  2920492 5426535  5806289
          131072     512 1311769 3215852  5691124  4409164 5754327 3265362 5423590  7070468  5716452  2894505  2733909 2819783  5169899
          131072    1024 1257574  668844  4382207  4554774 4241785 2734018 5337911  5092934  5631428  2428295  2498790 5433024  5542127
          131072    2048 1186097 1833198  4681171  3881995 4674444 2548259 4599627  2813852  5011365  1899595  1981674 1015865  5037355
          131072    4096 1001375  993172  4046940  4058592 3841711 2228548 2721660  2011320  3159211  1739696  1812110 3535525  3594260
          131072    8192 1075755  497884  3961438  4086680 4026547 2304439 1859388  1892246  3762234  1859942  1821355 3818894  4193766
          131072   16384 1028919 2357283  3068453  4138050 4088960 2405567 3420542  2048516  2902574  1880466  2054518  389342  2852927
          262144      64  100115   87071  5608928  6118874 5186967   83953 5344211  8360236  5540977   120413   122425 5423933  6159114
          262144     128  113232  100205  5318824  5908531 5589908   83163 5198076  8300969  5499240   112539   116508 5284086  5674377
          262144     256  112379  105346  4702811  5410934 5559074   89974 3287936  7217020  5535370   112633   104902 3639973  4222949
          262144     512   89685   66997  4737909  4588624 5153321   66840 4398612  6599123  5709203    78368    75413 4854874  5502378
          262144    1024  110509  149284  4906019  5691354 5676808  101081 4695641  6528786  5450336   114393   112748  339165  5549562
          262144    2048  111514   86112  4080444  2841821 3117459   78165 2881177  2820874  3345928    92012    92592 4164709  4654632
          262144    4096  102039   91112  3019045  4008810 3240187  100470 3331431  2187047  3937997    81018   108236 3588357  2840500
