	Iozone: Performance Test of File I/O
	        Version $Revision: 3.420 $
		Compiled for 64 bit mode.
		Build: linux-AMD64 

	Contributors:William Norcott, Don Capps, Isom Crawford, Kirby Collins
	             Al Slater, Scott Rhine, Mike Wisner, Ken Goss
	             Steve Landherr, Brad Smith, Mark Kelly, Dr. Alain CYR,
	             Randy Dunlap, Mark Montague, Dan Million, Gavin Brebner,
	             Jean-Marc Zucconi, Jeff Blomberg, Benny Halevy, Dave Boone,
	             Erik Habbinga, Kris Strecker, Walter Wong, Joshua Root,
	             Fabrice Bacchella, Zhenghua Xue, Qin Li, Darren Sawyer,
	             Vangel Bojaxhi, Ben England, Vikentsi Lapa.

	Run began: Fri Oct  4 15:10:48 2013

	Auto Mode
	Command line used: iozone -a
	Output is in Kbytes/sec
	Time Resolution = 0.000001 seconds.
	Processor cache size set to 1024 Kbytes.
	Processor cache line size set to 32 bytes.
	File stride size set to 17 * record size.
                                                            random  random    bkwd   record   stride                                   
              KB  reclen   write rewrite    read    reread    read   write    read  rewrite     read   fwrite frewrite   fread  freread
              64       4  503814 1204796  4897948 1231033610821524 4274062 2801873  4564786  4643754  3541098  3363612 2892445 12902017
              64       8  668072 1452528  6271021 2096219115972885 5389653 3165299  5860307  5735102  2662899  2561267 3791156  4564786
              64      16  695778 1363961  4274062  427406215972885 4897948 3203069  5283570  4564786  3057153  2772930 3738358  4897948
              64      32  647135 1452528  9006179 2096219115972885 5860307 3541098  5389653  4018152  1392258  4564786 3363612 16983463
              64      64  780776 3057153 15972885 2096219115972885 5283570 4564786  4018152  5860307  5389653  3363612 5283570 20962191
             128       4  621518 1852520  4104338 11470204 9977956 4557257 3895854  5603747  3124872  4267461  1911894 3657016 10567140
             128       8  831319 1802755  4557257 1420079412842051 5545860 5784891  6406138  6406138  3867787  2066432 4267461 12842051
             128      16  889145 2420455  4596273 1636517314200794 5784891 3445772  7176872  4934216  4759253  2843510 5545860 10779307
             128      32  908709 2140585  6114306 1420079415881078 6114306 3445772  6812590  4557257  5325799  2608629 3759450 14200794
             128      64  895074 2784517  7582312 1420079416365173 6114306 3536566  7176872  4557257  2211113  5784891 5847904 12842051
             128     128  848397 2969325 14200794 1588107814200794 4267461 3982553  6114306  5784891  5545860  2920861 5847904 12842051
             256       4  707430 2371308  6107548 1345445010245071 4572895 5022044  5687020  4054829  4332998  2943325 4197489 11569783
             256       8 1058076 2458168  4496299 1435374412812277 4070199 5810112  6891544  4422226  4840911  3605511 5971678 11569783
             256      16 1190657 2943325  5938650 1607260814164395 4819184 5242734  7314033  5810112  5455847  4132864 1384034 14353744
             256      32  933846 3078337  6398720 1583556914353744 5142301 4070199  7735574  5569035  5569035  3667079 6554972 14953435
             256      64 1168627 2812272  6398720 1607260814353744 6398720 5428265  6107548  4197489  4404088  3879045 5455847 14953435
             256     128  924200 2170027  8271916 1495343512228612  608074 5347168  6936061  6249745  3717869  5242734 4332998  8815202
             256     256 1274008 3770085 12661199 1345445012812277 5810112 4332998  3052087  5810112  5242734  4264168 5971678 13454450
             512       4 1096322 3393590  5624545 11683444 2535981 4163357 5278892  5384786  7540170  3970896  2275345 5453155 11374040
             512       8 1260404 3029721  6174377 14628067 5951911 4871723 5870558  7309196  6551087  4784885  4099771 5951911 14146265
             512      16  932550 3481620  6652558 1462806713109944 5384786 5951911  7435738  7647578  4784885  4420457 6174377 14628067
             512      32 1299295 3393590  5684095 1462806714146265 6246213 6395018  7410080  8394979  5331314  4068701 5067142 13783088
             512      64 1351633 4099771  7309196 1558341714628067 6472112 6156675  2845081  9510316  4961773  4131319 5331314 13438092
             512     128 1358474 3284589  7022379 1462806713872122 5684095 6086873  7211022  8665997  5439343  4701087 2668325 13783088
             512     256 1410215 3913012  6104175 1137404010911694 4068701 5495016  6395018  8394979  4650188  6319739 2187279 12427157
             512     512 1354190 4131319 12427157 1319046912499490 5822804 5760329  5822804  5886650  5822804  3220553 5886650 12797441
            1024       4  878890 2426801  5507740 12071103 9855234 3764854 5096034  5593820  6963241  3696803  3461434 5623115 11368190
            1024       8 1081363 2450338  6364746 1423090212348754 5251818 5652717  7257394  9464330  4720752  4079544 6244448 13643232
            1024      16 1400469 2578312  6059442 1279003712173747 2681328 6093831  7699755  8246774  4995276  3894582 6479979 13305116
            1024      32 1402756 3937426  6355328 1347205312790037 5310258 5096034  4232305 10531896  5018624  3655895 3591693 13818817
            1024      64 1397280 3618930  6479979 1461839313998981 5950309 3738636  5751117  9569770  4570058  2286009 5417427 13305116
            1024     128  740408 2877110  5720477 1101822611132462 4507705 4898425  6327241 13472053  3908759  3748425 5417427 13142265
            1024     256  733454 2120127  6569179 1231335111903823 5472650 5758828  6787181  9240349  5303701  4029784 4162573 10454984
            1024     512 1436056 4282950  6519323  6787181 5564829 3189002 5175871  5853003  8122014  4356809  6317933 4609294  9923546
            1024    1024 1000037 3239514 12790037 1347205313142265 5630486 5782087  5383475  4674510  4451639  4044965 3271594 11132462
            2048       4  944591 2793651  4063729  8531869 2540795 1958129 4623699  5056455  3696494  3136379  2698856 5593112  5521212
            2048       8 1295458 3841986  4540600 1072661510660056 3843705 5785224  6149699  5564129  4276140  1608961 4048407  8600205
            2048      16 1445191 3938881  6503556 1288221513198923 5264067 3644736  6945257  5644567  4310472  3102397 5738844  7999524
            2048      32 1358134 3561619  4223576  529326110607402 4301837 5820505  5006356  5986827  3843705  3117032 4971585  8120522
            2048      64 1462662 3878414  4591569 1013196111626784 4853603 5769681  7969835  8229438  4441984  4240255 4196751  6321679
            2048     128 1282308 4240255  6298503 13639023 8866519 5433896 5884299  8159088 14944066  4994712  2977647 4462754 11851361
            2048     256 1122162 4284671  6092991 1225722712786337 5674397 5884299  5159722 11642543  3999400  3757946 4130162  6922868
            2048     512 1224892 2563543  5800851  9483197 9525260 3324528 5754221  5345969 10240672  4909079  3256469 3901313  6623917
            2048    1024 1134613 3038742  7903836 1170600610903620 5172149 3430751  5868220  5156624  2245848  3150182 5689430  9990553
            2048    2048  871914 1939560  5107566  6020395 6895083 3717289 4540600  3044126  5345969  3683812  3848872 3704465  3150182
            4096       4  970844 2455738  4158963  5013377 5057654 2348643 3295072  5297841  4858827  2620558  1655602 5611025  1881528
            4096       8 1201910 3084464  5127086  5642353 7001316 3306487 5728903  4934183  4284464  2686114  2780901 4681411  5753847
            4096      16 1430725 3513405  6041154  6361016 6032669 3427880 5319164  7489679  7711565  4437172  3546038 5497899  7599002
            4096      32 1309460 3038100  6096896  6780263 9327731 3823862 4676314  7877762  5556581  3462422  2694540 6169144  7185807
            4096      64 1331999 4011358  5625724  3853020 6234064 4180214 4007615  8256354  7146945  4551192  3707507 5171846  6195843
            4096     128 1329422 3027393  5306022  6112079 6724530 4000150 5013377  7380284  5250883  2320724  1322972 4869845  6086096
            4096     256 1293294 2915397  5784846  6989921 4481152 4510565 5513780  6769576  9966244  2710696  2429346 4994430  5611025
            4096     512 1376834 2762123  5961494  5101205 7073381 4244242 5217395  6351609  9636422  3290024  2532855 4971306  5244471
            4096    1024 1090245 3599532  4747386  6370451 6836927 3792628 3737349  4315676  6758923  2184398  2929815 3326978  3237937
            4096    2048 1302708 2940345  3757786  3261295 3486312 2276744 3387995  2624160  4945546  2580797  3657777 3634562  5231694
            4096    4096 1168952 2610602  3653887  3598778 3871253 2426601 4540367  2878275  3077282  2339050  1906796 4128976  3052133
            8192       4  976522 2537683  4166935  5572627 5265210 2561711 4348340  5553712  4277959  2509144  2818958 4313945  4445097
            8192       8 1177194 3120830  6325656  5797345 6068689 3024144 4997921  7407022  5075439  2859307  2358769 5504775  6154564
            8192      16 1266167 3117149  3813593  5692651 5450634 3071452 5060489  7861190  4638315  3515851  3002737 4104220  4116513
            8192      32 1285206 2818958  5104089  6376132 6350207 3538663 5268439  7543623  5278962  3049913  3500806 4102260  3968642
            8192      64 1044756 3754421  4574098  6311712 6395120 3668636 5237920  7500806  5291970  3295327  2763857 4659702  6415419
            8192     128 1228897 3600968  3196312  3372633 3747460 2740709 4461836  7751239  5407741  2935273  2747063 4858693  4917099
            8192     256 1324901 2999853  4890505  5329730 5494212 3523423 5298499  7392679  5050818  2617125  3300391 4543853  5829805
            8192     512 1136843 3723903  4902367  5417973 5221205 3300708 5784656  7080386 12427541  3500806  2667514 4433053  5557305
            8192    1024 1163324 3559928  5282208  5091232 5251529 2794882 5177930  6901200 11589204  3324662  2205685 5142283  5295233
            8192    2048 1056221 2280643  5524246  5155399 5326425 2500562 3660429  2612350  5107124  2655557  2815032 3272728  3249514
            8192    4096 1064302 1909956  4266803  4238381 3494753 2663172 2624722  1720584  3685162  2302344  3342125 3347660  3526677
            8192    8192 1033692 1916240  4378260  3451919 4069706 2563240 3405054  2011363  4185717  2585031  2361363 4079369  4347789
           16384       4 1048227 2700514  4659640  5448389 4455994 2383460 5074242  5979347  4529718  2519060  2592424 4920199  5281723
           16384       8 1176163 2670085  4724349  5942635 5498083 2830663 4975415  6992351  5345404  3062528  1489471 4697224  5925724
           16384      16 1241391 3427609  4655852  5839120 4056446 2528421 5069376  6820923  4319315  2699984  3467562 5718614  5777267
           16384      32 1248768 2915819  5368371  5368371 5828720 3416193 4820455  8063011  5570732  3336090  3021193 5368371  6270136
           16384      64 1241481 2798730  4544997  6298872 6108503 3515097 4575257  8655057  6395004  3424023  3570992 5607095  5966368
           16384     128 1282898 3800686  4797571  5758869 4687931 2987049 6077171  8650699  6187150  3041922  3072798 4954252  4624209
           16384     256 1337792 2841431  4697224  4890785 5948808 3827998 3021724  7613666  5984033  3115426  3293243 4943916  5052231
           16384     512 1299811 3767348  6029713  6075022 6068584 3674483 5321396  6590022  5256271  2724281  2560356 5915013  5975188
           16384    1024  832480 2361834  5822300  4786543 5252655 2880497 5783588  6962596  7805655  1856289  2123934 5284972  5227880
           16384    2048 1129626 3035740  5421738  4076660 3899905 2355035 4440158  3759516  3483028  1618192  2447553 3028516  3816517
           16384    4096 1099374 2688155  3501664  3585150 3580481 2613026 2695641  1999530  3736418  2295024  2389760 3501664  2664908
           16384    8192 1312071 2284495  3610390  4266486 3686903 2836505 3154902  2177850  3979399  2446072  2422616 3246261  3694236
           16384   16384 1185783 2440685  2973992  3573406 3630417 2731211 4314976  2655024  3015625  2370306  1943764 2058035  3094244
           32768      64 1123768 3135384  5228637  5351607 6095176 3452823 4824483  8544113  5480720  3142337  3309883 5294502  6306331
           32768     128 1329971 2890117  6016991  6132709 5922355 3414394 5983982  7565805  5027983  2594861  3328077 5634174  2535829
           32768     256 1186303 2753415  4428685  4556268 3709372 2000980 4441422  6455319  5390438  3173977  3171194 5499800  5948243
           32768     512 1477301 1031871  5248003  4613313 4560653 2932293 5014225  5200543  4604195  2659072  2666449 4675779  4973040
           32768    1024 1504485 3376396  5165168  4766260 4852418 3220762 3989310  3830324  4639476  2189361  1875024 5896692  4246162
           32768    2048 1257311 2916859  3713983  3842854 3908312 2346784 4915766  2640882  3027035  1611415  2257063 3063607  3186930
           32768    4096 1204930 2225630  3060400  3265994 4431683 2572664 2416517  2354704  2711907  1618818  1698081 4122244  2926735
           32768    8192 1320806 2637031  3512834  3637702 4115578 2502675 2996937  2325461  2790196  2053141  1797485 4394277  4183349
           32768   16384 1079384 2374475  3589814  3547470 3803190 2549234 4310349  1901695  3115483  2064397  3269568 2804315  3036935
           65536      64 1084135 3496916  6549576  6386152 5596640 3112901 5886565  8003012  5824942  3027763  2749554 5846251  4852744
           65536     128 1354553 3345567  5179163  5964222 6043556 3524943 4870802  7460019  5023096  3387039  2854338 5056731  5244579
           65536     256 1164214 3573750  4743133  4382773 3889388 3576726 5897173  7366851  5878634  3279430  3083187 5466420  5705725
           65536     512 1146835 3327706  5038472  4640009 5021903 3551494 5470881  5417508  5026218  3067874  3001971 4465579  2278652
           65536    1024 1179344 3478198  4307296  6065828 4299952 1678819 4254232  5605656  4313853  1713448  2878911 4192653  6036787
           65536    2048 1157917 2474932  4545479  3288492 3352586 2119535 4995527  4025815  3333477  1584138  2180829 5008087  3323482
           65536    4096  953461 2394264  4170769  4357206 4362947 2724535 2979034  2791721  3159450  1803852  2088391 2899959  4089848
           65536    8192 1141923 1258588  4070347  4371133 4364124 2651577 3486492  2829714  4258648  2064456  2025020 2769779  3213976
           65536   16384  932406 1586333  4259440  2815483 3053730 2549632 3343695  2525945  4318122  2220575  2320666 2958896  3281387
          131072      64  757992 1024849  5837858  5352515 5739968 2921935 5541457  8080389  6002565  2054971  2481297 5789901  6104883
          131072     128 1209129 3078832  5583272  5695074 5792952 3070390 5735177  7636472  3227027  2788532  2819176 5668765  5927874
          131072     256 1325352 2966845  5466084  5475938 5142287 3035835 5366727  7272498  5477521  2850265  2853549 5284954  5701039
          131072     512 1214407 3042034  5536044  5605703 5393686 3078677 4223763  6549327  4979951  2854409  2091655 5487855  5608562
          131072    1024  970883 2424076  5500704  5404609 5435979 3033858 5511844  6452017  4548255  2411042  1914832 3226080  5370712
          131072    2048 1194745 2402749  4760375  5042206 5277750 2548849 4717848  3906657  3070098  1851429  1727407 4270286  4938837
          131072    4096 1124020 2269413  3952836  4180531 4129161 2259470 3962380  2328015  3891696  1783122  1835972 3910158  4082340
          131072    8192 1148293 2298091  4089872  3055866 3275245 1972700 3776422  2733338  3901999  1865610  1965773 2197205  3982502
          131072   16384 1165705 2086899  4088716  3884409 3791607 2370671 3499449  2816749  3841711  1988951  1975436 2980808  4148136
          262144      64  122850  120970  5481557  6147990 5954964   84036 2786601  8086142  5957126   125056    95371 4750725  6186143
          262144     128  130748  109217  5173957  5906944 5698522   59632 5404019  7938723  5602098   127221   118521 5101176  5829680
          262144     256  114985   99637  5168145  5534784 4473054  100926 5068326  7211292  5411387   123073    93259 4999693  5581821
          262144     512  103934   99067  4360635  5093354 5630989   76030 4008561  6536782  5273138    95060    94097 1344273  4376360
          262144    1024  107896  117647  4718229  5154940 5659423   89705 4657352  5176320  5345510    79322    68202 5205508  4033856
          262144    2048  105664  106294  3949681  4872840 4611314   82254 3226703  2425845  3536933    83049   103978 4354832  4820330
          262144    4096  116569  101087  3934671  2909639 3291943   84051 2499254  2362550  4045939    83785   120947 3696697  3968398
          262144    8192  119409  117081  3953914  3976522 3800293  129004 2645837  2752399  3992985   140953   126102 3961678  4217377
