	Iozone: Performance Test of File I/O
	        Version $Revision: 3.420 $
		Compiled for 64 bit mode.
		Build: linux-AMD64 

	Contributors:William Norcott, Don Capps, Isom Crawford, Kirby Collins
	             Al Slater, Scott Rhine, Mike Wisner, Ken Goss
	             Steve Landherr, Brad Smith, Mark Kelly, Dr. Alain CYR,
	             Randy Dunlap, Mark Montague, Dan Million, Gavin Brebner,
	             Jean-Marc Zucconi, Jeff Blomberg, Benny Halevy, Dave Boone,
	             Erik Habbinga, Kris Strecker, Walter Wong, Joshua Root,
	             Fabrice Bacchella, Zhenghua Xue, Qin Li, Darren Sawyer,
	             Vangel Bojaxhi, Ben England, Vikentsi Lapa.

	Run began: Fri Oct  4 15:10:48 2013

	Auto Mode
	Command line used: iozone -a
	Output is in Kbytes/sec
	Time Resolution = 0.000001 seconds.
	Processor cache size set to 1024 Kbytes.
	Processor cache line size set to 32 bytes.
	File stride size set to 17 * record size.
                                                            random  random    bkwd   record   stride                                   
              KB  reclen   write rewrite    read    reread    read   write    read  rewrite     read   fwrite frewrite   fread  freread
              64       4  500060 1168097  3363612 1597288510402178 4018152 4564786  3738358  4564786  3588436  2467108 2892445 10821524
              64       8  598110 1421755  6421025 1290201710821524 4564786 2662899  5860307  5283570  3057153  1780008 5860307 12902017
              64      16  712397 2662899  7100397 2096219115972885 4988978 4018152  4018152  7940539  2561267  3363612 4897948 10821524
              64      32  760859 3203069  7100397 2096219115972885 5283570 4564786  4564786  6421025  3057153  4643754 4897948 10821524
              64      64  659861 2358717 15972885 2096219115972885 5735102 3057153  4564786  3791156  4564786  2444640 3541098 15972885
             128       4  479432 1710838  3657016 12542043 9977956 4557257 5122535  5325799  4104338  4135958  1939522 3468030 11720614
             128       8  198781 2367096  6406138  440760112842051 5325799 4934216  6406138  1074159   283188   819893 5545860 14200794
             128      16  847059 1997245  3759450 1588107811470204 2727923 3359523  3759450  7082197  3359523  4135958 5847904 15881078
             128      32  908709 3560017   406164 1863766414200794 5122535 3359523  2858650  4759253  5122535  4267461 4596273 14200794
             128      64  870405 2326073  3759450  2727923 7582312  816154 3359523  1504659   848397   853794  2367096 3867787  5122535
             128     128  429563 3560017 11470204 1636517314200794 6114306 4934216  6406138  2511022  1196221  4135958 4889281  7176872
             256       4  865358 2563818  5841722 12228612 9778562 4496299 5117791  5117791  8534922  3705040  3197509 4734192 10651598
             256       8 1132871 3236056  3052087 1222861212812277 1814348 5320671  7120034  8271916  4350555  1938842 5971678 15164624
             256      16 1070737 3823789  5687020 1416439513454450 5320671 5810112  6936061  9114515  4929815  3326279 6398720 14953435
             256      32 1266495 3123106  6936061 1345445015164624 1254656 5687020  6761355  1506359  2486631  4572895 5971678 15835569
             256      64 1243036 3368013  7518900 12812277 1579483 5938650 5687020  7073132 11091721  5117791  4819184 6107548 14953435
             256     128 1262029 3410808  8534922 1281227714164395 5569035 5810112  6761355  7518900  4197489  5938650 5428265 14353744
             256     256 1306564 3511189 12812277 1266119912812277 5687020 5841722  6249745  5841722  6249745  3879045 5687020  7965107
             512       4  904658 2347475  5822804 12215097 9681823 4000485 4927617  5509113  5822804  4331300  3388236  949875  9681823
             512       8 1245780 3239989  6491676  275387012215097 5067142 5699180  6843354  8844453  4522868  4061007 6174377 14146265
             512      16 1276891 2708713  5684095 13783088 9681823 5067142 4610256  6909408  8265729  4610256  3304808 5331314   144759
             512      32 1270846 3628697  6395018 1424006913438092 5566231 6035551  7309196  9304292  5331314  4532414 5278892 13783088
             512      64 1365383 2535981  6551087 1547114914240069 6736026 6018636  7513788  3659616  5398323  4271001 6472112 13783088
             512     128 1510391 3684733  5331314 1343809212797441 4973263 5870558  7435738  7988981  5886650  5067142 3409755 13438092
             512     256 1442420 4411377  8265729 1310994412797441 6395018 5951911  6319739  7871843  4000485  2187279 5164632 11138071
             512     512 1365383 3634839 12797441 1352271113109944 6174377 5886650  4973263  5886650  5760329  4494470 5331314 11620224
            1024       4 1171629 2480051  5690162 11249091 9381637 4199201 4805258  5564829  7113161  4162573  3643490 5623115 10662628
            1024       8 1257748 2910252  3461434  800097111132462 4079544 4720752  6733974  7319232  4079544  2173780 5417427 13102174
            1024      16 1360111 3506651  6128613 1279003712173747 5444898 5417427  7113161  8061038  4629166  4249053 5390231 12790037
            1024      32 1130014 3458646  5356618 1347205313142265 5782087 6172653  7369466  5417427  3481072  2128533 4995276 12313351
            1024      64  720655 4079544  6650556 1399898113472053 6479979 6163794  7644933  9655828  2753527  2751762 5751117 13686709
            1024     128  973516 2600164  5623115 12348754 5169641 5950309 5821271  7208671 12492426  3618930  4550690 5813392 13142265
            1024     256  740408 3345496  6093831 1190382312348754 4570058 4995276  4195100  8822754  2031864  4415030 5200941 12037272
            1024     512 1150600 3010197  7113161 1263947912492426 5601115 5018624  3170172  2592318  2751762  4629166 3894582  9220512
            1024    1024 1097669 2918161  8457895 1234875411018226 4810640 2444759  1796451  1164956  1510288  1497127 5169641 11018226
            2048       4  883573 2737561  5306340  9189005 8749118 3245396  342422  1177702   654530  2280429  2980747 5056455  9111033
            2048       8  746120 1670606  4531020  8190205 4633675 1210394 5389574  7213548  4231899  3131805  2070459 4128177  6629029
            2048      16  692356 2994254  3454204  5868220 3857514 1943069 3777778  3525079  5277002  2220880  3204236 5640860 10192069
            2048      32 1232272 2738433  3102397  6280083 6588354 3006831 4259178  4960102  4154130  3302797  1870302 4321315  8540351
            2048      64  677236 2228370  5420181  975236010401883 3318107 2592166  2868277  3574960  1281543  2273187 4875642  6080053
            2048     128  942932 1427182  4240255  1482862 5535444 3065856 4073364  4581773  8793903  2482779  1565562   27539  4186524
            2048     256  243404 2214011  4550221  4911886 6802261 2566606 4274012  4462754  7503399  2525110  2403581 4248644  5447681
            2048     512  874043  256770  5507054  6440169 6732948 3230749 3848872  3962502  2011785  1099327  2629459 4079167  5264067
            2048    1024  571907 1039087  5655716  5184636 4875642 2556676 4038890  3418463  4154130  2303669  2622235 3286370  4138120
            2048    2048  528910 1906837  3230749  3489282 3052781 1816896 4945823  4096676  5006356  2153510  2107025 3135234  5303064
            4096       4  795003 2620558  4067390  4597474 4125010 2200909 4713521  5808315  6032669  3376675  2261757 3734100  6096896
            4096       8 1358113 3271230  4083827  5728903 6096896 2817385 4836939  6379914  4380601  3743865  3180393 5818150  6058196
            4096      16 1448823 3706707  5113352  5461198 5257310 3075079 5353976  5851841  4740836  1765513   763454 5038371  7146945
            4096      32 1471911 3376675  6103394  7683972 9312562 4262142 5944991  7364466  4541567  2989984  3063563 5299475  6309619
            4096      64 1322056 4166022  4910209  5025108 6490793 3387995 4510565  8066402  5642353  3945943  2789933 5894001  7670249
            4096     128 1451884 3500519  3789282  5843879 6826060 3445064 4644707  7185807  5526195  3713919  2727047 3222752  3677350
            4096     256 1323890 3886139  3240380  4824714 2719708 2698349 5596402  5490871 13423810  4137927  2832715 3065750  3324403
            4096     512  978976 2789933  4476482  6379914 7274040 4161985 4669958  6300364 10867793  3709909  3309035 5397712  4087714
            4096    1024 1061153 1951413  6490793  6780263 6828774 3571100 5353976  6672297 10136778  3806071  2632201 4977067  6022095
            4096    2048 1033822 1328600  4941279  2684436 3105091 2191643 5020702  3546038  5936773  2727047  2771480 4370571  4188367
            4096    4096 1082209 2594046  4592558  4586428 4395170 2863881 4414369  2763900  4404184  2276744  2319157 2775061  2929815
            8192       4  755511 2776139  4320454  3696660 3477070 1982581 4354953  4316113  3644124  2396777  2572066 4844991  4636437
            8192       8 1094614 1682090  3725115  4190311 5432536 2285042 4949683  6325656  4893290  2771437  2223671 4087619  4500997
            8192      16 1199929 3405054  6302451  6390362 5974769 3183872 4879393  6848927  5056765  3025209  2824752 4551075  4568624
            8192      32 1252185 2761857  5572627  4867641 4974045 2941555 5789530  8007759  6364322  3766356  3703433 6281710  5343822
            8192      64 1455624 2625525  5576245  6211306 6753351 3731993 5013966  6660405  5257958  2936276  3170359 5414558  5645881
            8192     128 1419542 3951754  5626466  4506310 4346140 2316625 5494212  8216483  4546258  2806524  3757706 5630154  4503356
            8192     256 1355210 3035364  5876668  5993529 6117309 4295608 4240474  7466577  4745947  2801719  3095805 4061528  4495696
            8192     512 1250681 2755434  6022946  6086965 6178913 3745826 4620228  5736369 12320592  3676880  2903769 5056765  5676663
            8192    1024 1084628 2285194  4729615  4890505 4729615 2522221 4667931  6781341 10849967  3046668  2874376 5396699  4257814
            8192    2048 1039981 1296603  2906963  3794222 2942563 2409382 3695070  3552199  2713438  2712581  1988893 4617744  2717085
            8192    4096 1023348 1727157  4447398  3853368 4461836 2474806 3200182  2800577  2847459  2035311  2507496 2310239  3584813
            8192    8192 1015995 2212217  4376030  3613465 4061528 2638428 4257814  2552007  4392252  2544071  2318657 3266505  4362141
           16384       4  862131 2634564  4395850  4735092 4306053 2471496 4410238  5797739  3251329  2365248  2894206 4181846  5094556
           16384       8 1184495 2708924  4914218  4703976 5253057 2318720 5152232  6954141  4269933  2428695  2605991 5839120  5599785
           16384      16 1432765 2931992  4736724  4924430 4148773 2497182 5056693  6320888  6028127  3385228  3305282 5732926  5762733
           16384      32 1223598 3406202  4833339  4314976 4547403 2676220  959530  6208391  2454108  3271607  3109505 4688891  5333373
           16384      64 1325458 3110068  5895729  5929815 6335457 3895263 6043501  8554853  5710535  3437038  3119103 5492809  5618556
           16384     128 1248790 3485148  6196634  4008882 5774840 3792506 5616719  7307624  4604688  3019467  2378593 5516621  5357907
           16384     256 1164385 3343719  5438041  3404177 3464590 2571278 4533603  7447000  5929815  2976827  3004155 2997995  4662486
           16384     512 1251725 3689278  4624209  5064519 5494127 3944225 5851550  7252863  5984033  2979925  2425096 1313550  5864034
           16384    1024 1117302 3295928  4299318  6136321 4277641 3642348 5288633  1806799  9781010  2226395  3052054 5448821  2637497
           16384    2048 1086975 2149041  3061846  4213900 4554938 3095917 4553731  3297826  3406202  1730628  2317391 3210019  4871715
           16384    4096  672633 2697334  4430425  4443891 4437864 2702745 3521943  2417588  4095123  2577740  2021469 2699560  2803525
           16384    8192 1312923 2346271  3011792  3498633 2638712 2044930 3673501  2097036  2817549  1861216  3227205 2632344  2686368
           16384   16384  749396 2329252  4448494  2948852 3488864 2253629 3091321  1120344  4165623  2186860  2363540 2891162  3985399
           32768      64  943263 3563289  3138964  3138964 2245301 1352375 5716665  7958798  3311558  2422608   960965 4561864  5237803
           32768     128 1088308 3132954  5896692  3455774 3476755 2393580 4853789  6514680  4303061  1616495  3174270 4496199  4814006
           32768     256 1205501 3332838  5303082  5862984 5913691 3407959 4395401  5970724  2099144  2604154  2931230 4397229  4413751
           32768     512  628172 2961420  4267786  4665145 5544395 3328721 4122244  6156057  5311690  2453793  2844242 3934718  2675793
           32768    1024 1383203 3162292  4984402  5363930 4090955 2463734 4449186  4711362  4902614  2695208  2690091 5128739  5217125
           32768    2048  893831 2616648  3345087  3489998 3126682 2081027 3988731  3584384  2899017  1456556  1952818 4403710  4649993
           32768    4096 1135767 2011552  2872119  3132097 1573035 1773250 3257248  2424232  2412572  2065173  2151288 3080844  3996502
           32768    8192  869455 2546448  4120143  2663400 2048887 2155066 2858083  2677566  3395666  1897520  2288596 3251468  2773921
           32768   16384  523726 2232463  2997459  3167832 4413326 2771348 3633182  2284108  3568377  2113378  3033516 4348122  4316711
           65536      64  815245 2733286  4901723  6007497 6028578 3357582 5647231  7366851  5325563  2641512  3234588 3820677  5659906
           65536     128 1043137 2307052  3813310  5310849 5179846 2578112 3570825  5158267  5019152  1074132  1513879 3893300  4549843
           65536     256 1217713 3322799  4132209  3757533 5471752 3657538 4330367  4677832  3589430  2101853  3186923 4469791  3785581
           65536     512 1380464 2913483  3758253  4409348 3781207 1780426 4334943  7055241  5120790  1783140  2444536 4537226  5254203
           65536    1024 1186404 3212548  4183910  3899983 4545780 2119731 5134852  6314270  4429313  1763951  1908996 4489062  1454736
           65536    2048 1063946 1542820  2625440  2591701 2731684 2069539 3107446  1637778  4231442  1233666  1109802 2442820  2674487
           65536    4096 1109180 2066598  2301200  4063007 3021207 2005561 2595984  1663438  2205342  1206966  1358711 2965407  2994677
           65536    8192 1094107 1639830  2525759  2256986 2378643 1836316 2609935  2014882  1706089  1913181  1258299 2608004  3762986
           65536   16384 1075082 2333809  2220431  2604347 2586774 1862874 2541945  1698971  2626896  1911611  1592149 3290973  2766155
          131072      64 1037766  264366  5712947  5319266 4847686 2651025 1807368  6513246  5090152  2607568  2699290 4950801  4662827
          131072     128 1187342 1774964  5363900  4802753 4993385 2562906 3618676  7964958  4479399  2115293  2453611 4755187  5442059
          131072     256 1173398 2881141  5118016  5212447 4905783 2883998 2582700  5089586  4916224  2572765  2319813 4302536  2260287
          131072     512  981586  290825  4166969  4999697 4882343 2673028 4886943  6644634  4885467  2278914  1556157 3537709  4337980
          131072    1024 1009652 2515344  4477283  4282160 2675486 2519160 2401426  2059521  3804464  1769542  1719766 3644246  3851885
          131072    2048  693316 1622699  3142381  3396074 3306050 1792558 2985551  2440681  3211832  1516560  1015252 3378397  3449171
          131072    4096  918146 1700068  3257256  3146319 3347682 1878012 1943130  2168201  3190026  1386595  1372396 2851921  3323237
          131072    8192  926101  737590  3070458  3007963 3048410 1861182 2394659  2123037  3181129   300904  1270471 2422495  3095562
          131072   16384  729100 1768802  2737912  2902329 2431721 1607553 1842167  2388946  3290299  1658049  1622498 3122019  3292270
          262144      64  120297  149945  4380894  3716565 4655459   66958 4178860  4143193  4602396   113328   106315 4150340  4661005
          262144     128  119000  107242  4135806  4414011 4010155   85851 1598183  5963265  3141248   102892   107749 3172929  4706112
          262144     256  111683   79328  4132480  3862613 3736317   80430  733226  5458128  4402452   100626    89076  986657  4293293
          262144     512   95856  106935  3411646  3286580 3423139  107977 3990565  4394200  4614565   115552   106561 1283641  4265909
          262144    1024  108958  101699  3885738  4296867 4058020  101265 3955820  5102052  3491479   109210    96902 3188091  4321898
