	Iozone: Performance Test of File I/O
	        Version $Revision: 3.420 $
		Compiled for 64 bit mode.
		Build: linux-AMD64 

	Contributors:William Norcott, Don Capps, Isom Crawford, Kirby Collins
	             Al Slater, Scott Rhine, Mike Wisner, Ken Goss
	             Steve Landherr, Brad Smith, Mark Kelly, Dr. Alain CYR,
	             Randy Dunlap, Mark Montague, Dan Million, Gavin Brebner,
	             Jean-Marc Zucconi, Jeff Blomberg, Benny Halevy, Dave Boone,
	             Erik Habbinga, Kris Strecker, Walter Wong, Joshua Root,
	             Fabrice Bacchella, Zhenghua Xue, Qin Li, Darren Sawyer,
	             Vangel Bojaxhi, Ben England, Vikentsi Lapa.

	Run began: Fri Oct  4 15:10:47 2013

	Auto Mode
	Command line used: iozone -a
	Output is in Kbytes/sec
	Time Resolution = 0.000001 seconds.
	Processor cache size set to 1024 Kbytes.
	Processor cache line size set to 32 bytes.
	File stride size set to 17 * record size.
                                                            random  random    bkwd   record   stride                                   
              KB  reclen   write rewrite    read    reread    read   write    read  rewrite     read   fwrite frewrite   fread  freread
              64       4  491815 1452528  4564786 1597288510821524 4274062 4274062  4564786  4274062  3791156  2537060 2772930 12902017
              64       8  460591 1947927  4564786 2096219112902017 3057153 2662899  4564786 10821524  3738358  2772930 4897948 12902017
              64      16  621657 1562436  7100397 2096219115972885 3363612 3057153  5283570  4564786  4274062  2203800 3588436 10402178
              64      32  842003 2561267  7100397 2096219115972885 5860307 4274062  5283570  6421025  2923952  1991276 5389653 12310336
              64      64  725882 1722886 10821524 1290201712902017 5860307 4897948  4897948  5735102  4564786  3791156 3738358 15972885
             128       4  785122 1802755   288360 12842051 9977956 3560017 4596273  5122535  8036304  3124872  2558895 5325799 11720614
             128       8  841746 3468030  6727225   82620212842051 5122535 5325799  6727225 12542043  3468030  3867787 4267461 14200794
             128      16 1085013 2985839  6114306 1254204314200794  520321 4407601  7082197 10567140  4934216  1878447 4717434 12842051
             128      32 1085013 3199360  7476717  9977956 9129573 3560017 4267461  1172704 11720614  5545860  4557257 4717434 11720614
             128      64  805138 4135958  8548124 1801235915881078 6114306 5122535  1142750  7082197  3199360  6330599 5325799  2985839
             128     128 1155043 2660335 12842051 1863766415881078 6406138 3759450  3867787  5545860  6045455  4267461 4407601 14200794
             256       4  534517 2754556  6107548 1345445010651598 4572895 3879045  5687020  2639446  4197489  2719671 1775350 12228612
             256       8 1058076 2842047  1778290 1607260813454450 5428265 5687020  6891544  8815202  4132864  3879045 3879045 12228612
             256      16  766517 3705040  5971678 1516462413454450 1938842 5022044  6554972 13454450  4734192  3935921 5841722 14164395
             256      32 1152323 2880164  6936061 1495343514164395 6073004 5117791  1506359  8534922  3879045  3605511 6398720 14953435
             256      64 1185399 3159869  7314033 1495343514164395 5810112 5347168  1453348  8271916  5569035  2345409 5455847 14353744
             256     128 1058076 4070199  8534922 1607260813454450 6398720 1219045  7120034  8271916  4264168  6073004 6107548 14164395
             256     256 1262029 3717869 11569783 1120749411695808 5347168 5242734  5217259  5242734  5117791  4264168 5687020 12812277
             512       4  661414 2712134  5177083 11877300 9145790 3736016 2317080  5439343  6843354  3849877  1695195 2370799 10641343
             512       8 1125040 2753870  6156675 1310994411138071 4742616 4340054  6736026  9997331  2548017  2891043 5886650 13109944
             512      16 1242896 3580298  2942541 1343809212499490 5639315 6035551  7540170  6931711  2651850  3259661 5951911 12797441
             512      32 1139970 1700565  6472112 1378308813109944 6018636 2535981  7513788  2753870  3736016  3459188 5115422 13438092
             512      64 1248678 3388236  6491676  2474613 8362289 5684095 5331314  7435738  7540170  2708713  4610256 5951911 13438092
             512     128 1043072 3768799  3366987 1279744112215097 5384786 5384786  4827914 10911694  4784885  4827914 5127637 12797441
             512     256 1017858 4131319  7988981 1187730012215097 5870558 5760329  6319739  5439343  3239989  5384786 5744919 12499490
             512     512 1020276 1968713 11620224  914579012146009 2089386 5744919  6246213  5822804  6104175  2327124 5495016 13109944
            1024       4  848337 2444759  5917516  5751117 9923546 4162573 3712781  5390231  7113161  3722435  3291652 5472650 10557785
            1024       8  912695 3808251  6441107 1442204511398360 3567824 3764854  7113161  4304412  4789183  4110780 5853003 14044758
            1024      16 1072185 4211554  6059442 1442204513142265 4920874 3818408  7644933  8122014  5219904  3191372 6025439 13643232
            1024      32 1182272 3618930  6016997 1177330111520658 4995276 4810640  6787181  8593274  4317393  3751699 3170172  3908759
            1024      64 1283303 2156318  6441107 1442204513818817 6016997 5564829  6244448 14871477  4949226  4146499 5065980 14230902
            1024     128 1087111 3003881  6102490 13264026 5853003 5885083 5564829  7699755 11249091  3110479  4614246 5813392 13818817
            1024     256 1244266 3369115  6559147 1294422412790037 5950309 5782087  4249053 10134284  5536137  2918161 3764854  7883484
            1024     512 1023145 1957770  5751117  6059442 9485232 3390391 5507740  6059442  8122014  3643490  5120336 4512441  8988941
            1024    1024  815323 3955557 12944224 1347205313102174 5845038 3241960  4488860  3553066  5782087  3284101 5991815 12944224
            2048       4 1013345 2409650  5852228 10780463 9990553 2151353 4385291  5659442  5564129  3372826  2280429 4796687  9179186
            2048       8 1143524 3757946  6303124 1432119512710657 3374151 3908414  4385291  8784909  4728042  2467800 5521212 10660056
            2048      16 1364390 3542524  6503556 1348909813198923 4223576 4842658  7670915  8574451  4104506  3250308 5376082 10607402
            2048      32 1354493 3519302   979489 1241668613118295 4886737 6097316  7698414  9101380  4081105  3195891 3131805  4204968
            2048      64 1316907 2453001  5521212 10889797 6189580 4204968 5020987  7789164  4257067  3799501  3779440 5735012  9483197
            2048     128 1242072 3799501  5785224  921858910240672 4204968 5735012  4886737 14017386  3517861  3024831 5769681 10084382
            2048     256 1244231 2763987  6185123 1185136112805399 4900677 3841986  6990474  7135648  4540600  4231899 4550221  7262337
            2048     512 1181103 2631876  6670210  4923146 4038890 2942962 5655716  3743207  5626082  4240255  3447273 5900467 11072275
            2048    1024  966920 2026020  4697018 11502234 4751580 4764758 5535444  6007763  7874853  3771144  3580921 5800851  4643695
            2048    2048  848740 3482209  4023754  4611288 4531020 3084572 4284671  3012103  3219850  2585923  2963266 3704465  4796687
            4096       4  846599 2919360  4395170  4971306 5835938 2799480 3792628  5640500  4289813  2494606  2351214 4108241  4671228
            4096       8 1209355 2505520  6013663  4819300 6941906 2983234 3996428  6066754  4137927  2955520  3233063 4586428  4801789
            4096      16 1257971 2929815  4887857  5278308 5953231 2743158 4408705  5278308  4591331  3065750  2844440 5728903  5902100
            4096      32 1348730 2962145  5238075  5490871 6321227 3325046 4612286  8093001  6094733  3859945  2888438 4432592  6542703
            4096      64 1101428 3611639  4083827  6204794 5996870 3656998 5360658  6398924  5627567  3056478  2807257 5225329  4824714
            4096     128 1246832 1877210  5679660  5706070 6532752 4161985 4681411  6761583  6077484  4019805  1466509 3310948  3625358
            4096     256 1321344 3673419  5746149  6094733 7161842 4334185 4596244  6398924 10867793  2998333  3379997 4079948  4171080
            4096     512 1150555 3689988  3717133  5988509 7209932 4262142 4087714  6131713  6468797  3430618  2463132 4307020  4740836
            4096    1024 1112123 1910613  1817243  2139778 2051130 1104615 2919360  2961635  9353122  3061379  2860543 4971306  5185897
            4096    2048 1198388 1547344  3879120  3269363 4112175 2485223 3462422  3082251  2976515  1662974  2537719 4487004  4718699
            4096    4096  947029 2479484  4302706  4071246 3243439 2576153 3935097  2952980  3527834  2716268  2258189 3670280  3194587
            8192       4  780853 2520556  5464503  5432536 4498640 2388281 4147820  5542066  4622714  2612350  2290220 4476368  4368796
            8192       8 1189502 3156669  5468852  5868638 5069448 2579210 4770989  6380868  5047850  2227274  2723546 3216359  4730266
            8192      16 1327512 2991756  5247519  4341197 5475825 2489871 4228992  6913698  4934754  1707756  1806049 5633847  5447177
            8192      32 1338788 1107920  4095903  4175036 3730372 1908152 3723500  7086227  4773640  2879434  3160444 5123115  4934754
            8192      64 1386322 3048560  5737327  4937591 5450634 3785443 1505302  7900959  5661696  3790873  2866463 4298295  4336814
            8192     128 1194340 3472502  3131639  3291223 3752371 3305789 5062726  7379976  5281396  3056697  3127933 5241915  4488649
            8192     256 1412190 2577662  4357715  5305863 4896777 3698649 4740709  7211152  4648984  3392279  3155510 4995015  4763052
            8192     512 1000230 1648597  5461029  5633847 5618186 3479888 4413692  6632122 12224159  3142235  2399623 3782110  4143818
            8192    1024  684773 2331875  5721087  5126172 4350542 2663172 3481651  3129072  6737460  3226325  1807189 4922735  5288712
            8192    2048  933998 2081802  4264684  4108146 3934558 2544825 2695556  1906882  4937591  2136161  1955612 4160376  4678737
            8192    4096 1177679 1082305  3150591  2774122 2999591 2032783 3424738  2679789  2240783  1079890  2251797 2669379  2710655
            8192    8192 1049735 2376552  2161016  3814017 3726731 2273100 3610427  2438797  3555507  2460099  1893744 3591182  3030813
           16384       4  785501 2525633  4925842  1316091 4384351 2138341 4581663  4840147  4729877  2448338  2616807 3263838  2629423
           16384       8  783397 2869432  4417325  5022690 5168507 2542547 5042592  7242926  5345819  2113222  2448687 5435890  1623813
           16384      16  825342 2172961  3898135  4252230 4883486 2494915 3855055  7383787  4446191  1955824  2807878 5231064  4727274
           16384      32  968209 1506847  4376254  3385061 5118462 2631538 4316331  6912867  1293134  2591544  2650620 3297985  3326723
           16384      64 1206286  445678  4011690  5331717 4174226 3132753 5677040  4134296  3867857  2578514  1732286 4744900  4595758
           16384     128 1268406 2895669  4917031  3734590 4674538 3268961 4924783  7383787  3335604  2787264  2728933 4551017  5612591
           16384     256 1165708 2819514  4723051  4352693 4124866 2942538 5134524  6773190  5610758  3218890  3153744 5139132  4750476
           16384     512 1025223 2746164  4498582  5081746 4418461 3278005 4743590  6660280  3746603  2496456  2866798 4702366  4817414
           16384    1024 1207197 3346487  5085131  5516621 5685024 3374754 4580441  5152232 10316991  2803525  1770444 4596987  4633563
           16384    2048 1055002 1795704  4355176  4498582 4475146 2117063 2508210  1261074  3264923  1804996  2338207 4257763  4398382
           16384    4096 1000184 1463648  2857381  3336900 3459358  961504 2423984  2248982  2839084  1863285  2342272 4039516  4186942
           16384    8192 1166361 1243098  2719322  1079462 2712132 2238798 3409075  2509035  2273010  1706307  3028516 3998152  3355311
           16384   16384  891259 1805186  3102346  2944177 3066354 1644328 2953668  2420398  3658637  1396884  2333206 3482146  4192306
           32768      64 1120196 2776723  5627484  4454521 4919989 2792520 4777360  7826460  4694625  2387966  3010394 3818617  5596548
           32768     128 1230905 3043391  5453103  4426830 2871099 2298394 5138518  7726582  4573248  2587875  3198128 4748311  5246200
           32768     256 1280958 3582422  4380132  5263882 4395401 1710933 5379045  6423940  4365524  2766161  3271202 4211293  4189725
           32768     512 1270561 3414055  4438983  4158792 5114234 2420432 4980609  6200214  5060753  2947006  2897550 5171581  5379045
           32768    1024 1052004 3277130  3804032  4872718 4872545 3209780 4760646  6337153  4208069  1792655  2238572 3349163  3128532
           32768    2048 1094748 1872776  3450049  3744440 2016126 1230773 4512289  1701423  2486421  1870966  2052467 2605981  3698790
           32768    4096 1161490 2280470  2234714  2001213 2522750 2263904 1146779  2395875  1583985  1792935  1351258 3539066  3563289
           32768    8192  419469 2203472  1576300  3632030 2827507 1609585 3660469  2392872  3747401  2252587  1674393 2242700  2686988
           32768   16384  987790 1768367  2739530  3550494 3095346 2479021 2889570  2483905  3943750  1708105  1832572 3283629  4025532
           65536      64 1181681 1464127  5026954  5241179 5554345 3339755 5092896  6627267  5214533  3091753  2903298 3987794  5543479
           65536     128 1204396 2694067  4370855  3802706 3937751 2385206 3570269  3380083  4643693  2749471  3244667 5095728  5149377
           65536     256 1003952 3191919  5146966  4288681 4731540 2838040 3334812  3683663  4638443  2834850  3037163 5244079  5295910
           65536     512  840734 2527408  4154694  4601945 5208703 3276146 4240712  6536493  5242079  2714044  1995124 4223250  3510761
           65536    1024 1124655 2113928  3993646  3686973 3173054 2186363 3383370  1883334  3524988  1981376  2689323 3776220  3993182
           65536    2048  983699 2426732  4232484  3560004 3501058 2147252 3449435  1935326  4290421  1425029  1868128 4702963  2953776
           65536    4096  924043 1360742  2678448  3619395 3135091 1767273 3855997  1865681  3774716  1709516  1747111 3882466  2620909
           65536    8192  828824 1937222  2537487  2643976 4083529 2420194 3914200  2561177  2548048  1818771  1494683 2137101  2373200
           65536   16384  997547 1387860  3357213  3568137 3261143 2085808 4042690  1895581  2655009  1287340  1654149 3205019  3721314
          131072      64  994196 2149214  5672860  4585165 4875286 2198488 5503733  6726832  5101062  2159378  2666506 3950791  5807884
          131072     128 1030122 3075956  4901321  4153087 4664291 2129484 5181301  6724035  4568400  2489353  2722509 5191135  4855607
          131072     256  876982 1343214  4865147  5296257 4908323 3272048 4574444  7367721  5395697  2866718  2642957 2817962  4610969
          131072     512 1311716  731567  5302694  5441628 5174133 2971881 5319060  6887288  5417070  2713090  2456001 3419032  5677312
          131072    1024 1024882  336256  4880003  4001576 2637581 2581742 1420217  6516720  5476211  2182533  2417276 2262203  5475229
          131072    2048 1076911 1830763  3576303  4891117 4339145 2155788 2326616  3746109  4989216  1780119  1812438 4709401  4591943
          131072    4096 1006890  676248  3851669  4093313 3971655 2210395 4007439  2876528  4057693  1881734  1148675 2846119  4074474
          131072    8192 1155959 2276583  4015811  4063512 4044945 2062016 3800729  2798539  4056436  1507544   960235 4021216  3925122
          131072   16384 1161182 2345306  3562514  3259612 3316020 2125820 3611307  2710562  4083493  1948702  1417010 3395906  3709833
          262144      64  110346   84417  5718170  6157665 5764186   86426 1557033  8309124  4615863   110847   116825 5161522  5296252
          262144     128   70311   71245  5457586  5644547 5301206   60315 4510931  8116645  5462602   113179   110900 4113602  5745000
          262144     256   94164   80153  4980601  4147773 4823354   79345 3956945  6880772  5476615    94204    72447 4732098  4268674
          262144     512  100778   65941  4791238  4057151 5039197  109128 5249698  7178289  4967101   108842   104052 2059794  4725448
          262144    1024  106529   83546  4906961  5588715 5443994   94936 3570181  2469653  4479195    69197    88620 4921589  5491879
          262144    2048   80077  113044  4471617  2956902 3208109   86547 3638251  2487612  4250144    83453    76373 4265627  3154215
          262144    4096  109871   76395  3720728  3451486 3828265  120309 3780289  2666421  4015442