	Iozone: Performance Test of File I/O
	        Version $Revision: 3.420 $
		Compiled for 64 bit mode.
		Build: linux-AMD64 

	Contributors:William Norcott, Don Capps, Isom Crawford, Kirby Collins
	             Al Slater, Scott Rhine, Mike Wisner, Ken Goss
	             Steve Landherr, Brad Smith, Mark Kelly, Dr. Alain CYR,
	             Randy Dunlap, Mark Montague, Dan Million, Gavin Brebner,
	             Jean-Marc Zucconi, Jeff Blomberg, Benny Halevy, Dave Boone,
	             Erik Habbinga, Kris Strecker, Walter Wong, Joshua Root,
	             Fabrice Bacchella, Zhenghua Xue, Qin Li, Darren Sawyer,
	             Vangel Bojaxhi, Ben England, Vikentsi Lapa.

	Run began: Sat Oct  5 00:33:12 2013

	Auto Mode
	Command line used: iozone -a
	Output is in Kbytes/sec
	Time Resolution = 0.000001 seconds.
	Processor cache size set to 1024 Kbytes.
	Processor cache line size set to 32 bytes.
	File stride size set to 17 * record size.
                                                            random  random    bkwd   record   stride                                   
              KB  reclen   write rewrite    read    reread    read   write    read  rewrite     read   fwrite frewrite   fread  freread
              64       4  668072 1421755  5389653 1597288510821524 4274062 2662899  4897948  4274062  3363612  2203800 2561267 10821524
              64       8  681644 1599680  6421025 1597288515972885 4897948 3203069  4564786  5860307  3203069  2662899 3588436 12902017
              64      16  666414 1392258  6421025 1597288510821524 3958892 4564786  5860307  4018152  4018152  4274062 3203069 15972885
              64      32  727850 1421755  7100397 2096219115972885 5389653 4274062  6421025  3738358  4274062  2203800 3791156 10821524
              64      64  889431 1722886 10402178 1597288515972885 5860307 3203069  4897948  6421025  5860307  1879725 3738358 12902017
             128       4  761728 1858934  3536566 10567140 9129573 4407601 2985839  5545860  3468030  3895854  2202044 5603747 12842051
             128       8  881842 3036502  6727225 1284205110567140 4934216 5325799  6406138  6406138  3759450  3036502 5784891  2098744
             128      16  934004 2027414  4135958 1254204316365173 5847904 3468030  6114306  4934216  4267461  3380677 3657016 12542043
             128      32 1185654 3359523  4012317 1863766414200794 5847904 3468030  6406138 10567140  5325799  3867787 5545860 18637664
             128      64 1217930  606082  7582312 1588107815881078 6114306 4889281  5325799  6114306  2985839  3657016 4934216 16365173
             128     128 1102844 3359523 11720614 1588107814200794 5847904 3785961  6114306  5784891  5784891  4104338 4934216 11720614
             256       4 1012194 2975955  5242734 12228612 9868433 4132864 4572895  4929815  4572895  4054829  3368013 4496299 11569783
             256       8 1190657 3159869  6398720 1607260812812277 5242734 4264168  6719046  5022044  4652146  3511189 5938650 11695808
             256      16 1185399 3275543  6398720 1495343513454450 5217259 3368013  6398720  5569035  5022044  3052087 4496299 14164395
             256      32 1254656 2114473  5810112 1607260814353744 6213578 5117791  6073004  5569035  5217259  3511189 4572895 14164395
             256      64 1128110 2783115  6554972 1607260814353744 6107548 6398720  7518900 10245071  5687020  3368013 6073004 15164624
             256     128 1148625 2943325  8271916 1495343513454450 5938650 3879045  5142301  8534922  3667079  6107548 5117791 11207494
             256     256 1325925 3078337 12812277 1345445013454450 5841722 5687020  5971678  6249745  5938650  3511189 5810112 13625180
             512       4 1125630 3122224  6018636 1249949010044089 4485083 4701087  5624545  6156675  4131319  3366987 4061007 10434519
             512       8 1270094 3145087  6018636 1462806712797441 4420457 5019764  7540170  3659616  4131319  4068701 6035551 13783088
             512      16  973118 3239989  3604335 1004408911877300 1789859 4690818  7309196  9510316  5115422  3437042 6246213 13872122
             512      32 1323315 1657257  5566231  284508113438092 5886650 5331314  7758090 14628067  5509113  2651850 5164632 14628067
             512      64 1391933 3510074  6174377 1558341714628067 6472112 2708713  6931711 13872122  4827914  4620174 6156675 15037801
             512     128 1442420 4494470  6909408 1462806713522711 6395018 5699180  6931711  9145790  5398323  5019764 6018636 14240069
             512     256 1316016 3970896  8265729 1310994413109944 6174377 5886650  6736026  6104175  3768799  5822804 6018636 13190469
             512     512  872320 4000485 12797441 1352271113109944 6035551 5744919  2152206  5951911  5384786  4610256 6086873 13438092
            1024       4 1177088 1851434  5444898 11773301 8822754 2295784 5336651  5853003  6963241  4146499  3271594 5682634 11018226
            1024       8 1267398 3189002  6355328 13514444 4570058 2916180 5390231  7524394  8391792  4966395  3818408 6280976 13998981
            1024      16 1296083 3544270  6559147 1381881712492426 5444898 6128613  7319232  9320560  4995276  3684119 6093831 13305116
            1024      32 1122630 4415030  4654248 1136819010354166 3970183 6235382  7644933  9655828  5251818  4512441 6355328 14422045
            1024      64 1036228 1913291  6733974 1482016114422045 6402699 6025439  8076196  9569770  5479632  4110780 5925680 14820161
            1024     128 1335165 3112733  6208343 13472053 6776473 5048117 5821271  7699755 10454984  5417427  4095102 6025439 13998981
            1024     256 1378445 4232305  6529233 12208350 9946527 5096034 5720477  3472628 10039528  4265934  2672984 5630486 12828238
            1024     512 1501838 3579719  7008693  8474583 8593274 4215688 5630486  6280976  4195100  4674510  4300102 5690162  5720477
            1024    1024 1525848 3241960 12492426 1231335112639479 5363307 5564829  5751117  3821805  3863055  2926114 3481072 12639479
            2048       4 1067230 2763987  3953383 10660056 9752360 3784436 5489457  5359311  8261095  2622235  3477979 5738844 10289741
            2048       8 1201926 3363581  4396514 1028974111320334 2960203 4697018  7393606  9483197  3470953  3806235 4164199 10452512
            2048      16 1261036 4023754  4472047 1198363013038646 4818211 6007763  4697018  5032754  4552633  2632683 3519302 11835033
            2048      32 1087635 3324528  6603549 1392648313926483 3892474 6041567  7761014  8357547  5222461  3319389 4023754 12257227
            2048      64 1295458 2626244  5769681  611032812786337 5306340 6303124  7911115  5403134  5056455  4385291 6440169  8464610
            2048     128 1244231 3297725  5900467  682930112561952 6110328 5785224  7874853 14514788  4897882  4248644 3561619  5953632
            2048     256 1332432 3938881  6243566 1256195212729493 5704543 5147354  6363830  8903279  2589040  4231899 5868220 11246230
            2048     512 1539744 3561619  3199462  4112366 5769681 3709263 4376355  4387531  9567698  3549844  3357009 4469720 11202231
            2048    1024 1463909 2909075  7846081 1198363011015480 5044577 4038890  5359311  5068389  2786401  4481379 4911886  5719737
            2048    2048  969758 2522144  6092991  3757946 5018054 4136128 5197183  4293237  3561619  2993211  2494314 5187767  6459541
            4096       4 1211145 2747106  5184332  5679660 6066754 2338095 4158963  5171846  4541567  3580776  2892815 4639689  5611025
            4096       8 1316182 2940345  4801789  6169144 6351609 2919360 4108241  7701194  6532752  3806915  3540193 3820460  5418140
            4096      16 1229257 3577048  5751920  5402804 8292220 3937802 5382492  7542289  5404504  3065750  3162828 5461198  5151685
            4096      32 1267718 3568133  5418140  7656576 9801354 4249491 4676314  7831080  5192166  3650006  2874423 5271829  6625976
            4096      64 1280378 2796291  4887857  5527974 8788530 4418911 4977067  8158335  4807163  3775126  3612399 5424983  4669958
            4096     128 1331173 3160500  5918366  7012747 8986200 4922872 5826043  8272256  6311938  4307020  4012295 5404504  5265366
            4096     256 1346933 3080040  4638436  5728903 7715028 4746074 5572803  7339297 13476460  4175134  3047802 5265366  5468151
            4096     512 1394152 2862450  5944991  5389246 7770863 3806915 3942321  5633102  8695120  2754594  2519114 5133213  4361695
            4096    1024 1164278 2575767  6490793  7209932 6989921 4271680 4428023  6714018 10018551  3598778  2748864 5382492  4240052
            4096    2048 1095458 2034612  5244471  3537277 4442909 3035953 3988078  3608605  5165626  3047802  2950952 3427880  4442909
            4096    4096 1061678 1947873  4602401  4338563 4644707 2017646 3421735  2552044  3646906  2587405  1872913 2728780  2725317
            8192       4 1015874 2593225  5120061  5062726 4318282 2380669 4413692  5013234  4102260  2341888  2883543 5350479  4738094
            8192       8 1204725 2648597  5826839  4694719 4291316 2377868 5329730  7249187  5502130  3097200  3068160 5288712  5152307
            8192      16 1296799 2871493  4299909  5789530 4867641 3280853 4743326  7976157  5692651  2837582  2819883 5204597  6410631
            8192      32 1290079 3028408  5966469  5191229 5901904 3413171 5680416  7148143  5309142  3211248   762468 5091232  5769116
            8192      64 1327717 3210048  5846669  5842692 6046263 3740525 5333039  7522154  5347148  2988893  3119697 5901904  6450345
            8192     128 1329001 3858994  5928379  5630154 6167822 3732398 4922735  7870194  5351312  3204958  3156959 5673850  4832725
            8192     256 1229249 3293747  4941141  5221205 5468852 3556980 5309142  7373641  6053719  3586684  3176514 4266273  4985593
            8192     512 1303638 3217563  5752696  5357152 4995015 3401682 5389081  6141364 10291026  2238885  2923534 5088216  4986316
            8192    1024 1198547 3308654  5364680  6160081 5281396 3619936 4950396  4371576  8395155  2812037  2863357 4757117  4732873
            8192    2048 1041589 2972345  4271046  3826334 3826334 2299262 3691893  2654531  2810197  1885328  1978244 2748162  3191265
            8192    4096 1229293 2552766  3376942  3515851 3378271 2489149 4218607  2842277  2726139  1902026  2634988 4248864  3650706
            8192    8192 1075630 2684185  3658870  3671773 3594563 2168243 4246763  2791249  3111222  2209372  1958399 3402019  3487658
           16384       4  701965 2451657  4899502  4134296 3887110 2124196 4003976  5591583  4906849  2623501  2510960 4972535  5307422
           16384       8 1244787 3059528  4742281  5386043 4661221 2392922 4757383  6989507  4460622  2890554  3185615 5199794  5742987
           16384      16 1249813  856543  5157259  4491232 4304705 2855838 5273212  6679052  5799696  3087848  2891040 5215976  4062441
           16384      32 1205228 2818011  5878581  4738030 4566440 2969751 5923681  6703812  6101994  3291350  3124350 5280100  6187150
           16384      64 1253277 3796067  4883486  4497405 5288633 3206275 6241661  8471538  5708638  2914336  2889096 5571184  5161907
           16384     128 1291505 2785909  6138514  6171037 6175474 3491877 6032360  7819867  6072875  3642541  3064713 5698696  4689211
           16384     256 1287344 3049887  5443210  4603454 5710535 3705192 5820327  7485124  5434171  3000744  3411105 4838784  5326345
           16384     512  571567 3259194  4936458  4996397 5232657 3281449 4142521  5799696  5915013  3335604  3257185 5156872  5028939
           16384    1024 1340193 3433432  3661951  3903671 4523456 2752213 3984475  5077241 12208535  2668841  3280039 5816386  5915013
           16384    2048 1025024 1913562  2837560  4372634 5036679 3117263 3012320  2821482  6400365  2406160  1742388 4716244  5239439
           16384    4096 1113645 2106421  3021724  3101786 3821824 2340916 2725254  2290511  2976182  1959337  1998541 3331561  3713400
           16384    8192  994539 1851288  3590770  3000220 3416193 2385529 4253283  2798274  2853466  2232470  2841431 3828851  3887990
           16384   16384 1003807 2537383  3398453  2818473 4276842 2210496 3765490  1738333  4392478  2908661  2950498 3521943  3996060
           32768      64 1394798 2869360  6416442  6331898 6322286 3251391 4740613  7438861  3882916  1798378  2859629 6130520  6473257
           32768     128 1355790 2954672  4799716  4528346 4047464 2543526 5734793  8112893  4582244  2996349  3469295 5333332  5246200
           32768     256 1313724 3216992  5734554  5839816 5920059 3523009 5734554  6849411  5276614  2837548  2818520 5441444  4608827
           32768     512 1241871 2808613  5832629  6093014 5403577 3875580 5251412  6569172  5696761  3056725  2555586 4740777  4362198
           32768    1024 1169366 3656282  5360374  4761471 4388384 3229313 4490617  6033368  3528798  1411326  1869566 4190364  4561864
           32768    2048 1327927 2836026  3682241  4633532 2952894 1459929 3265373  4105743  2577924  1451649  2164195 3138677  3109773
           32768    4096 1083776 2624593  4419855  4354597 4455243 2371935 2800201  2610386  1984253  1753902  1497828 4325814  4363860
           32768    8192 1098011 2565604  3093325  3475612 3946128 2437733 2750384  2118297  4376645  2199628  1994533 3013694  2764547
           32768   16384 1322840 2349471  3928645  3745766 3828510 2250706 3744848  2790649  4144120  2099176  3268946 3575712  3551687
           65536      64 1370218 3263776  6184980  5348151 5114406 3162649 4535654  4368147  4996980  2535825  2721838 6476431  5765563
           65536     128 1299721 2951018  4575212  4990176 5009638 2411171 4901723  7043851  5051342  2199413  2662982 4534382  4704009
           65536     256  852179 3063122  2971755  4517243 4373428 2960074 5286438  3637837  4400172  2115018  3351523 4379909  4663863
           65536     512 1159539 2783184  4353066  4332346 4343848 2790417 4751003  5017228  4982126  1921030  3215066 4161298  4123098
           65536    1024 1135470 2213084  5520212  3883179 4226757 1842187 2510557  5034688  3445111  1489491  2936830 3428140  5196297
           65536    2048 1002293 2150780  2779779  2932944 3087655 2544510 2788068  2399448  2999907  1711293  1353879 4771870  4822351
           65536    4096  990251 2263845  2710111  3299585 2685146 1766081 2667971  1758793  2851998  1644519  2019545 2707201  4246215
           65536    8192 1086307 2441627  2663292  3179955 3492872 2432293 3097606  1972192  2921007  2103011  1827089 4033732  3623355
           65536   16384 1197397 2577218  3955088  4017636 4213217 2500235 3985886  2681165  4111688  2400852  2359876 2911786  3243404
          131072      64 1039947 1163965  3443553  5438452 5645538 2363445 5494986  7802403  5628084  2842161  1635293 5831356  5976593
          131072     128 1281437 3112457  5811937  5923339 5921489 2981487 2334480  7965997  5771847  2906119  3067597  412266  5841021
          131072     256 1318419 3206493  5777367  5687415 5330975 3071968 5501254  7215703  5453342  2512700  2563097 4916048  5404131
          131072     512 1245564 3135320  5707727  5722402 5608333 3134033 4693720  4706015  5050544  2125244  2666286 5326636  5522530
          131072    1024 1290931 2910766  5462716  5418459 5292382 3062778 5497788  6952702  5760115  2506971  1619210 5076802  5297788
          131072    2048 1201657 2322233  4577643  4801159 4601591 2401468 4823824  3714897  5030993  1911450  1851560 3491803  3661747
          131072    4096 1143526  646225  3403495  4162331 4005512 2221371 3045573  1879007  3001345  1283385  1797275 2672157  2601620
          131072    8192 1005608 2288467  4099724  3969332 3872725 2055839 4057334  2730894  2672976  1443732  1908054 4013612  3992451
          131072   16384 1038613 2264113  3923861  4006709 3934927 1610341 3867330  2126379  2658447  1579618  1988232 3246120  2734874
          262144      64   82419   76903  4733381  4330954 4157921   62508 5277821  4335822  4545355    79150    72739 1005963  4539538
          262144     128   89933   74686  5001808  5320342 3150771   62375 4082732  7426583  4740647    78727    76782 4601356  4866068
          262144     256   94271   85413  4781653  5599702 5349203   77675 4894749  7095509  5472499    99111   111870 5184008  5629865
          262144     512  106622  106036  4914132  5513829 5454743  106272 5181736  7042336  5546483   113466   115266 2788205  5103638
          262144    1024  114093  104217  5106032  5440465 5576951  114751 5008963  6481639  5552253   116295   110383 4547555  5029631
          262144    2048   87148   73171  4225529  4751833 4475348   97134 4231612  3592696  4378713   131367   104156 4201904  4932916
          262144    4096   83058   74593  2393771  2666964 2941870   81101 2495828  2002247  2567573    78332    90743 2431107  3610107
          262144    8192   80019   89315  2534582  2750719 2817383   74729 3628741  1815652  2824222    93704    86886 2763829  2714241
          262144   16384   78576   78489  2752572  2646372 2449260   84957  797828  1920370  2583695   120994    99102 3490792  3986614
          524288      64   43927   52196  5565811  5935032 5841136   15100 1508503  8017123  5557372    52675    63388 3292503  6013438
          524288     128   65898   63927  5317702  5678550 5260194   16122 5190503  7655172  5337515    62014    75891 5530759  5783268
          524288     256   77456   34061  5324668  5529243 5400526   29376 5200913  7383514  5602866    61576    72591 4143652  5346053
          524288     512   39051   60947  5369380  5616848 5529771   51195 5208600  6959246  5362022    73027    75593 3377232  4114355
          524288    1024   43597   39361  5345689  5584724 5466864   57423 5165399  6562528  5522481    45394    53614 5276489  5516731
          524288    2048   70365   47996  4441916  3972871 4626368   36071 2571512  3403914  4649266    46841    67456 4397942  3809212
          524288    4096   55582   36252  3793304  3967337 3927403   41221 3797509  2620733  3951816    39479    75208 3888540  3928224
          524288    8192   63288   68370  3811529  3678078 2748473   37937 2770270  2696746  3919088    47989    85450 3973237  4112031
          524288   16384   85585   81179  3606600  4028800 4000975   85769 4073119  2785030  4047837    90925    89584 3507763  3466736

iozone test complete.
