	Iozone: Performance Test of File I/O
	        Version $Revision: 3.420 $
		Compiled for 64 bit mode.
		Build: linux-AMD64 

	Contributors:William Norcott, Don Capps, Isom Crawford, Kirby Collins
	             Al Slater, Scott Rhine, Mike Wisner, Ken Goss
	             Steve Landherr, Brad Smith, Mark Kelly, Dr. Alain CYR,
	             Randy Dunlap, Mark Montague, Dan Million, Gavin Brebner,
	             Jean-Marc Zucconi, Jeff Blomberg, Benny Halevy, Dave Boone,
	             Erik Habbinga, Kris Strecker, Walter Wong, Joshua Root,
	             Fabrice Bacchella, Zhenghua Xue, Qin Li, Darren Sawyer,
	             Vangel Bojaxhi, Ben England, Vikentsi Lapa.

	Run began: Mon Oct 28 12:35:46 2013

	Auto Mode
	Command line used: iozone -a
	Output is in Kbytes/sec
	Time Resolution = 0.000001 seconds.
	Processor cache size set to 1024 Kbytes.
	Processor cache line size set to 32 bytes.
	File stride size set to 17 * record size.
                                                            random  random    bkwd   record   stride                                   
              KB  reclen   write rewrite    read    reread    read   write    read  rewrite     read   fwrite frewrite   fread  freread
              64       4  727850 2067979  9318832 1290201710821524 4018152 7293312  2467108 10821524  3541098  3057153 3363612 12902017
              64       8  735831 2662899 10402178 2096219112902017 489794810821524  5860307 15972885  3791156  373835812902017 22737791
              64      16  735831 2801873 12902017 2096219115972885 5389653 9006179  5735102 16983463  3738358  401815210821524 15972885
              64      32  942521 2689580 12902017 2096219115972885 573510210821524  5860307 12902017  4897948  256126712902017 20962191
              64      64  842003 2379626 12902017 2096219115972885 528357010402178  5860307 12902017  5860307  395889210821524 15972885
             128       4  843068 3468030 10779307 12842051 9795896 4407601 7917784  5122535  7917784  3895854  3657016 9795896 12842051
             128       8  914904 2843510 11720614 1588107812542043 5122535 2673584  6727225 15881078  4596273  459627311720614 14200794
             128      16 1102844 4407601 11720614 18637664 8548124 5379161 9795896  6727225 15881078   516318  512253512842051 15881078
             128      32  864797 4557257 12842051 1588107814200794 584790410779307  6727225 14586625  5603747  493421611720614 14200794
             128      64  985435 2784517 12842051 1636517314200794 6114306 8548124  6727225 14200794  4407601  803630412842051 15881078
             128     128 1152564 4557257 14200794 1588107812542043 611430610779307  6114306 12842051  5784891  578489111720614 14200794
             256       4  980760 3605511 10651598 12090911 9114515 4281170 8888172  5347168  8815202  4009406  387904510245071 11091721
             256       8 1118707 4332998 12228612 1345445012228612 532067110651598  6936061 10651598  4819184  465214611695808 12812277
             256      16 1152323 4652146 12812277 1435374412812277 545584711207494  4572895 16072608  5022044  455350212228612 13454450
             256      32 1089202 3756894  5810112  977856212812277 473419211207494  6891544 15164624  4907284  502204410245071 14353744
             256      64  815414 5022044 13625180 1416439513454450 624974512228612  7314033  2310087  5569035  624974512812277 14353744
             256     128 1206714 5022044 10651598 1416439512812277 607300410651598  6761355 13454450  4819184  853492210651598 12661199
             256     256 1286217 4840911 12228612 1281227712228612 597167811207494  5938650  6073004  5938650  581011211569783 12812277
             512       4 1089094 3481620 10044089 11620224 9510316 2009236 7540170  5227492  6414119  3527371  376219710911694 10856530
             512       8 1236455 4163357 12797441 1310994411374040 265185011374040  7022379 10911694  2521095  465018812797441 13109944
             512      16 1216149 3905895  8992598 1343809212427157 576032912146009  7309196 12215097  4163357  394174212797441 11877300
             512      32 1222379 4411377 11620224 1378308813109944 279691011683444  7211022 13190469  2263354  437542511620224 13109944
             512      64 1233614 4532414 13783088 1462806711943357 639501812797441  7647578 15471149  5509113  545315513438092 14240069
             512     128 1190529 2169601  4701087  8992598 8701110 1910902 7900804  6736026 14240069  4961773  556623111877300 12797441
             512     256  645509 3196584 10641343 1091169411374040 4305250 7647578  5227492  7758090  3504346  429663710044089 11683444
             512     512  929322 1145443  9681823  711545110911694 4973263 9859630  2073249  8844453  5384786  3634839 5384786  8844453
            1024       4  758452 1298041  2875184  1238168 5601115 2547723 5660167  5226256  8988941  3469823  1714690 3970183  5751117
            1024       8 1267398 4356809 12639479 1364323211936907 459450211132462  7420395 11773301  4374559  3518141 3849207 12639479
            1024      16 1238168 4876180  9300377 12639479 9402175 4832290 5444898  7269678 11249091  5065980  509603412348754 13472053
            1024      32 1250061 4876180 10329265 13818817 6093831 541742711645609  7524394 12983353  5277632  5303701 5789881 13643232
            1024      64 1080004 5151040 13142265 1442204513643232 406410311520658  7826025 15977962  5390231  360677412790037 12173747
            1024     128 1372717 3684119  5048117 1314226510662628 539023110354166  4634161 15516181  1206178  4949226 6609617 11398360
            1024     256  554990 2110750  5219904 1231335112173747 3751699 5277632  4249053  9743447  4674510  179345110255274 12208350
            1024     512 1129123 3291652  1220575 1124909110796646 588508310769573  6128613  8988941  3966517  5144870 5120336 12071103
            1024    1024  661089 3294177 10454984  7101400 9220512 4195100 7755368  4287225  5720477  2760606  3835457 8822754 10906310
            2048       4 1178995 3224685  5197183  8949659 7112016 2759547 5916724  4338776  8866519  3319389  3260177 7065219  9179186
            2048       8 1171598 1729816  9441504 13118295 9525260 3814687 8540351  6588354 11517657  4432815  3946119 9664580 10848538
            2048      16 1027650 3555722  5719737 1280539912187663 4154130 9024882  7237860 12187663  4248644  4490751 5868220 12710657
            2048      32 1254040 3799501  6675393 13118295 8159088 4356379 7088541  5549749  8431376  4396514  3500658 4948672 12635867
            2048      64 1340333 4511980  6303124 1144095511564174 4994712 6917293  7159438  9101380  4462754  3953383 7451329 11917129
            2048     128 1232980 3500658  6284678  784608112882215 4643695 8128206  5549749  8159088  3901313  3240499 6588354  9218589
            2048     256 1262519 3413030  7817519 1876327510673302 5433896 6498636  5704543 27637635  3396834  3999400 7846081 11187641
            2048     512 1154436 3525079  8643474  952526011502234 4945823 6110328  5900467 10834854  3814687  3287628 5689430  7817519
            2048    1024 1272808 3549844  4897882 20079056 6649556 3908414 5970183  5080379 10192069  4338776  4063729 4971585  8820994
            2048    2048 1287304 1537539  4500161  4707314 6189580 3309159 4138120  2723672  4385291  6149699  2632683 4223576  4441984
            4096       4 1040964 2625764  3667146  4864330 4471821 2232077 4592558  4405314  4395170  3052133  2552044 4162994  3706707
            4096       8  791669 1666362  3483484  3710710 4128976 1303598 5056165  5704175  3792628  1967504  2815077 5418140  6272759
            4096      16  507307 3035953  3743865  3327622 4256862 2476625 4380601  3139133  3540193  3413576  2151300 3624593  4275933
            4096      32 1083028 3255732  4763181  5859825 6461498 3000428 3771811  4257917  3908241  2395473  1905105 4751325  5306022
            4096      64 1352659 3407483  3540193  5297841 6349261 3555579 4408705  7364466  4157956  3075079  2057270 5217395  4725189
            4096     128  746892 2320724  5204750  5696610 6122971 3458937 6281934  7185807  3197560  2717987  3297602 5490871  5520868
            4096     256 1089070 1939517  4481152  3686820 5153230 2743596 4654774  4141917 10270092  3491981  1904260 3322474  5325760
            4096     512 1323074 2761679  5050220  5320812 4952675 1286418 3602551  3470816  7473388  1951413  2112416 3679713  4175134
            4096    1024 1254847 2627371  5334028  2721862 6669706 2942360 4701910  5151685  7431363  1531891  2306392 3356881  3931494
            4096    2048  690375  562871  3065750  3107900 2721862 1392344 3465216  2014807  3867766  2349928  2948925 4422323  3919833
            4096    4096  851381 2446645  3995498  2512850 3237937 2027648 3363453  2394138  3518442  2179686  1549158 2420789  2306392
            8192       4  199799 1829026  4235769  3773388 4126896 1899817 2928768  3126794  3555507  2522221  1761332 3210048  3132781
            8192       8  979082 3050997  5136133  5088216 4813093 1909956 2953185  3029476  5063472  2938285  2262324 3829746  3824630
            8192      16 1198506 2630751  5724900  4112079 5120061 3428839 4779617  6325656  5315713  2430860  2876301 5724900  4367131
            8192      32 1088373 3108970  5610847  4907969 3871604 2973374 5301769  7055669  3771731  3282106  2055278 5733497  4461836
            8192      64 1331576 1604035  5364680  5761377 4610309 3188600 6192276  7419818  3577348  3733615  2938285 3387931  5417973
            8192     128 1325565 3708229  1240656  2036397 3532479 3367015 2516864  4689593  2679789  2462921  1615727 3229054  5264403
            8192     256 1386378 2803547  1248999  3682003 6827153 2856454 3350271  3123099  5094251  3144824  2374417 4740709  4864885
            8192     512 1086308 1430892  4890505  1669098 1828929 2163737 2394606  3987989 10572859  2410058  2527602 2742678  1733781
            8192    1024 1306761 2026190  3942233  1941688 3094689 2188684 4162392  5984134 10112331  2653711  2168928 5863631  4652131
            8192    2048 1034096 2271747  4617744  4776295 4433053 2214641 4164410  2214641  4914286  2247525  1537499 3647605  4248864
            8192    4096 1014764 2568029  3204958  3784193 4128880 2041843 3475663  2339975  3280853  2205685  3494753 4104220  2852423
            8192    8192  952458 2168380  3027341  2904996 3852936 2564962 3862465  2666686  3644124  2585809  1666103 3165394  2329188
           16384       4  955660 2604410  4491232  4281105 3903671 1832626 3350403  4348011  3406371  2179923  2030009 4419882  5231064
           16384       8 1150236 2635777  5337101  4935040 5529493 2450520 3534078  7390140  5093045  2275569  2840609 4792218  4848685
           16384      16 1076976 2446072  5903833  4969299 5767086 2532708 4273385  5456176  4927608  2913224  2586277 4911408  6328456
           16384      32 1248700 2528793  4572821  4164613 5385620 2876398 5251050  5287006  5966368  2628216  2292421 5472251  6012830
           16384      64 1252523 3015625  5345404  5333373 3909223 2820440 5855539  6698584  5839120  2771750  3649117 5862033  4303626
           16384     128 1091689 2746164  4478938  4457150 4877594 2766172 5417891  7028827  4992041  3123072  2748140 4828923  3695230
           16384     256  988829 2791114  5622694  4170173 5225892 3434805 4973975  5584313  5150687  3397613  2737958 5249445  5050746
           16384     512  865955 3156206  4720131  4418745 5979347 3013905 5251451  5031885  5448389  3257185  2571278 4661221  3787489
           16384    1024 1133128 2625706  5637917  4261195 5322632 3740485 5100606  6093337 11004261  2437396  2384535 4498582  4611177
           16384    2048 1001642 2410464  3494185  4431854 4467872 2275870 4297974  3726894  5732926  2209572  2361509 3502377  3541728
           16384    4096  976159 2352053  3426242  3132039 3947851 2137211 4093903  2282219  2388680  1914201  2214913 2747591  2828683
           16384    8192 1040797 2314113  2967058  3613618 3476333 2500271 3349913  2198052  2363133  1767076  3101366 3136328  3178395
           16384   16384  900013 2071560  3484618  4024376 3477036 2023195 3586647  2742109  3811860  1963536  2043652 3456574  3209419
           32768      64 1158904 3191296  4904714  5359538 4410210 2653937 4046868  6450169  5032586  2290847  3126397 5027247  6389001
           32768     128 1121842 2654091  4773212  5448563 4367882 2764102 5659462  8124883  4849507  2940448  3065588 4659294  4795529
           32768     256 1180323 3087835  4423268  4896501 4950470 2799973 4833816  5975137  4781515  2516145  2645610 5074767  4626202
           32768     512 1090916 2889813  4427543  5232818 4799716 2992239 3982952  6278387  5285949  2164195  2971023 4295798  5040522
           32768    1024 1105562 2552406  4048417  4638067 5278235 2731580 4336050  5120713  4723019  1794223  2207506 4469151  4497376
           32768    2048 1043403 2548053  3894027  4235171 3553615 2134715 3629153  2746208  3912540  1750239  1743733 3632414  3488935
           32768    4096 1072143 2004745  3421193  3131811 3279398 2051333 3192482  2585878  2614955  1369039  1807484 3560520  3324374
           32768    8192  700472 2091254  3350224  3393905 3640496 1981736 2721358  1612115  3994644  2339394  1953623 3405848  3232503
           32768   16384 1112633 2043647  3232579  3181692 2738220 1956766 3440549  1634314  2978104  1743157  2307307 3321000  3300187
           65536      64 1153012 3039716  5936143  5804278 5062972 2640776 5379762  6649230  5631727  3010651  2688113 4740761  5087806
           65536     128 1261690 2823262  5263157  4811799 4505766 2876531 4856345  6804615  5100077  2671549  3075770 4857718  4813484
           65536     256 1208972 2658887  4471609  4426603 4491263 2723159 4765252  6291723  4860209  2827618  2596401 4854458  5103676
           65536     512 1118591 3184117  5076811  5072502 4331800 2814042 4549165  5747721  4757252  2619236  2645478 3804917  4735208
           65536    1024 1316409 2982428  4473719  4080680 3684058 2842472 3880165  3929701  4531915  1893557  1664828 3802917  4548864
           65536    2048 1055992 2013391  3599065  3328230 3061723 2244472 3473583  2925577  4179330  1740572  1574520 3203600  3909580
           65536    4096 1050813 1877724  3280878  3127920 3433878 2036030 2389997  1912276  3204384  1423641  1713993 2659633  2962595
           65536    8192  971839 1999580  3192364  3125679 3154410 2133684 3325331  2352665  3040287  1694133  1847287 2718446  3275678
           65536   16384 1043366 2117951  3761647  3110224 3100401 2150982 2965151  1867645  2850017  1989968  1580168 3574773  3346749
          131072      64 1042654 2449665  4997607  4861877 5248325 3112756 4821835  6976348  4698614  2428745  2483932 4995699  4977291
          131072     128 1001727 2252914  3676538  4243881 4143009 1853758 4396048  3618485  4092552  2156532  2415322 4946658  4604674
          131072     256 1010766 2416118  4772856  4599512 4655719 2419680 4378263  6618157  4533814  2387556  2537051 4895865  4798016
          131072     512 1080901 2457110  4246766  4588724 4617476 2273824 4664331  5324212  4829502  2073503  2074418 4631987  4419727
          131072    1024 1025015 2472114  2876663  3097236 3252419 1228115 3458262  3957987  3917514  1522060  2206270 4464158  4253929
          131072    2048  873913 2018046  3885452  3759404 3816773 2353811 3632328  2213715  3219411  1554775  1510812 3604842  4199532
          131072    4096 1016299 1834152  3415569  3587669 3440106 1928434 3024844  2459968  3384408  1581253  1561793 3148049  3129109
          131072    8192 1019316 1931707  3258375  3218544 2560698 1421127 2916340  2569134  3593673  1619210  1612935 1943418  2305086
          131072   16384  785430 1619010  3293690  3141393 2955012 1737458 3224094  2402035  3476237  1745135  1798240 2848773  2948419
          262144      64  152701  139466  5437102  5634481 5010378  104731 4954433  6249717  4812460   153629   134102 4011750  4270282
          262144     128  157165  151782  4727825  4698430 4677463  118424 4459664  7555233  4864346   157656   149617 4749493  4894314
          262144     256  158083  119128  4551113  4943118 5015475  136450 4621800  5729553  4788275   161339   137523 4727906  4528003
          262144     512  161164  147780  4856847  4859831 4533791  155752 4551113  6333526  4282074   167264   145450 5018543  4748140
          262144    1024  150151  150948  4824391  4925116 4556733  147270 4814757  6130576  4622364   158020   140649 4064755  4189352
          262144    2048  142631   97451  3842688  3714142 3799243  130418 4016615  3004755  4055266   164796   151946 3717670  3773271
          262144    4096  157703  153519  3265700  3327036 3292524  162515 3544824  2414604  3424077   163622   156440 3185690  3273283
          262144    8192  143236  126053  3489485  3514368 3370369  156757 3296127  2090462  3130034   176352   163651 3237468  3180124
          262144   16384  145326  151765  3386303  3284233 3297115  163105 3351190  2256649  2876850   180260   182668 3318490  3573685
          524288      64   60895   74601  4798230  5085683 4594183   25916 5133637  6680716  4676337    78295    80560 5288149  5627759
          524288     128   79692   75843  4688391  4907320 4244015   40915 4164084  6608718  4677093    78996    70942 4955703  4828902
          524288     256   81285   72898  4353968  4539086 4634383   51690 4566800  5212291  4148640    79964    75544 4583697  4853618
          524288     512   81025   68420  3646177  2937252 3323409   56478 4660954  5913454  4295539    73326    74173 4219625  4464987
          524288    1024   73482   71753  4373399  4465522 4173505   58228 4537681  5295421  4505006    83204    80303 4610103  4714818
          524288    2048   78178   62721  2965850  3183811 3570128   64286 2640918  2127585  3554035    81466    78727 3401529  3434145
          524288    4096   79819   77016  3063236  3190806 2840301   76879 3122695  2199859  3197970    83058    80662 3050242  3207046
          524288    8192   80013   72263  3398333  3123325 2837347   61887 2611673  2319469  3099067    80327    79715 3600654  3620221
          524288   16384   79763   71558  2972019  3305013 3434080   78762 3511993  2495980  3350041    85187    83379 3700696  3461906

iozone test complete.
