	Iozone: Performance Test of File I/O
	        Version $Revision: 3.420 $
		Compiled for 64 bit mode.
		Build: linux-AMD64 

	Contributors:William Norcott, Don Capps, Isom Crawford, Kirby Collins
	             Al Slater, Scott Rhine, Mike Wisner, Ken Goss
	             Steve Landherr, Brad Smith, Mark Kelly, Dr. Alain CYR,
	             Randy Dunlap, Mark Montague, Dan Million, Gavin Brebner,
	             Jean-Marc Zucconi, Jeff Blomberg, Benny Halevy, Dave Boone,
	             Erik Habbinga, Kris Strecker, Walter Wong, Joshua Root,
	             Fabrice Bacchella, Zhenghua Xue, Qin Li, Darren Sawyer,
	             Vangel Bojaxhi, Ben England, Vikentsi Lapa.

	Run began: Fri Oct  4 07:05:59 2013

	Auto Mode
	Command line used: iozone -a
	Output is in Kbytes/sec
	Time Resolution = 0.000001 seconds.
	Processor cache size set to 1024 Kbytes.
	Processor cache line size set to 32 bytes.
	File stride size set to 17 * record size.
                                                            random  random    bkwd   record   stride                                   
              KB  reclen   write rewrite    read    reread    read   write    read  rewrite     read   fwrite frewrite   fread  freread
              64       4  234481 1452528  4897948 2273779110821524 4274062 2801873  4897948  4274062  3363612  3022727 4207076 10402178
              64       8  627470 1452528  6421025 2096219116983463 4897948 5389653  5860307  4564786  4018152  3791156 3541098  5735102
              64      16  695778 2892445  7100397 2096219115972885 4988978 4274062  5283570  8182586  3958892  3406295 4564786 15972885
              64      32  515423 1599680  9318832 2273779115972885 5283570 4643754  4274062  6421025  3588436  4643754 5860307 20962191
              64      64  302018 2772930 15972885 2096219115972885 5860307 4988978  4564786  5283570  3958892  3406295 5860307 20962191
             128       4  794416 3053774  5325799 11470204 6406138 4135958 4889281  5122535  4596273  3380677  1802755 5603747 12842051
             128       8  895074 3053774  6330599 1284205111720614 5122535 5784891  6727225  8036304  4557257  2098744 4012317 12542043
             128      16  969421 2377579  4596273 1588107815881078 5784891 5325799  4934216  4889281  4267461  2286447 3867787 14200794
             128      32  985435 4407601  5784891 11720614 3277486 5545860 4934216  4934216  8548124  4267461  3867787 5325799 14200794
             128      64  447838 3380677  9129573 1863766414200794 5847904 4934216  5784891  7082197  3657016  5603747 5325799 15881078
             128     128 1162547 3124872 14200794 1588107814200794 5847904 5325799  5545860  6045455  6114306  3759450 5325799 14200794
             256       4  955451 2419396  1619994 12228612 9518507 4197489 5217259  5569035  7314033  3236056  2812272 5217259  9518507
             256       8 1028679 2975955  6213578 1435374412090911 4929815 5428265  6398720  8534922  4070199  1158540 5810112 13454450
             256      16 1132871 3667079  6398720 14164395 1579483 5022044 5347168  6761355  9868433  3823789  3285566 6073004 13625180
             256      32 1132871 3410808  5810112 1416439511695808 5717301 4572895  6398720  8534922  4840911  4572895 5687020 12812277
             256      64 1163562 2903529  6213578 1416439514164395 6398720 5320671  7518900  5938650  5810112  4929815 3511189 14164395
             256     128 1158540 2975955  7735574 1416439512812277 6213578 4404088  6936061  6398720  4264168  3705040 5022044  2223962
             256     256 1311351 3879045  9868433 1024507110651598 3879045 5022044  5117791  5971678  5455847  4734192 5347168 12812277
             512       4  832743 2625909  4099771 11138071 8844453 3393590 4916336  5384786  5699180  3849877  3220553 5439343 11138071
             512       8 1261144 3325278  6035551 1414626511374040 2449212 2339802  2337255 10694336  4195896  3628697 2198475 12797441
             512      16 1326585 2695115  6395018 1424006913190469 5164632 2668325  2265742 10641343  4827914  2047551 5079126 13872122
             512      32 1336492 3849877  6491676 1424006913109944 5807059 5127637  7410080  9510316  5115422  4420457 6395018 13109944
             512      64 1267097 3372274  6843354 1514384614240069 5822804 6395018  8140399 13872122  5566231  4532414 5453155 12146009
             512     128 1245780 2089386  6931711 1378308813109944 6571132 5453155  6931711  3372274  5684095  2651850 5331314 12427157
             512     256 1196499 3239989  7988981 1279744112499490 5624545 5744919  6652558  4827914  2307123  5822804 5453155 11877300
             512     512 1014013 4271001 12797441 1319046913109944 6104175 6018636  6156675  5684095  5551840  4871723 6086873 13109944
            1024       4 1035229 2789291  5917516 11903823 9946527 4228138 3751699  5303701  6963241  3495237  2993413 4654248 10769573
            1024       8 1314327 3684119  6172653 13472053 9142007 4079544 5226256  7160597  8326715  4014717  2805690 2541692 13472053
            1024      16 1381993 2612819  6609617 1381881713102174 3606774 6208343  7306780  8988941  4694950  3835457 6244448 11773301
            1024      32 1408737 4130547  4064103  985523410230845 3808251 5821271  7577494  9064828  4079544  3544270 3251778 12790037
            1024      64 1221964 4415030  6874084 1482016114422045 6402699 3591693  7319232  4832290  4762630  2375790 6025439 13142265
            1024     128 1242826 4014717  6479979 1404475813643232 6059442 5383475  7208671  9569770  3999762  2565989 3101494  4634161
            1024     256 1182272 4410497  6929538 1220835010255274 6102490 5751117  6830356  9855234  4995276  4146499 4920874  8326715
            1024     512 1475525 4282950  5417427 1207110312983353 5065980 5885083  6479979  8326715  4321737  6441107 3112733  5175871
            1024    1024  691420 3999762 12492426  9402175 5071963 2730767 5845038  5630486  6025439  5813392  4783849 6025439 12790037
            2048       4 1144133 2677822  4330028  5735012 9101380 2778290 5345969  4038890  7589584  3598924  3002627 3532327  4886737
            2048       8 1215360 3931669  5640860  637800510726615 3744839 5888333  7318020 10037248  4394265  3487865 4276140  8722466
            2048      16 1198405 2989045  6420913 13198923 7616502 4842658 4186524  6939647  6225466  3922692  3199462 4094723  7237860
            2048      32 1321364 3513544  4562305  628008311917129 4994712 6114678  5018054 10037248  4581773  4031308 6185123 12654482
            2048      64 1274507 4385291  5689430 1288221514321195 6132138 4490751  8253158 10959265  5092426  4265523 5172149 10240672
            2048     128 1319537 3297725  5884299  5884299 6717153 5723548 5904523  5478953 15538795  4889518  2828608 3334853 11187641
            2048     256 1315294 3915540  6243566 1205087812488897 5689430 5900467  7013303  9990553  3892474  4257067 5719737  5277002
            2048     512 1235996 3329682  6732948 11706006 8940345 5277002 3892474  5238385  8357547  3155969  3543986 5832361 10959265
            2048    1024 1388428 2691246  5704543  5816563 7698414 3710866 3357009  4796687  7903836  2038038  4853603 4423683  5172149
            2048    2048 1235996 2298737  4762117  4006862 6075753 3175804 4276140  4046500  4196751  3542524  3204236 4897882  6303124
            4096       4  543584 2478054  4428023  5980170 7038605 2689478 4179197  5728903  4209920  2776856  2424889 3468714  4917236
            4096       8 1248736 2856263  4894820  4928521 4719996 2727047 4325455  6758923  4535572  2838331  3061379 4395170  6716643
            4096      16 1382818 3033808  5926533  6615769 8883968 2938334 5101205  7683972  4510565  3263773  3035953 5286429  5902100
            4096      32 1278758 2892328  4188367  6522830 9023961 3047261 4653513  7711565  5032468  3615440  3524939 6420447  7197849
            4096      64 1350002 2944881  4813898  6471234 9163546 4876757 5278308  4982841  4607338  2799936  2955012 5418140  5996870
            4096     128 1190004 3192806  6032669  5736555 5944991 4779081 5603704  8393502  7123239  3612399  2983234 4117102  6872481
            4096     256 1251829 2972395  5257310  6989921 6510471 4124020 4612286  6418048 11252164  4196552  3800178 4958393  4836939
            4096     512 1313666 3503374  4664886  4773769 7061751 4262142 5319164  6293440 10691939  3273724  3911800 5297841  4807163
            4096    1024 1117840 2058503  5382492  6585338 6826060 3506950 4988629  6439700 10059615  3637640  2682340 3824713  5910222
            4096    2048 1038572 1940174  4911613  6169144 4813898 3631489 5223741  4175134  3430618  2100535  3220336 3281854  3271853
            4096    4096  920441 1910613  3217923  4571782 4222337 2349928 4546375  2908979  3820460  3072878  2647616 3846119  3611639
            8192       4  850240 2692810  4862131  4847041 4533063 2301110 4222755  5822889  4318282  2544825  2726139 5120061  5003744
            8192       8 1183969 2718805  4732221  5299316 4824582 2373761 4582028  5019826  4158362  2587367  2777935 5353814  5633847
            8192      16 1212933 2880400  5915112  5184180 6340832 3571028 6118398  7647724  6263389  3713439  3032953 6277120  6278267
            8192      32 1301810 2908193  4743326  5378957 5241116 3446379 5265210  8096444  6439465  3560297  3130212 5357988  4980534
            8192      64 1269301 2863357  6384425  4423351 4678100 3934558 5230743  8401313  5174810  3382261  3803462 5822889  5333039
            8192     128 1306761 2885480  4612784  5672914 6325656 3948121 5050076  8463394  4268393  3394960  3040737 4813093  5029378
            8192     256  600759 1824074  5740202  5233930 6117309 4273171 5740202  7223279  5626466  3718664  3414868 4628318  5392464
            8192     512 1242540 3610427  5760412  6067617 6210183 3963149 5174810  5940679 10836280  2688596  2478734 5050076  5669170
            8192    1024 1146210 3778782  5728718  6350207 6302451 3912159 4838169  5970616 10315743  2677909  3440513 3865941  4546258
            8192    2048 1075361 2946600  3594563  3986138 3676487 2523703 4858693  3817406  3629879  2030260  1760971 2724194  4023480
            8192    4096 1086893 2616528  4226911  3410461 4184187 2848403 3292800  2328715  4390568  2447483  2684185 3867682  4490996
            8192    8192  909834 2087747  2984220  4262040 4423351 2651049 4160376  2441049  3919746  2698308  2318657 3590057  4077433
           16384       4  573528 2226395  5060044  4425575 3650668 2052626 4355176  5382246  4547403  2527584  2507478 3203734  2981606
           16384       8  692124 1811992  5901805  6001802 5448821 2046696 4908251  6122653  4911057  2618103  2670915 4125114  4153035
           16384      16 1322474 2962709  3784569  3978708 4005844 2655024 4615203  6627520  5391113  1599399  3076788 4588087  4514838
           16384      32 1131244 3185763  3969973  4948544 4589312 2810290 6355378  8419641  6504566  3299885  3165365 6222445  5822300
           16384      64 1273129 2497545  5209649  4780882 4552223 3377408 6301760  8742039  6527426  2928369  3291350 5258282  5572539
           16384     128 1256049 2715776  4613963  5176684 5231064 3455878 5472251  7550092  5891685  3247642  3302581 4932206  5452279
           16384     256 1457656 3186945  3182517  5173176 5031885 3334148 4348011  6601417  5461379  3042595  2948978 5102499  5921129
           16384     512 1271669 3132610  1217247  4702688 5066012 3252099 5809993  7255927  6019150  2742547  2981606 4665018  4670725
           16384    1024  957631 2956845  4027442  5746830 5091159 2457883 5161907  4705264 12254254  3047588  3033998 4860345  5797250
           16384    2048 1288237 1966627  2850862  2941405 3911225 3004681 4870334  1700816  3221456  1345361  2420824 2900926  3206275
           16384    4096 1015181 1958835  4267811  3674287 2832647 2055696 3757666  3063074  4367909  2434115  1939649 3227205  3048805
           16384    8192 1311144 1748729  2696064  2946702 3344370 2175299 2643890  2483913  3332692  2146758  3139336 4375975  4252230
           16384   16384 1030372 2088432  4448782  3194946 3234039 1091603 2777351  2507844  2928369  2364516  2419375 3791669  1834926
           32768      64 1261083 2938562  3988731  4497965 5325480 2938625 5071584  6945638  4647949  2840715  2929168 6026753  4422699
           32768     128 1353600 2951562  5925419  3862835 3762069 2306455 5873508  6555073  4825161  2806892  2859094 6167383  6020418
           32768     256 1417483 2980300  5911656  5567304 4507849 3009537 4547976  6766123  4836707  2776274  2819965 4874792  5556724
           32768     512  750131 2656040  5059076  4675143 4603424 3278068 4206395  6611836  4685183  2173091  3130028 5492328  5825460
           32768    1024 1150638 2108741  3935169  5415287 4308727 3017002 3867401  5477880  3570602  1565456  1358820 4012253  4205880
           32768    2048  699471 2294519  2319065  2578504 3570974 2022862 4222679  2023458  2737729  1020873  1760484 2781894  4547976
           32768    4096  650466 2690302  3723139  2812406 4009327 1865202 3684709  2593197  2492644  1626365  2207046 2693835  1842053
           32768    8192 1226664 2446673  4269907  2621889 2781894 1618246 2753415  2075370  2749449  1678360  1934021 4261170  3310281
           32768   16384 1179765 2608701  3869143  4222030 4228786 2326130 3279789  2025217  3657547  2105221  2792350 4172047  4142621
           65536      64 1099266 3329399  4678788  4173999 5041706 2460246 5140421  7664920  5171660  3011376  3260331 4610049  5568522
           65536     128 1385537 3045340  3385495  3527974 3767112 2911169 5790950  5551092  4030774  2504518  3275990 4650292  5895149
           65536     256 1305573 2928070  4482620  4461810 4528480 2989206 4863907  6048610  4970145  3106252  3461859 5460448  5675565
           65536     512 1126125 3239849  4320973  4663230 4644635 2419725 3352218  5610462  3343492  2088725  2530153 4914958  5148894
           65536    1024 1166388 2841238  3620158  4424821 4706667 2856592 3941251  6757607  3130306  2513265  2601881 5244579  4408146
           65536    2048  950336 1636481  4290086  3049732 3024564 2507396 2925452  3045070  2929755  1572439  2021149 3131662  3093493
           65536    4096  885093 1702591  2865078  4168681 3910970 1984666 2825932  2364890  2694648  1710090  1957655 3033510  3153795
           65536    8192  982504 1761633  2948485  3427071 3848493 2512484 2603113  2800795  3538829  1576028  2144856 3992892  4143921
           65536   16384 1210804 2526154  3891921  4160479 4252258 2565504 3614968  2738323  3737201  2383820  2435742 3764274  4186012
          131072      64 1130954 1241811  5926532  6008076 5698025 3002722 2099171  8129499  5866890  2909210   181095 5894821  5969195
          131072     128 1276261 3080644  5626356  5816364 5420435 3019610 5526083  7896316  5762651  2885648  2985956 5889832  5759149
          131072     256 1307815 3204848  5601875  5699798 5536769 3244511 5041420  7133959  5039063  1799670  2278045 5517653  5473866
          131072     512 1310668 2283164  5418619  4752926 4694402 2900400 5269403  6810330  5550857  2735228  2781717 5145126  5377278
          131072    1024 1259241 2319284  5331595  5666311 5663568 2986718 5317980  6775832  5287903  2502805  2397687 1908524  5321429
          131072    2048 1157676 1699080  4984286  4903945 4993249 2417414 4916092  3791816  4994928  1906228  1923482 1427148  4745213
          131072    4096 1138954 2335611  4016163  3962152 3988917 2253367 3774685  2684907  3936223  1809712  1713538 3822904  3997444
          131072    8192 1118476 2325288  3965753  4049682 3947358 2280143 3544986  2611147  3944272  1863776  1782295 2118398  3726809
          131072   16384 1142846 2238712  4112051  4155881 4247028 2353388 3855857  2762081  3990278  2011018  2052454 2386032  4014726
          262144      64  127592  107086  5376222  5968800 5850370   63197 2290287  8232354  5911740    99691   119263 5541591  5945272
          262144     128  120616  111824  5446799  5685938 5591699   84113  215761  5685174  5107028   116256    71181 4995014  4651087
          262144     256   72654   89064  4158314  4345160 5252457   71743 5090053  6933359  5363319   121259   119060 5152524  5502460
          262144     512  116951   98499  4539519  5632403 5528384   74174 4917539  6515014  5354126    99122    86444 5247093  5573502
          262144    1024   95441   65708  5307194  5732181 5693476  107114 4395939  6938522  5591074    78035   114048 4773018  5452471
          262144    2048   93155   88501  4406828  4761402 4767802  106468 4320522  3085501  4645565   120304   116037 4598046  4707200
          262144    4096  120056  109564  3799177  3986860 3970190  125115 3936220  2592119  3963706    84197   117208 3683606  3980798
          262144    8192  131744   79925  3351109  3317019 3450760   85486 2782370  2616316  3921144    93291   119414 3774799  4015808
          262144   16384  113981   82622  3907932  4144239 4037827  124007  186826  2869388  4005203   142843   153089 1464295  4182468
          524288      64   46486   62478  5579665  6088512 5912404    7393 3131928  5421737  4843089    42608    34059 5669692  6020485
          524288     128   65079   66148  5330722  5583178 5399532    8464 5231997  7928242  5478331    64722    41380 4911551  5550554
          524288     256   65595   67806  5125010  5425161 5451401   28998 5125404  3882382  3025878    37923    64894  477496  5370363
          524288     512   47929   61877  5325971  5532623 5378849   31649 1245345  4421722  4289079    48607    43306 1570349  5283131
          524288    1024   67302   65125  5380402  5654705 5545263   38925 5197606  6885378  5482128    68439    64740 5287768  5418998
          524288    2048   57582   69022  4783607  4982822 5002318   85585 4825966  3576119  5008527    90472    88551 4840445  4887328
          524288    4096   89200   82858  4079269  4075942 4038077   91455 3198691  2403667  3331586    87856    89383 4034973  4131150
          524288    8192   89712   85016  4010402  3926190 4112000   89401 4075368  2765511  4009203    90709    76288 3934205  4173734
          524288   16384   88462   77428  4023515  4179287 4158375   84695 4121959  2857593  4158313    94906    89161 3947446  4093477

iozone test complete.
