	Iozone: Performance Test of File I/O
	        Version $Revision: 3.420 $
		Compiled for 64 bit mode.
		Build: linux-AMD64 

	Contributors:William Norcott, Don Capps, Isom Crawford, Kirby Collins
	             Al Slater, Scott Rhine, Mike Wisner, Ken Goss
	             Steve Landherr, Brad Smith, Mark Kelly, Dr. Alain CYR,
	             Randy Dunlap, Mark Montague, Dan Million, Gavin Brebner,
	             Jean-Marc Zucconi, Jeff Blomberg, Benny Halevy, Dave Boone,
	             Erik Habbinga, Kris Strecker, Walter Wong, Joshua Root,
	             Fabrice Bacchella, Zhenghua Xue, Qin Li, Darren Sawyer,
	             Vangel Bojaxhi, Ben England, Vikentsi Lapa.

	Run began: Fri Oct  4 07:06:00 2013

	Auto Mode
	Command line used: iozone -a
	Output is in Kbytes/sec
	Time Resolution = 0.000001 seconds.
	Processor cache size set to 1024 Kbytes.
	Processor cache line size set to 32 bytes.
	File stride size set to 17 * record size.
                                                            random  random    bkwd   record   stride                                   
              KB  reclen   write rewrite    read    reread    read   write    read  rewrite     read   fwrite frewrite   fread  freread
              64       4  615952 1210227  4897948 12902017 9006179 4274062 2662899  4897948  4274062  3541098  1279447 4564786 15972885
              64       8  598110 1452528  7100397 2096219115972885 5283570 4897948  4988978  4897948  4897948  3203069 3791156  5860307
              64      16  592827 1518251  6421025 1597288515972885 5283570 4564786  4274062 12902017  4564786  3588436 3022727 15972885
              64      32  467815 1599680  6271021 2273779115972885 5283570 5389653  6421025  7293312  3057153  4897948 6421025 10821524
              64      64  552557 1553394 10821524 1597288515972885 5860307 5860307  5860307  4018152  5389653  2801873 5283570 22737791
             128       4  776042 2132084  4407601 1172061410567140 4407601 3560017  4596273  3468030  4012317  1939522 5122535 10567140
             128       8  814915 2558895  6330599 1801235914200794 3895854 3277486  6727225  7582312  4596273  2843510 5122535 14200794
             128      16  908709 3359523  4759253 1588107814200794 3759450 4934216  6727225  6114306  5122535  2132084 6406138 18637664
             128      32  864797 2511022  6114306 1588107815881078 4557257 4135958  7082197  4557257  4889281  3759450 4267461 15881078
             128      64  841746 2166499  7582312 1172061414586625 6114306 6114306  6727225  7582312  3560017  4934216 4104338 15881078
             128     128  992724 2608629 10779307 1420079414200794 6114306 3536566  4104338  5603747  4934216  3982553 5847904 14200794
             256       4  828628 2114473  5687020 12812277 9778562 4422226 4755158  5810112  4652146  4132864  2726577 5428265  9868433
             256       8  996229 2533571  4264168 1345445011569783 4652146 4840911  6213578  5022044  4070199  3009318 5569035 13454450
             256      16 1040643 2588541  5455847 1345445012812277 5569035 5455847  7120034  9114515  4477549  3935921 5569035 13454450
             256      32 1071806 2539563  5569035 1495343513454450 5117791 5971678  7518900  9114515  4907284  4332998 4819184  9518507
             256      64 1103757 2880164  6761355 1607260814164395 6249745 5687020  7314033 10245071  5971678  3009318 5569035 14164395
             256     128 1153561 3823789  7965107 1435374412812277 6398720 5117791  7120034  7120034  4734192  7314033 5540300 13454450
             256     256 1304976 3879045 11695808 1156978312812277 4264168 5347168  5971678  5687020  5971678  4572895 5347168 12228612
             512       4  759685 2875558  5566231 11374040 9681823 4000485 5019764  5886650  8018812  4195896  2739816 5439343 10911694
             512       8 1185272 3259661  6319739 1424006911877300 5331314 5214798  6632013  7540170  4742616  4000485 2638816 13438092
             512      16 1207940 3659616  5951911 1279744111434603 5566231 1895721  5278892  6931711  4871723  4000485 4620174  8808176
             512      32 1108203 3653390  6319739 1310994413438092 6035551 5744919  5384786 13872122  4882800  4163357 3710197  9681823
             512      64 1195832 3481620  5886650 14628067 2225819 6018636 5951911  4068701  3304808  4871723  1999881 5760329 12797441
             512     128  999850 3556580  6843354  306430612797441 6086873 5744919  7410080  2638816  5278892  4375425 4091959  3081897
             512     256 1204552 3905895  8018812 1279744111138071 5509113 5822804  6395018  7334159  2681653  3628697 3259661 11877300
             512     512 1296159 3304808 11943357  279691011374040 5067142 4030519  5439343  5744919  2486072  4131319 5453155 12797441
            1024       4 1018052 3037876  5758828 12071103 9743447 2432298 3291652  5507740  7644933  3937426  3189002 3532609  5853003
            1024       8 1063425 3518141  4215688 1368670912492426 5071963 5065980  7208671 10329265  4428688  3425544 5175871 13472053
            1024      16 1111877 2767722  6402699 1381881712790037 5479632 5853003  7644933  7590887  5200941  3618930 6059442 13472053
            1024      32 1265904 3722435  5200941 1423090213818817 4574926 5885083  7369466 10134284  5303701  4396951 6280976 14230902
            1024      64 1144163 3130886  6479979  559382013643232 6172653 5751117  8199542 15516181  5660167  4609294 6569179 13643232
            1024     128 1254808 3304314  5277632 13998981 4783849 5885083 4876180  7356843  9677584  5303701  3020783 5917516 13818817
            1024     256 1057663 3335105  6093831 12790037 4526709 5630486 3532609  6529233 10769573  5277632  3314514 5690162 12790037
            1024     512 1135391 3271594  7113161 1310217412456195 5623115 3447541  6163794  7577494  2316837  5917516 5983467 12639479
            1024    1024 1276817 2450338 11903823 1347205312492426 5690162 5303701  5690162  3908759  5660167  2950233 5444898 10329265
            2048       4 1047067 2790021  5804771  7159438 8565901 3292669 3946119  5549749  4783331  2615847  2343259 5735012 11072275
            2048       8 1388428 3418463  6225466 1248889712345306 3806235 4284671  7159438  5212953  4063729  2884652 5018054  8029434
            2048      16 1417292 3835124  4663865 1003724810903620 4367454 5868220  5920802  7817519  3555722  2531808 3362265 11835033
            2048      32 1397008 3419824  5433896 1338401113926483 5900467 4591569  7589584  7582884  4531020  4088876 4138120  8097557
            2048      64 1434331 4196751  6132138 1278633714132698 6024617 5937172  8029434  9483197  4983122  3937075 4423683  6543188
            2048     128 1192912 3117032  4056054 12635867 9525260 5986827 5754221  4601407 10726615  4775354  3984558 5970183  6917293
            2048     256 1347481 3324528  2375662  4063729 3065856  920500 2727131  2763987 11440955   410181  2278010 4772701  5319484
            2048     512 1403628 3500658  6321679 10179991 8221561 2400894 5433896  6340344  9228493  4071433  4079167 5640860 10240672
            2048    1024  990330 1896314  7088541  8793903 2897301 1365257 5349298  4923146  7393606  2176427  4653758 5461535  7393606
            2048    2048  978039 2615847  6154104  4293237 4886737 3749743 5184636  4330028  5430461  4310472  2994254 3864455  6303124
            4096       4  849823 2687795  4801789  6068897 6389405 2600722 4627193  3709909  3949571  2343197  2907010 4307020  5198450
            4096       8 1128338 3115226  5910222  5672159 6420447 2799936 4740836  6693092  5026578  2762123  3225172 5572803  6894546
            4096      16 1240083 2856263  4941279  6302675 5894001 3382659 4476482  7001316  4338563  2714551  3371374 4701910  5753847
            4096      32 1464384 3598778  4969868  5218980 5657217 3537277 4982841  7001316  4990078  2874423  3057021 4536770  5512011
            4096      64 1208589 3857345  4858827  5278308 6160296 3540193 5469892  8308260  5512011  3338615  2743596 5504946  6565206
            4096     128 1393247 3479956  4784405  5963564 6522830 3555579 5164073  8162211  5802430  4307020  2884558 5284803  6989921
            4096     256 1311960 3953206  5390937  5362331 6140479 3412898 5334028  7380284 11252164  3751222  3321831 4153935  6379914
            4096     512 1228203 3813675  6169144  6272759 7874151 4591331 4145915  6281934  7715028  2773270  2737912 3879120  4520059
            4096    1024 1254938 3726809  5265366  6605595 6804432 3586757 3968731  5362331  6216019  3650781  3686820 3842678  4560858
            4096    2048 1104615 2890382  5869835  5634950 5512011 3341213 3387995  2761679  4132949  2367414  2673574 4763181  5133213
            4096    4096  915927 2703445  3433360  2809093 3298235 2852469 3673419  2395473  4491697  2910951  3036489 3077282  3308398
            8192       4  870642 2599110  4568624  5142283 4815791 2650231 4409161  5389081  4366576  2431548  2609771 4943985  5265210
            8192       8 1193966 3453654  6095604  6054786 6158977 2936276 5309142  6966969  5044886  2853370  2579210 4173008  4586921
            8192      16 1311600 2822895  4664763  5062726 6305921 3428839 6040947  7944805  6399884  3764705  3178865 5088216  6186701
            8192      32 1303638 2684185  6390362  6611703 6732179 4025837 5120061  6233844  6439465  3867682  3085518 6244039  6233844
            8192      64 1316828 3042891  4607218  5817959 5512724 3526677 6253130  8334066  6429825  2877264  3278036 5257958  5254742
            8192     128 1290273 3912159  4528283  6173362 5653313 3928710 5375591  8650911  6379683  3829746  3301977 4873164  5479317
            8192     256 1317282 3345053  4988488  4478702 4743326 2889605 4689593  6321001  5681356  3259688  3315359 4186227  4902367
            8192     512 1213790 3521978  6014511  5772993 6186701 4104220 5285458  6248582 10664745  3011685  2425883 4199016  4286498
            8192    1024 1241418 3583691  5411147  5184962 5013234 3188896 5389081  6470997 11585296  2885480  2748162 4702429  5231540
            8192    2048 1227098 3053437  4855947  4844308 3505092 3027341 3626431  2507496  5939652  2323989  2818033 3215155  3314080
            8192    4096 1001951 2504572  3440513  3637565 3506880 2177588 4332439  2950142  3070354  2120735  2433098 2901807  3181514
            8192    8192 1128665 2547278  3524869  3605502 3785860 2405166 3058874  2254900  4327528  2708945  1965007 3994015  3391944
           16384       4  954386 2429039  5636067  4876209 4253283 2271132 4182865  5212811  4409106  2319659  2504828 5080619  5108948
           16384       8 1232706 3034668  6122653  6224699 5488861 2874353 4969299  7031703  4981547  2697864  2933119 4659956  5529493
           16384      16 1039726 3289932  6140708  5161907 5380560 2693423 4116465  5452279  2959010  1035387  3364181 5163459  5345819
           16384      32 1122503 2965394  6239394  6265562 4419882 3010077 5718614  7783552  5214789  3193164  3336900 6118292  6258715
           16384      64 1287754 2963859  5069376  5686906 5013529 3194352 4556146  6966125  6335457  3112463  3246874 5405531  5536622
           16384     128 1225715 3727905  4808986  4961764 5204520 3227053 5078742  7145026  6106874  3453620  3500772 5483167  5772899
           16384     256 1466522 2849443  4357385  4517212 4739664 2648475 4787877  6792606  5520166  3315968  2865842 5131073  5860033
           16384     512 1477494 3128475  4578000  5116556 5352482 3707790 5885126  7331011  5994996  3172672  2652462 5891180  4984799
           16384    1024 1348715 2747591  4490058  4453395 4521968 3071562 4124866  6761860 12309129  3142207  2976182 5624535  5797739
           16384    2048 1058267 2362484  2943042  3607169 4554938 2744847 4348286  3399126  5607095  2403803  1993440 3926197  5310703
           16384    4096 1039789 1991245  2904481  2792021 3345021 2746712 4412503  2538133  3500950  2142007  2570124 4095856  1379222
           16384    8192 1086889 2611040  4407692  4424435 3164782 2658413 3559523  2506747  4406844  2453057  2802610 2484272  1897394
           16384   16384 1077752 2672785  3030118  4325296 4262252 2560833 4332113  2211349  4104173  2800212  2703170 4316060  4442455
           32768      64  476763 3342321  6433864  5665294 4695909 3583169 5911656  8808605  4971601  2772914  3027302 5937450  6317346
           32768     128 1374832 2902384  5110241  5604993 6121510 3674366 4508589  7371829  4595881  2669505  3246246 5969687  6239056
           32768     256 1386706 3498972  4423268  4384884 4675143 2936428 4596496  3824462  3735890  2416729  3206560 5841057  5161870
           32768     512 1459278 3697099  5104926  4424550 4552947 2956324 4536716  6415244  5999394  3313554  2606821 3664080  4577208
           32768    1024 1112408 3200660  5795491  6128333 6097610 3774674 4621691  6199096  4237521  1756816  2119244 3119018  2563834
           32768    2048 1081985 2915313  3303598  5058518 5374418 3023972 3743216  2294978  4488124  1514231  1538418 4651094  2973272
           32768    4096 1136480 2419367  3089292  3458296 4256155 2676679 4310484  2359798  2733645  1670628  1624596 4060978  2909327
           32768    8192  502631 2279827  4307647  4298082 4393013 2483187 3591409  2787310  2756176  1856134  1926053 2892367  3128817
           32768   16384 1279146 2312159  2378791  3491860 4286821 2539531 2769673  2050170  4282814  1872342  2486376 4208069  3648614
           65536      64 1115069  381240  6406991  5546387 6059276 1316750 5041244  8412791  6137475  3221396  2703633 5634613  5288574
           65536     128 1432985 3263273  6164729  5964869 6009730 3487289 6055272  8502306  5217007  3381123  3691776 4489136  5996489
           65536     256 1462826 2836927  5523540  5949248 5780234 3786676 5532322  7265596  4837287  3176097  2709550 5530875  4428100
           65536     512 1332871 3342151  5453514  5607601 5601316 3686577 5607601  6923910  5569876  3173970  3124791 4524157  5900464
           65536    1024 1227726 2286746  6043556  5913157 5463161 3816221 5285625  3854375  5594248  2753823  2874636 4067998  4730807
           65536    2048  977813 2853360  3431392  3346219 4445287 2852235 3785581  3093632  4887082  2023663  2052801 3306889  3217135
           65536    4096 1191842 1885168  4183082  2878941 2716404 2318611 4025521  2478592  3391259  1325461  2071754 4095271  4126998
           65536    8192 1240861 2559484  2913731  3271078 3875351 2479330 2888319  2618513  3851891  2041306  1904393 4096980  4241562
           65536   16384 1229016 1517884  2747163  2978647 2907936 2416258 2760793  2670044  2977034  2012905  1894588 4159157  4315546
          131072      64 1122922 2958478  5824621  6031012 5867892 2808246 5959166  8032338  5840711  2808002  2706306 5917473  6098382
          131072     128 1301154  777847  5904381  5658962 5581571 3004313 4430198  8069951  5652097  2870430  2678876 5582988  5791975
          131072     256 1161069 3002049  5018455  5479814 5242669 1933725 5271323  7067741  5605703  2340902  2456374 5211212  5515549
          131072     512 1285825 3143908  5684709  5610737 5593042 2455310 5310634  6922934  5670929  2729863  2262557 5291975  5614806
          131072    1024 1005139 2942391  5486267  5424500 5384863 2014755 5266879  6643991  5634082  2405125  1897588 2365153  5825918
          131072    2048 1081971 2231697  3827695  3079057 3969590 2447560 4706861  2851744  4786778  1513478  1685706 4647297  5001244
          131072    4096  894952 2290345  3801176  3413343 3420287 2034431 3052438  2884376  4057453  1840434  1549293 2703298  2799665
          131072    8192  936215 1069372  4024336  3444460 3444006 2061397 1103365  2833182  3850429  1650116  1854152 3949968  4114267
          131072   16384 1172840 1686032  4126961  4019863 4036451 2328143 3968272  2851182  4080795  2000277  1978892 4051831  4075984
          262144      64  108813  124682  5519143  6046860 5831504   79126 1446878  7972223  5752665   127853   114053 5458833  3972714
          262144     128  117985  109695  5338450  5700767 5617468   85325 1403933  8014937  5608442   115786    93264 5238393  5881886
          262144     256   78053   94370  4824306  5529663 5222097   68697 4853781  5958094  4833022    90701    99527 4874374  5533503
          262144     512   73348   93829  4984485  5607727 5422462   78485 4973324  7004338  5549787    81402   109357 5385728  5470457
          262144    1024  117821   75456  5049867  4597969 4526903   68700 4867662  6380386  5238793    95495    86924  410235  5385596
          262144    2048   79753  121826  2072267  3256849 3632109  105340 2313841  2225214  4659089    81915   115845 4413497  4743653
          262144    4096  109234  110293  3647678  3387534 3779691  111308 3689514  1626718  3327710    81078   125015 1639464  2461030
          262144    8192   82771   74137  3815009  4028639 3978867  126427 1376871  2698672  3999637   125077    80757 3795885  3989652
          262144   16384  116683   75707  3781706  3208147 3324842  115633 2540791  2772303  3840769   128993   138080 2527590  3908224
          524288      64   33913   72216  5939135  6083509 5729102   12359  586052  8018117  5687774    73758    41116 5844381  5982698
          524288     128   70712   30446  5623542  5878974 5589011   18864 3903013  8031735  5463563    41821    68243 5572256  5706238
          524288     256   75110   68216  5322774  5625887 5406422   36415 1550551  7470731  5417036    64346    39709 1223685  5122909
          524288     512   51447   41752  4505126  5513190 5605151   48568 5139828  7176036  4397793    69177    75392 5399638  5606094
          524288    1024   63735   57001  5225743  5557610 5497189   59536 5226116  6779266  5246652    74566    75810 5092998  5453090
          524288    2048   73850   65454  4468834  4812416 5001601   36840 3725889  3345276  4759978    51536    45766 4568328  4844028
          524288    4096   74804   65696  3345316  4046243 3960293   45895 4013381  2553429  3447924    47095    67358 3140049  3428443
          524288    8192   72202   39260  3859853  3878246 3918823   81043 3818446  2626600  4000851    47462    69459 3918411  3205298
          524288   16384   40307   71587  3918620  3998530 3980047   63944 2685046  2099300  2661022    48797    49240 3107629  4093507

iozone test complete.
