	Iozone: Performance Test of File I/O
	        Version $Revision: 3.420 $
		Compiled for 64 bit mode.
		Build: linux-AMD64 

	Contributors:William Norcott, Don Capps, Isom Crawford, Kirby Collins
	             Al Slater, Scott Rhine, Mike Wisner, Ken Goss
	             Steve Landherr, Brad Smith, Mark Kelly, Dr. Alain CYR,
	             Randy Dunlap, Mark Montague, Dan Million, Gavin Brebner,
	             Jean-Marc Zucconi, Jeff Blomberg, Benny Halevy, Dave Boone,
	             Erik Habbinga, Kris Strecker, Walter Wong, Joshua Root,
	             Fabrice Bacchella, Zhenghua Xue, Qin Li, Darren Sawyer,
	             Vangel Bojaxhi, Ben England, Vikentsi Lapa.

	Run began: Fri Oct  4 07:06:00 2013

	Auto Mode
	Command line used: iozone -a
	Output is in Kbytes/sec
	Time Resolution = 0.000001 seconds.
	Processor cache size set to 1024 Kbytes.
	Processor cache line size set to 32 bytes.
	File stride size set to 17 * record size.
                                                            random  random    bkwd   record   stride                                   
              KB  reclen   write rewrite    read    reread    read   write    read  rewrite     read   fwrite frewrite   fread  freread
              64       4  473593 1210227  4274062 1597288510402178 4274062 2561267  4988978  4274062  3541098  2222043 4564786 15972885
              64       8  647135 1452528  6421025 2096219115972885 5389653 3203069  5860307  5389653  3958892  2561267 6421025 15972885
              64      16  587635 1562436  7100397 2096219116983463 5283570 2892445  5389653  4274062  2379626  4207076 3738358 10821524
              64      32  639427 1599680  7940539 3438968815972885 5735102 4207076  4274062  4018152  4018152  4564786 5389653 10402178
              64      64  686877 1734015 10402178 2096219115972885 5860307 3057153  5860307  5735102  5735102  2444640 5283570 12902017
             128       4  681476 1663139  4759253 1284205110567140 4596273 3199360  5379161  7476717  4267461  1905110 3560017  4267461
             128       8  556454 2098744  4596273 1588107814200794 5122535 5545860  6727225  6114306  4267461  2098744 4759253  9977956
             128      16 1121270 1911894  3895854 1588107815881078 5784891 3359523  6727225 12842051  4596273  2558895 3895854 14586625
             128      32  907174 3560017  5325799 1420079414200794 6045455 4135958  6727225  9129573  3468030  2511022 4407601 14586625
             128      64  947186 2248149  8036304 2164304915881078 6114306 4135958  6406138  9129573  3895854  3297617 5603747 10567140
             128     128  976473 2905056 12542043 1863766415881078 6114306 5545860  5122535   371073   392792  3199360 5603747 12842051
             256       4 1016025 2557711  5810112 1209091110245071 4496299 5117791  5717301  4496299  4264168  3123106 5687020 11569783
             256       8 1112909 2943325  6398720 1607260812812277 5455847 3756894  7120034  9114515  4734192  1445521 6107548 12090911
             256      16 1080434 3410808  6249745 1416439513454450 5687020 1354356  7120034  5455847  4929815  2975955 5569035 12812277
             256      32 1206714 3499745  6891544 1516462412090911 6398720 6249745  1447470  9114515  4332998  2081678 5455847  2533571
             256      64 1169901 2000242  6398720 1607260815164624 6595234 4572895  7791708  8208677  5347168  4929815 4070199 15164624
             256     128 1058076 2692393  8815202 1516462413454450 6398720 5687020  6554972  7314033  3823789  7314033 5428265 15164624
             256     256 1158540 3499745 11091721 1345445013454450 5347168 5428265  5810112  5810112  1347557  4734192 5971678 13454450
             512       4 1014013 2449212  5760329 12215097 9681823 4163357 5214798  5566231  6736026  3762197  3510074 5439343 11683444
             512       8 1273106 3710197  6571132 1424006912797441 5439343 5886650  7540170  6472112  4973263  4068701 6018636 13522711
             512      16 1361920 3372274  6018636 1424006913522711 5886650 2497638   627404   863203  2497638  4204110 5509113 13438092
             512      32 1316016 3659616  5699180 1352271113109944 6018636 5115422  7115451 14240069  4871723  4457157 6246213 13783088
             512      64 1368865 3934520  2796910 1462806713522711 5699180 5870558  7620440  8844453  4973263  3877684 5684095 13783088
             512     128 1347393 3533174  2910635  899259811138071 5164632 4610256  6736026 11138071  4732165  2304647 6018636 14240069
             512     256 1406520 3963567  7758090 1187730013109944 6018636 5624545  5822804  8140399  3304808  5822804 5822804 13109944
             512     512 1098566 3628697 12797441 1162022413109944 5509113 5624545  5509113  5968453  5624545  4571003 5951911 13438092
            1024       4  947320 2760606  5950309 12208350 9832672 4265934 5194651  3181915  8457895  3999762  3291652 5630486 11614118
            1024       8 1261072 3643490  6402699 1423090212639479 4783849 3281592  7420395 11368190  4949226  3821805 5690162 12983353
            1024      16 1289855 3271594  6569179 1249242610230845 5720477 5991815  7113161  6874084  4570058  4079544 6208343 13998981
            1024      32 1092921 3764854  6317933 1368670913142265 4146499 6093831  7631350  8061038  4972145  4130547 5479632 14422045
            1024      64 1436056 3751699  6025439 1399898112790037 5507740 5251818  8122014  5991815  3532609  2187063 6128613 14820161
            1024     128 1155864 4249053  5751117 1442204514044758 5950309 5018624  7485055  9743447  4550690  4162573 5853003 13305116
            1024     256 1393200 4339202  7020149 1314226512037272 5885083 5390231  5652717  9765601  2553783  4659297 5690162 12790037
            1024     512 1521524 4526709  8199542 1330511613305116 5564829 5660167  5720477  7699755  2805690  3544270 3304314 11614118
            1024    1024 1402756 4339202 12639479 1330511613305116 5885083 5536137  3544270  5417427  2813041  3092561 4060261 12944224
            2048       4 1105837 2880782  5868220 10503637 9653719 3901313 3855782  5735012  4785996  2828608  2712491 4394265  7088541
            2048       8 1385740 3806235  6440169 1205087812488897 3519302 5319484  7670915  7556202  3281349  3106885 5009275 11502234
            2048      16 1425288 3828288  6523312 1008438212882215 5332694 6207471  4875642  5750369  4162181  2884652 6132138 12118884
            2048      32 1506000 4347560  3908414  9990553 9400176 3698085 6340344  7999524  9101380  5184636  4481379 6127764 10555264
            2048      64 1288849 4162181  6851089 1319892314638464 6479029 6149699  8325147  9472740  4842658  4330028 5953632  6829301
            2048     128 1322178 4023754  6479029 1280539913926483 6459541 5376082  7726111 13552946  3430751  4284671 4519101  9708272
            2048     256 1059987 4293237  4204968  4864597 9179186 5461535 5349298  7286980 10726615  4481379  4338776 3887189 10660056
            2048     512 1535341 3240499  6711905 1263586712805399 5689430 4086930  5564129  9400176  3418463  4367454 4376355 10959265
            2048    1024 1083109 2180847  7903836 1170600611015480 5319484 5277002  6298503  8159088  4481379  4016229 4196751  9308497
            2048    2048  714351 3169944  5549749  4056054 6284678 4031308 5068389  4170264  4006862  2332443  2817475 3297725  3690142
            4096       4  906981 1970212  4039655  5728903 6178018 2449785 4752639  5859825  5565581  3360164  2435200 4959824  6565206
            4096       8 1153800 3653887  4297324  4935601 7697744 2600329 4773769  7149920  4922872  3327622  2784507 5657217  7185807
            4096      16 1292515 3750403  5875858  4935601 6682678 3018351 5818150  7701194  7286380  3016231  2827121 6005255  6309619
            4096      32 1253016 3052133  5642353  7670249 9524234 4133944 6122971  8240513  7298762  4271680  3081698 4952675  6149271
            4096      64 1330761 3139133  5411313  6339889 9247398 3923414 4718699  4864330  5736555  3988078  3136268 6178018  7599002
            4096     128 1332929 3036489  4515307  4830139 5867831 3319264 5389246  8463799  7447471  3781775  3029528 5347310  5885924
            4096     256 1270812 3243439  5800471  6195843 7848969 3343814 4452120  6330545 11539362  3061379  3912691 4556020  5013377
            4096     512 1346510 1959649  6024207  5986422 7447471 4214051 5454263  6769576 11311433  3761900   866715 4928521  4965558
            4096    1024  551949 3433360  6077484  6703539 6858763 3456153 4796426  6748303 10089154  3723578  2485223 5424983  4342950
            4096    2048 1126193 2040896  4132949  5885924 5476867 3292546 3494822  2700046  5178081  2678576  4124020 3281854  3268741
            4096    4096 1008397 2015752  4628439  4409837 4633432 2801763 3726809  2923832  3504089  2385494  2786313 3042943  3430618
            8192       4  964218 2489149  5741161  5486317 5218033 2524445 4919916  5745001  4922735  2712581  2945590 4350542  4077917
            8192       8 1203670 3376942  5066458  5842692 6000856 2608780 5224380  7556896  5136133  2887420  3436384 5720134  6201216
            8192      16 1231893 2739834  5992483  6183361 6022946 2919560 5855636  7537004  6272536  3423373  2566303 5936574  5935548
            8192      32 1298269 2929017  4548665  6296676 6281710 3573999 6258825  7930135  6410631  3698251  3185053 5834754  6351381
            8192      64 1335717 3164228  1576582  1462066 1178689  860783 6301295  8668371  6682426  3917958  3131353 5868638  6325656
            8192     128 1504774 3079711  6045199  5591672 5129999 4275297 5966469  8524285  4574098  3222391  3840447 6067617  5993529
            8192     256 1332660 3041813  5458427  5619105 5760412 4304757 5661696  6517641  4418232  3274287  3271481 5825851  5888754
            8192     512 1255663 3011685  4662863  4675554 5752696  858353 5793435  7124429 12356037  3639106  3063510 5323125  5542961
            8192    1024 1270098 3499380  4366576  4659702 5271672 2971317 5797345  7049878 11423523  3526316  2548033 5278151  5497729
            8192    2048 1344919 2822895  3678849  4045746 3986138 2657200 3054523  2552955  5502130  2496746  2480882 4995015  3063510
            8192    4096 1261657 2651049  3357474  3529576 3537206 2521296 3119413  2545768  3069257  2107079  2314752 3833164  3951754
            8192    8192  996720 2725275  3494753  3305789 3634487 2639847 4203126  2736997  3219976  2393105  1903396 2751022  2687755
           16384       4  973959 2307276  4838784  4551318 4329657 2131642 4093903  5785536  3946944  2486160  2709886 5309062  5435890
           16384       8 1099884 2770409  4641073  4529718 4384351 2400864 5538853  7554242  5328410  2813166  2866798 5529938  5494127
           16384      16 1220403 2784441  5434171  6277582 5859534 3161143 5700587  7007325  5999706  3245035  3061846 5276451  6003900
           16384      32 1272139 2860355  6196634  6301182 5960159 3604142 5675165  8086731  6232038  3564139  3142351 5403831  6072875
           16384      64 1274026 2934120  6345402  6196634 6101994 3652220 4902648  8747603  6503950  3470364  3723662 5915013  5542427
           16384     128 1339331 2929368  4554938  5064519 5335029 3315168 4870679  7160661  5145674  3440652  3488155 5389422  5587946
           16384     256 1261861 3035740  4943916  5323045 5126480 3557128 5764667  7595153  5709112  3079132  3120236 4918439  5310703
           16384     512 1185456 3336090  5661139  5997088 6050418 3959223 5849060  6731392  5274831  2753536  3446346 4837081  4830281
           16384    1024 1123421 2233050  6097662  6201108 5797739 3852246 4917031  7258993 12163157  3329463  3294506 5132606  5608926
           16384    2048 1043626 1957663  5340419  5432023 5345404 3041383 4111539  4198710  7028827  2481671  2034034 4477770  4356280
           16384    4096  957685 2117063  3274881  4460622 4431854 2778362 4283240  3090209  3311174  2230369  2464140 2749900  3627160
           16384    8192 1089077 1949112  3872434  4316331 4109326 2707217 3738857  2909523  4074726  2499816  2962198 3705991  4425575
           16384   16384  990510 2745834  3195094  4453106 3904780 2163792 3816517  2788735  3022921  2650620  3016684 3544834  3553266
           32768      64 1104860 3591034  4927397  6581125 6217886 3681748 5646674  8274567  5533235  3201257  3420853 5416141  6518388
           32768     128 1266253 3106259  6254672  4581633 4287356 3407959 6167383  8539866  6054631  3531790  3218876 5503544  4462476
           32768     256 1272891 2971601  5841057  5258847 5916746 3779449 4901740  7059081  5696761  3196566  3682142 4887794  5123958
           32768     512 1128724 2830477  5902009  6073628 6006735 3909312 5395516  7162454  5976436  2656964  3240888 5734554  5518350
           32768    1024  987648 3547012  4020586  4752416 5232818 3751799 5184848  5702670  5920059  2218087  2809359 4589282  5566176
           32768    2048 1194822 3002698  5368120  5448779 4536567 3159239 3747912  2683054  6712261  1951985  1549379 4422699  3098625
           32768    4096 1088851 2703213  4429969  4435259 4329767 2775321 3531790  2529343  4321870  2190967  1843783 2764770  2783810
           32768    8192 1137336 2216299  3882916  4432255 4186025 2655681 3494079  2552406  4236346  2214192  1812585 2779531  3130955
           32768   16384 1118282 2189780  3971902  4312783 4426403 2805918 3433415  2493006  4242361  2284450  3460212 3544359  4296873
           65536      64 1162894 3595722  5824325  6411325 5828524 3484857 4995890  7923653  4740025  2560199  3095095 4713851  4514720
           65536     128 1289823 3144127  5828030  6054738 5552101 3228547 5688956  7508723  4839416  3062576  3557700 6082203  4056411
           65536     256  854146 3183196  5395708  4579710 4959563 3570686 5436903  4413808  5420713  2986089  3425833 4467031  4538499
           65536     512 1200294 3321795  4466087  4539474 5432283 3732532 5316087  6503552  5649669  3326337  2243318 5825930  4706667
           65536    1024 1081452 3426003  5971348  5745678 5867591 3853241 5116786  5553896  5524872  1969832  1616616 3555767  4150741
           65536    2048 1221821 2518585  4332961  3789756 3683663 2351578 3602225  3066300  2768635  1602779  2220055 1881812  2949688
           65536    4096 1022992 2038899  3054307  2761625 3341622 2364382 2737396  2065682  2639812  1681356  1535658 3154990  4168113
           65536    8192 1119584 2648970  3021771  2185042 1852129 1319372 2737614  2113310  4006861  1620973  2233131 4143421  3730860
           65536   16384  940973 2680171  2909351  2344518 2792799 1861448 2723294  1991193  2700738  1922602  2355124 3757379  3089702
          131072      64 1068753 3121664  6081113  6265965 5771544 3030079 5945439  8304116  5880571  2978837  3154479  576376  6255556
          131072     128 1312608 2930221  5718473  5883529 5543580 2990455 5457889  4413943  5355800  2812642  3086299 2217054  5871903
          131072     256 1316620 3270510  5334855  5450206 5420863 3138470 5465214  7608570  5557422  2955139  3057429 2319568  5560007
          131072     512 1344975 2476190  5664793  5463150 5548000 3209319 5565467  7163613  5304843  2937847  2816865 5434205  5599194
          131072    1024 1111222 3021137  5471360  5705239 5744766 3057990 5454261  6887978  5804266  2546523  2580312 1522106  5871338
          131072    2048 1189863 2465142  4835874  4885467 5037909 2534408 4734058  3683559  4732020  1847410  1304538 2889652  4759510
          131072    4096 1105690 2293269  3986603  4187600 4025191 2298302 3980195  2856530  4131365  1730801  1895175 3799862  3921510
          131072    8192 1147498 2255317  3793595  4009193 4036599 2323263 4197544  2886223  4016193  1921565  1882359 1357358  4050936
          131072   16384 1066371 2128453  4009807  3003001 3171110 2238065 2895847  2586163  4257388  1969344  1382091 3984205  4143134
          262144      64  125846  114883  5841760  5815097 5794655   62327 2727282  8177920  5681590   136467   126561 5399004  5824122
          262144     128   87563   86762  3188831  5887019 5293804   61408 5058346  7955610  5599217   125617   107141 5057090  4882447
          262144     256   89321  129220  5142306  5276858 4638667   68901 1964789  7299817  5362691   123558    83314 5264125  5387048
          262144     512   94491   80025  4046743  5643475 5265007   88798 5048707  7057298  5548722    98596   124020 4031431  5581452
          262144    1024   97768  120722  5013280  5625631 5438797  101277 4874201  2481996  3672668    83514    95198 5432455  5654766
          262144    2048  125007  120058  4554336  4609033 4821302  130018 4336899  3709042  4703978   132227   121900 4087376  4667812
          262144    4096  127009  117463  3886727  3817830 3768111   98905 3778535  2726491  3909850   100888   137228 1859190  4061737
          262144    8192  123667  103762  3884941  3975616 4094652  147154 3012461  2716548  4071891    98131   112400 3754459  4206695
          262144   16384  131191   79826  3255036  3365737 3454587   87041 1185952  2820513  3864202   123328   150353  993176  3529122
          524288      64   25201   68980  6014754  5988922 5599699   15013 3506689  8201888  5708030    86414    87139 6093472  5203904
          524288     128   86120   68740  5461270  6037112 5568700   23019 4885862  8256767  5075401    45340    74408 2806169  5825369
          524288     256   66673   54724  5432922  5514697 5652219   36028 5264627  7402478  5014135    86844    67978 4287775  4737826
          524288     512   53686   43913  4776634  5608268 5438054   41277 5240313  6857914  4677351    67334    74062 5223025  5279313
          524288    1024   86206   68611  3919437  4795457 5455647   34583 4247212  6663710  5367244    68604    64079 2169051  4736928
          524288    2048   71332   69731  3283178  4657982 4668930   38746 4598217  2442447  3467972    49284    69487 4718946  4531678
          524288    4096   67349   44467  2775024  2957283 3089519   42394 3669969  2516272  3941955    50868    43975 2549666  2385653
          524288    8192   55420   69159  3817080  3796795 3850472   42555 3772564  2631834  3968812    87315    80619 3748315  3956587
          524288   16384   68939   58065  3875717  4109226 4083966   89106 3523562  2594124  3494158    88913    77086 3025075  3430732

iozone test complete.
