	Iozone: Performance Test of File I/O
	        Version $Revision: 3.420 $
		Compiled for 64 bit mode.
		Build: linux-AMD64 

	Contributors:William Norcott, Don Capps, Isom Crawford, Kirby Collins
	             Al Slater, Scott Rhine, Mike Wisner, Ken Goss
	             Steve Landherr, Brad Smith, Mark Kelly, Dr. Alain CYR,
	             Randy Dunlap, Mark Montague, Dan Million, Gavin Brebner,
	             Jean-Marc Zucconi, Jeff Blomberg, Benny Halevy, Dave Boone,
	             Erik Habbinga, Kris Strecker, Walter Wong, Joshua Root,
	             Fabrice Bacchella, Zhenghua Xue, Qin Li, Darren Sawyer,
	             Vangel Bojaxhi, Ben England, Vikentsi Lapa.

	Run began: Fri Oct  4 07:06:00 2013

	Auto Mode
	Command line used: iozone -a
	Output is in Kbytes/sec
	Time Resolution = 0.000001 seconds.
	Processor cache size set to 1024 Kbytes.
	Processor cache line size set to 32 bytes.
	File stride size set to 17 * record size.
                                                            random  random    bkwd   record   stride                                   
              KB  reclen   write rewrite    read    reread    read   write    read  rewrite     read   fwrite frewrite   fread  freread
              64       4  306151 1392258  4564786 1290201710821524 4274062 4564786  4897948  3541098  3363612  2133730 3057153 10821524
              64       8  603489 1492919  6421025 1597288510821524 5283570 3203069  5283570  5389653  2772930  3203069 3738358  7100397
              64      16  877797 3363612  5860307 2096219112902017 5283570 5735102  6421025  7940539  2662899  3057153 3541098  4897948
              64      32  831569 3057153  9318832 2096219115972885 5860307 4274062  5860307  6271021  3363612  4988978 3791156 12902017
              64      64 1066042 3363612 15972885 3438968815972885 5860307 2892445  4988978  5283570  4564786  1562436 3791156 12902017
             128       4  864797 2608629  5545860 14200794 9795896 4267461 4934216  5545860  7176872  4104338  1827299 3536566 10779307
             128       8 1142750 1967960  4104338 1636517314200794 5325799 4407601  6727225  6406138  4267461  2035099 5545860 11720614
             128      16  852438 2286447  3785961 1420079414200794 5847904 4934216  6406138  4759253  4267461  2326073 6114306 14200794
             128      32  864797 2098744  4267461 1420079414200794 6406138 4934216  6406138  4135958  5325799  2499332 3895854 14200794
             128      64 1175271 3536566  6727225 1147020412842051 6406138 5122535  4934216  7082197  4135958  5847904 1508887  2558895
             128     128  940549 3359523 11720614 1636517312542043 2660335 4596273  5784891  5325799  5325799  3657016 4717434 11720614
             256       4  719277 2607399  4132864 11569783 9114515 3994490 4929815  5687020  3879045  4264168  3410808 5428265 10651598
             256       8  826078 3605511  5455847 1345445012228612 5320671 4264168  7314033  4404088  5022044  3557725 5687020 10651598
             256      16 1143731 3236056  6213578 1435374412812277 5810112 5717301  4572895 14353744  4819184  3326279 6249745 13454450
             256      32 1266495 3197509  6554972 1345445012812277 5569035 5569035  7314033  2266207  4819184  4132864 3810220 13454450
             256      64 1045710 4009406  7120034 1516462412812277 2148318 4929815  7314033  5569035  5569035  3557725 5455847 13454450
             256     128 1219045 3654598  8534922 1416439512812277 5569035 4572895  6936061  5455847  2943325  4422226 5938650 14353744
             256     256  870268 3770085 12661199 1109172112812277 4117018 5569035  6249745  5217259  5455847  3717869 5687020 13454450
             512       4 1073846 2860238  5566231 11877300 9638369 3849877 5227492  5886650  5566231  4195896  3580298 5822804 11374040
             512       8 1080328 3259661  1730717  8808176 1924603  588544 5624545  7309196  6319739  4827914  4195896 6319739 13872122
             512      16 1406520 3104171  6319739 1387212212797441 5951911 5278892  6821616  8140399  4961773  4068701 6086873 13109944
             512      32 1368865 2524058  6931711 1462806713522711 6319739 6319739  7758090 13109944  5384786  4620174 6174377 14146265
             512      64 1387437 3634839  7211022 1503780113783088 6571132 6246213  7620440  8265729  5509113  2575520 5822804 14628067
             512     128 1237168 3604335  7022379 1462806713438092 6395018 4305250  6246213 10856530  4237291  4204110 5951911 14146265
             512     256 1199171 3795443  7988981 1319046912499490 6156675 5886650  6571132  7758090  4375425  4571003 5822804 12797441
             512     512 1026126 4237291 12797441 1343809212797441 5439343 5822804  6086873  4447925  5019764  4447925 5624545 12215097
            1024       4  966071 2192645  5917516 11936907 9765601 4211554 5336651  5950309  7160597  4146499  3314514 5660167 11398360
            1024       8 1292961 3529706  6441107 1404475812208350 5120336 5593820  4995276  8408221  4589593  4033569 5720477 12639479
            1024      16 1356245 3170172  6650556 1399898112983353 5789881 5303701  7208671  8326715  5120336  2861774 5950309 12639479
            1024      32 1454537 4321737  4195100 1442204513643232 6163794 6519323  7811791  8822754  4470172  4114719 3863055 13472053
            1024      64 1144163 2852271  6918376 1482016114422045 6519323 4949226  8326715 15516181  5536137  3908759 4920874 14618393
            1024     128 1432225 3999762  6819511 1442204513686709 6479979 6093831  7826025 11132462  3567824  4282950 6093831 13998981
            1024     256 1262555 3335105  6650556 1310217412790037 6163794 3414650  6819511 10255274  3646583  4614246 6025439 12983353
            1024     512 1265904 2220992  7869040 1330511612944224 5652717 3738636  6393168  4265934  4162573  6059442 5991815 12944224
            1024    1024  945443 2598591 12348754 13514444 4614246 5853003 3472628  5917516  3579719  5821271  4356809 5536137 11249091
            2048       4  980384 2734075  5107566  7065219 6990474 2771120 4451191  5416763  4643695  3519302  3160613 5478953 10401883
            2048       8 1024586 3052781  5020987 1211888411365268 4611288 5319484  5156624  5119743  3465352  2223755 6132138 13384011
            2048      16 1346425 3494960  4762117 1218766313038646 5159722 4490751  6603549  4697018  3717289  3657149 4686767 11770166
            2048      32 1400653 3266376  5238385 1009623512033995 4104506 4796687  7643611  5900467  4178378  2860636 6523312 12959958
            2048      64 1400881 4312636  5264067  680226113038646 4321315 4347560  7761014  5362657  3459769  3969827 5735012  6114678
            2048     128 1375312 3771144  4405533  656318513639023 4531020 4367454  7444871 14840791  3924484  2941954 4611288 11983630
            2048     256 1568134 3517861  6003564 11706006 8423109 4376355 5800851  7065219 12257227  4699588  3407614 4008732 10555264
            2048     512 1122749 3915540  6738230  7088541 4643695 3112514 5769681  6711905 10131961  4983122  2951050 3441748 10192069
            2048    1024 1124071 3205431  5489457  7213548 6167360 3871422 3476572  5492967  7477273  4170264  3772800 5376082  6759439
            2048    2048  809774 2994254  6895083  7159438 7237860 3931669 5212953  3938881  3799501  2578935  3089009 3931669  4347560
            4096       4 1009879 3158176  5689064  6872481 7209932 2959594 3625358  5828019  4735608  3011473  2822940 5019235  6420447
            4096       8 1243493 2805881  4718699  5020702 6883496 2362206 4698053  7460407  4452120  2955520  2603876 6114255  7599002
            4096      16 1177687 3081698  3908241  6459069 7529067 4197577 6041154  7639552  7076294  4390677  3255732 4348447  6748303
            4096      32 1362205 2788122  6379914  6379914 9373535 4779081 4977067  6894546  7200866  4112175  3546770 4959824  6379914
            4096      64 1335001 3263773  4910209  5751920 7656576 4812550 5849848  6941906  5278308  3618486  3686820 4376138  7367624
            4096     128 1115155 4112175  5794602  6401308 8865630 4209920 5794602  8260324  7050159  3504089  3404782 4179197  6186918
            4096     256 1075637 2940345  4321103  6908408 7542289 4785737 5681538  6151473 13046624  3504089  2854365 4417775  6234064
            4096     512 1311559 2856263  6160296  6512939 8017464 3761077 4128976  5397712 11641010  2478054  3128843 3976080  5095153
            4096    1024 1090868 2514689  5696610  6198078 5843879 2480917 4032070  4746074  7027089  3489144  3327622 4227532  5178081
            4096    2048 1231813 2057270  4676314  4140919 3491981 2142180 3402085  3374022  5271829  2307631  3072878 4971306  5520868
            4096    4096  797994 2230918  3093907  3930595 2671911 2174170 4125010  2696655  4452120  2698349  2294686 1959649  1449924
            8192       4  828808 2500562  5139206  5208541 4277959 2327295 4257814  5424817  4917099  2807442  2378526 4483378  4566196
            8192       8 1160025 3280853  5516264  5626466 5305863 2604035 5546540  1020188  5653313  3160444  2565536 4196965  5047109
            8192      16 1243665 3144824  5178710  6486879 6405850 3575487 5728718  7500806  4995015  3211248  3547798 4710810  4543853
            8192      32 1188432 3882541  5560902  6445505 6692839 3775461 5531360  7899143  5476697  3053437  3822503 5319828  5207752
            8192      64 1305718 2703829  6370221  6253130 6786699 3717055 5368872  8534872  6365501  3934558  3197502 5940679  5641246
            8192     128 1269676 3162771  5371390  5966469 5191229 3485889 4137332  7367317  4248864  3182398  3147128 4929091  5524246
            8192     256 1297827 3241850  4779617  4452008 5231540 3683582 4481039  7340560  5974769  3549264  3773388 2986555  5728718
            8192     512  783774 2974404  5780764  2696402 4893987 3626431 3548164  7154097 11671877  2982148  2962862 5053047  5142283
            8192    1024 1368760 3563251  4870401  4538452 4483963 3394960 5076189  5468852  7049878  2479271  3449493 4341746  4743981
            8192    2048 1105995 2021778  4594281  5546540 4409161 3431922 4203126  4199016  4170981  2079785  2196801 4732221  5188093
            8192    4096 1047559 1912720  3029744  2997498 3245831 1646621 3460959  2394606  3908599  2405839  2600487 2630751  2402307
            8192    8192  369007 2219936  3930957  3750733 3649155 2728954 3443271  2377868  4133350  1933058  1916668 4235769  4498640
           16384       4  920077 2607672  4921609  5184886 4761338 2455248 3053411  3672716  3432574  1742212  2674033 4114493  3581974
           16384       8 1173812 2755855  5470073  4726949 4954252 2902396 5492370  7519524  4782213  2037532  1590551 6229778  5677040
           16384      16 1219234 3008495  5251050  4586862 5104015 2684060 4861720  6797981  5099092  3390740  1886042 5914504  5690674
           16384      32 1272941 2065582  2921025  4698830 4270994 2145351 5997088  7884466  5005860  2744847  3465289 5673291  6511962
           16384      64 1463648 2956845  5518393  4693053 6311020 3813975 4281105  7992676  4475437  2927870   682520 5536622  5178244
           16384     128 1234567 2699241  1588676  6104704 5161907 3307827 4476603  7914432  5348732  3193016  3594527 5066012  5105532
           16384     256 1268219 3498633  5256673  5247842 5181367 3300678 5426876  7177114  5770960  2679246  2970778 4254600  4223742
           16384     512 1334208 3748238  5366275  5847069 5783101 3791669 5407233  5847069  5653687  3238001  3077891 4458306  5153778
           16384    1024 1243953 2540103  4738030  4803271 5973110 3771690 5584313  6529907  9740803  2239162  1879131 5538853  5678917
           16384    2048 1227905 2006068  3900126  3895263 5338759 3180749 2821366  2299555  4429283  1350491  2454897 2777351  3074448
           16384    4096  721412 2414021  3405527  3719229 4058602 2474522  814435  2874834  2838028   490552  1525377 3347792  2355035
           16384    8192  696628 2442854  2837091  1951658 1973461 1290584 3047047  2521741  1916711  1664844  1608345 2941531  3365664
           16384   16384  876939 2357135  4365689  3259194 4194609 2642161 4199993  2674866  3746603  2260226  2818011 3630417  3614378
           32768      64 1099196 3195006  5739823  5379677 4523576 2286350 4239090  8374395  4208069  2772466  3368122 3822653  5983722
           32768     128 1352761 3680072  3026769  5620580 5693693 3793532 4685822  7676092  5863985  2908526  2823615 6271225  6107636
           32768     256  970361 3411936  4549180  5775035 4376088 2257990 3166007  6896843  4828721  2530693  2979718 5864986  5027247
           32768     512 1347192 3177940  6050366  5917765 5977476 3818193 4295127  5778192  4304139  1620421  3255319 4964956  4489443
           32768    1024 1228605 3523009  2942022  3546646 4583008 2626449 3604029  3464224  3550861  1626846   901778 5664360  5732640
           32768    2048 1148062 2849668  2663194  2820255 2709448 1969581 2759884  2922566  6148897  1478111  1517022 2375666  2725459
           32768    4096 1149993 2552027  2857073  2913767 3390389 2508064 2801628  2081027  2711265  1654380  1720464 2923374  3545182
           32768    8192  760525 2097958  2742317  4288426 3776853 1764553 2757503  1868499  2938814  2000951  1933776 4043415  2861832
           32768   16384 1015780 2614159  3485219  4247737 4204336 2545882 3849635  2782401  3527168  1973852  2642761 3469295  3688368
           65536      64 1222892 3524943  4218325  5967070 4905397 2994416 1726318  7619453  3158688  2967168  3354795 5961634  5987868
           65536     128 1389480 3518490  4538125  5809922 4588119 1774793 3473188  8472692  4365025  2395224  3180139 6143236  6066497
           65536     256 1398195 2443450  4742151  4958490 4620433 2638115 4851288  6994205  5541691  2974553  3404827 5694849  5458604
           65536     512 1191258 3138240  5304392  5275784 5167285 2937112 5607601  4508796  4622375  2327012  3475604 4402215  5910487
           65536    1024  972200 3259210  3668814  3929251 4462752 2500326 3679127  6816088  4122850  1783487  2993308 4412037  6011439
           65536    2048 1158327 2502147  1389031  2981457 3227296 2353511 5104434  2067904  3837425  1631392  2295243  961179  3774457
           65536    4096 1042140 1559566  2355306  2935136 3170602 2436281 3519256  2374841  3442911  1698131  2009388 4173492  2766991
           65536    8192 1202778 2131814  4328935  4170579 4285939 2701295 3477626  2767353  4077411  1934985  2129519 2757774  2931474
           65536   16384 1214576 2234510  4028057  3761235 2785553 1947585 3082876  2474553  4010310  2331176  2358013 3939839  4121243
          131072      64 1137177  699237  5693835  5843877 5787341 3060288 6016887  8158816  4012733  2907087  2446558 5034679  6136365
          131072     128 1300499 2635621  4557908  5294319 5205833 2233828 2322037  7710048  5754327  2856411  2456791 5704707  5193047
          131072     256 1299788 3176974  5458160  5609535 5431682 2972282 4904820  6116566  5022306  2709453  1871414 5241420  5483038
          131072     512 1291301 1161565  5612398  5506765 5654306 3041899 4970496  6894111  5671221  2858460  2683977 5228011  5319678
          131072    1024  887420 2911613  5407480  5347257 5635584 3079557 4543856  6721568  5501695  2240930  1928630 5067349  5227216
          131072    2048 1172725 2255428  4591138  3487439 3899923 2232186 4558248  2503136  2690307  1198571  1388592 4220359  3208926
          131072    4096  946621 1304080  3995846  4079826 4001838 2377807  857772  2738771  3501232  1705579   681866 3387306  3947954
          131072    8192  961404 1797375  3202570  3981665 3910381 2175400 3998665  2774711  3353850  1759636  1868876 3944017  4009193
          131072   16384 1137274 1513670  4047685  4003062 4091760 2243381 2731233  2504915  3993785  1547248  1663558 4130589  3968387
          262144      64  114141  125012  4667574  5513967 5852861   76097 4269172  8204832  5601099   124835   115136 1780326  6035343
          262144     128  119456  113919  5702393  6008200 5777938   79510 5060488  8280277  5500286   126900   111100 5344522  5713951
          262144     256  118802   72785  5130836  4424081 4020919   60837 4958365  5661375  4572937   113599    93081 5137453  4751669
          262144     512  117403  110239  3257505  4683899 4490390   67673 3403051  6894189  4355850   104781    79305 5255821  5406358
          262144    1024  120088  108570  5029240  5529996 5581821  117164 5072745  6692268  5417546   119179    84220 4634717  5546035
          262144    2048   91380  116691  2457202  2582117 3068203   75483 2808245  2588695  2806109   101522   103947 2189866  2924312
          262144    4096   98403   80946  2505822  2533455 2360146  102716 3606933  2010569  3279170   105762    78857 3853976  3997994
          262144    8192  144461   93302  2095593  2112853 2596538   77969 3881033  2439478  3994334    93069    86746 2524161  4078854
          262144   16384   83294   70061  3690964  3994334 3995306   87434 2097568  1995144  2702539    93538    88100 1830052  2980329
          524288      64   32863   70031  5915267  6032260 5597233    6891 2921118  8401658  5457922    63999    55545 3579297  5998789
          524288     128   72194   66442  5506646  5787165 5684392    5315 4989991  8018965  5561152    72441    40962 4538852  5223298
          524288     256   64525   66974  4305134  5539118 5354749   26074 5306077  7620024  5444827    37967    71994 5362676  5310267
          524288     512   70362   13046  5049772  5272415 5196218   55263 5105235  7017633  5634060    65588    43970 5358076  5435339
          524288    1024   66688   56985  5183883  5296683 5433768   42410 5148613  6640007  5454348    67957    61623 3720386  5571903
          524288    2048   57062   67434  4470769  4812637 4804772   33706  593486  3433968  4758762    62130    85123 4844199  4967862
          524288    4096   83338   81349  3508535  3565907 3572442   82130 4054786  2870687  4318747    89597    82213 4046176  4207700
          524288    8192   87801   82845  4066641  4184329 4129064   86540 3333869  2648347  4191954    87322    89074 4096122  4045804
          524288   16384   88043   82007  4146074  4038767 4112446   84336 4138412  2876721  4168157    91685    91574 3972476  4047621

iozone test complete.
