	Iozone: Performance Test of File I/O
	        Version $Revision: 3.420 $
		Compiled for 64 bit mode.
		Build: linux-AMD64 

	Contributors:William Norcott, Don Capps, Isom Crawford, Kirby Collins
	             Al Slater, Scott Rhine, Mike Wisner, Ken Goss
	             Steve Landherr, Brad Smith, Mark Kelly, Dr. Alain CYR,
	             Randy Dunlap, Mark Montague, Dan Million, Gavin Brebner,
	             Jean-Marc Zucconi, Jeff Blomberg, Benny Halevy, Dave Boone,
	             Erik Habbinga, Kris Strecker, Walter Wong, Joshua Root,
	             Fabrice Bacchella, Zhenghua Xue, Qin Li, Darren Sawyer,
	             Vangel Bojaxhi, Ben England, Vikentsi Lapa.

	Run began: Fri Oct  4 07:05:59 2013

	Auto Mode
	Command line used: iozone -a
	Output is in Kbytes/sec
	Time Resolution = 0.000001 seconds.
	Processor cache size set to 1024 Kbytes.
	Processor cache line size set to 32 bytes.
	File stride size set to 17 * record size.
                                                            random  random    bkwd   record   stride                                   
              KB  reclen   write rewrite    read    reread    read   write    read  rewrite     read   fwrite frewrite   fread  freread
              64       4  313664 1330167  4564786 1597288510402178 4274062 2662899  4897948  4564786  3541098  2923952 2772930 10821524
              64       8  710511 1429325  4988978 2096219115972885 5389653 3203069  5735102 12902017  4274062  3057153 3791156  6421025
              64      16  621657 3791156  7100397 2096219115972885 5283570 4897948  4274062  4564786  3738358  2923952 4018152 12902017
              64      32  674790 1638743  9006179 3048429722737791 5860307 3022727  5860307  4018152  3363612  2358717 5283570 12902017
              64      64   98914 2923952 15972885 2096219115972885 5283570 4274062  4564786  4988978  4018152  3406295 3022727 15972885
             128       4  711270 2211113  5784891 1147020410779307 4557257 4889281  5325799  3380677  3895854  2336194 5325799 12842051
             128       8  914904 1905110  4267461 1284205112842051 5325799 3277486  6727225  6330599  3536566  3199360 5784891 11720614
             128      16  908709 1997245  4934216 1056714011720614 5784891 3277486  6727225  4934216  4557257  3445772 5325799 10779307
             128      32  962469  895074  6114306 1284205114200794 5784891 4717434  6727225  5325799  5325799  2326073 5325799 11470204
             128      64 1065630 2727923  7176872 1420079414200794 6406138 3468030  6812590  4267461  4135958  3560017 3867787 14200794
             128     128 1175271 2202044 11720614 1801235914200794 6114306 5122535  5784891  5603747  5603747  2558895 5545860 11720614
             256       4  870974  568777  5217259 12228612 9434868 4070199 1274008  1422540  6107548  3654598  2557711 5217259 11091721
             256       8 1004618 3245838  5347168  2692393 5569035 2170027 3994490  6554972  6719046  2754556  2726577 5320671  8271916
             256      16  600928 3879045  5022044 1345445012812277 5347168 5810112  6936061 14164395  4652146  3605511 6107548 13454450
             256      32 1237306 3410808  6554972 1416439512661199 5347168 4734192  6073004  8534922  4332998  3605511 4652146 12812277
             256      64  593947 1570244  4840911  3705040 9192546 2943325 3557725  3935921  7735574  3043436  3009318 3935921  9518507
             256     128  556687 1985448  5687020  3410808 8888172 3378611 3511189  3545976   870268  2665657  4840911 5242734 10651598
             256     256  760006 2205688  9192546  4197489 8534922 3123106 3511189  3557725  5217259  1439707  2371308 3410808 11695808
             512       4  202291  709019  2007358 10694336 2753870 1110496 2991733  2708713  3409755  2265742  2014892 1778004  3140488
             512       8  893740 3325278  6472112 1414626512797441 5278892 4131319  6319739  6395018  4099771  4271001 6018636 14240069
             512      16  986529 3431550  6395018 1462806713109944 5684095 3822466  3634839  1122687  4296637  4494470 6086873 13872122
             512      32 1155924 3822466  6246213 1514384613872122 6156675 6018636  7091952 10044089  5331314  4650188 4927617 14240069
             512      64 1187895 2497638  6246213 1547114914240069 6395018 2207515  6652558  8394979  5566231  4411377 5886650 14628067
             512     128 1022219 1218910  7309196 1462806713872122 6246213 3941742  6246213 11138071  2427068  4228947 5495016 13872122
             512     256 1391032 3788747  7758090 11943357 4163357 5019764 5624545  6571132  8265729  3409755  5624545 5822804 13109944
             512     512  879825 3163620 12797441  231708010434519 5227492 5822804  6018636  5951911  6156675  4650188 5822804 13522711
            1024       4 1073525 3191372  5690162 1263947910039528 2281152 3981224  4949226  2995501  2120127  2392998 4433259 11249091
            1024       8  801777 3751699  4594502 1442204512492426 5251818 4674510  7537599 12071103  2612819  4014717 5472650  7369466
            1024      16  871401 3684119  6317933 1314226512492426 4995276 4211554  3544270 10039528  4736370  2043465 5813392 13643232
            1024      32 1414304 4178773  6830356 14820161 6208343 6244448 4064103  7869040  8457895  5601115  4232305 3818408 13472053
            1024      64 1282920 3472628  6519323 1423090211132462 5782087 6519323  8391792 10039528  5390231  3712781 5991815 14422045
            1024     128 1357961 2365323  6280976 1423090213102174 6172653 4178773  7755368 13472053  3210456  4594502 5444898 13472053
            1024     256 1486247 4339202  4146499 1249242612173747 2960401 4989473  6479979  9765601  4854136  4195100 5444898  7927135
            1024     512  972414 3458646  4396951 1314226513102174 5529011 3220084  6317933  7883484  4300102  3556008 5690162 13142265
            1024    1024 1110440 3189002 12944224 1263947911249091 4926518 3696803  2918161  6172653  5853003  4095102 5593820 12492426
            2048       4  931278 3155969  5549749  5349298 9400176 3644736 4945823  4248644  6873016  3266376  3136379 5238385  8565901
            2048       8 1018391 3391470  6303124 1311829512488897 3525079 6058611  7616502  6132138  4886737  3624742 4775354  4717655
            2048      16 1240458 3334853  4550221 1050363712710657 4196751 5953632  6780783  8758039  4818211  3200654 3929871  6895083
            2048      32 1289623 3199462  6243566 1094530110192069 4213218 6225466  8006980  9990553  4071433  3454204 2820250  9887060
            2048      64 1264935 3341339  6523312 14040298 8398403 5708334 6464402  5611381  7911115  5044577  4038890 6401772 13836752
            2048     128 1312882 3418463  5884299 1330111313949098 5848244 4031308  5489457 14417342  2913021  4178378 5986827 13574363
            2048     256 1285763 2864451  4180412 11380325 7368238 5567735 4223576  6895083 11690076  3012103  3489282 5735012 12033995
            2048     512 1313685 2734075  6284678  710613311770166 3586902 5596757  6420913 10037248  4948672  3169944 5704543  8059569
            2048    1024 1139580 3862718  5362657  5816563 5319484 3637020 4423683  3606479  4796687  4016229  3799501 4071433  6132138
            2048    2048 1111274 2909075  7207495  6738230 7368238 4240255 3821475  2767549  3494960  2821176  2528827 3962502  4601407
            4096       4  611888 2068666  5369035  5963564 1928414  436671 4096486  5203173  4581535  3072878  1553220 4681411  5367357
            4096       8 1298573 3577048  4244242  6245395 6716643 2950952 4200656  6420447  4917236  3404782  3368730 5396016  4729091
            4096      16 1296221 2981164  5278308  7234220 6967243 4161985 5980170  7502762  7161842  4399673  2691585 5996870  7237268
            4096      32 1288444 3025260  6272759  6321227 9327731 3778448 4307020  7969117  7921350  4125010  3445064 4708354  5726993
            4096      64  770473 3919833  4899008  6261328 6693092 3509816 6160296  8340529  7612471  4108241  2417722 5404504  4691638
            4096     128 1000003 4034911  6007355  6281934 8793028 3743865 5396016  3901141  4481152  3485604  2666519 5851841  6041154
            4096     256 1326445 3965067  3589754  4551192 7476641 4201683 4298399  6850558 12220656  2471992  3860813 4654774  5369035
            4096     512 1296221  891589  6049663  5642353 7983931 4108241 5225329  6430059  8142867  3791791  2948925 5551194  4846491
            4096    1024 1160974 3393349  5063617  2585847 2259080  846098 4882301  4701910  6703539  3112968  3782607 3667146  4612286
            4096    2048  551949  749924  5726993  5961494 4785737 3214912 3540193  2439696  5145513  2081196  2533229 3942321  4467170
            4096    4096  974091 2717987  3521326  3644585 3660115 2385494 4047268  2933818  3287506  2331431  2087771 4301628  2900630
            8192       4  761134 2157488  5084451  5123115 4566196 2444696 4437634  5100301  3893540  2653711  2959544 3585187  5467982
            8192       8 1146516 2692810  5839713  4609690 5524246 2971317 5414558  7968758  6054786  3403367  2786495 5756551  4404639
            8192      16  857154 3111222  4673010  6267959 5748846 2856454 5056765  7407022  5368033  3119697  3552567 5171695  5171695
            8192      32 1262631 2870294  5948908  6253130 6141364 3554036 5487193  8208631  4888417  3455391  3212449 5029378  5139206
            8192      64 1317433 3060236  4793620  5082195 5524246 3915726 4483963  8732257  6522590  3895306  3250744 4681287  4917099
            8192     128 1310499 3022813  5248321  4858693 5323125 3552567 5595314  8411596  6263389  3806833  3365696 5842692  5905961
            8192     256  772844 2987594  5237920  5234728 6122759 3930957 5728718  6393930  5970616  3543407  3065970 4421075  4964702
            8192     512 1291486 3045588  5265210  5461897 6136976 3974610 3975070  5505657 12333860  3766356  3711835 5794412  5911041
            8192    1024 1085896 3258451  4798976  4801658 4964702 2901807 4147820  6965556  5247519  3100554  3450879 5091232  5041185
            8192    2048  340283 1995129  4813093  5527801 5221205 3182398 4971166  4139325  3927363  1782439  2399623 2305743  2738961
            8192    4096 1084902 2742459  4471708  4508675 4479286 2718160 3801358  2809278  4093951  2151274  2836645 4469381  4491583
            8192    8192  973617 1924828  4479286  4481039 4489235 2802404 4045270  2912136  4031505  2981113  2474272 4385525  3752371
           16384       4  770321 2537009  3130898  4077628 3226598 1869469 4951396  4972535  4381835  2438434  2409788 1320314  4432998
           16384       8 1227927 3141776  5407233  5331717 5178244 2838497 5593859  7440550  5567122  3121937  2735233 5324694  4308213
           16384      16  584116 3258576  5251050  5933911 5841105 2960157 5981949  7443774  5990292  3260431  2892135 6124836  6054683
           16384      32  768873 3162889  5542427  4095123 5732926 3372436 5263115  7775626  5681264  3072798  1762498 5779211  5728625
           16384      64 1252889 2960029  4502414  5254664 5149144 3127336 4396131  7570887  6082012  3065807  3140484 5731014  5845080
           16384     128  997151 2826240  3163617  3356786 3799635 1896714 4798911  7529411  5677040  3307986  3218137 5402132  4564014
           16384     256 1509064 2823337  4460622  5078742 4602221 2961688 4727274  6646751  4566440  2584235  3157511 5818356  5173566
           16384     512 1401785 3078580  4554938  6032360 5712909 3943094 3733778  5859534  4963198  2993033  2981088 4357385  5410639
           16384    1024 1115235 3276130  6039252  5876570 6101994 3463193 4089762  4362087 11229029  2941405  2939895 4876209  5912977
           16384    2048 1163793 2063474  3564878  3450846 3254101 2344589 3331400  3941284  6026012  2310845  2510960 5118462  5224700
           16384    4096 1315764  499495  4274448  3001269 2835569 1452480 3514378  2296635  2764836  1977549  2152137 2961177  2812705
           16384    8192 1145099 1895197  4119673  4222704 2819977 2173786 2787264  2109719  3694236  2214057  3326079 3459358  3472643
           16384   16384  911183 1864751  2529165  3933839 3865247 1527072 3091877  1294351  2684165  2033252  2341235 3033596  3369790
           32768      64  961644 3411597  5600425  5785245 5387691 3114212 5309022  8037457  5508176  3206260  3144134 2687934  5952622
           32768     128 1293642 1033695  4950648  5407191 5906067 3578132 4255496  7254320  5011117  2877651  2768501 5218710  5211191
           32768     256 1362213 3031843  5570011  5526782 4705394 2637892 4272827  7435239  4287222  3224237  3185674 4398355  4777360
           32768     512 1248210 2827275  5509943  5746783 5974358 3113366 4423980  4552344  4419712  2704064  3564028 5040337  4986753
           32768    1024  684133 2874161  4048894  4422699 4650622 2950485 4290166  5031849  4196762  1869566  2917107 5051267  5779163
           32768    2048 1072043 2513660  2633242  3165716 3248855 2385396 4898945  3888959  3004865  1531646  1274579 3378139  2986193
           32768    4096 1164709 2395500  2783077  3049874 3218800 2312976 4164715  1947808  2667950  1638385  1298458 2795190  2738165
           32768    8192  872230 2096358  4192921  2893463 2683945 1833795 2567426  2509805  3513642  2273341  2404805 4191898  2891150
           32768   16384  793317 2601443  4142496  2829487 2601886 1922900 3222650  2664071  3007890  1932172  3165132 3005653  3774778
           65536      64  998231 3242907  4810283  5703712 5914811 3290461 5225735  8382518  5399629  3155461  3311390 4341310  4869680
           65536     128  883960 2819237  3756301  2778711 3518536 2944127 4861326  7619664  4233006  2511153  2185111 5506831  4395387
           65536     256 1121233 3201100  3184302  4371690 4109352 1441303 4754866  6887650  5594248  1728489  2548852 4865284  4073121
           65536     512 1329088 2829714  5130826  4715226 4502961 2427696 4572092  6926178  5027321  3121810  3171516 4538499  3649622
           65536    1024 1341084 3393353  4112980  4511016 4732191 2566222 5802195  2715277  4489062  2269958  1827052 4426888  5337662
           65536    2048  792062 2649532  3004432  3052441 3157128 2322313 4736268  2477542  2936328  1899708  2108140 2900204  3817546
           65536    4096 1103671 2214118  2706748  2840621 2924021 2075900 2627122  2533091  2661693  1497215  2050244 2947568  4038710
           65536    8192  988236 1996892  4035449  2753741 2736116 1836918 2720895  2009373  2738078  1833793  1714485 2864958  3818872
           65536   16384  986959 2316911  2877163  3283504 3828980 2492888 1960797  2325280  3577099  1721097  2522745 2822508  3846931
          131072      64  973448 2898656  5959425  5941905 5818703 2868348 5775910  7914049  5757099  2790188  2963151 2062441  5771847
          131072     128 1277070 2909672  4755187  3365388 4155755 2338821 5523251  7888272  5761926  2941147  2058164 5413283  5847234
          131072     256 1048534 3091680  5407480  5393474 5384810 3132836 2849955  5422895  5329683  2754248  1785798 2938239  4498348
          131072     512  961214 2781013  3854262  4426738 4853807 2590917 4426631  5402325  3876848  2418084  2594965 2716509  4401363
          131072    1024 1062531 1802071  3463032  3797526 4520802 1982939 4099724  2411857  4466915  2380268  2317896 4085769  2377293
          131072    2048 1015218 1237473  4679656  2748177 2598055 1643594 4478778  2597085  2819595  1376851  1830025 1786964  2806869
          131072    4096  990703 1311926  2985275  2464777 2714939 1461619 2954996  2022560  3229719  1343870  1062989 3974527  4065735
          131072    8192 1091329 2225364  3539713  3709207 3408180 2267718 3951274  2748809  4007819  1834893  1880865 3963237  4072331
          131072   16384 1158371 2301805  4064894  4098959 4147447 2253459 3910714  2664180  3979129  1969823  2060748 4021951  4026783
          262144      64  121199  130335  5221998  6066444 5715941   78035 5015681  7624441  5724303   129115   119842 5401020  6336738
          262144     128  128704   94683  5397361  5652324 5453472   89613  766408  7496918  5217537    96139    85700 3939873  2781188
          262144     256   99039   81430  3331401  4782173 4823968   65609 4507843  7020259  4225740    80716   107480 4880735  4458471
          262144     512   81583   58249  5304736  5501799 5421686  110416 4968874  6660808  5525217   124708   120948 5009054  4989687
          262144    1024  122214   85439  4389621  4394112 4448711  111830 3387972  5600900  5469885   118764   121647 4951621  5405587
          262144    2048  124812   99604  4416244  4909721 4910796  122855 4181514  3729663  2972755   119390   121684 4253301  4685336
          262144    4096  110184  112891  3752307  4107302 4071634  128346 3014641  2693852  2852489   133306    91832 1253409  2854600
          262144    8192  116067  112442  3851883  3999448 3809840  132752 2676358  2708605  3963835   129171   130689 2950411  3906932
          262144   16384  118993  111739  3967854  4020625 3906696  127537 3145930  2343226  3862505   123799   128961 3396397  3716514
          524288      64   48737   65797  5874906  6181636 6029548   14516 1010763  7807705  5620523    80794    50657 5515347  3696049
          524288     128   68293   51772  4622294  5636601 5412849   23643 5310267  6972110  5444935    41873    63908 1522273  5613307
          524288     256   44077   59551  5277654  5507170 5491081   49767 3288697  5850912  5647951    35234    55562 4879596  5527617
          524288     512   79377   34148  3860368  5500985 5439063   33690 5326345  7076643  4414168    44474    74745 4123219  5624923
          524288    1024   66850   41494  5042384  5528006 5469937   41966 3555650  2207462  4221253    50863    44103 2887604  5473245
          524288    2048   37744   54100  4466619  4677799 3121972   44765 3042932  1996109  3539710    45803    46018 4520889  4711302
          524288    4096   73858   55307  3841922  3795392 4102603   45917 2531276  2013689  2656371    41331    45378 1096455  2675553
          524288    8192   48434   52364  3793912  2253208 2445030   38140 3800785  2590945  3592612    60960    94783 4093309  4140477
          524288   16384   89585   84882  4089419  4036928 4083716   92340 4029140  2794710  4167525    93679    96479 4032982  3984915

iozone test complete.
