	Iozone: Performance Test of File I/O
	        Version $Revision: 3.420 $
		Compiled for 64 bit mode.
		Build: linux-AMD64 

	Contributors:William Norcott, Don Capps, Isom Crawford, Kirby Collins
	             Al Slater, Scott Rhine, Mike Wisner, Ken Goss
	             Steve Landherr, Brad Smith, Mark Kelly, Dr. Alain CYR,
	             Randy Dunlap, Mark Montague, Dan Million, Gavin Brebner,
	             Jean-Marc Zucconi, Jeff Blomberg, Benny Halevy, Dave Boone,
	             Erik Habbinga, Kris Strecker, Walter Wong, Joshua Root,
	             Fabrice Bacchella, Zhenghua Xue, Qin Li, Darren Sawyer,
	             Vangel Bojaxhi, Ben England, Vikentsi Lapa.

	Run began: Thu Oct  3 19:54:10 2013

	Auto Mode
	Command line used: iozone -a
	Output is in Kbytes/sec
	Time Resolution = 0.000001 seconds.
	Processor cache size set to 1024 Kbytes.
	Processor cache line size set to 32 bytes.
	File stride size set to 17 * record size.
                                                            random  random    bkwd   record   stride                                   
              KB  reclen   write rewrite    read    reread    read   write    read  rewrite     read   fwrite frewrite   fread  freread
              64       4  528618 1336792  2772930 1290201710821524 4564786 4564786  4897948  4643754  3363612  2561267 4564786 10821524
              64       8  621657 1484662  5860307 1597288510402178 4018152 3022727  5860307  4564786  3958892  3203069 3738358 12902017
              64      16  659861 3022727  6421025 1290201715972885 5283570 5283570  6421025  9318832  2662899  1484662 5389653 10402178
              64      32  789967 3203069  7100397 2273779115972885 5389653 4564786  5860307  6421025  3791156  4564786 5389653 12902017
              64      64  780776 3203069 10402178 1231033612310336 5389653 4897948  4564786  5283570  5283570  3363612 5735102 15972885
             128       4  811221 1967960  3867787 1420079410779307 4557257 4889281  5545860  3468030  3867787  3199360 3867787 11720614
             128       8  816154 2035099  4557257 1420079412842051 5545860 3867787  6727225  6406138  3895854  2175277 5122535 12842051
             128      16 1048974 2098744  4135958 1172061412842051 5847904 6114306  6727225  9129573  3759450  3759450 4444086 10779307
             128      32  940549 2166499  4444086 1172061414200794 6114306 6406138  7082197 11720614  5847904  4934216 5603747 16365173
             128      64  914904 2558895  7476717 1863766415881078 6330599 3982553  6727225  9977956  4596273  4557257 4407601 11470204
             128     128 1142750 2453642 12842051 1588107814200794 6114306 5325799  6406138  5784891  5325799  2905056 4557257 15881078
             256       4  977189 2247235  5217259 1281227710245071 4734192 5455847  5687020  6073004  4197489  2872459 5810112 12812277
             256       8 1076103 2692393  5810112 1516462413454450 5687020 5810112  7314033 10245071  5022044  3123106 6398720 14164395
             256      16 1094754 2812272  5455847 1495343513454450 6107548 5320671  7314033 13454450  5455847  3454704 2783115 12228612
             256      32 1224606 2747508  5810112 1495343515164624 6595234 4332998  7791708 13454450  5687020  3950402 5569035 14953435
             256      64 1197295 3123106  6554972 1583556914164395 6554972 4907284  7735574  9114515  5841722  3326279 2665657 11569783
             256     128 1243036 3159869  7735574 1495343513454450 6554972 5687020  7314033  7571923  4840911  5242734 5810112 14164395
             256     256 1319408 3667079 12228612 1345445012812277 5938650 5687020  6107548  5347168  4929815  3935921 5971678 13625180
             512       4 1160923 2860238  6035551 12499490 9859630 4494470 4532414  5822804  6652558  4123387  3634839 5807059 11943357
             512       8 1248678 2597325  6491676 1424006912797441 5453155 6035551  7309196  9859630  4916336  3877684 6338392 14240069
             512      16 1289930 3158966  6472112 1462806713438092 5951911 6319739  7513788  9145790  4916336  4061007 5624545 14240069
             512      32 1329871 4271001  6491676 1462806713872122 6395018 5439343  7758090 10434519  5331314  4742616 5509113 14628067
             512      64 1347393 3653390  6551087 1547114914240069 3653390 6086873  7871843  9145790  5744919  3970896 6736026 15037801
             512     128 1286838 4305250  7211022 1462806714240069 6571132 6174377  5384786 10911694  5551840  5019764 6174377 14240069
             512     256 1221684 4000485  8265729 1310994412797441 6174377 5822804  6652558  8394979  5019764  7211022 6086873 13190469
             512     512 1441452 3768799 13109944 1343809213109944 6104175 5886650  6086873  6246213  6104175   878386 6018636 13190469
            1024       4 1153071 3170172  5950309 12348754 9743447 4215688 5507740  5660167  6974549  4048778  3532609 5853003 11645609
            1024       8 1343938 3541348  6569179 1482016112639479 5310258 6208343  7590887  8750850  5018624  4195100 5390231 14230902
            1024      16 1155864 3684119  6208343 1364323212492426 5144870 5958564  7208671  7269678   465689  4178773 6280976 14044758
            1024      32  823294 2767722  4783849  9045736 8680108 3220084 5821271  7420395  8525047  4995276  4095102 6059442 13998981
            1024      64 1396825 4249053  6317933 1529515714668318 6280976 6559147  7066349 10039528  5593820  4634161 6776473 14820161
            1024     128 1477555 4178773  6830356 1423090213863422 6479979 6317933  8137402 10454984  5630486  4634161 6208343 14044758
            1024     256 1512415 4282950  6918376 1314226512790037 5277632 6025439  5983467  9402175  5500686  5144870 6050905 12639479
            1024     512 1458984 3294177  7472033 1190382311614118 5226256 5813392  6402699  8391792  5144870  6650556 6093831 12790037
            1024    1024 1508167 4433259 12492426 1368670913305116 5983467 6093831  6208343  6128613  6059442  4943530 5120336 12456195
            2048       4 1069489 3043048  5319484  9664580 8977721 3384788 2272586  3379461  5816563   912288  1422220 4875642 10555264
            2048       8 1422220 3835124  6503556 1241668612257227 4875642 6041567  7368238  6189580  2873074  4063729 6401772 12345306
            2048      16 1432179 4240255  6503556 1295995813138359 5235193 6340344  7733066  8713618  4889518  4396514 6097316 11835033
            2048      32 1524983 4412322  6802261 1248889713926483 5953632 5916724  7969835 11770166  5184636  4500161 6041567 12729493
            2048      64 1524983 4367454  6738230 1374816914738933 6185123 6588354  8159088  9796850  5319484  4347560 6220958 12488897
            2048     128 1499428 3999400  6459541 1241668614040298 6378005 5785224  8067138 10620516  4676561  4231899 6202989 12050878
            2048     256 1562145 3946119  6363830 1170600612959958 4347560 6024617  7336772 10555264  4633675  4394265 5933071 11260973
            2048     512 1550304 4284671  6823876 1170600612561952 5689430 5937172  6696208 10240672  4948672  4707314 5991003 10834854
            2048    1024 1496033 3862718  7940367 1185136111129659 4751580 5852228  6110328  8261095  4853603  5389574 5836323  8365686
            2048    2048 1368084 3194702  6967792  7368238 6851089 3799501 5251194  3915540  5416763  4162181  2104960 3150182  3277593
            4096       4 1169589 3179805  5721272  6919538 7529067 3042943 5347310  6005255  5794602  3574071  3240380 5587302  5596402
            4096       8 1390879 3734100  6195843  7725436 9163546 3631489 5802430  7460407  7355007  4087714  3321831 6178018  6032669
            4096      16 1466008 3771811  6351609  7788478 9685316 3882626 6032669  6321227  7326777  4144915  3860813 6216019  7687410
            4096      32 1494316 4132949  6401308  7998800 9707206 4696769 6149271  7249484  7380284  4476482  3730046 4928521  3276846
            4096      64 1533532 4145915  6272759  7925004 5319164 4708354 6096896  7460407  7421732  4521249  4047268 5244471  4893426
            4096     128 1507031 3489144  3984379  4432592 8356757 4813898 3789282  8093001  5093643  3577048  3747131 5849848  6024207
            4096     256 1520368 4154939  5769304  6836927 8426437 4293029 5325760  7200866 13381985  3703511  3961410 5056165  5319164
            4096     512 1463386 3744681  5996870  5867831 7542289 4338563 5375755  6661947 11281721  3356881  2946397 5019235  5681538
            4096    1024 1317898 3274348  6169144  6618318 5649775 3886139 5244471  5475122  8660056  3192806  3540193 5081590  6032669
            4096    2048 1245025 2952980  5841891  5483860 5299475 3199942 4571782  3765198  5244471  3040789  4003879 5107271  4796426
            4096    4096 1239367 2830848  4471821  4249491 4659824 2987904 4471821  3049966  4279128  2965725  2818772 4612286  4556020
            8192       4 1228370 2452724  5312425  5814021 4946832 2686704 5302587  5610847  5188093  3029476  2400293 5383171  5708730
            8192       8 1343604 3356162  5892794  6064404 6032463 2900827 5817959  7160060  5988306  2996191  3153193 5872650  6262248
            8192      16 1431369 3650706  5851647  5542961 5626466 2970290 5599873  7229358  5897851  3291223  3319202 6307078  5940679
            8192      32 1480014 1216885  6022946  5720134 6692839 3517291 6230453  8232232  6399884  3644124  3586684 6082655  6491781
            8192      64  485198 3602478  6399884  6359610 6797439 4015486 6158977  8393104  6435847  3471099  3780445 5801260  6464909
            8192     128 1510264 3851640  5842692  5923270 5752696 3932757 5752696  7793434  6296676  3413510  3696660 6059057  6000856
            8192     256 1518138 3871168  5660764  5983092 5630154 4061528 5539386  7440706  6099933  3607016  3524869 5752696  5479317
            8192     512 1515126 3860729  5996667  5712526 5752696 3447763 5591672  6527546 11820445  3456433  3149436 5282208  5893805
            8192    1024 1448933 3695070  5993529  5753659 6135880 3895747 5475825  5424817 11344319  3357146  3345053 5465373  5864631
            8192    2048 1312853 3068160  5512724  5561803 4896777 3323375 5113204  3840447  6192276  2867420  2722467 4934754  3884297
            8192    4096 1323676 2676241  3961322  4184187 4147820 2854319 4224832  2940296  4467057  2299262  3333047 4216536  4378260
            8192    8192 1178365 2713438  4471708  1434416 4380493 2804463 4164410  2829637  4390007  2901807  2801719 4387765  4481039
           16384       4 1170294 2836974  5599328  5538853  640002 1103080 5157259  5801655  5064519  2592815  2593598 5429019  5468332
           16384       8 1296818 3250714  6168821  6184922 5533501 2850389 5009144  1728626  5426876  2868953  2702213 6008099  6034479
           16384      16 1401528 3466862  5999183  6150051 5038156 2987049 5895729  7265132  6008099  3440479  3415513 5975188  6117748
           16384      32 1451437 3748238  6201667  6429708 5975188 3663708 5273212  7703281  5955510  3540086  3520319 4272056  5841105
           16384      64 1475242 3590770  6357730  6333122 6272425 3854191 6194400  8024408  6129206  3403334  3643313 3764665  2752213
           16384     128 1471137 3611908  5870045  5692559 6054683 3716011 5783588  8550595  6043501  3360726  3619899 6026012  5910434
           16384     256 1476320 3612668  5701060  5826249 5568926 3845994 5496324  7262828  5819834  3547946  3557865 5732448  5690674
           16384     512 1431303 3672716  5893706  5824273 5851052 4004910 4665018  4793220  4896710  2413343  3518877 5584313  5762733
           16384    1024 1420739 3622380  5898259  5813926 5576609 3966078 3123214  3786446 11299189  2217057  3208071 5452279  5464853
           16384    2048 1236900 2937758  5174735  5368371 4858970 3005732 4915976  4268872  6048288  2458586  2291198 3939477  4404302
           16384    4096 1199862 2678933  4193585  4364303 4222704 2823801 4287783  2829731  4386590  2479074  2553601 3947851  4191283
           16384    8192 1249063 2607672  4232588  4171185 4285644 2624402 4246712  2661502  4180574  2486160  3155627 3863291  3867640
           16384   16384 1187689 2734362  3827998  4197940 4336761 2779711 4090979  2911126  4312810  2766728  2697758 3922388  3441169
           32768      64 1405495 3587472  6252111  6341832 6154679 3514361 5902009  8127285  6197698  2083803  3225524 6093014  6151373
           32768     128  659901 3588221  5575660  6018045 5895680 3675643 5846026  8138836  5992592  3539795  3564121 6017781  6117967
           32768     256 1425688 3556006  5705511  5647834 5680984 3596202 5657599  7103226  5485970  3315552  1423458 5686155  5733597
           32768     512 1458303 3772084  5721662  5910639 5635098 3826698 5708592  7173670  5776006  3431186  3278146 5796713  5987110
           32768    1024 1535016 3749241  6014621  6135173 5889364 3906979 5819293  7254320  6021209  3046494  3244330 5914709  6005685
           32768    2048 1344609 3008417  5307382  5390226 5203890 3133025 5111191  4094978  6711933  2298048  2379491 5238802  5232021
           32768    4096 1334477 2365078  4436547  4388944 4445013 2738656 4390206  3053601  4264475  1773547  1846508 4304813  4443001
           32768    8192 1314930 2738874  4347572  4357496 4423268 2764770 4369549  3051635  4334409  2513063  2637892 4286153  4345372
           32768   16384 1292572 2708113  3107102  2908280 4038900 2544326 4329221  2966534  4412617  2524882  3234405 4376645  4417866
           65536      64 1067222 3573982  6461815  6175115 6215468 3585731 6244414  8419233  6257634  3325532  3501058 4970505  6347368
           65536     128 1496180 3724289  6126668  6256352 6041829 3677699 6053538  8355000  6148457  3422932  3643333 6212518  6242712
           65536     256 1373175 3844187  5647231  5916976 5804769 3683465 5843641  7481135  5726646  3431178  3592010 5861460  5938965
           65536     512 1493529 3807130  5960600  6064757 5897173 3925940 5962669  7128982  5894012  3352913  3358238 5750246  5919142
           65536    1024 1498447 3728684  5904647  5960600 6008154 3816698 5860335  7049994  5920162  3049461  1306175 5950278  6033474
           65536    2048 1364085 2966527  5025391  5339840 5255509 3095862 4712720  2670693  5158267  2120434  2293328 5076436  5200032
           65536    4096 1253005 2535334  4360870  4388650 4243986 2758383 4212959  3032941  4389561  2130558  2095668 4364124  4399608
           65536    8192 1297764 2745544  4293236  4348177 4358381 2736034 4212377  3047771  4316969  2226456  2256893 3658998  4371411
           65536   16384 1308333 2720572  4262214  4376701 4369952 2758134 4299145  2789001  4329821  2539667  2646216 3136128  3048312
          131072      64 1299401 3112457  6410039  6473365 6185245 2942989 6248375  8204844  6161951  2973102  3104214 5726157  6369563
          131072     128 1372280 2916139  6042148  6033528 5696077 2953202 5923658  8021556  5855330  2803191  3078039 5904127  6007222
          131072     256 1309897 3280404  5651574  5767185 5547832 3100310 5614576  7515581  5675613  2795309  2866539 5642351  5568286
          131072     512 1331328 2404683  5870523  6020511 5861135 3226933 5875794  7189188  5900389  2854542  2985275 5881326  5985573
          131072    1024 1089333 2921873  4581802  4491843 5703996 3140209 5151394  7125822  5823634  2446057  2472548 5620086  5790938
          131072    2048 1184640 2433615  4944656  5059142 5030993 2037968 4937550  3835412  4860802  1844992  1906889 4975624  5088597
          131072    4096 1138322 2296046  4251692  4384548 4381194 2276027 3269110  2991480  4320933  1939941  1860578 4287036  4371370
          131072    8192 1178757 2422548  4153244  4199147 4154028 2250968 4105357  2830746  4124081  1888943  1855435 4083493  4183744
          131072   16384 1135568 2249117  4073085  4260589 4265713 2097225 3856181  2791732  4235380  2004215  1969435 4080341  4099724
          262144      64  177695  174928  6034217  5310423 5341926   86891 5561577  6075025  6006428   171632   141980 5796672  6252845
          262144     128  179827  163412  5743980  6000659 5710923  127309 5820515  8477030  5974931   184841   173924 5902410  6041710
          262144     256  173151  178007  5415544  5688027 4939320  147800 5585620  7454679  5743230   179574   174371 5345718  5652469
          262144     512  171448  158930  5505739  5805425 5590392  145337 5434737  5809812  5734424   182171   171922 5491413  5704612
          262144    1024  180883  167847  5551888  5763309 5694567  170179 5772932  7030448  4927699   177580   180211 5511728  5799882
          262144    2048  173984  168416  4411938  5016711 4903284  175261 4523867  3709518  4251936   177944   177735 4986089  4971615
          262144    4096  165936  174294  3408801  4127329 4025556  187039 4203864  2923332  4277592   191291   177234 3965150  4067778
          262144    8192  168791  165116  3579141  3951157 4029643  181070 3917386  2815969  4125843   197459   195521 4166050  3990072
          262144   16384  170856  172376  3988075  3793305 3601074  178767 4053935  2000123  2947587   215534   208384 4019875  4092686
          524288      64   64179   91593  5770975  4704710 5895381   30395 3808044  8285981  5955526    90362    93756 6049735  6153389
          524288     128   94251   90978  5873446  6081171 5792470   49870 5932534  8144415  5981542    78196    90957 6102468  6221670
          524288     256   93138   89625  5740214  5894054 4686792   55840 5583292  7574798  5718926    94528    94804 5467027  5631751
          524288     512   93981   93201  5603166  5721976 5640910   61203 5681426  7248345  5791753    95646    94303 5601182  5699213
          524288    1024   93665   91136  5545319  5715121 5650578   62114 5562263  6605462  5672149    94880    93085 5413342  5718361
          524288    2048   92611   90099  4741033  5019319 4936845   88584 4255892  3666402  4908185    94964    93241 4975021  5255065
          524288    4096   95011   92391  4243016  4195041 4355995   95883 4055444  2791691  4174400    96063    82789 3834927  3982830
          524288    8192   93181   92234  4093057  4126368 3799819   93861 3895794  2767494  3618327    96945    94913 4007099  4072266
          524288   16384   93707   90630  4007763  3642637 3669841   92853 3566734  2850274  4064123    97548    97609 3969020  4040318

iozone test complete.
