	Iozone: Performance Test of File I/O
	        Version $Revision: 3.420 $
		Compiled for 64 bit mode.
		Build: linux-AMD64 

	Contributors:William Norcott, Don Capps, Isom Crawford, Kirby Collins
	             Al Slater, Scott Rhine, Mike Wisner, Ken Goss
	             Steve Landherr, Brad Smith, Mark Kelly, Dr. Alain CYR,
	             Randy Dunlap, Mark Montague, Dan Million, Gavin Brebner,
	             Jean-Marc Zucconi, Jeff Blomberg, Benny Halevy, Dave Boone,
	             Erik Habbinga, Kris Strecker, Walter Wong, Joshua Root,
	             Fabrice Bacchella, Zhenghua Xue, Qin Li, Darren Sawyer,
	             Vangel Bojaxhi, Ben England, Vikentsi Lapa.

	Run began: Mon Oct 28 09:03:01 2013

	Auto Mode
	Command line used: iozone -a
	Output is in Kbytes/sec
	Time Resolution = 0.000003 seconds.
	Processor cache size set to 1024 Kbytes.
	Processor cache line size set to 32 bytes.
	File stride size set to 17 * record size.
                                                            random  random    bkwd   record   stride                                   
              KB  reclen   write rewrite    read    reread    read   write    read  rewrite     read   fwrite frewrite   fread  freread
              64       4  753149 2546413 12533704 3189172512533704 459515210993753  5324295 15412189  4041662   551862 9125153 20006983
              64       8  843030  538575 21618229 6077204121618229 5783117  604016  7174140 31891725  5324295  423285616350978 31891725
              64      16  927503 2453322 21618229 6077204131891725 6481273 7799481  6987397 31891725  5783117  459515220006983 21333333
              64      32  914859  609502 20006983 6077204131891725 717414015412189  6987397 21618229  5783117  338007121618229 60772041
              64      64  781660 3036013 31891725 6077204131891725 632847416350978  6987397 21618229  6328474  423285621618229 21333333
             128       4  595585 3666723 11820901 16065759 9865851 4246822 9865851  5568213  9865851  4246822  399406710648590 12962546
             128       8  933011 4280683 14348281 2112243914348281 534640910648590  7118690 26295175  4906645  473359814348281 18250307
             128      16  941190 2975720 16065759 2198750718250307 5872763 5346409  7025534 21987507  5568213  534640916065759 21122439
             128      32  998983 4733598 15598963 2112243918250307 6359742 4572340  7118690 18250307  5872763  607202616065759 18250307
             128      64 1112877 4951903 16065759 2112243918250307 490664513974794  7517401 18250307   977164  919030513974794 21987507
             128     128 1173701 3878646 16065759 2112243918250307 635974213974794  6359742 16065759  6435982  607202615598963 18250307
             256       4 1015438 3710015  8561367 12871964 9467196 4270759 8296754  4827604  9467196  4060788  134652410692819 11136426
             256       8  761833 4123161 13520287 1503480212719484 500772511618433  6953516 11618433  4742317  474231712871964 15034802
             256      16 1122671 4742317 11136426 15034802 9551411 555143212282974  7091285 18380611  5227130  512728812871964 15248313
             256      32 1075444 5127288 13520287 1058738514051069 626391312871964  6570560 16931427  5438950  522713014237381 15034802
             256      64 1280677 4060788 11745526 1352028715034802 641357312871964  7333446 13352159  5551432  637549212282974 15034802
             256     128 1028077 5007725 14237381 1503480214237381 6263913 7283699  6953516 15034802  4503627  8843416 7757292 14237381
             256     256 1333150 5031189 13520287 14237381 2244363 569874912871964  4742317 13520287  4203876  595144112871964 14051069
             512       4  919135 2023223 10254576  8679609 8969633 3966412 9484635  5336462  6660576  4126466  379134610254576 10454260
             512       8  946271 4094991  7220444 1466689211902883 521972311902883  6830047 12172764  4876022  466421313470849 14182571
             512      16 1289456 4003384 13141120 1190288312750984 589292712455167  7420030 12827147  3301702  419088911902883  9484635
             512      32 1158037 4158428 12827147 1456739913470849 600834012827147  7101065 15514584  5336462  523244213817551 14182571
             512      64 1369204 4876022 14567399 1551458414276859 279832612827147  7854240 17122735  2627157  539003914182571 15078834
             512     128  988522 5219723 13470849 14182571 2257142 616354212527827  7420030 15514584  5571843  632697513061195 10933283
             512     256 1418026 4876022 12455167  370628212455167 595832911902883  6479701 12827147  2586030  837496312455167 13141120
             512     512 1402285 4920713 12827147 1314112012827147 4265813 3680872  5750898 12527827  5750898  581316812455167 13470849
            1024       4 1143977 3240464 10567880  9228211 8531627 3806187 9410180  4878332  9308210  3672742  364469110338927 10541941
            1024       8 1166344 3189923 13321152  595351410672924 334650911501796  6956346 12050396  2484913  485078412959402 13660095
            1024      16 1236525 4895012 11000971 1311772412470250 581645112470250  7311614 12653951  5273670  528015313279964 13836117
            1024      32 1126573 4968628 13279964 1420213113279964 5306247 5856104  7760814  5848130  5475361  544758213117724 14016735
            1024      64 1296235 5359216 14016735 1463775413836117 398265813157911  8066922 16556223  5538912  569309313488494 14440889
            1024     128 1283069 4233926 11501796 1137989612959402 6167234 9752045  7529520 15316353  5254315  548235010119685 12959402
            1024     256 1343681 4743634  8464372 1218717012050396 530624710338927  6563042 12804855  5172060  566306710672924 12050396
            1024     512 1130130 4764683 11379896 1280485512050396 4991727 9752045  6358985 12050396  4453433  731161410780078 12506562
            1024    1024 1389319 4552564 1250656234133333311753602 5141105 8189983  5912536 10889404  5247895  565561010567880  9752045
            2048       4 1118565 2638658  5133170  6631018 8612179 2767895 7756729  3945011  8062508  3271836  2506241 7108418  7108418
            2048       8 1124569 3501212  4572964 11077824 5579991 3126549 9393891  6941826 11431646  6005195  3313484 3649983 10895165
            2048      16 1176313 3175086  7161757 1337127312264027 419549810785723  7061668 12194387  4079920  4531949 6625903 12889727
            2048      32 1317794 4539133  9801194 1375672512967561 4431417 7339208  5594528 12967561  4072184  4007588 7108418 13476159
            2048      64 1223390 3939583 11193306  842631913647444 4729054 7108418  5687127  7906663  4214022  397605311006850  8092892
            2048     128 1410633 4395138  9891484 1177643713206809 572121810718432  2429680 15895009  3976053  456082410294533 13046342
            2048     256 1223390 2876334  7673578 1190702929275508 6300298 9352977  6500547 13126085  3865131  4179168 8393385 11371115
            2048     512 1398917 4171051  8943962 1190702910840168 5360610 9182999  6461429 10508631  4452087  4395138 8646856 10495790
            2048    1024 1370788 3865131  6398856  753227410508631 1937542 8032352  4612250 10560307  3778424  4851927 6525237  9614696
            2048    2048 1285645 2917363  4873951  6713943 4910169 3413557 4442877  3112952  4531949  1544558  3165725 5291267  5988449
            4096       4 1079583 2313968  4545639  4870382 5019805 2449571 5626440  3930944  4142305  2917570  2597336 3969088  5139953
            4096       8 1116125 2223523  3983814  6361931 4977627 2545762 4366560  5842664  8881160  3020680  2678738 2778827  6460013
            4096      16 1174979 2653090  5074668  6014482 4795608 2684179 5270840  6511430  6759956  3593049  3187704 5945790  7627303
            4096      32 1403306 2938529  5785603  9249333 6121637 3703023 4506293  5633820  5656078  4121437  2884746 5760384  2896419
            4096      64 1220558 2604029  4712730  5000810 5166229 2049023 4051457  5446289  3146255  3054515  2925519 5712499  4823885
            4096     128 1236013 2520736  5333016  7275237 4162377 3363051 4371004  5418804  6616760  6906710  3580320 7543576  5368009
            4096     256 1189295 2162508  4059115  2533000 4870382 3392939 4063916  5008099  8242049  3036161  2567832 4971865  7223236
            4096     512 1325155 2385292  6746683  5019805 4724394 3549253 6460013  5491553  7025332  2080285  2462916 5298476  5333016
            4096    1024 1150893 3246129  3492257  5432512 4418216 2703610 3853356  4572255  7657902  3552923  1900550 3602845  4253056
            4096    2048  939025 2566297  4108623  4187743 3627952 3295318 3930944  3346021  4343377  2639233  5237099 4774285  3584054
            4096    4096 1011626 2313968  3243065  2020586 3500796 2278069 2466098  2080285  2642480  1452423  2385292 4027711  4179592
            8192       4 1088800 2943669  4627937  4767936 3994195 1891908 4137027  4628560  4224514  2246260  2211134 4896351  5443198
            8192       8 1181420 2823681  6301744  5725270 5281711 2314189 6883764  4352409  5443198  3309734  3666831 5126469  5343314
            8192      16 1324921 3396433  5375918  4678984 4890775 2647656 5472675  5716697  4702679  2729689  2685735 4573726  4485946
            8192      32 1100482 2840488  3610575  2623798 6983094 3242886 4952814  5218341  5302087  3018402  3159394 4085864  5569365
            8192      64  561063 2668423  4528515  5531706 5927754 3452054 5298816  7648385  5572978  3239218  3213768 5538840  3921710
            8192     128  961719 2885574  4171178  4290988 4543486 3047584 4031689  5669533  4652376  2358184  3031719 5461367  4804605
            8192     256 1308223 2461402  5375077  5281711 5439751 2764833 4302810  5592025  3375081  3008360  2168296 5066001  4694327
            8192     512 1293498 2627410  4495925  4861710 5569365 3749255 4495925  6826324 11854656  2538693  2431443 5155700  3815452
            8192    1024 1226545 2827632  4998203  4727265 4017547 2917177 4114733  5403819  6896198  2501361  1826148 3472638  5191534
            8192    2048 1309470 2152404  3338030  3690461 3647369 2445982 4069411  2322009  3919920  1630245  2029707 4029325  3731745
            8192    4096 1048498 2228631  3492050  2597222 3447897 2632442 3173987  2167749  3155622  2248171  2728822 4071822  2819048
            8192    8192 1102106 1915320  3419077  4162588 2828563 2365490 3921710  2657279  2738827  2698179  2359318 2730557  3157943
           16384       4 1035439 2470820  5546627  4432823 4431679 2178153 4301307  5095836  4675934  2124747  2593244 4924568  4043412
           16384       8 1122126 2223109  4896496  4781011 3886976 2070024 4480219  4765759  4816194  2519835  2787308 3974885  5158958
           16384      16 1306319 2656706  5427042  5816085 3618449 2533491 5542600  6826607  5155475  2419323  2497217 4069511  3937533
           16384      32 1362254 2935172  6609283  5349310 4077722 2897304 4030605  6323441  6115781  3043591  2846420 4000105  5229626
           16384      64 1217234 3517326  4870468  5714519 4031551 3404749 5687089  7663240  4768405  3123837  2549659 5135824  5263272
           16384     128 1138976 3037940  4661343  4811810 5018431 2757335 4674661  6194617  4086937  2665775  2822918 4154137  5426614
           16384     256 1120881 3023504  4405541  4622774 3656182 3370515 4001036  6340360  4167742  2974557  3258481 5127776  4350595
           16384     512 1077894 2636221  5061679  6131606 5407398 2937807 4666725  7098813  5700771  2875843  2745329 5319496  5288791
           16384    1024 1174402 2690406  4649359  4882233 3840703 3593096 4203175  5899469 11369082  2306609  2107544 4385579  3811096
           16384    2048 1014992 2138633  3818084  4184747 3594412 2953083 3818296  2781217  4288958  2022444  1688048 4474094  3426821
           16384    4096 1146922 2017516  3812788  3570322 3153221 2181611 3387128  2258917  3054413  2257656  1758682 3126111  3293936
           16384    8192  973082 2201600  2482782  2541361 2690827 2087125 2910064  2706725  4092048  1885389  2593244 3324693  3021776
           16384   16384 1051199 2155809  3538699  2832109 3647256 2213443 3330010  2100009  3968916  2744451  1957461 3510498  3741583
           32768      64  639550 3057295  5640044  6234637 5097616 2998008 4380186  5795586  5167574  2433735  2796804 4330911  4799781
           32768     128 1175441 2745790  4773940  5969788 4138927 2833826 4995161  6388819  4673774  2983495  3246966 4715628  4698700
           32768     256 1297176 3216344  4559955  4392506 4385358 2798513 4822348  5328037  4837284  2479038  2579346 5408977  4918649
           32768     512 1113800 2854603  4243460  4979957 4954466 3255657 4392506  5181601  4889253  2464281  2984856 4499789  4781580
           32768    1024 1213445 2778822  4127492  4436030 4764176 2963041 3958447  5587081  4653203  2392014  2534865 4699182  5309923
           32768    2048 1117567 2212246  4516647  3920060 4237964 2412970 3754401  3129130  5217797  1910428  1775756 3609650  4143044
           32768    4096 1035677 1968294  3210034  3379584 3077422 2077484 3294601  2279199  3116924  1754739  1846393 2919982  3314863
           32768    8192 1047669 2324965  3851403  3260523 3241147 2059830 3452856  2659967  3308958  1899707  1848156 3805758  3320630
           32768   16384  976341 2190666  3448957  3802705 3420801 2147603 3227750  2470261  3571845  2211356  3302200 3621921  3505343
           65536      64 1146354 2796959  4741038  4879482 4855606 2650053 5499382  6360203  4648278  2543719  3006909 5217838  4922032
           65536     128 1004955 2985291  4634798  4523144 4015488 3199997 3871660  6325224  4621084  2580857  2564006 5361649  4817397
           65536     256 1193106 3055406  4943899  4847386 4894774 3087980 3776811  6515173  5269048  3059283  3186457 5049707  5292788
           65536     512 1334803 3378147  5071321  5405936 5433183 3359280 4099876  5176665  3974554  2330512  3026642 4880955  5057977
           65536    1024 1156288 3354770  4578138  4841580 4963718 3427814 5029565  5206275  5256754  2589244  2510772 4748327  4867816
           65536    2048 1047822 2484313  4077676  4298566 4289577 2740928 4068262  3426191  4281426  1939496  1870535 3694872  3565424
           65536    4096 1080646 2207492  3065151  3308218 3631223 2040918 3121327  2581269  3420648  1698051  1795901 3197205  3242730
           65536    8192 1124017 1969880  3788836  3722795 3469348 2139886 3239215  2453425  3668197  1724092  1723130 3177176  3290634
           65536   16384 1020044 2262361  3004182  3686152 3191452 2071167 3472854  2311677  3411563  1893940  2107257 3426746  3586311
          131072      64 1103660 2550888  5041022  5313888 4603687 2133338 5061862  6646272  5443912  2390342  2903623 5160697  5126625
          131072     128 1065338 2675595  4989596  4972222 4902081 2376208 4397504  7379726  5279645  2496184  2590665 4599681  4581664
          131072     256 1129150 2385519  4463991  4362365 3848364 2324181 4258061  5572993  4847147  2379623  2593733 4879240  4940141
          131072     512 1100179 2625644  4733707  4669139 4750888 2546375 4652228  5337465  4763485  2418481  2813728 4685495  4433785
          131072    1024 1073277 2382996  4434572  4775816 4971457 2452740 4689852  5637456  4394727  1007462  2104284 4347324  4315112
          131072    2048  996305 2021529  3761678  3527707 3792480 1987897 3762218  3044146  3690195  1447063  1612615 3908168  4223224
          131072    4096 1019373 1976689  3745124  3468241 3237544 1890140 3228702  2431940  3487536  1613765  1602014 3039786  3263179
          131072    8192  919377 2000425  3500371  3433261 3587865 1958521 2820397  2486801  3364696  1364905  1627332 3481970  3504588
          131072   16384  964999 1810435  3353674  3466513 3445375 2335238 3614474  2671072  3167299  1749141  1902543 3244518  3525422
          262144      64  144990  153386  5563445  5468400 4512567  111806 4967110  7422191  4760523   150921   145495 5233989  5203965
          262144     128  152396  117022  4896218  4841329 4643591  128334 4683567  7263043  5180598   144163   147394 4912011  5455078
          262144     256  156817  140337  4498389  4696230 4814302  142661 4655112  6417230  4932150   161471   152812 4745197  5130726
          262144     512  140866  150406  5008949  5132234 4721174  144916 4349275  5132234  4727406   162805   151239 4463618  4683807
          262144    1024  131265  110690  4685503  5133049 5004936  154222 4906684  5451697  4649266   159546   151834 4556967  4734673
          262144    2048  153753  158568  3737491  3979896 3851213  142273 3707634  2940850  3272342   156795   147129 3762430  3947418
          262144    4096  159283  137989  3320258  3162320 3216051  156009 3340098  2331699  3419257   149243   155366 3222064  3292518
          262144    8192  148299  125371  3365051  3477360 3229256  156459 3536459  2557750  3373889   161255   174037 3311368  3052796
          262144   16384  149245  162762  3654035  3335548 3588011  161613 3554110  2754360  3465632   171796   184154 3409207  3234148
          524288      64   47652   75943  4859608  5387644 5002322   32470 5062891  7680180  5453948    77995    80975 4989938  5169982
          524288     128   79146   73609  5177846  5320988 5212284   43719 4657936  7487682  4660217    82741    82596 5104351  5004417
          524288     256   79718   73136  4749372  4661669 4523655   54580 4809673  6117567  4849042    79774    77136 4750880  4502915
          524288     512   78583   73824  4600790  4871568 5006286   57139 4701164  6054822  4915925    76086    80640 4750583  5064208
          524288    1024   80406   71183  5012219  5165756 4701033   58414 4566927  5393802  4584981    76977    73619 4720297  4975498
          524288    2048   75060   72503  3769333  4124126 3941958   62688 3785659  3258915  3963650    82055    80977 3756795  3794079
          524288    4096   78593   71839  3503992  3364728 3396398   78989 3563436  2271069  3374622    83555    82065 3392594  3390773
          524288    8192   81938   76938  3391960  3231498 3328961   78941 3080695  2421956  3231422    82001    73133 3356260  3600532
          524288   16384   82363   74688  3586345  3645218 3210246   81856 3533916  2380757  3267773    84156    83812 3233308  3204244

iozone test complete.
Timer resolution is poor. Some small transfers may have 
reported inaccurate results. Sizes 1024 Kbytes and below.
