	Iozone: Performance Test of File I/O
	        Version $Revision: 3.420 $
		Compiled for 64 bit mode.
		Build: linux-AMD64 

	Contributors:William Norcott, Don Capps, Isom Crawford, Kirby Collins
	             Al Slater, Scott Rhine, Mike Wisner, Ken Goss
	             Steve Landherr, Brad Smith, Mark Kelly, Dr. Alain CYR,
	             Randy Dunlap, Mark Montague, Dan Million, Gavin Brebner,
	             Jean-Marc Zucconi, Jeff Blomberg, Benny Halevy, Dave Boone,
	             Erik Habbinga, Kris Strecker, Walter Wong, Joshua Root,
	             Fabrice Bacchella, Zhenghua Xue, Qin Li, Darren Sawyer,
	             Vangel Bojaxhi, Ben England, Vikentsi Lapa.

	Run began: Mon Oct 28 09:03:01 2013

	Auto Mode
	Command line used: iozone -a
	Output is in Kbytes/sec
	Time Resolution = 0.000001 seconds.
	Processor cache size set to 1024 Kbytes.
	Processor cache line size set to 32 bytes.
	File stride size set to 17 * record size.
                                                            random  random    bkwd   record   stride                                   
              KB  reclen   write rewrite    read    reread    read   write    read  rewrite     read   fwrite frewrite   fread  freread
              64       4  673098 2278628  7940539 1597288510821524 3738358 7940539  4018152 10821524  3203069  2892445 7940539 12902017
              64       8  679917 2561267 10402178 1597288512902017 4988978 9318832  5389653 15972885  4274062  3406295 6271021 15972885
              64      16  528618 1768283  7940539 10402178 4564786 2772930 6421025  3363612 10821524  1780008  2358717 6271021  9006179
              64      32  712397 2662899 12902017 2096219112902017 5283570 9318832  5860307 12902017  4274062  427406210402178 22737791
              64      64  361867 2689580  5389653 1597288515972885 5389653 7940539  5389653  7940539  4564786  373835812902017 15972885
             128       4  726674 1802755  9795896 12842051 9129573 2367096 7082197  4557257  8036304  3759450  3657016 9129573 11470204
             128       8  666253 2326073  7582312  8548124 4717434 2673584 2035099  3380677  9129573  2673584  2608629 7082197  7917784
             128      16  947186 4407601 11470204 1636517312542043 4135958 4759253  6114306 15881078  4759253  471743410567140 14200794
             128      32  744820 4557257 12842051 1588107812842051 5784891 9795896  6812590 12842051  4889281  159875411470204 14200794
             128      64  934004 4012317 11470204 1588107814200794 584790410567140  6406138 14200794  4135958  672722511470204 14200794
             128     128  881842 3867787 12842051 1420079412542043 5603747 9129573  5545860 11720614  3468030  512253511720614 14200794
             256       4  921029 3285566  9778562 11091721 8888172 3935921 7735574  4929815  8534922  3717869  3654598 6107548  9868433
             256       8 1049800 4132864 11091721 1281227711569783 492981510245071  6398720 10651598  4572895  440408811091721 12812277
             256      16 1153561 4422226 11091721 1345445012228612 5347168 9868433  6398720 15164624  4734192  481918411695808 12812277
             256      32  693718 4572895 11569783 1345445012090911 556903510758322  6761355 14164395  4929815  511779111695808 13625180
             256      64 1163562 4496299 12812277 1416439512812277 581011210651598  4734192 12812277  5217259  5320671 9868433 13454450
             256     128 1137672 4652146  9868433 1345445011695808 5687020 6398720  5938650 12228612  4070199  751890010651598 12812277
             256     256 1206714 3123106 11569783 1222861211569783 5428265 8208677  5217259 11207494  5455847  532067151608070  9114515
             512       4 1041049 3122224  8528336 10641343 9145790 3437042 8394979  5067142  8528336  3504346  3259661 7410080 10434519
             512       8  636894 3736016 10856530 1279744111620224 3366987 7647578  6319739 10235583  4262523  3284589 8528336 12427157
             512      16 1015451 2132967  5684095 1279744112215097 449447019736867  6319739  7647578  3634839  3527371 8394979 13109944
             512      32 1233614 4163357 10641343 1310994412797441 568409511683444  7309196 15037801  5067142  501976412797441 13109944
             512      64 1245780 4411377 10235583 1310994412797441 595191110044089  5760329 15037801  4927617  527889212797441 13522711
             512     128 1165966 3970896  8992598 1319046912215097 2926501 9681823  6652558  8992598  5177083  549501611374040 12797441
             512     256 1251589 4195896 10485468 1187730011620224 5177083 8665997  5807059 11434603  4411377  5744919 9681823 11943357
             512     512 1227269 4650188 11138071  441137711374040 5214798 8265729  5278892 10044089  4871723  556623111620224 10641343
            1024       4 1057924 3198502  8061038 10230845 8593274 3355952 6918376  4741598  7883484  3345496  3447541 8822754 10557785
            1024       8  483242 1914144  5310258  7101400 6059442 2179295 3447541  3083680  4943530  1965834  2138070 4470172  6479979
            1024      16  739898 2169388  5853003  8326715 7941793 2774874 5720477  3696803  7066349  2504637  2036682 6479979  8061038
            1024      32  780504 2573677  7319232  906482812348754 5024495 6650556  4762630  6744549  2976816  3074849 7537599 12208350
            1024      64  676819 3751699 10769573 1279003711132462 4741598 5789881  3835457  8474583  2497356  2798378 6317933  7524394
            1024     128  827258 2918161  6208343  7319232 8610501 3271594 6819511  3999762 11018226  3083680  2813041 6569179  8610501
            1024     256  683606 3369115  3603747  8122014 7208671 3191372 6059442  5048117  9655828  3880507  3179559 6874084 10354166
            1024     512 1035229 3170172  6569179  6093831 6441107 2522288 4114719  2960401  6172653  2722114  3521025 4182843  7420395
            1024    1024  713591 2193765  7257394  7319232 6744549 2916180 4531485  2968586  4810640  3369115  3579719 5277632  6059442
            2048       4  940249 1995892  3806235  5461535 4490751 2389540 6041567  4829046  6340344  3314266  2905140 4785996  6149699
            2048       8  803187 3368858  6649556  906297010351742 3664951 6738230  6024617  7318020  3892474  3592903 3812993  7019034
            2048      16  902986 2656292  6420913  7754008 7556202 3140967 6503556  1767183  7262337  2947000  3494960 4562305  7477273
            2048      32 1021418 3199462  3744839  6498636 7477273 2817475 5659442  6401772  6967792  3772800  3195891 8784909 12327589
            2048      64 1312882 3548378  9483197 1278633713038646 5593112 7782107  7036283 11072275  3953383  4301837 8857376 12488897
            2048     128 1174321 3878414  9853037  872246612654482 5629769 7636816  6024617 15854271  4104506  3915540 7361923 12050878
            2048     256 1404776 3962502  8608824 1084853811564174 8059569 8097557  6207471 12416686  4310472  3318107 7088541  9349021
            2048     512 1098765 4008732  8987113 1024067211579763 5006356 7817519  5937172 11900619  4365235  4293237 9610516 70521616
            2048    1024 1207501 2126323  6225466  9664580 9752360 4623699 7470770  6149699  5006356  3751381  463367514417342  8261095
            2048    2048 1084203 2519185  6359119  6321679 5953632 4016229 4591569  3483621  4864597  3643190  2876923 5655716  4643695
            4096       4 1231902 1964579  4222337  5286429 6552685 1974968 5013377  4214051  3977000  2767462  1785514 3700320  3357537
            4096       8 1210719 1586350  4149921  7670249 4876757 2399488 4047268  4298399  7396171  3956848  2043080 4994430  6216019
            4096      16 1161052 3025260  4271680  5883908 5159420 2848213 5045770  5535098  5759634  3143154  2886496 4994430  6077484
            4096      32 1143509 2202037  4171080  4935601 6131713 3726809 4540367  6318902  6930704  3225172  3416292 4643451  5095153
            4096      64 1215086 2505155  5231694  4043458 8127459 3199942 3686820  4556020  6024207  3075079  1638392 5032468  6555186
            4096     128 1421726 2700046  4227532  4729091 6532752 3621537 4423462  4117102  4433736  3789282  3150647 4409837  5196878
            4096     256 1118204 2195284  3379997  4003879 4638436 3102848 3988078  4654774 10215133  2827121  2799480 4452120  3387995
            4096     512 1145797 3057021  4209920  4824714 5936773 2637454 4297324  5490871 10867793  2902590  2615770 3824713  4262142
            4096    1024 1198054 2517637  5625724  4200656 4649735 2815077 2354114  4571782  9868918  3330202  2739658 3751222  5657217
            4096    2048  851170 2337777  3098371  4244242 2143516 2664865 2936325  4447510  4796426  1654964  3757786 3253266  4730393
            4096    4096  980149 1709472  3077282  3124291 3512686 2208264 3527834  2754594  4376138  2324806  2238184 2978579  3775126
            8192       4  873897 2420073  5062726  4378260 3211248 2355374 4009395  3580330  6496691  2611357  2360876 4697286  3723500
            8192       8  955105 2690491  4721816  4943985 3641034 2597146 4505719  5561803  4558321  2030140  3284930 3338228  4902367
            8192      16 1052275 2702765  4810398  5838720 4705649 2758089 4421075  6770651  3796318  3477070  2281249 3605502  4304757
            8192      32 1168944 2405166  4903066  5062726 5097274 2409382 4888417  6036702  4821874  2562475  2755434 5022761  4879393
            8192      64 1377044 3312482  3893540  5554610 4127392 2502930 4759753  5333039  5407741  2136161  3075025 4931921  5003744
            8192     128 1231319 2747063  5414558  4433053 2787400 3477070 5097274  4582028  4659702  2749921  2043907 3456781  4536055
            8192     256 1091693 3583691  4838850  3589681 4141321 3191265 3951754  5580773  4652131  2809278  2658845 3466546  4273702
            8192     512 1228765 2849348  4922735  4345590 5598961 3165394 3785860  5580773  9627797  2308221  2762079 4796296  4406899
            8192    1024 1071839 2771213  4702429  4392252 4630813 2960819 3667070  5288712  9638600  2607196  2133905 3969101  3833591
            8192    2048 1073077 2312882  4273702  4646469 2981113 2536933 4757117  3088847  4964702  2896670  2026787 4158362  3773388
            8192    4096 1070703 2302498  3350598  3673735 3039661 2308221 3211548  2465218  2863357  1934800  2567070 3336607  3662380
            8192    8192  902498 2164828  2998544  3671773 3420647 1224867 1819630  1319609  3407755  2304351  2563240 4085675  2432236
           16384       4 1071200 2280023  5048891  5971034 3606411 2168641 3986324  5477486  4898106  2360779  1893212 4430425  3736418
           16384       8 1015241 2667908  4914218  5368371 3823525 2363540 3395599  6665448  4214159  2441379  2881464 4362087  5216372
           16384      16  941390 2496093  4546200  4495933 3607169 2576097 4575257  5818356  4706876  2394589  2820903 4566137  4434142
           16384      32 1283617 2535417  4345811  3931813 4673266 2703170 4598525  8520909  5329650  2558831  2820903 4537195  5237842
           16384      64 1185272 2947208  4633563  4115725 4877594 2343550 4495051  6265562  4030513  2684584  2729258 4835719  4786543
           16384     128 1278792 2819051  4350488  5113510 3796277 2690259 4571300  6129206  5172008  2935625  2818936 5340419  4858970
           16384     256 1204700 2626910  4439011  4848685 3835261 3151430 4498582  5868040  3927993  2612231  3060755 4168908  3739875
           16384     512 1186213 2569163  3859602  4600988 4502119 2813166 4825871  5769022  4948188  2603522  2280932 4248813  5066386
           16384    1024 1197750 2548865  3632144  5119987 6115570 3689278 4142770  4508322  9700926  2196857  2613921 3946037  4800587
           16384    2048 1166539 2221572  3537171  4326386 3411275 2448599 3525014  2697440  4543494  1786508  1795094 3237238  3993274
           16384    4096  970849 2252447  2847908  3899020 3049887 2528793 3193164  2328936  2545278  1608646  2567147 3090070  4073519
           16384    8192 1127291 2048038  3227053  3474048 3038022 2329252 3280666  2027493  3625438  2130519  2198333 2862857  3700204
           16384   16384 1109652 1952102  3367808  3807636 3316608 2393589 3712598  2279343  2735233  1973744  2035300 3667619  3857869
           32768      64 1313975 3191518  4578428  4882759 4440704 2756618 4326904  6511902  5554928  2946500  2734787 4459436  6260370
           32768     128 1121842 3214810  4536716  4935714 4276683 2890360 5587902  3957491  4925278  2419026  2453968 4436547  4956540
           32768     256 1232395 2974559  4495023  5178206 5318679 3478515 4460593  5178401  4073133  2801171  2665156 4517183  4961729
           32768     512 1091688 2911915  4751758  3028703 4349360 1833697 4004420  7028757  5259652  2748734  2609345 4418576  4525960
           32768    1024 1226030 3077946  4838751  4180168 5237005 3279085 4533424  6186260  5692985  2618742  2428344 4913481  5415287
           32768    2048 1108899 2550228  4101577  4322957 4317796 2783133 3089918  3060469  4766094  1928323  2000106 3125544  3576921
           32768    4096  948857 1808197  3749548  4000457 3115130 2135146 3503521  2412402  3221743  1686206  1798167 3149249  2927297
           32768    8192  869614 2044528  3104785  3208431 3421875 2240396 2944922  2338239  2719366  1720378  2371075 2579908  3378139
           32768   16384  992039 2184247  3396338  3024038 3064700 2230181 3322606  2332406  3533334  2109324  2772522 3314592  3728694
           65536      64 1196876 3072332  5101308  5644216 4883783 2806801 4744525  6495254  4678151  2852738  3138097 4864251  4685168
           65536     128 1175914 2638951  4584828  4769717 4376074 3324165 4631878  6569927  4493686  2494314  2830442 4459204  5079907
           65536     256 1165958 2789256  4414659  4835840 5018877 3031001 4407580  5545045  4417071  2623135  2954221 4386269  4579100
           65536     512 1229153 2851613  4514424  5244980 4810704 3293773 4184929  5498899  4772450  2553919  2870613 4265852  5264367
           65536    1024 1243730 2747273  4689804  4400806 4451838 2945042 4811041  5281359  4474011  2262987  2240849 4702239  4920853
           65536    2048 1086921 2133403  3757174  3783393 4369396 2473974 3619776  2902899  3747697  1747855  1819433 3896998  4115012
           65536    4096  959066 2128002  3457461  3489458 3427969 2187459 3557838  2739552  3230292  1630860  1723363 3189104  3611027
           65536    8192  993602 2159261  3338214  3378878 3567952 2249781 3729342  2644053  3082461  1706353  1572170 3252577  3294088
           65536   16384 1006123 2066598  3742136  3329238 3318466 2253562 3202667  2296278  3104498  2062427  2187389 3052747  3312268
          131072      64  691056 2502372  5330510  5400149 5042160 2356051 4895342  6546987  5277294  2255539  2422548 4786820  4937329
          131072     128 1062525 2366395  4635307  4675955 4503101 2268589 4540554  6279851  4760705  2228503  2580518 4881259  4718536
          131072     256 1080801 2523531  4416035  4607723 5107460 2760042 5024648  5653318  4624000  2463430  2794826 4416603  4604828
          131072     512 1117835 2601977  4746565  4646472 4822723 2540252 4694201  5554109  4795881  2211213  2302576 4483710  4831964
          131072    1024 1104966 2359782  4747631  4787153 4503876 2511197 4477101  5627335  5196336  2073792  2101016 4686518  5222400
          131072    2048  985326 2073010  3448997  3659286 3571146 2039654 3675088  3239234  3990480  1545387  1574893 3750607  3724284
          131072    4096 1036774 1783706  3245737  3397942 3523899 2264822 3308736  2636784  3267575  1594822  1432510 2916216  3135910
          131072    8192  929852 1830001  3470071  3684695 3674351 1889138 3210500  2428702  3228126  1717333  1503376 3275323  3457348
          131072   16384  947928 1979669  3369720  3412178 3257179 2215704 3364626  2435330  3751349  1792044  1480637 3258627  3282147
          262144      64  142996  125930  4966450  5611104 5443751  102202 4945274  7152234  4989710   145480   141369 4823417  5306784
          262144     128  150247  121804  4609612  4824666 5334643  118919 4531512  6500108  5041924   152653   148479 4743408  4957985
          262144     256  145549  130086  4466803  4540944 4776688  129705 4272855  5960646  5172132   145914   144101 4804784  4909897
          262144     512  150027  135276  4576153  4450512 4632842  147107 4599104  6266887  4974854   156327   140572 4588222  5023082
          262144    1024  149310  136243  4651815  4495843 4974359  148252 4922338  5995718  5009169   157826   143804 4917253  5204374
          262144    2048  149361  129105  3558695  3428369 3969903  137214 3813791  3301937  3951583   119125   148660 3740054  3760610
          262144    4096  147045  136211  3345674  3390908 3328637  156265 3538287  2473593  3483868   162426   155699 3672103  3457183
          262144    8192  149172  139882  3280158  3410440 3290741  155119 3419742  2607901  3560435   155327   156594 3331138  3277293
          262144   16384  140970  132879  3308813  3357207 3185690  145599 3549160  2614356  3248573   173012   162146 3238183  3439436
          524288      64   61819   72697  5218191  5553316 4580889   24494 5010490  7315500  5458085    75086    78656 4998736  5083461
          524288     128   78082   71409  4875247  4852451 4654620   36093 4888056  6242280  4608065    82448    76676 5059915  5207823
          524288     256   79450   77671  4567123  4607621 4760287   51684 4492498  6293284  4895445    81712    73469 4748045  4609408
          524288     512   79170   75101  4915053  4807871 4670675   56986 4662120  6036566  4754276    81626    81099 4682770  5048948
          524288    1024   82347   74856  4758505  4928624 4691782   58479 4428516  5674052  4636190    79515    82942 4719148  4513114
          524288    2048   79875   77507  3843191  3772104 3763273   61975 3911747  3020056  3725826    71672    79268 3771309  4025548
          524288    4096   74826   71424  3684975  3383399 3296991   78261 3391142  2234035  3429341    83197    76178 3316598  3250450
          524288    8192   77637   72602  3362262  3469438 3541791   80790 3506074  2399575  3410714    84590    83942 3337163  3279604
          524288   16384   78300   71269  3354906  3269321 3481743   80241 3403956  2413059  3510770    81903    76345 3392592  3293204

iozone test complete.
