	Iozone: Performance Test of File I/O
	        Version $Revision: 3.420 $
		Compiled for 64 bit mode.
		Build: linux-AMD64 

	Contributors:William Norcott, Don Capps, Isom Crawford, Kirby Collins
	             Al Slater, Scott Rhine, Mike Wisner, Ken Goss
	             Steve Landherr, Brad Smith, Mark Kelly, Dr. Alain CYR,
	             Randy Dunlap, Mark Montague, Dan Million, Gavin Brebner,
	             Jean-Marc Zucconi, Jeff Blomberg, Benny Halevy, Dave Boone,
	             Erik Habbinga, Kris Strecker, Walter Wong, Joshua Root,
	             Fabrice Bacchella, Zhenghua Xue, Qin Li, Darren Sawyer,
	             Vangel Bojaxhi, Ben England, Vikentsi Lapa.

	Run began: Sun Oct  6 11:54:36 2013

	Auto Mode
	Command line used: iozone -a
	Output is in Kbytes/sec
	Time Resolution = 0.000001 seconds.
	Processor cache size set to 1024 Kbytes.
	Processor cache line size set to 32 bytes.
	File stride size set to 17 * record size.
                                                            random  random    bkwd   record   stride                                   
              KB  reclen   write rewrite    read    reread    read   write    read  rewrite     read   fwrite frewrite   fread  freread
              64       4  603489 2379626  2892445 1290201710402178 3958892 3958892  4897948 10402178  3363612  2689580 4564786 10402178
              64       8  889431 2772930  6421025 2096219112902017 4564786 4897948  4274062 12902017  4274062  2923952 5389653 20962191
              64      16  969761 2772930  3541098 1597288515972885 4897948 4564786  5860307  7940539  2892445  1460430 5389653 15972885
              64      32  789967 2892445  7940539 2096219115972885 4274062 5860307  4564786  7100397  3738358  4897948 4564786 20962191
              64      64 1013707 2892445 10821524 1597288515972885 4564786 3958892  4564786  5389653  4274062   651849 3958892 12310336
             128       4  809997 1827299  3785961 11470204 9795896 4557257 3297617  5325799  3359523  4267461  2132084 3657016 12542043
             128       8 1059322 2132084  4596273 1420079414200794 5325799 3277486  6330599  6114306  3759450  2464907 4267461 11720614
             128      16  883293 1997245  4135958 1147020412842051 5847904 5325799  6727225  4934216  4407601  2202044 6114306 18637664
             128      32 1059322 3982553  5784891 1636517316365173 6406138 3445772  6727225  4557257  4407601  2608629 3759450 11470204
             128      64  870405 3560017  7476717 1588107814200794 6406138 4135958  7082197  4934216  4012317  5603747 3867787 11720614
             128     128 1102844 2326073 12842051 1801235914586625 6406138 4934216  3895854  4135958  6406138  4135958 4233807 15881078
             256       4  999940 1479379  5841722 1222861210245071 4422226 4332998  5569035  4350555  4197489  2880164 5569035 11569783
             256       8 1076103 2613746  6398720 1495343513454450 5455847 3454704  5971678  5455847  3756894  3705040 4840911 15164624
             256      16 1224606 3285566  6398720 1583556914353744 5841722 5971678  1629830  8815202  4929815  3123106 4572895 13454450
             256      32 1219045 4054829  5810112 1607260814164395 6398720 5117791  7518900  8534922  4755158  4404088 4264168 14353744
             256      64 1248819 3499745  4553502 1345445014353744 6107548 5810112  7518900  8534922  4652146  4350555 5540300 16072608
             256     128 1219045 3511189  8534922 1495343512812277 5810112 5347168  6936061  8888172  4477549  5455847 4009406 10245071
             256     256 1312954 3465855 10651598 1416439513454450 5938650 6107548  6107548  6213578  6107548  4332998 5428265 12812277
             512       4 1051242 2651850  5177083 11374040 9304292 3762197 5164632  5760329  8844453  4131319  3086326 4331300 10235583
             512       8 1193175 2753870  1854787 1242715711620224 4916336 2158696  7115451  8844453  4532414  1999881 5453155 12427157
             512      16 1273861 4030519  2416145   578554 1080328  946109 1992458  6821616  5566231  4650188  1605228 5227492 12797441
             512      32 1270846 3431550  6086873 1343809212797441 5495016 6018636  7211022  8109658  4742616  3556580 5566231 13872122
             512      64 1135750 3366987  5951911 13872122 7435738 5331314 5019764  7022379  8140399  4571003  1350783 4871723 13190469
             512     128 1144832 3304808  6319739 1343809212499490 5331314 5684095  4827914  6931711  4532414  4973263 5439343 13109944
             512     256 1221684 3877684  3140488 1249949012499490 5744919 2141475  6395018  5331314  4457157  5886650 5115422 11374040
             512     512 1426135 4375425 12499490 1310994412797441 5639315 5331314  5509113  5886650  6104175  4916336 5951911 12797441
            1024       4  986485 2410457  5720477 12037272 9743447 3863055 5336651  5782087  6692005  4321737  3020783 5472650 10662628
            1024       8 1254808 3999762  6479979 1423090212173747 5175871 5885083  7369466  7869040  2625597  2220992 2791104 12492426
            1024      16 1378445 3189002  3220084 1310217412208350 3057339 6280976  3618930  8262639  5151040  4079544 4783849 13305116
            1024      32 1349428 3472628  6393168 1442204513643232 6199382 5917516  7631350  8391792  3358576  4396951 5303701 13998981
            1024      64 1166221 2593883  6402699 1508034114230902 6280976 6172653  7524394  9569770  5472650  4415030 6609617 14871477
            1024     128 1350701 3567824  6025439 1330511613818817 5991815 5536137  3458646  9765601  4079544  4095102 5751117 13863422
            1024     256 1359680 3200886  6364746 1234875412790037 3764854 3908759  6569179 10039528  4526709  4920874 5782087 12944224
            1024     512 1412443 2813041  7257394 1217374712983353 5690162 3804877  4634161  8122014  4014717  6402699 5630486 13142265
            1024    1024 1218843 3012308 12983353 1347205312639479 5660167 5383475  4142499  5690162  5813392  2918161 4783849 12639479
            2048       4 1029128 2715922  5080379 11187641 9610516 3786104 5403134  5836323  7036283  4250747  3709263 3929871  5674397
            2048       8 1183055 3029098  3340040 1256195211900619 3683812 5535444  5888333  5430461  3334853  4006862 6132138 13198923
            2048      16 1388652 2667014  5986827  646440212654482 5238385 4897882  7231767  5769681  4204968  3938881 6401772 10048990
            2048      32 1235285 3362265  5933071 1330111313748169 5820505 5937172  7999524  4983122  4130162  3630870 6440169 13836752
            2048      64 1442279 4282535  5144271  664955611365268 5184636 4531020  7231767  7817519  3946119  3407614 4569586 13219235
            2048     128 1477506 2941954  5306340 1303864613926483 6261772 5389574  5362657 14321195  3292669  3256469 5884299  8940345
            2048     256 1538641 4310472  4196751  6097316 7670915 3835124 3744839  7165410 11440955  2670330  3230749 5332694 11966935
            2048     512 1132220 3048448  4807425  5535444 8253158 5376082 4853603  4603874  8678404  4423683  4104506 5567735 11983630
            2048    1024 1569566 3443127  5884299 1050363710713237 5056455 4839929  6207471  8221561  4911886  4347560 4170264  9015410
            2048    2048 1034333 3336148  3351769  7393606 7231767 4284671 5159722  4472047  3002627  2963266  3056039 3710866  6690992
            4096       4 1065497 3012001  5382492  5810280 4196552 2122332 4730393  4994430  2113455  2457143  2561557 4698053  5190597
            4096       8 1198723 3049966  4644707  7138037 8552280 3366089 5746149  7405736  6964419  3757786  2816923 4222337  6638778
            4096      16 1256039 3047802  5513780  5719367 6919538 3127134 5657217  6905631  6077484  3401411  3075079 5859825  6490793
            4096      32 1420316 3110150  6169144  7756829 9641830 4773769 3897601  7711565  5572803  3284991  3416292 4801789  4906002
            4096      64 1337287 4188367  5596402  6585338 7355007 4157956 5988509  8224733  3067940  4187346  3319264 4752639  6330545
            4096     128 1298278 3162828  5271829  6302675 8944095 4257917 5877869  7185807  6769576  3908241  3105091 4791076  5475122
            4096     256 1247647 2807257  4167033  4869845 7225093 3968731 5178081  5843879 11539362  3399392  3882626 4338563  5050220
            4096     512 1255305 3445064  5642353  7024216 8292220 4171080 3522048  6330545 10806269  3282481  2721862 4227532  4380601
            4096    1024 1165305 3190434  4971306  5196878 5353976 3319264 5572803  6682678 10166771  3641495  3093350 4922872  3424463
            4096    2048 1175028 3150647  5784846  6225028 5520868 3577048 2870101  2656212  4297324  2199781  2650884 4466009  4253700
            4096    4096 1093993 2110080  3703511  3961410 3567392 2297140 3703511  2754594  4149921  2600722  2558505 4515307  4370571
            8192       4 1043835 2706171  5060489  5244315 4373245 2270546 4971166  5867636  5113204  2896670  2382815 4209820  4905166
            8192       8 1189832 3200182  5672914  5876668 5056765 2682509 5814021  7721626  5958192  3459566  2603048 5312425  4862131
            8192      16 1311350 3144824  5653313  4203126 5910025 2880400 5295233  7530397  5454094  3331431  3296592 4689593  5454094
            8192      32 1400848 3901055  4949683  5649594 5218033 3229054 4765695  7440706  6094523  3407755  2922540 5313247  5378957
            8192      64 1329001 3168897  6385612  6278267 6832584 3895306 4546258  7474698  5075439  3029476  2831736 5602613  5633847
            8192     128 1409988 3070628  4297757  5081444 5197511 3411816 5195153  8030217  6258825  3326271  2791249 4599816  6164502
            8192     256 1529491 3244605  5657967  5149219 5168583 2933018 4615263  7392679  6167822  3443616  2737870 4813093  4620228
            8192     512 1244250 2443132  3364377  4045270 4498640 2950902 4609690  4596740 10792033  2795109  3141086 5113965  5191229
            8192    1024  983426 2131126  5302587  3528126 3442236 2673741 5476697  5996667 11569692  3227537  2333935 4359927  5295233
            8192    2048 1017529 2868377  4902367  4937591 3577348 1315819 5025700  3906821  4071635  1816072  2254900 3002999  3198990
            8192    4096 1021583 2231469  4442798  4293461 3270236 2681462 4325349  2992016  3324662  2214784  2251797 3921536  4226911
            8192    8192 1117287 2561520  3287445  3449147 3420306 2333142 3176514  2725275  3932757  2717085  2701703 3121964  4395061
           16384       4  991654 2370388  4513652  5097579 4284308 2459994 4528524  5642083  4690491  2692473  2618502 5038156  5576609
           16384       8 1169617 3139193  5104015  4847317 4441306 2603522 5753084  7186120  5716711  2994077  2867875 5153778  5531274
           16384      16 1265276 2776454  4436718  4931852 4647665 3047047 4963556  7420464  5849558  2955828  2998649 4835719  4267811
           16384      32 1390018 2896768  4655852  5287006 5345404 3049887 6081474  7884466  6243929  3185172  2967058 6081474  5472251
           16384      64 1307676 3786446  5461379  6450228 5968960 3744154 4753105  7064958  5192722  2976827  2882551 4854508  5352482
           16384     128 1375412 3705991  5467027  5997088 6168268 3820761 4998214  7612823  4678356  2597323  2799300 4917383  5758869
           16384     256 1386848 3848794  5516178  5155711 5304145 3307827 5616719  7383787  4908251  3181338  2705831 4406561  4884875
           16384     512 1268500 3468962  5300463  6037129 6023371 3760339 5063026  6440555  5241038  2163452  3531899 4789212  4343614
           16384    1024 1212372 2403719  3984475  5007319 5565318 3788951 5380982  7126502 12273952  2328936  1777957 3576567  5897753
           16384    2048 1162809 1943984  2897257  4690491 4963556 3033462 4071588  4151028  6569233  2439213  1965671 5081746  5259490
           16384    4096  965638 2113742  3804895  2879894 2816048 2316063 4303626  2614716  3632913  2445375  2014536 4425860  4228160
           16384    8192 1038861 2256441  2924630  3561737 3547946 2673201 2874834  2605991  3400471  2257108  2985881 4233631  3229631
           16384   16384 1148313 2078138  4446191  3192422 3621616 2397346 3852462  2535792  3869600  2401619  2451569 3556392  3973646
           32768      64 1404476 2704756  5661327  6058100 5544619 3579996 5687802  7761051  5536132  3077946  3625993 5736708  4771886
           32768     128 1493255 2974624  4691100  5319502 4102679 3116260 4642140  7811336  5960108  3141044  3165351 6062376  6107636
           32768     256 1263518 2901342  2344742  5750630 5171581 2284450 5347235  6598503  5772852  3272215  2771963 4486951  5914963
           32768     512 1101893 2738656  5170803  5863985 5858736 3729099 5265495  6446841  5197200  2726811  3434445 4589895  4991281
           32768    1024 1066080 2126951  4007807  5736708 6084114 3272527 5953396  6948448  6013569  2624142  3104154 5070835  5301445
           32768    2048 1242433 1332575  2839013  2832110 3147735 2464529 4699923  2416007  6376255  1752404  2178292 5131228  5184848
           32768    4096 1090778 2008084  3110688  2794678 2983794 1880077 2720711  2834096  4253389  2104286  1960170 4285618  3286377
           32768    8192 1124844 2007234  3005391  3062992 3653464 2552406 2871878  2009817  3446329  2143103  2583011 3086933  3438741
           32768   16384 1161824 2231847  3901433  4333726 4420281 2755016 3632798  1776229  3782882  2098759  3181397 4376645  4348122
           65536      64 1264051 3100681  5710229  5871852 5945387 3196113 5815576  7618819  4930474  2966912  2810646 5793513  4706023
           65536     128 1356686 3183859  4898753  6025143 5979661 2287222 5721163  8379451  5091009  2840504  2605087 4605800  5373557
           65536     256 1381012 3308720  5782787  5889844 5861335 3781831 5293258  7134347  5606114  3168884  3119294 4479552  4420623
           65536     512 1411622 2837074  5706672  5665272 5703239 2905354 5850357  5369673  4539474  2328352  2165982 5764475  4406096
           65536    1024 1158371 2412335  6060211  5583680 5901985 3759126 5244579  5977451  4948759  2741191  3084917 5601430  3590040
           65536    2048 1144753 1806187  3110963  3674798 4557462 2800424 2776718  3664510  4545404  2131467  1541557 4733903  4574679
           65536    4096 1182983 2011358  2912835  2989369 3509282 2452431 3717489  2667324  3917268  1977257  2089121 3082738  3952245
           65536    8192 1249020 2159346  3006535  3050748 3649816 2481949 2972559  2669474  2762430  1777007  1617977 3669010  3149423
           65536   16384 1024158 1853490  3009267  3647588 3820040 2560986 2969444  2622185  4111626  1687985  2396540 3612593  3619395
          131072      64 1297935 2331659  5620374  6130275 5749512 2841294 5666487  7581186  5818395  2724425  2643008 5506544  5781741
          131072     128 1308653 2979176  5683945  5682183 5506985 2985486 2735745  8414440  5821784  2864851  2724587 5908950  5765491
          131072     256 1227967  573661  5657972  5515328 5572575 3096207 5484679  7438802  5298401  2762317  3128896 4107044  5684709
          131072     512 1375734 2361993  5580155  5570655 5584406 3109147 5110213  7032571  5451557  2588465  2836998 5452476  5548952
          131072    1024 1264600 3006088  5313457  5473921 5549176 3001967 5303564  6627891  5609707  2335730  2232684 5048225  5440228
          131072    2048 1245172 2446743  3214686  2194705 4764336 2383043 4633158  3690508  4689316  1826887  1875539 2748822  2954932
          131072    4096 1137481 2251521  3888118  4060090 3953917 2299427 3166836  2834672  4206569  1781475  1314162 2768730  2988017
          131072    8192 1145764 1692718  3652964  4212500 3864476 1956010 2045954  1977220  3427708  1877364  1394424 3958785  4039565
          131072   16384 1164453 1688201  2901808  3530280 3937153 2286906 3931606  2072479  4171617  2054226  1774958 3861327  3972717
          262144      64  114362  126086  5608442  6039619 5700649   69750 5357961  8075867  5248019   126953   108953 5365308  5914952
          262144     128  114640  112865  5264352  5583238 5581707   68381 3729309  5665284  4849756    71743    70637 5189636  4657688
          262144     256  105478   67323  3883391  5542261 5577064   62719  707232  7151676  5281750   108266   115354 5045695  5491440
          262144     512  112983  107561  5053975  3897183 4996262  101169 5099567  6535966  5198985   113917    94226 4755265  5040930
          262144    1024   76897  100539  5058346  3483923 3237744  114738 4901710  2865499  3834139   104932   102240 4924653  3726655
          262144    2048  104919   88285  2789245  2469115 2952606   70850 4340494  1838058  2923822    98811    71695 2736248  3469390
          262144    4096   78910   87780  3528986  3950462 3788861  106517 1709905  2746541  4012189   109384   103074 3239461  2932720
          262144    8192   79803   75340  3808956  4112140 4080186  111619 3766601  2785535  4024687   114692   111481 3636747  3132103
          262144   16384   87619   74170  3815379  3629088 3697107  122060 2622306  2782314  2687584   141510   112705 2450564  3649712
          524288      64   30995   34243  5733808  6268545 5710772   13021 2084420  7884748  5877874    41960    76103 5919073  5977802
          524288     128   69717   52004  5577118  5970434 5453266   18625 5401415  8145924  5498151    56673    46922 5316944  5793553
          524288     256   70975   54348  5243349  5263241 5316674   34218 5202550  7125324  5224030    51519    63640 5241625  5592706
          524288     512   39185   72592  5326667  5435232 5523119   55011 1227228  6958476  5471992    76739    77070 3728960  5462586
          524288    1024   50366   73386  5433097  5607653 5531691   37358 5086471  6556384  5612461    64908    40494 2951155  5571367
          524288    2048   79117   64091  4301421  4722087 4823923   63568 2518290  2538332  3345998    40602    40676 4456680  4710505
          524288    4096   75327   42116  3906327  4015712 3894462   81915 2275802  2338441  3978024    42044    71116  632317  3830191
          524288    8192   53163   62701  3511757  3169800 3696099   33747 3812838  2781796  4134016    75822    76717 3863094  4141132
          524288   16384   71280   36705  3943617  4166372 4103598   90018 4112777  2864759  4165741    84868    90683 4082344  4080503

iozone test complete.
