	Iozone: Performance Test of File I/O
	        Version $Revision: 3.420 $
		Compiled for 64 bit mode.
		Build: linux-AMD64 

	Contributors:William Norcott, Don Capps, Isom Crawford, Kirby Collins
	             Al Slater, Scott Rhine, Mike Wisner, Ken Goss
	             Steve Landherr, Brad Smith, Mark Kelly, Dr. Alain CYR,
	             Randy Dunlap, Mark Montague, Dan Million, Gavin Brebner,
	             Jean-Marc Zucconi, Jeff Blomberg, Benny Halevy, Dave Boone,
	             Erik Habbinga, Kris Strecker, Walter Wong, Joshua Root,
	             Fabrice Bacchella, Zhenghua Xue, Qin Li, Darren Sawyer,
	             Vangel Bojaxhi, Ben England, Vikentsi Lapa.

	Run began: Sun Oct  6 11:54:36 2013

	Auto Mode
	Command line used: iozone -a
	Output is in Kbytes/sec
	Time Resolution = 0.000001 seconds.
	Processor cache size set to 1024 Kbytes.
	Processor cache line size set to 32 bytes.
	File stride size set to 17 * record size.
                                                            random  random    bkwd   record   stride                                   
              KB  reclen   write rewrite    read    reread    read   write    read  rewrite     read   fwrite frewrite   fread  freread
              64       4  582535 1679761  4274062 15972885 9006179 4018152 4018152  3541098 10402178  2662899  2298136 4018152 10402178
              64       8  718114 2006158  5735102 2096219115972885 5283570 4897948  4564786  5389653  3057153  3022727 5389653 15972885
              64      16  712397 1392258  4564786 12902017 9006179 4988978 3057153  5735102  4274062  3541098  1879725 3203069 15972885
              64      32  653436 1562436  6271021 2096219115972885 5735102 3203069  5389653  4018152  3057153  2278628 3203069 12902017
              64      64  735831 2133730 15972885 2273779115972885 5860307 2923952  5389653  3363612  5389653  2133730 5860307 20962191
             128       4  794416 1997245  4267461 12842051 9977956 4407601 3359523  5325799  3277486  3867787  1852520 5784891 10779307
             128       8  877518 2211113  6045455 1588107814200794 4267461 3277486  6406138  6114306  4267461  2166499 3895854 14200794
             128      16  814915 2326073  3895854 1636517314200794 5784891 3199360  6406138  9129573  3867787  2132084 3759450 12842051
             128      32 1102844 2326073  6114306 1284205115881078 6114306 5074121  7082197  4557257  5325799  2420455 4444086 14200794
             128      64  947186 2175277  5847904 1588107815881078 6406138 4407601  6812590  4267461  4135958  2969325 4012317 16365173
             128     128 1000121 3468030 12842051 1801235914200794 5784891 4934216  5325799  5603747  5784891  2727923 4557257 14200794
             256       4  947860 3326279  5569035 12812277 9868433 1237306 4907284  5022044  7965107  3410808  3236056 5687020 12228612
             256       8  648079 1639786  6398720 1516462413454450 5540300 4734192  6936061  4734192  5022044  3159869 4281170 13454450
             256      16 1048775 2588541  4477549 1065159813454450 5569035 5971678  7120034 13454450  4477549  3123106 4734192 14353744
             256      32 1147398 2911402  6891544 1607260814164395 4907284 6249745  7518900  6249745  5455847  3994490 4572895 15164624
             256      64  855703 2557711  6107548 1583556914953435 5320671 4652146  5022044  7571923  5971678  3316006 4929815 15164624
             256     128 1012194 3823789  7518900 1416439513454450 5569035 5455847  6761355  8815202  4197489  6398720 3654598 13454450
             256     256 1248819 3950402 12812277 1416439512812277 6107548 5841722  6249745  3879045  4929815  3705040 5810112 13625180
             512       4  622855 2668325  5822804 11877300 9638369 4271001 4961773  5177083  5624545  3970896  2894940 5067142 11683444
             512       8 1296159 3304808  6104175 1424006912499490 4701087 5822804  6736026  8394979  4296637  4000485 6086873 12797441
             512      16 1210664 2339802  6414119 1424006913109944 4927617 6156675  7211022  8265729  4610256  4030519 6086873  2782414
             512      32 1319250 3325278  5509113 1462806713872122 6319739 5744919  7410080  9145790  4784885  3905895 6018636 14240069
             512      64 1280699 3504346  6246213 1462806713872122 5744919 2081286  7211022  9304292  4827914  4099771 2695115  7758090
             512     128 1292259 3527371  7115451 1424006913438092 5566231 5870558  6652558  8394979  4838792  4882800 6174377 13438092
             512     256 1237168 3415178  7540170 1221509712874162 5760329 5624545  5822804  7647578  3934520  5744919 5699180 12146009
             512     512 1369738 3905895 12797441 1343809213109944 5886650 5278892  5384786  5699180  5951911  3941742 5951911 13522711
            1024       4  933322 2491561  5356618 11368190 4249053 3821805 4972145  3450311  8525047  4029784  3582705 5472650 11398360
            1024       8  545544 2995501  5660167  530370111249091 4574926 5071963  6787181  7755368  4415030  2348509 6093831  6317933
            1024      16 1276817 2192645  3358576 1190382311018226 4674510 5424269  7208671  6963241  4060261  2579861 6025439 12492426
            1024      32 1340164 3606774  6025439 1364323213102174 3709575 2993413  7369466  6569179  4589593  3941039 5277632 11249091
            1024      64 1342258 3999762  3955557 1330511612639479 5885083 5917516  7485055  9923546  3937426  3955557 3529706 10906310
            1024     128 1329791 2565989  5958564 1314226512944224 5885083 5330028  7113161 12983353  4215688  2415881 5417427  7826025
            1024     256 1004011 3358576  3631168  930037710354166 4531485 4876180  6479979  7472033  2387677  4531485 5593820 12208350
            1024     512 1114474 3037876  7269678  447017211249091 5042191 5200941  5751117  3567824  2852271  4876180 2672984 10354166
            1024    1024 1258117 3121783 11773301  636474612639479 5144870 3160839  5623115  3447541  5424269  4064103 3101494 11249091
            2048       4 1027650 3070239  5626082 10503637 9441504 3751381 3644736  5492967  5290001  3379461  3121562 5582208  9796850
            2048       8 1147343 3483621  6321679  849810611770166 4603874 5659442  7343043  5009275  4666399  2913021 3255235  6588354
            2048      16 1328106 2670330  4451191 1118764112488897 4948672 6097316  7636816 10780463  5044577  3256469 4186524 11072275
            2048      32 1209542 3806235  6207471 1374816913552946 4751580 5884299  6829301  8678404  5184636  2879817 3454204 11642543
            2048      64 1166824 2790021  6359119  979685013836752 6114678 4170264  7789164  5816563  4338776  3586902 4186524 11835033
            2048     128 1375532 3841986  4623699  9101380 9708272 4864597 4911886  6024617 10834854  4460436  3030166 4188565 10945301
            2048     256 1165557 3962502  4188565  4451191 6649556 5209791 5719737  7059413 12118884  4231899  2231264 5319484  9796850
            2048     512 1028142 4063729  6543188 1088979711770166 5640860 5507054  6498636  9483197  3507805  3953383 5593112 10302081
            2048    1024 1202599 2941954  7911115 11015480 9887060 5144271 5319484  4312636  5492967  4301837  3657149 3799501  4481379
            2048    2048 1034831 3251539  6266340  7393606 7189398 3630870 5172149  3184044  3709263  3465352  2324238 4994712  6498636
            4096       4 1000702 2555461  1533532   976139 1305282  574485 2097457  5526195  4481152  2888438  2708986 3308398  4747386
            4096       8 1348730 3300770  4915829  6140479 6272759 2952980 4819300  7367624  5849848  3912691  3374022 5278308  7197849
            4096      16 1346510 3235498  6049663  7476641 7489679 3577048 5835938  6955959  6490793  4000150  3346419 6041154  7392988
            4096      32 1306572 3889659  5278308  6243125 6916752 3555579 5145513  6826060  6605595  4227532  3059199 5312585  7476641
            4096      64 1130864 4129969  5961494  6131713 8842813 4329816 5347310  8013724  5263753  3351642  2952980 4730393  5389246
            4096     128 1325933 3324403  4807163  5926533 6575257 3624593 5642353  6989921  6410863  3882626  3393349 5165626  6195843
            4096     256 1273167 4067390  5883908  6234064 8002526 3930595 4871226  6941906 10419583  3433360  2832715 5369035  5185897
            4096     512 1286033 3407483  5171846  5728903 5883908 3568133 4869845  6772244 11470025  3683658  3005151 5625724  5504946
            4096    1024 1170226 3706707  6245395  6114255 4713521 3268741 5396016  6661947  6051794  2138979  3631489 5374073  4773769
            4096    2048 1079015 2998333  3650781  4240052 3900255 2613780 5013377  4187346  3454069  2071909  3589754 3005151  3129412
            4096    4096 1238563 2657856  3385325  3602551 3571100 2468795 3091124  2579247  4466009  2547503  2474841 3527834  3846119
            8192       4 1085485 2661522  3936361  4203126 3764705 2179245 5204597  4729615  3828039  2451149  2396109 5013966  4490996
            8192       8 1296652 3389267  5546540  5864631 5120061 2643503 5769116  6753351  5251529  2370486  3131353 4875931  5254742
            8192      16 1292749 3671773  5615432  5615432 4153837 3257524 4696644  6611703  4602281  2839458  2912136 6201216  6390362
            8192      32 1371273 3749096  5461897  4488649 4980534 2521481 4385525  7122952  4316113  2993059  3180042 6370221  6109695
            8192      64 1328384 3523423  6104267  5268439 5257958 3486243 4649613  7961372  4620228  2885722  2993059 6248582  5158495
            8192     128 1484555 3671773  5622783  4715983 5104089 3565099 4847041  6972624  4339005  2992016  2460804 5056765  5638469
            8192     256 1396975 3264953  5403489  5403489 5204597 3718664 5041185  4683839  4516379  2622119  3685162 1675201  4548665
            8192     512 1306513 3703433  5692651  4628318 5450634 3763056 5098030  6010303 12065338  2988633  3481651 5487193  4759753
            8192    1024 1110786 2818958  1977219  3686744 3803041 2043907 2546334  6063334  7550253  2667721  1820884 2590683  2826843
            8192    2048 1210582 1543646  2173593  3100554 2856454 1868209 3672165  2701915  3676880  2259348  1453223 4440501  4346140
            8192    4096  845054 1488929  2310860  2728954 2737870 1523253 3453654  2384138  3487304  2181597  2966187 3297857  3353214
            8192    8192 1047303  829068  2962862  4196965 4166935 2322576 4205183  2559993  4242568  2834539  2382154 3833164  4273702
           16384       4 1121954 1938446  5479233  5626377 4482736 2275192 4682501  5536622  4431568  2424411  2201220 4188218  4184902
           16384       8 1160982 3272230  5669079  3937445 2223945 2706257 5746830  7366374  5730536  3035204  2694690 5078742  4015675
           16384      16 1209598 3140484  6239394  6229778 5815894 3147100 5459643  7133159  5312346  2885577  3130185 4360980  4494757
           16384      32 1238483 3494896  4571300  4726949 6075022 3367643 3479325  7750195  4742281  2947840  3475454 5283347  5285379
           16384      64 1305714 2876880  6432718  6395004 6353028 3710193 6294257  7765083  6326125  3363687  3180749 4910005  6491049
           16384     128 1265556 2978375  4590538  5018289 6161631 3836118 5853046  8550595  6136321  3378903  3203136 5348732  5960159
           16384     256 1221054 3755202  5038156  5052231 5236246 3195689 4309294  7498192  5246239  3424193  3069779 5178244  5253057
           16384     512 1163399 2868354  5541086  4381835 5611216 3887990 5193114  7230732  6003900  2478270  3149552 4348011  4899502
           16384    1024 1145099 3531899  6034479  6182697 6124836 3625629 4685374  7013761  7304517  1991706  2015009 3506130  3574149
           16384    2048 1077837 3074448  5370049  3789996 3904558 2164065 5123041  4012627  3276130  1817407  1666378 3566358  5234251
           16384    4096 1093861 2670085  3518156  4373747 4421020 2456740 2769963  2030789  2714381  1776440  1850441 3411952  3027982
           16384    8192 1295474 2475681  3170330  3232214 4406844 2453057 2685843  2819977  2748470  1875490  3102346 3596032  4406844
           16384   16384 1090079 2720614  3573406  4148022 4253283 2535043 4283507  2775108  3745786  2681965  2622199 4258819  4187963
           32768      64 1359841 3411597  5964247  5820279 5751833 3150116 6347690  7811336  4766260  3166299  2878977 6437781  5620580
           32768     128 1439214 3523009  6327234  6098692 6149997 3830751 5604079  7897516  5480501  2974559  3368452 5130462  5434344
           32768     256 1173851 2753581  5826448  5985025 5227046 3807193 5253018  6429048  5423408  2863561  2026979 5831639  4986753
           32768     512 1278504 3708071  5521010  5297154 5451372 3238597 4732452  4314950  5974098  1341799  2702734 2181023  3840170
           32768    1024 1158455 3165716  2964039  2321689 2883205 2504636 3363588  6483640  5229433  1505061  1555411 3315312  5669267
           32768    2048 1110484 2811256  3216992  3345657 3913988 2763102 4673871  2015623  3190629  1785900  1746502 2762658  4978444
           32768    4096  886240 2191107  4106356  4030490 2976234 2154087 2666449  1977544  2738656  1526933  1636435 4127939  2849136
           32768    8192 1168571 2330429  2729085  2766606 2713674 1815290 3313234  2215370  3098346  1716960  2462675 2676471  2684102
           32768   16384 1125775 2228048  3895793  4198941 3798775 2585246 3703874  2728652  4146245  2313950  3119231 4216720  4227095
           65536      64 1070326 3507759  4772533  5032291 5130826 3127173 4570724  8245725  4619734  2735925  3262614 4865715  5914302
           65536     128 1352294 3312907  4801880  6288269 4659120 2488555 4906098  6742358  5142922  2867080  3420291 4835840  6140354
           65536     256 1328196 3641934  4875121  4617483 4598019 2985959 4410550  5848365  4860638  2911293  3271389 5214929  5566605
           65536     512  756433 3176427  4121490  5643289 5621017 3725955 4341310  5630343  4456096  2562825  3275014 4324916  4391315
           65536    1024  841671 3347931  5934605  6018019 4320634 1935789 3453812  3325854  3559773  1972192  2985538 5872856  4014703
           65536    2048 1176774 2282929  2825177  2660508 2649302 2108285 2780369  2119944  4172415  1387768  2161978 2826164  5200426
           65536    4096 1244040 2453876  2673420  2850992 2572057 1629110 2724644  2210539  2667013  1305834  1732564 4002951  2762791
           65536    8192  773870 2189131  2542627  2573454 2555795 1716637 2531341  2417044  2658681  1633913  2191470 3775131  2847655
           65536   16384  957263 2490630  4144983  3137631 4100892 2440283 3546546  1792360  3098060  2323727  2361822 3327223  3679521
          131072      64  841051 2904507  5490431  6021830 4880003 2873386  978514  7849527  5721925  2780732  2596104 5743746  5449342
          131072     128 1282867 2591381  5708972  4246339 5522086 2956267 5440228  7477859  5346165  2793520  2531665 5129811  5928960
          131072     256 1314991 2671884  4915872  4299004 4847515 2594193 4192423  7046542  4814572  2287305  2648394 5247073  5570147
          131072     512 1285272 3165541  5548952  5657448 5682007 3239559 5475938  5556299  4851108  2415396  2858223 2934898  5193440
          131072    1024 1284050 1035160  3482513  5874789 3742360 1652651 4450822  4642705  4006972  1996768  1018264 4847686  5763678
          131072    2048 1086221  992111  5016532  4962196 5095719 2615321 4537706  3836001  5043362  1882404   862666 4116978  4445531
          131072    4096 1119173 2213198  3904437  4037696 3998404 2317974 4043457  2660338  4075984  1801528  1790106 4037192  4214406
          131072    8192  929904 2016676  3922545  4029114 3719748 2265765 3971024  2687007  4041792  1835126  1925772  940433  3969934
          131072   16384 1148817  855791  4132048  3845016 3950450 2351405 4183044  2844249  4182535  2031619  1893582 3905602  3922797
          262144      64  126781  102898  5580744  6210743 5725286   70552 5344756  8104141  5822580   114684   113278 5349437  6103453
          262144     128   87960  117882  4706777  5492565 5204867   82164 5225423  7997797  5722664   104714   112913 5280152  5723558
          262144     256  116003  111425  5108120  5505381 5490754   97298 4388518  4389481  4951822   120639    83955 5016345  5404046
          262144     512  113184  104810  5024988  5630240 5481311   85266 4073973  5306349  5079119    74912    75779 1650353  4135153
          262144    1024   71574  118656  4927058  4123058 4120338   83509 2204093  4597085  4868870    77836    97289 4926131  3531412
          262144    2048   82771   57301  4073912  4681386 4385437   90091 2654140  2554913  3252735    79243    83123 2369428  4538357
          262144    4096  114879   98426  3342145  2890327 3236782  134547 3808679  2721618  4065642   114383    86687 3665994  4009409
          262144    8192  112019  111753  3927601  3975386 3856814  129636 3884132  2157297  3012766   123697   113250 3689675  4019493
          262144   16384  113492   85367  3618721  3880568 3855624  136470 1541778  2597649  4042429   139599   143775 3436147  3608057
          524288      64   16633   38325  5776645  6049519 5648314   13015 5330244  8242994  5956397    80167    82461 5987340  6153699
          524288     128   75439   71744  5427023  5699523 5451509   16000 5285480  7993169  5478277    45521    79326 5652219  5848811
          524288     256   80528   66813  5152099  5585135 5354736   28458  200362  6824796  5383326    78805    40617 5303927  5595695
          524288     512   80203   66602  4461155  5472115 5353380   29306 3352870  5707837  4983488    42556    80718 5238902  5390914
          524288    1024   53440   41663  5399028  5670847 5477131   58957 3710299  5786327  4878914    41287    61862 3486767  5753565
          524288    2048   37303   47097  4674885  4880181 4748507   68176 4066957  3546155  4679222    43488    42470 4490342  4621886
          524288    4096   73054   37224  3264967  3940027 4059936   49783 3902576  2504408  3676301    68867    65933 3921639  3982498
          524288    8192   48297   62853  3179581  3889262 3890817   48689 3005617  2649311  4081813    42075    61885 1538656  3850357
          524288   16384   72207   73233  3769033  3833215 3862700   47327 3892904  2747797  4151859    96344    89565 3479248  4160090

iozone test complete.
