	Iozone: Performance Test of File I/O
	        Version $Revision: 3.420 $
		Compiled for 64 bit mode.
		Build: linux-AMD64 

	Contributors:William Norcott, Don Capps, Isom Crawford, Kirby Collins
	             Al Slater, Scott Rhine, Mike Wisner, Ken Goss
	             Steve Landherr, Brad Smith, Mark Kelly, Dr. Alain CYR,
	             Randy Dunlap, Mark Montague, Dan Million, Gavin Brebner,
	             Jean-Marc Zucconi, Jeff Blomberg, Benny Halevy, Dave Boone,
	             Erik Habbinga, Kris Strecker, Walter Wong, Joshua Root,
	             Fabrice Bacchella, Zhenghua Xue, Qin Li, Darren Sawyer,
	             Vangel Bojaxhi, Ben England, Vikentsi Lapa.

	Run began: Sun Oct  6 11:54:36 2013

	Auto Mode
	Command line used: iozone -a
	Output is in Kbytes/sec
	Time Resolution = 0.000001 seconds.
	Processor cache size set to 1024 Kbytes.
	Processor cache line size set to 32 bytes.
	File stride size set to 17 * record size.
                                                            random  random    bkwd   record   stride                                   
              KB  reclen   write rewrite    read    reread    read   write    read  rewrite     read   fwrite frewrite   fread  freread
              64       4  453587 1492919  4897948 1290201710821524 4018152 2923952  4897948  9006179  2772930  2561267 2662899 12310336
              64       8  659861 2892445  5735102 1597288510821524 4564786 3203069  5860307  5389653  2892445  3022727 3738358 15972885
              64      16  725882 1638743  5860307 1597288515972885 5283570 2923952  5283570  4564786  3588436  1780008 3791156 10821524
              64      32  752329 1638743  7100397 1231033612902017 5860307 2923952  6271021  3363612  3203069  2298136 3738358 12310336
              64      64  901377 1679761 10821524 1290201712902017 5735102 3363612  5283570  4018152  4897948  1933893 5283570 15972885
             128       4  762811 1905110  3759450 1284205110567140 4717434 3053774  5325799  3380677  4012317  2035099 5325799 12842051
             128       8  836500 2098744  4717434 1588107812842051 5325799 3380677  6406138  6045455  4407601  2409592 4012317 16365173
             128      16  587511 2920861  4759253 1056714012842051 5325799 4934216  6406138  5074121  4135958  3036502 4717434  9795896
             128      32  901083 2202044  6114306 1636517314200794 6045455 3560017  7082197  4407601  4759253  2464907 3867787 14200794
             128      64  859260 2673584  7082197 1588107814200794 6330599 3277486  6406138  4267461  3895854  3106789 3560017 12842051
             128     128 1196221 2511022 11720614 1588107814200794 5847904 5122535  5847904  4759253  6045455  2660335 4135958 12842051
             256       4 1066483 2223962  4553502 12661199 9868433 4652146 3935921  5687020  5569035  3410808  2000242 5320671 11207494
             256       8 1028679 2435861  5022044 1416439512228612 5455847 5455847  7120034  6073004  4819184  2371308 1897721 11695808
             256      16  897923 2754556  5938650 1222861212812277 5347168 4009406  6891544  5217259  5117791  4054829 5217259 13454450
             256      32 1132871 2911402  5687020 1495343514164395 6249745 4117018  7735574  5117791  5320671  2607399 4840911 13454450
             256      64 1213534 4197489  6719046 1495343514164395 6398720 4132864  7518900  6107548  5687020  3717869 4652146 13454450
             256     128 1147398 2984226  7735574 1416439512812277 6249745 5320671  6719046  5687020  4404088  5347168 5810112 13454450
             256     256 1306564 3756894 11091721 1109172112228612 5455847 4819184  5217259  5428265  1361224  4009406 5569035 12812277
             512       4  990168 2116152  5886650 12215097 9859630 4485083 4532414  5807059  7435738  4237291  3393590 3877684  9859630
             512       8 1207261 3437042  6395018 1462806712215097 5439343 5495016  6736026  6652558  4571003  3934520 1902438 14146265
             512      16 1242896 3220553  5495016 1387212212146009 5566231 5886650  7309196  9638369  3849877  3736016 5566231 13438092
             512      32  869143 2143612  6246213 1462806713783088 5951911 4742616  7115451 13438092  3556580  3504346 5127637 14628067
             512      64 1293037 2370799  5164632 1462806713872122 6174377 4882800  6736026  6736026  4375425  4580754 5760329 11877300
             512     128 1267097 3279573  6821616 1343809212797441 5822804 5177083  6736026  9468384  1875849  3905895 5278892  7647578
             512     256 1261144 2910635  7871843 1214600912215097 5439343 5566231  5822804  7758090  4061007  4871723 5278892 10641343
             512     512 1221684 2150051 12215097 1279744112427157 5439343 5624545  5760329  4305250  4973263  4000485 5822804 12797441
            1024       4 1075676 3151562  5479632 11249091 9381637 3712781 4339202  3804877  6479979  3671521  3046495 4736370 11132462
            1024       8  971534 2528227  2892612  5065980 5479632 2169388 5479632  7020149  3966517  2659742  2490116 5096034 11132462
            1024      16 1321200 3425544  4995276  868010812492426 2480051 6025439  7319232 11645609  3866533  2835325 6393168 13472053
            1024      32 1294520 3066069  5782087 1386342213472053 5472650 6128613  7420395  9923546  5018624  4048778 5983467 13863422
            1024      64 1349004 3541348  5169641 1442204513818817 5330028 5623115  7631350 10354166  5042191  3937426 5885083 14230902
            1024     128 1359680 3506651  6280976 1347205313142265 5507740 5417427  4810640  8183918  2852271  2331932 4943530 12944224
            1024     256  738880 1942715  6393168  824677412071103 5564829 5065980  5593820  9220512  4392454  2382379 3778101  9220512
            1024     512  704346 1744641  5821271  8750850 5991815 2877110 4995276  5564829  4741598  2443368  3506651 5042191  9655828
            1024    1024  499716 3020783  8610501  6317933 6569179 2510493 3778101  4130547  2625597  4282950  3696803 5144870 10906310
            2048       4  881217 2510351  5611381 10555264 9796850 2951050 4762117  5937172  8987113  3799501  2476337 5659442 10401883
            2048       8  932998 2901215  5719737 1271065712257227 3669648 5735012  7556202  8390200  3341339  3663388 6321679 12257227
            2048      16 1335955 3436240  6378005 1256195213280548 5238385 6114678  7733066  7940367  4785996  3835124 6440169 12635867
            2048      32 1079028 4421406  6649556 1330111313748169 5212953 3977179  7643611  6990474  4911886  4038890 4387531  5832361
            2048      64 1237420 3969827  6149699  678078312786337 3690142 6261772  6110328  8531869  5056455  3917325 5251194 11380325
            2048     128 1242072 3362265  6303124  4223576 6132138 4581773 6058611  8221561 10848538  5018054  4086930 4728042 11966935
            2048     256 1205468 3319389  6207471 1218766312786337 4983122 5804771  7262337 10555264  3419824  2828608 5611381 10780463
            2048     512 1488515 3885431  6711905 1205087812416686 5689430 3848872  4312636  5080379  4063729  3080148 5611381 11072275
            2048    1024 1318727 2937929  7999524 1170600610780463 4643695 5489457  4818211  5147354  3525079  3892474 5376082  4948672
            2048    2048  958397 3548378  7036283  5754221 7183386 4319142 5254407  3807923  3777778  3329682  3657149 5187767  5852228
            4096       4  896849 2571526  4911613  4864330 4990078 2730948 5171846  5978090  5877869  3381993  2308872 3853020  6058196
            4096       8 1179384 3737349  5580043  7099689 8607986 3450600 5431844  7289472  5192166  3543113  3124291 6007355  3371374
            4096      16 1291252 2717987  6051794  5726993 6608135 3410188 5411313  7760332  7185807  4429164  4032070 5461198  5520868
            4096      32 1231195 3927001  5802430  6512939 6103394 4540367 5885924  6216019  5271829  3430618  3867766 4958393  5178081
            4096      64 1539165 4023571  4520059  6311938 6649056 3589754 6041154  7050159  4917236  3235498  3119752 3821310  5120972
            4096     128 1339894 3102848  4546375  5044289 5353976 3410865 4248440  7529067  5257310  3590505  3580030 5402804  6905631
            4096     256 1344719 2965725  4375024  4566920 5867831 2826656 4043458  7339297 11907264  3327622  3195181 5649775  6605595
            4096     512 1179384 2377242  5286429  5184332 5211065 3207110 3839243  6930704 11570449  4188367  2830848 4438318  5139356
            4096    1024 1058668 1950306  5640500  6672297 6049663 3740604 3901141  5297841  9920205  3580030  2894765 5353976  6216019
            4096    2048  959029 2045026  4100397  4719996 4136930 2894765 5101205  3775126  4087714  2409246  3419011 3867766  3977000
            4096    4096  982222 2792200  3441614  3871253 4231697 2544108 3611639  2419425  2430721  1423257  2461367 4298399  3187474
            8192       4 1116997 2453424  4870401  4884942 4132853 2226120 4341197  5550123  5097274  2652891  2509877 4548665  4536055
            8192       8 1184499 2697461  5531360  5944791 6085887 2630751 5669170  7167528  5251529  2816186  2946853  859233  1344919
            8192      16 1267708 2736125  4815791  4561346 5291970 2810197 4743326  7269124  5889763  3505449  2919560 6022946  5802240
            8192      32 1277180 2933018  6370221  5880691 6569983 3636025 5557305  7735533  5354648  3303247  3661989 5151535  5268439
            8192      64 1278368 2980079  4589372  5425673 4548063 3289963 6158977  8668371  6429825  3871604  3240626 5085204  5072442
            8192     128 1333074 3089125  5035275  6085887 5736369 3351906 5893805  8411596  5940679  3434666  2971317 5457560  5688881
            8192     256 1277038 2981113  4727012  4461836 5851647 3867682 5657967  7591960  5117011  3619936  3038585 5326425  5716328
            8192     512 1245558 3871168  4654652  4406334 4341197 3544870 5784656  7173514 12263426  3547798  2837582 5133064  5201445
            8192    1024 1052436 1935672  6168929  6272536 6220301 3888253 5210911  6976871 11488455  3545967  2913371 4203126  4536055
            8192    2048 1103756 1996520  5396699  5295233 3253206 2046951 4970447  3631414  6316353  2934020  2237136 4931921  5267631
            8192    4096 1047176 1867295  4005655  3201375 3544870 2111871 4452008  2743554  4490996  2481599  3443271 3782110  3602478
            8192    8192 1152825 2739616  4244664  4469381 4437634 2614736 4104220  2744430  3435010  2431548  2233936 1219044  3620318
           16384       4 1035137 2739376  4838443  4333479 3509711 2104550 3962419  5416182  4299049  2390425  2792588 4724349  5719090
           16384       8 1348238 2674033  4673266  4813364 4138529 2411141 5199401  6298872  4838784  2844960  2965394 5663472  5736276
           16384      16 1230874 3616090  4881752  5215976 5082122 2785005 4921609  7949221  4906849  3328818  3020662 5590219  4803271
           16384      32 1310394 3024517  6423097  6417699 6248471 3503806 6222445  7488387  5925724  3637528  3150130 6355378  4739337
           16384      64 1271057 3033596  2000986  6405137 6326125 3808269 6251313  8765456  6267848  3767348  3293401 5249445  5506895
           16384     128 1265276 3813764  6054683  5936474 6122653 3848794 5333373  7914432  5324694  3248256  3704393 4744900  4528524
           16384     256 1460103 3019467  4534799  5081746 5910943 3876148 5785049  6633278  5870045  3454488  3042461 5382246  5368371
           16384     512 1473124 2841901  4963556  4460622 4632313 3276130 5444935  7311511  5975188  3272230  2844960 5348732  5927769
           16384    1024 1046965 3525738  3525014  4357385 4176509 2966546 4022727  2704127 12180404  3084384  3328656 5035203  5211229
           16384    2048  616750 2264546  2821019  3161143 3506130 2851808 4624209  1620902  4432712  1417311  1894988 4311727  4876209
           16384    4096 1072806 2182207  4452241  2861307 3000744 2221860 2996949  2521001  3552531  2524149  2157204 4394726  4447342
           16384    8192 1016563 1885369  2794860  3293401 3652220 2432650 4367909  2193841  2795883  2291504  3297985 3654745  3677629
           16384   16384 1188881 2724389  3678417  4446191 4280039 2746164 4319587  2822409  3646406  2658002  2193001 3600176  4141522
           32768      64 1203379 2961165  4749788  4634782 5900996 3455427 4825330  7643648  5359538  3104224  2940386 4441853  6053564
           32768     128 1313824 3569490  5524783  6065854 4906290 2942274 4610682  7594233  4663879  2665570  3459776 6046906  6070409
           32768     256 1337529 2924929  5365605  5983722 4761471 2622289 4470459  6378919  5818062  2915807  2482603 5664127  5163615
           32768     512 1316871 3847372  4464361  5415287 5090745 3594979 5847270  6973479  4541663  2597952  3488492 4600959  5847270
           32768    1024 1188755 3667013  5497820  4679919 2912162 1254075 3650261  3619976  5961142  1876099  3004865 5945927  5994945
           32768    2048 1177562 2877410  2798092  2799517 2623140 1486536 4704106  1966987  2843477  1446074  2035294 2775041  2816844
           32768    4096 1280648 2425858  3099744  3436248 3928532 2721789 4355701  1613553  2906742  1596571  1638307 4281079  4332633
           32768    8192 1201307 2663400  4258925  2820660 3140183 2162186 2586268  1291600  2851856  2023219  1884615 4326359  3825420
           32768   16384 1043038 2655219  4276683  4408937 4298620 2517897 3608476  2769673  3742401  2463204  3182281 4126948  4316034
           65536      64 1077450 3519662  5821858  6466984 6207187 3542113 5883415  7111092  4252258  3024132  3277943 4683811  5971867
           65536     128 1294768 3223625  6281659  6184424 6009730 3642320 5906804  7154588  5213247  3180139  3341094 4619113  5686367
           65536     256 1294738 2977163  5849983  5864461 5857089 3840374 5366528  6486058  4692126  3281074  2241763 5498019  4087597
           65536     512 1346920 3674356  5270322  5263560 5301834 3615396 5873985  3924819  4589344  2983367  1939162 4216707  4557462
           65536    1024 1184161 3266181  5283897  5876623 5809430 3759949 5384082  2418405  3220603  1497900  1536061 3535825  5901985
           65536    2048 1151616 1845452  4803978  5285625 5169714 2844560 5167965  3168263  2827385  1443490  1413422 2970535  3087828
           65536    4096 1008571 2055779  3984441  4208572 3264900 2261982 3775546  2319863  2760461  1475436  1605878 2953396  3029030
           65536    8192 1083921 2656394  1708135  3519121 3196261 2353531 4011246  2755121  4078197  2061406  2062567 4070588  4157081
           65536   16384 1218458 2105298  4158654  4084743 4208057 2656625 3860709  2842207  3959133  2244601  2378375 4234114  4091187
          131072      64 1177497 1207180  5927618  6301879 5909458 2992637 2254032  8423594  6104612  2932722    43830 5752822  4918643
          131072     128 1300446 2020909  4331384  4511453 5661352 2711471  595008  8231626  5557871  2878622  2663470 5629294  4653709
          131072     256 1264711 1001382  5008488  4587269 4328656 2647909 3464124  7269709  5619397  2775131  2697343 4969193  5739728
          131072     512 1327663 3247251  4774597  5050544 5732665 3084637 1982182  6617440  5446804  2691532  2331362 5029842  4316522
          131072    1024 1296242 3078108  5541680  5478940 5891915 3251361 2058873  6797279  5783992  2486898  2607197 1334161  5616010
          131072    2048 1062938 2441820  4824162  3907712 4646786 2394794 4548443  2933113  3552569  1558526  1401391 1766659  3337885
          131072    4096 1129999 2320312  3856181  4143415 4038972 2217572 3884189  2790358  3882351  1764023  1818295 2959466  3998404
          131072    8192  934272 1871892  4004870  4042298 3929611 2356010 3938592  2812340  4020745  1833767  1812390 3670966  4119446
          131072   16384 1158075 2326114  4010538  4071818 3970450 2316372 4189324  2851862  4010011  2037213  2006885 3623279  4044290
          262144      64  122824  112207  5649884  6205310 5880439   74965 5315378  7539587  5904946   116489   109832  700163  6282822
          262144     128  116341  102654  5032716  5272405 5555788   82209 4917825  8161409  5683205   104579   114214 4543064  5789255
          262144     256  110294  109935  5174883  5485686 5460757   90224 5123807  7669969  5534673    99017   110663 3255113  5473534
          262144     512  103664   94356  4892201  5541340 5434952   97302 5053092  4926771  5049287    76536    91290 4546464  4442295
          262144    1024   71844  102854  4941740  5601356 5389900   74377 4905012  6541838  5424709   116130   105246 2986279  3394635
          262144    2048  114096   76010  4345950  4746070 4705165   81989 4073097  2209497  4676886    81532    86517 3741008  4594492
          262144    4096   93567  101792  3698363  3956418 4050798  118583 3774462  2713678  4044362   112835    99805 2599706  4148242
          262144    8192  112251  104802  3771692  3994087 3911839  122984 3846520  2704327  3997180   114410   117467 3749581  4100103
          262144   16384  110068  106767  3900197  3996759 3995422  123946 3582967  2768854  3988929   145207   164307 3663319  4006969
          524288      64   53666   66386  5645689  6034478 5536245    7560 1895185  7618255  5865770    72607    71290 5797907  6321360
          524288     128   70494   42819  5545333  5893327 5606823   15598 5203596  7854950  5650273    68063    66155 4181624  4348561
          524288     256   40585   65605  5239477  5456338 5293496   23840 4094338  7530700  5532498    38861    72126 4114770  5692662
          524288     512   73060   50193  5296262  4375601 5176671   31458 5244562  7089854  5589252    66467    51584 1297107  5475658
          524288    1024   72331   66044  4918834  5591270 5561265   49989 4524173  6703239  5640592    71630    42125 4021226  5577118
          524288    2048   74361   66384  4766292  5082181 4989368   58471 4171739  3420124  4809627    75191    73797 2632656  3866830
          524288    4096   44735   34993  3884762  4219010 4183453   61202 3872973  2677315  3993817    75994    69010 2716517  3532318
          524288    8192   71280   61116  3246002  3507433 3731080   62426 3874372  2575545  4076600    72308    38193 2155639  3998996
          524288   16384   45930   71523  3728372  3662689 3550426   82702 3500688  2662456  3962605    84115    83718 3858972  3957014

iozone test complete.
