	Iozone: Performance Test of File I/O
	        Version $Revision: 3.420 $
		Compiled for 64 bit mode.
		Build: linux-AMD64 

	Contributors:William Norcott, Don Capps, Isom Crawford, Kirby Collins
	             Al Slater, Scott Rhine, Mike Wisner, Ken Goss
	             Steve Landherr, Brad Smith, Mark Kelly, Dr. Alain CYR,
	             Randy Dunlap, Mark Montague, Dan Million, Gavin Brebner,
	             Jean-Marc Zucconi, Jeff Blomberg, Benny Halevy, Dave Boone,
	             Erik Habbinga, Kris Strecker, Walter Wong, Joshua Root,
	             Fabrice Bacchella, Zhenghua Xue, Qin Li, Darren Sawyer,
	             Vangel Bojaxhi, Ben England, Vikentsi Lapa.

	Run began: Sun Oct  6 11:54:37 2013

	Auto Mode
	Command line used: iozone -a
	Output is in Kbytes/sec
	Time Resolution = 0.000001 seconds.
	Processor cache size set to 1024 Kbytes.
	Processor cache line size set to 32 bytes.
	File stride size set to 17 * record size.
                                                            random  random    bkwd   record   stride                                   
              KB  reclen   write rewrite    read    reread    read   write    read  rewrite     read   fwrite frewrite   fread  freread
              64       4  524487 1279447  4988978 12902017 9318832 4274062 2537060  4897948 10821524  3363612  2467108 4564786 12310336
              64       8  743988 1452528  6421025 1597288510821524 4897948 3203069  5735102  5735102  2467108  1734015 3588436  6421025
              64      16 1033216  202469  7100397 2096219116983463 5389653 1947927  1232453 10821524  4274062  3363612 5389653 12902017
              64      32  855419 3791156  7940539 2096219115972885 5860307 4897948  4274062  9006179  4643754   292156 4897948 12902017
              64      64  704914 3203069  3738358 2096219115972885 5735102 4988978  2467108  5860307  1679761  3541098 5860307 12902017
             128       4  723735 2132084  3785961 10779307 9129573 4267461 4267461  5122535  8548124  4012317  1997245 5545860  9977956
             128       8  992724 2727923  6406138 1147020411470204 5074121 5122535  3124872 12842051  2326073  2202044 5545860 12842051
             128      16  983630 3657016  6406138 1801235914200794 5325799 5545860  6406138 12842051  5122535   581781 2211113  5325799
             128      32  934004 2211113  4934216 1588107815881078 6114306 3359523  6727225  4444086  5122535  2175277 5325799 10779307
             128      64  953918 2558895  5325799 1588107814200794 6406138 4104338  6727225  4135958  4267461  7082197 5545860 11470204
             128     128  985435 2238774 12842051 1801235914200794 6045455 4557257  6114306  5784891  5122535  2905056 5847904 11470204
             256       4  980760 2223962  4652146 1281227710245071 4734192 5320671  5687020  3935921  4132864  3207059 5810112 10245071
             256       8 1093639 2819657  5242734 1516462412812277 5569035 5938650  6936061  6891544  4840911  2911402 6398720 15164624
             256      16 1080434 2639446  5428265 1607260814164395 5938650 6398720  7120034  5242734  5117791  3245838 6554972 15164624
             256      32 1090308 2783115  6249745 1516462413454450 6249745 6249745  7314033  5242734  5455847  4840911 6398720 14164395
             256      64 1093639 3017775  6213578 1516462413454450 6398720 6073004  7518900  5938650  5687020  4929815 5569035 13625180
             256     128 1132871 3009318  7518900 1495343512812277 6107548 4652146  6761355  6107548  4755158  6073004 6107548 13454450
             256     256 1272498 3368013 12228612 1345445012812277 5938650 5117791  5938650  5687020  5971678  4264168 5687020 12812277
             512       4 1066380 2736325  5509113 11620224 9145790 4340054 5177083  5509113  6035551  4038098  3487274 5760329 11138071
             512       8 1174254 3201349  6395018 1378308812215097 5453155 5384786  7211022  9468384  4871723  4030519 6319739 13522711
             512      16 1336492 3877684  6174377 1387212212499490 5886650 4580754  7410080  6491676  5177083  4296637 6174377 13109944
             512      32 1254513 3580298  6156675 1424006913109944 6319739 6319739  7758090  9145790  5509113  4163357 6652558 13783088
             512      64 1279935 3628697  6395018 1424006913872122 6571132 6491676  7758090  7758090  5684095  4784885 6652558 14240069
             512     128 1248678 2830083  6736026 1378308813190469 6395018 5067142  4650188  2722449  5566231  5227492 5624545 13522711
             512     256 1333173 3795443  8018812 1279744112499490 5951911 5822804  6472112  7513788  4610256  6909408 5951911 12797441
             512     512 1391032 4305250 12797441 1085653013109944 5822804 5624545  5684095  5509113  5278892  4784885 5951911 13109944
            1024       4 1121458 2916180  5593820 12071103 9064828 3130886 5303701  5660167  6650556  3999762  3447541 5782087 11368190
            1024       8 1225101 2958362  5782087 12944224 4720752 2993413 5536137  7054742 11773301  4943530  3955557 6280976 13305116
            1024      16 1177088 4130547  6402699  7485055 6128613 3133170 6059442  6819511  8262639  4848656  2827858 6364746 12944224
            1024      32  958953 4095102  6280976 14422045 5251818 5751117 6280976  6137371 12208350  3142339  4594502 6355328 14422045
            1024      64 1418039 4282950  6393168 1482016114230902 6402699 5917516  7208671 10662628  5200941  4048778 6280976 13863422
            1024     128 1432225 3894582  6441107  472075212944224 6244448 3529706  7306780  9402175  5065980  2758833 5917516 12828238
            1024     256 1367037 3314514  6519323 1234875411489839 5444898 5507740  6529233  9855234  2767722  4920874 4832290 12944224
            1024     512 1238168 2565989  7869040 1310217412944224 5782087 3808251  4741598  8183918  4943530  3529706 5720477 12828238
            1024    1024 1340582 2681328 11936907 1177330112208350 4949226 5529011  5194651  5925680  2592318  4356809 5417427 11520658
            2048       4  959254 2684517  5689430  6024617 7817519 2531808 5172149  5611381  6802261  3764533  3489282 5507054  8866519
            2048       8 1370703 3786104  6132138 11642543 9149853 3307884 5836323  7231767  8431376  4213218  3723735 4293237  6629029
            2048      16 1188621 3696494  6132138 11502234 6649556 3089009 5970183  6479029  8713618  4886737  3843705 6420913 12327589
            2048      32 1426234 2880782  6483920 1330111313836752 5674397 4423683  6823876  7556202  4697018  3225896 4720248 10192069
            2048      64 1420104 2984890  5816563 1124623012488897 3065856 5389574  7817519  7782107  3723735  3319389 6207471 12488897
            2048     128 1427182 4240255  4248644  5345969 8949659 4451191 3915540  5172149 10339282  3297725  2449504 4490751 10889797
            2048     256 1369829 2575842  3764533  938990012050878 5461535 3792790  5535444 11129659  3878414  3960675 4968710  8565901
            2048     512 1262704 3637020  6132138  9101380 9189005 3618634 5578583  6401772  9621281  2602375  4569586 5789123 11072275
            2048    1024 1503627 3287628  7237860  5904523 6261772 4796687 3806235  5804771  5478953  4581773  4751580 5611381  9472740
            2048    2048  923370 2488533  6917293  7726111 4909079 4001263 5184636  4086930  4170264  3145567  2981782 5006356  5389574
            4096       4 1137151 2645985  5565581  5184332 6661947 3067940 5291314  4761860  6186918  3354915  2295912 5204750  5278308
            4096       8 1383263 3141429  5038371  5696610 6967243 2788122 5389246  5093643  5306022  3504089  3260676 4442909  7012747
            4096      16 1428702 3248345  6379914  7687410 9461292 3775126 4586428  7173805  6542703  3003050  3693161 5926533  5454263
            4096      32 1284014 2803592  5482110  7225093 9891647 4713521 4696769  7845385  5263753  3240992  3219732 5527974  6361016
            4096      64 1193808 3279348  6281934  7877762 6408472 4047268 6112079  7568872  8142867  4137927  3335375 4893426  6120790
            4096     128 1504260 4008550  6096896  6510471 9183139 4952675 5627567  8017464  7339297  4266376  3040789 5291314  5769304
            4096     256 1367627 3052133  4977067  6015769 8292220 4140919 5689064  6293440 12450933  4132949  2838331 4935601  4019805
            4096     512 1461767 3217321  5198450  5513780 4971306 4447510 4456740  5299475 10895362  3360164  3360164 5075585  4735608
            4096    1024 1189345 2820623  5689064  5572803 5696610 3061379 4796426  5482110  5642353  2723157  3627654 4664886  4975625
            4096    2048 1289314 3005151  4566920  4342950 4536770 2422154 3310948  2952980  4644707  2518744  2866748 3436107  4644707
            4096    4096 1122221 2129963  4104315  3548968 4602401 2756362 4209920  2996241  3640724  2979096  2519114 3410188  3245890
            8192       4 1078602 2480166  5817959  4743981 4830687 2660698 4633311  6098850  5267631  2439489  2515205 5406890  5421393
            8192       8 1156394 3123099  6150158  6301295 6091282 3042083 4902367  6001904  5389081  2928768  2769426 5382328  5378116
            8192      16 1381195 3059963  5364680  5576245 5403489 2809278 5004472  7870194  6301295  3397982  3023079 5527801  5724900
            8192      32 1204134 3090236  6144658  6611703 6085887 3808521 4498640  7699133  4891201  3605502  3254747 5364680  6014511
            8192      64 1462564 3067065  5333039  5393311 5821902 3670204 6277120  8496881  6698058  3762644  3354524 5357988  5673850
            8192     128 1270051 3130498  5847664  6224809 5863631 3992159 4392252  6884607  5351312  3710232  3657312 4719221  5372229
            8192     256 1275237 3230268  4784941  4447398 4788276 3953573 5207752  6292063  5378957  3331431  3573999 4218089  4965419
            8192     512 1309051 3731993  5638469  5669170 5162371 3443271 4847041  6450345  8183217  2740709  3084410 4224832  4762392
            8192    1024 1210753 3563251  4847725  5364680 5016162 3647218 3899284  4354953 10088578  2788304  2062433 4748571  4423351
            8192    2048 1108850 2388945  5129999  5621863 4979812 3330140 4673646  4268923  4102260  2283220  2177036 3655755  3571028
            8192    4096 1256260 2648597  3435010  4246763 3379600 2492218 3031882  2483033  3801358  2009834  2834539 4409161  3198692
            8192    8192 1110463 2274906  3036169  4309076 4133350 2614736 3569544  2573607  4273702  2705319  2908193 3424738  3699844
           16384       4 1047380 2867396  5756940  5862033 4760019 2523685 4661221  5677040  4125857  2370715  2241280 5557667  5609384
           16384       8 1159513 3290562  5534838  5607095 4921257 2578610 5147601  5826743  4718834  2705938  2873872 5568926  5567122
           16384      16 1236611 3374754  4621721  5013529 4868954 2902396 4743590  6603955  6090637  3026249  3293243 5678917  5586129
           16384      32 1361568 2977343  5468768  5264728 5425162 3009022 6243929  7564220  5783101  3260431  3099408 5531274  5951384
           16384      64 1238393 3791669  5744908  5663005 5716711 3330108 6196634  8480948  6480642  3730333  3015095 4508322  5340419
           16384     128 1272563 3589083  6143453  5990815 6134130 3332046 5129541  7599353  5443210  3114297  3570992 4879325  4772581
           16384     256 1333664 3816305  4927608  5256271 5188017 3310696 5862033  7043957  5955510  3063074  3233430 4905448  4739337
           16384     512 1464958 3468262  6021260  6083627 6058953 3766522 5904340  7294437  6001802  3150130  3087710 4926195  4270994
           16384    1024 1450426 2310534  5126480  6070729 6159422 3789160 5855539  6501489 11984967  2510134  2774100 4541092  5795783
           16384    2048 1091239 3053818  5384355  5498083 5256271 3144796 3721243  2906570  3277380  2054897  2386274 2852874  3195689
           16384    4096 1234212 2721153  3444273  3688486 3537899 2414360 3108380  2430929  4448494  2467857  2361185 2570797  3431203
           16384    8192 1281104 2358430  4290996  4423296 4434142 2480506 3867857  2772757  3611149  2561120  3245035 3390071  3849441
           16384   16384 1217678 2220926  3602441  3987481 4086843 2480954 4437864  2340517  4282172  2112443  2602733 3564139  3190051
           32768      64 1267222 3452476  5564373  4791350 4933411 3068737 5730489  7461071  5500681  3054958  3309564 4952075  5573851
           32768     128 1313611 2992825  4759328  5131228 4680397 2612867 5061498  8167372  6136268  3140183  3542076 5704800  5760754
           32768     256 1415148 3157425  4604967  5969687 5777220 3509873 5374418  6979499  5869244  3318274  3176104 4620292  4990556
           32768     512 1306692 3635969  5999132  5529450 5243598 3464573 4678485  5938220  4960297  2801628  3487872 5863985  6019099
           32768    1024 1278646 3495946  3897672  4085240 4466682 3663299 5924397  6935124  5585177  2916302  3160765 5112142  5160319
           32768    2048 1023290 2045928  4477742  5432411 5143325 3115978 3812368  3127037  7476088  2210916  1727448 2894438  2841244
           32768    4096 1111535 2601640  4341255  4435259 3336560 2312976 3430844  1408159  2755457  1797297  1829280 2272401  4057501
           32768    8192 1153322 2001592  4271632  2827973 3342321 2406952 2895475  2575701  3030974  2390250  2105640 3681847  3792172
           32768   16384 1169326 2602083  4098519  4132656 2956388 2268950 4384884  2643015  3720216  2289550  2649895 3160184  3898667
           65536      64 1245742 3611169  6442882  5869721 5596640 3169797 4696535  7678409  5064651  2646955  3454724 6049674  6489427
           65536     128 1344851 3185556  4907587  5692373 5314340 2746230 4488476  7597550  5761455  3310712  2967552 4893259  4987098
           65536     256 1139381 2606544  5232002  5028057 4832694 3473583 4943153  6354705  3979308  2676335  2785327 4457035  4866059
           65536     512 1230606 3118091  5831120  4712154 3869404 2030810 4112180  6754121  4168429  2439092  3056990 4291225  5968625
           65536    1024 1229335 2206812  4303115  5971348 4735208 2320843 3764481  6974860  5507272  2933820  2853715 4982578  5831615
           65536    2048 1184048 2589332  3813363  4310741 5135235 2804281 4695572  2293787  4626654  2089741  2127244 3157454  3153072
           65536    4096 1069331 2063093  3064147  3613590 3950541 2445276 3968736  2776353  3838336  1428539  2020792 3125359  3407487
           65536    8192 1131493 2213832  3617204  3199200 3333962 2176909 3095548  2865346  3348624  1940778  1826992 4086807  3417272
           65536   16384 1036075 1946881  3649622  3638655 4054437 1754560 3293457  2420364  3225705  2232695  2284598 4292632  4355756
          131072      64 1198833 2178546  5778642  5061238 5223839 2732265  582382  8451955  5645770  2282841  2855031 5846736  6033793
          131072     128 1293005 2425017  5294115  5822092 5603474 2940015  714288  8010686  5869771  2835330  2599246 5888507  5888003
          131072     256 1277890 3092793  5591278  5505882 5604445 3107601 4934359  6721979  5364790  2712354  2275669 5392998  5565185
          131072     512 1302433 2971961  5408597  5730932 5484187 2913558 5462499  6418121  5609020  2601313  2739740 3210181  5575627
          131072    1024 1242282 3016760  5209286  5530920 5370030 2989431 4928830  6274690  5575684  2330542  2221066 5505607  5726157
          131072    2048 1138093 2427705  4570793  4953968 4689836 2438268 4907228  3664603  4796593  1767613  1845277 4741571  4777875
          131072    4096 1142010 2278083  4024955  3878681 4023570 2295366 3988193  2753200  4040307  1836051  1758246 3922769  4069558
          131072    8192 1080491 2217760  4272775  4219840 4116608 2336604 3956278  2695240  4024071  1890606  1849754 4016545  4028022
          131072   16384 1119125 1653257  4052817  2737339 2563109 1460249 3806914  2132772  2700563  1585906  1980061 2928722  3509390
          262144      64  116206  112795  4405186  4585429 5789255   61340 4499854  8430169  5576470    82921   127486 5445126  5949036
          262144     128  122580  108750  4971818  5416665 5082571   68590 5090571  7257751  5346264   118876   111319 5292097  5786086
          262144     256   91207  111230  5170089  5380852 5486480   62934 5044237  7063600  5246116   104509    88564 5050934  5822056
          262144     512   99898   98937  4895490  5534199 5452931  107335 4117869  6704428  5143100    91706    88653 5023748  4479633
          262144    1024   69363  103434  3957600  5265739 5156874   81835 3661635  5839557  4982023    79492    93817 3026158  4146459
          262144    2048  118587  114094  3419838  3546127 3451301   77490 4411354  3601180  4970402    91781   132080 4590157  4899330
          262144    4096  114892   94250  3735517  3987699 3780341  124461 3156080  2534600  3827812   106787    70382 2607623  2318608
          262144    8192   78535  120962  3464438  3431065 3932672   96114  822990  2347403  3607028    84493   108048 4051560  3958925
          262144   16384  118791   81117  2778391  3641553 3921913   88286  948244  2560923  4040943    96817   114488 3790990  3419615
          524288      64   24166   85469  5807292  5445838 5736695   22143 3098281  7473371  5695375    74798    71825 4953549  6071382
          524288     128   73942   50997  4859969  5031205 5138567   41220 5450036   845483  5539592    80319    74579 4177556  5869966
          524288     256   80783   65488  5235909  4969838 5341599   36521 5140080  7014544  5372686    84545    74285 5003843  5597604
          524288     512   35350   42956  5251388  5536830 5473477   56485 5160417  6163306  5548790    64173    78743 5356327  5485684
          524288    1024   75823   49679  5416369  5649344 5502540   57030 4304570  3635339  4388157    48901    40851 4258076  5566220
          524288    2048   81253   37430  3146497  3163794 4006420   31693 4416651  3646564  4900845    69354    78448  201241  4722503
          524288    4096   80063   74918  3703488  3983739 3960692   53112 3442127  2764137  4017810    76672    62134 3801691  3909153
          524288    8192   66984   48193  3939526  4056603 3941157   57833 3562926  2692245  4044554    80332    68531 3797070  3840908
          524288   16384   74712   41973  3936839  3869341 4029176   35603 3911782  1938690  2862771    45553    74848 3972663  4064153

iozone test complete.
