	Iozone: Performance Test of File I/O
	        Version $Revision: 3.420 $
		Compiled for 64 bit mode.
		Build: linux-AMD64 

	Contributors:William Norcott, Don Capps, Isom Crawford, Kirby Collins
	             Al Slater, Scott Rhine, Mike Wisner, Ken Goss
	             Steve Landherr, Brad Smith, Mark Kelly, Dr. Alain CYR,
	             Randy Dunlap, Mark Montague, Dan Million, Gavin Brebner,
	             Jean-Marc Zucconi, Jeff Blomberg, Benny Halevy, Dave Boone,
	             Erik Habbinga, Kris Strecker, Walter Wong, Joshua Root,
	             Fabrice Bacchella, Zhenghua Xue, Qin Li, Darren Sawyer,
	             Vangel Bojaxhi, Ben England, Vikentsi Lapa.

	Run began: Fri Oct  4 15:11:11 2013

	Auto Mode
	Command line used: iozone -a
	Output is in Kbytes/sec
	Time Resolution = 0.000001 seconds.
	Processor cache size set to 1024 Kbytes.
	Processor cache line size set to 32 bytes.
	File stride size set to 17 * record size.
                                                            random  random    bkwd   record   stride                                   
              KB  reclen   write rewrite    read    reread    read   write    read  rewrite     read   fwrite frewrite   fread  freread
              64       4  500060 1638743  4564786 12902017 9318832 3958892 3791156  3738358  9318832  2561267  2278628 4018152 10821524
              64       8  688639 1599680  5283570 2096219115972885 5283570 2892445  5389653  5283570  2892445  2662899 6421025 20962191
              64      16  666414 2923952  6421025 2096219115972885 4564786 2467108  4274062 10821524  3738358  3406295 5735102 10821524
              64      32  213415 2923952  7100397 1290201710402178 4274062 4274062  4564786  7100397  3738358  4897948 5389653 12902017
              64      64  743988 3363612 10821524 3048429715972885 6271021 3203069  5860307  3363612  4564786  3791156 3363612 15972885
             128       4  719853 1802755  3657016  9129573 8548124 4407601 3536566  5325799  3124872  4012317  2511022 1727352  5545860
             128       8 1085013 2511022  2367096 10779307 9977956 4717434 3359523  6406138 14200794  3895854  3982553 6114306  8036304
             128      16  847059 2248149  4759253 1056714012542043 5603747 3297617  6812590  5122535  3982553  3468030 3759450 10567140
             128      32  883293 3277486  7476717 1420079410567140 4717434 5325799  6406138  8414153  3759450  4557257 3759450  8548124
             128      64  609522 3036502  8548124 1588107814200794 5545860 4267461  6114306  1911894  4012317  5122535 6114306 15881078
             128     128 1000121 3380677 12842051 1588107812842051 5603747 5325799  5847904  5325799  4934216  3468030 4934216 16365173
             256       4 1007446 2754556  5320671 11695808 8815202 4422226 5117791  5142301  7120034  3823789  3410808 5242734 11091721
             256       8  699139 3368013  6249745 1495343512812277 5455847 4422226  6249745 10245071  4652146  2975955 5938650 14164395
             256      16 1066483 2975955  5569035 1435374412812277 5810112 2880164  6554972  9868433  4652146  3465855 4929815 13454450
             256      32 1168627 4009406  6073004 1516462414353744 1226004 4734192   911645 12812277  4422226  2872459 5687020 14164395
             256      64 1123389 2754556  6107548 1516462413454450 6107548 2911402  3410808  7518900  4404088  4132864 5455847 12228612
             256     128 1137672 3159869  7735574  7735574 7735574 3823789 4929815  2148318  6107548  4264168  4572895 5569035 13454450
             256     256 1300235 3994490 12812277 1345445012812277 5938650 3557725  3169196  5347168  5117791  4332998 1686137 12812277
             512       4  978885 2708713  5566231 11620224 9859630 3905895 4660280  5214798  7988981  1772135  1842059 3822466  9468384
             512       8  775599 2651850  6246213 1352271112146009 5067142 5439343  6551087  7309196  2178404  1924603 2152206 11138071
             512      16 1201856 1821745  6035551 1279744112215097 5699180 5951911  7334159  7647578  4610256  1580419 6319739 10911694
             512      32 1150968 3710197  5509113 1221509712427157 5509113 2609952  7309196 13872122  1889050  4262523 5278892 12215097
             512      64 1286838 3710197  6909408 1424006914240069 5439343 5822804  7022379  8528336  4195896  4650188 5227492 13872122
             512     128 1325766 3822466  2413429 1310994413109944 2782414 5624545  2416145 10856530  2942541  4927617 2497638 11620224
             512     256 1221684 1834193  7871843 1279744111374040 5384786 5453155  5822804  7871843  4091959  5951911 5509113 11138071
             512     512  958781 2815243  2875558 1310994412797441 5439343 5331314  5019764  2256220  4827914  4610256 3736016  8992598
            1024       4 1121458 2859868  5885083 12037272 9855234 4110780 5277632  5720477  7644933  4014717  3594699 5885083 11520658
            1024       8 1257748 2559871  5336651  992354612208350 4048778 5853003  7008693  7369466  3791442  2829721 5950309 13686709
            1024      16 1175799 3366474  3970183 1381881713305116 5417427 5417427  7160597  8895850  3083680  4195100 6244448 13818817
            1024      32 1312720 2884840  6650556 1381881713305116 5630486 6317933  7319232  8988941  5042191  3794792 6016997 13305116
            1024      64 1397280 3751699  6559147 1404475813643232 3271594 6244448  7524394 10134284  4474829  3984917 5042191 12037272
            1024     128 1416169 3696803  6650556 1347205312983353 5390231 5601115  7369466 10134284  3066069  4374559 3142339 13643232
            1024     256 1314327 3570790  6479979  859327412639479 5853003 5593820  6692005 10329265  2753527  4810640 3722435  7577494
            1024     512 1324868 3379719  7577494 1298335311018226 4762630 5444898  3684119  4232305  4199201  4079544 5720477 12639479
            1024    1024 1062110 1821595  4762630 1066262812492426 4876180 5444898  4741598  3643490  5660167  4317393 5991815 12313351
            2048       4  442123 2872113  5492967 10240672 9024882 3386122 5319484  3425279  3922692  2515497  1867050 4367454  8128206
            2048       8 1268859 4023754  6420913 12345306 7664071 4686767 4785996  7393606  9101380  4875642  3459769 4676561  6440169
            2048      16 1327285 3626272  6483920 1241668612882215 5172149 6225466  7643611  8059569  3169944  3099039 5640860  9567698
            2048      32 1084751 4040790  6523312 1374816913836752 4180412 5492967  3346546  6041567  4581773  2540795 4490751 12488897
            2048      64 1277540 3271351  5769681  988706011626784 4633675 5430461  6738230  8159088  3953383  3885431 5131978 10452512
            2048     128 1315496 3657149  5986827  822156111983630 5362657 5689430  6114678 10945301  4897882  2880782 5611381 11320334
            2048     256 1332432 2824887  6024617 1225722712805399 5517666 3579429  6280083 10607402  2984890  3850597 5403134 11072275
            2048     512  964640 3960675  3878414  4751580 5670651 5147354 5868220  6711905 10289741  3975338  2589040 5503525 10452512
            2048    1024 1306293 4014352  6711905  8464610 9149853 5135046 5293261  5785224  7940367  2872113  3136379 5403134  6563185
            2048    2048  765604 2659582  4853603  5135046 4818211 2910060 2639154  1062216  2852087  1503627  2573527 4046500  5172149
            4096       4  494515 1544007  3303309  3419011 3366089 1737129 4851966  5431844  4481152  3075079  2872020 1743652  4922872
            4096       8 1186552 2769693  6032669  6552685 7910408 2669834 4946971  7326777  5885924  3637640  2950952 5056165  7085049
            4096      16 1258708 2907010  6186918  4681411 4516494 1648296 4214051  6595451  7123239  4059701  2978579 6160296  6370451
            4096      32 1422668 3126565  5544029  5572803 7099689 3404782 5319164  6758923  5988509  3656998  3656998 6379914  8047509
            4096      64 1224875 3129412  6293440  7877762 9348033 3524939 5490871  8552280  8276241  4501111  2792200 5625724  7656576
            4096     128 1366648 3568133  3778448  3240380 3253266 1981574 4196552  7222056  4768469  3146031  3185110 5978090  5761565
            4096     256 1258800 3237937  4028288  4541567 4746074 4394046 3915366  7173805 11222762  3082251  3131124 4015108  5640500
            4096     512 1131460 2936325  5291314  6815229 8443002 4649735 5689064  6883496 11570449  4059701  2740095 5007531  5238075
            4096    1024  318040 1428108  2788575  5044289 5001700 2730948 4571782  4623457  7742845  2866270  2905044 4531983  5026578
            4096    2048  323307 2406546  3750403  5081590 5483860 3287506 5211065  4171080  5238075  3005151  3185110 3901141  3032202
            4096    4096  904784 2652931  4280194  4703198 4592558 2635432 3867766  2512850  4154939  2615770  2177476 4052041  3853020
            8192       4  992144 2477126  4359373  4664763 4964702 2646965 3663942  4673010  3563251  2312104  2513549 5142283  4751854
            8192       8 1266167 2730689  5505657  5299316 5357988 2989673 5681356  6621897  4423351  2663379  2948876 4601664  5378957
            8192      16 1235970 3291539  5421393  5287898 6010303 3268991 3986138  6665573  2807442  1682090  1968722 5970616  5688881
            8192      32 1256260 1817609  5838720  6569983 5992483 3775046 5097274  7013901  5148447  3319202  3123099 5509188  5337181
            8192      64 1253373 3027341  6001904  6548696 6370221 3988451 5936574  6485654  5053790  2765637  2764746 4667297  4574098
            8192     128 1217057 3737270  5425673  5302587 5201445 3337904 4721816  8064141  4976927  3624901  3248286 4357715  5053790
            8192     256 1320218 3619936  5817959  5487193 5610847 4271046 5309142  5793435  5227560  3049913  2989673 4793620  4659702
            8192     512  682895 3561773  4154339  4715983 3529576 2887420 4751197  6150158 11070196  2803547  3523423 4491583  4289173
            8192    1024  822400 3181219  4318825  6301295 3820802 3822503 5461029  5868638  8175428  1653277  2863357 3984751  3966810
            8192    2048 1087615 2405166  5210911  5697371 5281396 1996057 3523423  2693021  5901904  2396109  2565536 3420306  3342450
            8192    4096 1028371 1944875  3274287  4184187 4139824 2648393 1002829  2885480  3447763  2178830  3316319 3230268  3340825
            8192    8192 1011121 2046464  3676880  3665505 2721605 2414461 3683582  2377868  3593060  2650231  2016202 3604367  3703433
           16384       4  737358 1207367  5514407  4652070 4387710 2343230 4599449  5521940  4548607  2269856  2220639 4527330  4900900
           16384       8 1226721 3222664  5375510  6127020 4861720 2753646 5291891  7268974  5271594  3077339  2537009 5984033  5953446
           16384      16 1225343 3455183  5639767  5689260 5430306 2856906 5760801  7317740  5876570  2856312  2720183 3160997  5607095
           16384      32 1146685 2973992  4434142  5841105 5197828 3351220 4657114  7278213  5268360  2961177  2968597 1625080  4905448
           16384      64 1315864 3357442  5461379  5455742 6189936 3642541 5634219  8258752  5450550  3283487  3004024 3299885  3405527
           16384     128 1374834 2258294  2335188  3060618 5765150 3507562 4615203  7861915  6088478  1245644  2864289 5027099  4191283
           16384     256 1249813 2956336  5923170  5984033 5953446 3457965 5407233  7099261  4876209  3040845  3357442 4708166  4300395
           16384     512 1104853 3628692  5944691  5342079 5724807 3920374 5897753  7186120  5675165  3381729  3188127 5327997  5442779
           16384    1024 1108972 2557974  4344987  5139132 5688789 3254717 5799696  6420097 10771405  2114588  2966034 4766953  4936458
           16384    2048 1071050 2959010  3596220  3273477 3732156 2108360 4039516  4468162  4970737  1765895  2101846 3776043  2989258
           16384    4096  813625 2369979  2911126  3501485 3477036 2716635 3153744  3023985  4461780  2414784  2577643 2482029  1861014
           16384    8192 1052884 1941019  3681964  3289302 3041383 2495278 3556208  2818011  3107115  2204185  2526840 2788395  2582681
           16384   16384  718591 1724981  3082032  2805013 3996060 2572818 4384071  2455687  4390233  2771750  2169462 4337582  4451952
           32768      64 1305029 2647700  5017337  5359538 5482250 2908834 2761770  5641806  4584231  2099015  3159021 5898969  4842331
           32768     128 1384429 3048183  4723019  4855332 4954218 3087835 5347235  7926667  5884069  2663452  2814364 5267312  5843044
           32768     256 1102892 3240811  5362256  5389381 5475916 3224842 4432255  5658530  4461897  2628810  3383711 3870123  2537609
           32768     512 1290024 2184837  3812897  4087792 3727480 3039420 2720711  6465644  4510956  1712383  3262505 4248918  4544216
           32768    1024  991438 3363918  5639954  5690864 5838824 3728694 3979146  5857487  1890603  1383955  3040563 4690460  3603651
           32768    2048  668218 2489213  3001846  3214133 3283001 2564838 3024837  3051025  3513283  1996214  2235513 2084467  4473370
           32768    4096  840961 1822778  2979718  2727027 2941204 2156486 2654347  2825066  2778576  1236664  1721735 4218920  3485926
           32768    8192 1046461 2409738  3520031  3413292 3693423 1302951 3091308  2661286  2768278  1536595  2487861 1992798  1982336
           32768   16384 1051401 2025097  3133311  2522935 3125260 2300164 3137746  1280207  2774873  1871068  3336236 3580742  3258252
           65536      64 1133508 2267449  4057489  2412420 3056277 3033108 5809922  8112847  5437226  3109485  2921938 5232400  4876245
           65536     128  583512 2589235  4309592  4304463 4434458 2810158 3415319  7265788  5182776  2923119  3475208 4364956  4472191
           65536     256 1174923 3491319  4040907  4770131 5192566 3577285 4456096  5877628  3301725  2896384  3136736 4961085  3423486
           65536     512  789153 3325009  5080283  4419201 4431670 2969315 4457324  5506279  4770131  2446277  3166146 4717491  5942174
           65536    1024 1002476 2910368  3937751  4059467 4321245 2165760 5900464  1926455  2388066  1072146  2176047 3850973  5886061
           65536    2048  802184 2224726  4679823  3104779 2632808 1097409 2902409  2749801  2958322  1559150  2070521 3893961  2379322
           65536    4096  838099 1915247  4117354  3486139 3381456 1841101 3885924  2777784  2629232  1712818  1958994 3968965  4118650
           65536    8192 1173935 2550933  4188372  2685329 3287981 2574491 2719360  1893779  1600120  1715597  1456678 2995395  3959646
           65536   16384 1130711 2184243  4312702  1960573 3542843 1531645 2367192  2084685  4041442  1760302  1957878 3001545  4077653
          131072      64 1134441 2413625  5549904  6017216 5673855 2420756 5529084  6983792  4987496  2594254  2418392 6227565  6029359
          131072     128 1322543 3045067  5769243  5444754 5567778 2978514 4901190  3944753  3085070  1569987  2800564 5622271  5766459
          131072     256 1146837 2004280  5321841  5571841 5439098 2827208 3938451  5865575  4884903  2702687  2116286 4692558  5003930
          131072     512 1264792 2047646  3994017  5179251 4273605 2702341 5192410  6937961  4142197  1721662  2317514 4814951  5336616
          131072    1024 1122739 2762775  4833791  5310839 4427950 2414558 3406680  3537049  5441359  2325376  2453798 5204798  5379120
          131072    2048  881683 1403355  4550815  4908717 3224075 1975401 1521580  3020988  2731640  1272459  1718326 3747692  3842731
          131072    4096  882764 1195085  3969820  4084251 3976453 2147283 3972000  2323725  2697171  1449495  1375377 3675924  3255231
          131072    8192  965760 1726154  3881557  4041436 3954628 2144461 3847599  2732265  3065732  1848715  1600822 3968989  3886936
          131072   16384 1106456 1276495  4021098  4114636 3929471 2258421 2361445  2068525  3939269  1918447  1344301 3880515  3149943
          262144      64  114492  125048  5671274  6212849 5567463   55951 5293702  7362334  5775267   112462    91551 5611906  5303559
          262144     128  102472  113036  5079800  5673615 5172132   60101 5147241  7955092  5522442   121552   105064 1192116  5850526
          262144     256  106044   95886  5055346  5078744 5480737   78881 4876557  7247131  5361358   117876   113755 5052419  5466459
          262144     512  117123   77912  4974449  5668584 4866047  111259 5000466  6745519  5447365   119346    76851 5024712  5441246
          262144    1024   84707  107273  4091269  3731423 5489713   67215 4986180  6634362  5563322   122073   101580 5112514  5420671
          262144    2048  114156   69469  4426325  4892658 4743838  109881 4278291  3304935  4665475   117185   114633 2997334  4632257
          262144    4096  115192   95422  3285470  3710983 3552279  116690 3821174  2324633  3668403   130210   100688 3767672  3924307
          262144    8192   98365  101667  3775110  3549630 3596927  112820  677290  2755324  3955450   121067   102730 2368229  3431472
