	Iozone: Performance Test of File I/O
	        Version $Revision: 3.420 $
		Compiled for 64 bit mode.
		Build: linux-AMD64 

	Contributors:William Norcott, Don Capps, Isom Crawford, Kirby Collins
	             Al Slater, Scott Rhine, Mike Wisner, Ken Goss
	             Steve Landherr, Brad Smith, Mark Kelly, Dr. Alain CYR,
	             Randy Dunlap, Mark Montague, Dan Million, Gavin Brebner,
	             Jean-Marc Zucconi, Jeff Blomberg, Benny Halevy, Dave Boone,
	             Erik Habbinga, Kris Strecker, Walter Wong, Joshua Root,
	             Fabrice Bacchella, Zhenghua Xue, Qin Li, Darren Sawyer,
	             Vangel Bojaxhi, Ben England, Vikentsi Lapa.

	Run began: Fri Oct  4 15:11:15 2013

	Auto Mode
	Command line used: iozone -a
	Output is in Kbytes/sec
	Time Resolution = 0.000001 seconds.
	Processor cache size set to 1024 Kbytes.
	Processor cache line size set to 32 bytes.
	File stride size set to 17 * record size.
                                                            random  random    bkwd   record   stride                                   
              KB  reclen   write rewrite    read    reread    read   write    read  rewrite     read   fwrite frewrite   fread  freread
              64       4  610350 1484662  4988978 15972885 9318832 4274062 2467108  4564786  4564786  3541098  3057153 3541098 10821524
              64       8  659861  939223  5860307 1290201710821524 4564786 4988978  5860307  5283570  3363612  1526887 4207076 20962191
              64      16  735831 1562436  6421025 1597288515972885 5283570 3057153  4897948  4643754  3363612  3363612 4564786 20962191
              64      32  681644 1599680  7100397 1597288510402178 5389653 4564786  5860307  3738358  3738358  2133730 3363612 12902017
              64      64  901377 1933893 15972885 2096219115972885 5735102 4564786  5860307  6421025  5735102  1947927 5860307 20962191
             128       4  805138 1997245  3895854 11720614 9977956 4557257 3277486  5325799  3359523  4104338  1911894 3785961 11720614
             128       8  805138 1967960  4407601 1284205111470204 5379161 2511022  4934216  5122535  3867787  2499332 4717434 14200794
             128      16  948860 2098744  4135958 1588107815881078 5847904 3560017  6406138  4267461  4596273  2211113 4012317 12842051
             128      32  940549 2132084  4267461 1420079414200794 6406138 3560017  7082197  4557257  5325799  2558895 3867787 12842051
             128      64  934004 2621367  6406138 1863766414200794 5545860 4267461  4934216  5603747  3124872  3199360 5603747 18637664
             128     128 1022989 2985839 12842051 1863766414200794 4267461 4934216  6330599  4267461  6114306  4135958 4267461 14200794
             256       4  787890 2285501  5938650 1345445010245071 4734192 4132864  5569035  4496299  4332998  2880164 5347168 12228612
             256       8 1028679 1400278  6398720 1516462413454450 5428265 4264168  7120034  9434868  1185399  3207059 6249745 15164624
             256      16 1079348 2842047  5687020 1435374411569783 1312954 5687020  7120034 10245071  4197489  4070199 5938650 14164395
             256      32 1237306 2880164  5810112 1583556914353744 6398720 4197489  7518900  5841722  5569035  4907284 6554972 16072608
             256      64 1076103 3410808  1347557 1607260814164395 6595234 4652146  7518900  6761355  5971678  4404088 5022044 15164624
             256     128 1023775 3605511  7965107 1607260813454450 6719046 4350555  6936061  5971678  4281170  4404088 6213578 14953435
             256     256 1208072 4281170 12812277 1416439513625180 6213578 5810112  6107548  4132864  5217259  3705040 5687020 12812277
             512       4 1057974 3325278  5684095 11943357 9681823 3653390 5227492  2471765  7540170  4131319  3393590 5509113 10856530
             512       8 1299295 3678421  6395018 1387212212797441 5278892 6086873  7513788  6931711  5115422  3459188 3459188 11080601
             512      16 1270094 2030130  6395018 1424006913190469 3604335 6104175  7513788  7022379  5509113  3415178 6246213 14628067
             512      32 1402845 4131319  6931711 15037801 5278892 6246213 6018636  7620440  8808176  4927617  3795443 6395018 13872122
             512      64 1075459 3795443  7115451 1503780113522711 6104175 4701087  7988981  8234036  5566231  4784885 5509113 14628067
             512     128 1323315 3653390  7115451 1387212212797441 2638816 2357784  7647578  8665997  5278892  4375425 5684095 12499490
             512     256 1398278 3941742  7758090 13109944 3325278 5760329 5331314  6228097  5951911  4068701  5177083 5509113 10235583
             512     512 1369738 2081286 12797441 1221509713109944 5509113 5509113  5968453  5822804  5566231  4742616 5870558 13109944
            1024       4  970437 3112733  5991815 1263947910039528 4182843 4064103  5789881  6874084  4265934  3738636 4470172 11249091
            1024       8 1315938 3643490  6529233 1461839312790037 5277632 3618930  6025439 10769573  4736370  3955557 6402699 14422045
            1024      16 1151834 2774874  6609617 1442204513305116 4926518 5564829  7644933  9300377  3506651  4228138 6208343 12944224
            1024      32 1387798 3712781  6317933 1347205313102174 3094790 6128613  4826859  5444898  4574926  2798378 6519323 14230902
            1024      64 1270397 3436508  6093831 1399898113863422 4995276 4854136  7369466 13142265  2572135  4265934 6692005 14820161
            1024     128 1378445 2746483  6569179 1442204513643232 6489770 5720477  8246774 10255274  5593820  3984917 6128613 14230902
            1024     256 1244266 4211554  6830356 1314226512944224 6128613 3567824  6559147  9402175  3659010  4232305 5758828 12313351
            1024     512 1107005 4415030  8000971 1055778513142265 6199382 5018624  6519323  8326715  4741598  6559147 3937426  9855234
            1024    1024 1236742 2138070 12173747 1347205312983353 5925680 5958564  6317933  5845038  6025439  4741598 5917516 13305116
            2048       4 1005399 2340705  5303064 10131961 9308497 2461436 4521480  4265523  4552633  3764533  2726266 5184636 10289741
            2048       8 1359854 3260177  4112366 1203399512257227 4204968 5970183  4540600  5640860  3690142  3169944 4170264  6649556
            2048      16 1143524 4063729  4421406  4875642 5535444 4207028 6243566  7503399 10726615  5135046  3205431 4259178 11966935
            2048      32 1176251 3586902  4347560  4957240 6280083 4048407 6359119  8029434  9349021  4444282  3015275 3024831  8866519
            2048      64 1301938 4231899  4301837  5068389 7183386 5461535 6401772  8006980  4120256  4717655  2989045 4231899 11706006
            2048     128 1276022 3276342  6382745 1263586713926483 6629029 5937172  8190205 10607402  5172149  3532327 6080053  6967792
            2048     256 1264935 4340969  5991003  600356411983630 5020987 5611381  7088541 11440955  3819776  3169944 5754221 11320334
            2048     512 1340333 3151337  6378005 1101548010240672 1944829 2782790  4500161  7846081  4441984  4120256 5264067 10084382
            2048    1024 1163663 3543986  5596757  5389574 5986827 4276140 4897882  5376082  7496851  3586902  3282603 5596757  9101380
            2048    2048  977038 2238241  6024617  6479029 7159438 4310472 4500161  4213218  5209791  4112366  3592903 4751580  3663388
            4096       4  982953 3297602  4467170  5178081 4491697 2502236 4965558  4994430  4059701  2623759  2884558 4618485  5312585
            4096       8 1398009 3143729  3775126  6013663 8324363 2815077 5689064  6339889  5609193  3795980  3693955 4713521  5151685
            4096      16 1361341 2811391  6302675  6682678 8962759 4200656 3988078  6597984  6905631  4399673  3027393 4385074  7001316
            4096      32 1296612 3212508  5057654  5340661 4789740 3506950 5020702  7380284  7087972  4557229  3949571 5170290  6058196
            4096      64 1431082 3086681  4576653  7209932 7502762 3817065 4447510  8112108  5013377  3761077  3098371 5069594  5875858
            4096     128 1491721 3096138  4740836  5424983 5340661 3697135 4467170  7784948  4485833  3346419  3168077 5953231  7158858
            4096     256 1261110 3148338  4623457  5257310 7629374 4348447 5468151  7158858 12880338  3243439  3806915 3743865  5291314
            4096     512 1254114 3070133  5603704  4941279 7502762 4091608 5611025  6461498 11500738  3580776  3874745 3856480  5306022
            4096    1024 1126489 2389808  5165626  6737716 5527974 3723578 4649735  5139356  9823772  3225172  3782607 5069594  5286429
            4096    2048 1211145 3091124  3065750  4153935 4144915 3033808 4137927  3199942  5674032  2272828  2987384 5056165  5402804
            4096    4096 1065034 2064440  3730046  4441761 4675041 1914019 4218190  2972395  3222752  2438311  3066297 3155856  3442303
            8192       4 1054600 2680625  4116513  4518161 4031505 2314752 4124914  5136133  3621463  2344605  2475698 5217241  5059743
            8192       8 1299693 3390605  5148447  5476697 4934754 2577662 4409161  7154097  4665396  2894473  2936276 4989212  5385702
            8192      16 1285254 3460959  6311712  6230453 6389174 3367015 5793435  7128863  5101058  3283361  2984220 5756551  4452008
            8192      32 1241418 3709831  5810089  5940679 5483690 3240321 6010303  8206671  5509188  3738897  2840397 4359373  4493932
            8192      64 1267896 3857261  6399884  5692651 6742748 3182693 5201445  8175428  5712526  3639492  3559928 5181053  5851647
            8192     128 1330957 3942233  6010303  5780764 4917099 3390940 5031588  7055669  5505657  3858561  3090236 5736369  6145757
            8192     256  976633 3594563  5685116  5720134 5769116 3661989 5494212  7223279  5534924  3468296  2855267 5501249  5482815
            8192     512 1242900 3077228  4971166  5113965 5271672 3561773 4508675  7199064 12338289  3831881  3696660 4607218  4891201
            8192    1024 1175624 3750733  5798323  6263389 6168929 3876846 4506310  5403489  5285458  2377868  3010630 4835445  4905166
            8192    2048 1130856 2464511  3992159  4035767 3929159 2648597 5031588  4201070  3675307  2115121  2552766 3315359  3468296
            8192    4096 1238018 2781533  3159282  4571055 4233681 2626528 2913124  2203422  2824752  1990276  2973631 3974610  4541451
            8192    8192 1195919 2174143  4513413  4500997 4479286 2951916 2828705  2009364  3893540  1928501  2183954 4493932  4162896
           16384       4 1154370 2461228  5832677  4867574 4841511 2317078 3933839  5614425  4708166  2842960  2636283 4958900  5309062
           16384       8 1332035 2696064  6399769  6435127 5416182 2897257 4554938  7423670  5005860  2537852  2729800 6320888  5673291
           16384      16 1267914 3002449  5734361  6001278 5597504 2802153 4638567  6841294  5261503  2805471  3287257 6152253  4924430
           16384      32 1330746 3390071  4397256  4662486 4902299 3331400 6163841  7533538  5815894  3473521  3030787 5154164  6343059
           16384      64 1502564 2826356  5555420  5956026 6338379 3641576 5758869  7179363  6086321  3738857  3254101 5518393  6306387
           16384     128 1303633 3088403  5688789  6198870 6201108 3250099 6075022  8199626  6150051  2983288  3604898 4571300  4522266
           16384     256 1506582 2958500  4868954  5632372 5686906 3391577 5597504  7602716  5925213  3247488  2629423 5806066  5868541
           16384     512 1262835 3460054  5074242  5977266 6032360 3930914 5084755  6108503  4114493  3314528  3640804 4909654  5327997
           16384    1024 1188202 3615899  5793340  6166607 5853544 3866987 4955681  7013761 12300316  3079132  2983806 2730668  2860831
           16384    2048 1260611 2127550  4268872  4847317 5036310 1992688 4887654  3909445  4044271  2327595  1964996 4516025  5034834
           16384    4096 1026126 1919656  3094244  3323987 4199993 2665321 3699407  2890068  3442030  2142809  2457092 3074035  2749020
           16384    8192 1153479 1953711  4255390  3987481 2760615 1961183 4076660  2313490  4213900  2474254  2668012 4267811  4344712
           16384   16384 1049908 2401283  3467562  3504521 3738857 2669670 4201020  2139207  3909223  1607217  1908195 2725686  4148022
           32768      64 1341734 3244637  5719519  5997299 6051165 3233187 5434129  8214724  5275804  2994977  3219177 5690864  5230428
           32768     128 1397663 2793769  5429835  6060237 5510826 2863323 5060007  8371845  5521010  3136886  3009866 5095274  4521047
           32768     256 1259188 3410496  4589895  4934828 5487942 3828403 4887099  6763459  2628156  2159061  1955262 4890751  3853629
           32768     512  690537 2854106  5103220  5239401 5031296 1973965 5711676  4969444  4398918  2068685  2269737 5271554  4485048
           32768    1024 1296461 3040563  5146600  5219503 5105685 3529523 5610026  3438741  3785591  1508580  1661660 5702670  5259048
           32768    2048 1095115 2925427  5258847  4685023 5249607 2607464 3792590  3195303  6265507  2248239  1704631 2796384  2790933
           32768    4096 1081985 2060899  3702677  3564028 4333862 2498308 2821413  2822398  4451636  2187306  1965693 2065173  2463955
           32768    8192 1157304 1972662  2918408  3717801 4393715 2594029 3417960  1956403  1865329  2454713  1863407 2784994  3067299
           32768   16384  931254 2669453  3502360  3741891 3043660 1932988 4312648  1999874  2759662  1552547  2523908 3044200  4186535
           65536      64 1280504 3244667  4690524  2710565 3512870 2500895 4428385  4404896  4127431  3009827  2845179 4704654  5181115
           65536     128 1372024 3397757  5642826  5791926 5448110 3287155 4635080  8419233  4524679  2259787  2850490 3974302  6200187
           65536     256 1294951 3244055  5884045  5965516 5788876 3734003 5417081  6550981  4678151  3223927  2633035 4576584  4618492
           65536     512 1396078 2906521  5634151  5423815 5216611 2224510 5599946  4922703  4444640  2396728  2320921 4752728  5916339
           65536    1024 1149756 3289949  4488769  5395284 5738242 3725551 5176139  5286438  5527205  2533791  1586754 5771011  3686973
           65536    2048  991137 2321254  3239352  3592386 3601281 1931559 3842629  2092859  2184955  1397683  2004099 4239338  2664273
           65536    4096 1153070 2132294  3508341  4160479 4075597 2595053 2626695  1964749  3984441  1644775  1523884 2907536  2700181
           65536    8192 1192845 2272792  2611721  2724103 2714366 2033379 2604988  2417958  2663653  1685252  2005444 2821060  4030715
           65536   16384  953041 1930704  2764764  2731575 2597014 1981076 4088327  2007114  1534620  1893179  1903075 2674513  4105792
          131072      64 1025560 2933958  5561470  5489225 4334834 2024094 5907299  8278855  5735417  2818511  2997368 4029764  4589988
          131072     128 1148221 1858753  5662868  4625946 3877204 2171113 2803077  7407330  4808592  2355465  2338980 5677781  4975985
          131072     256 1104675 3164539  5419794  5343359 4049056 2342957 5201695  7147222  5448369  2817529  2843572 5317774  5572519
          131072     512 1288187 3141932  5701985  5151828 5393686 3282382 5425196  7171369  5603474  2769902  2925325 5556242  5797839
          131072    1024 1309423 3030781  5253139  5606903 5444053 2968847 5498888  6725433  5579475  2498222  2490199 5443406  5674792
          131072    2048 1149107 2466768  3245085  3635330 3579330 2253570 4583750  3530938  4624000  1850021  1079099 4686158  4580046
          131072    4096 1116106 1742585  4036480  3899674 4046821 2243610 3958073  2811075  3962752  1821965  1780459 3947472  4081583
          131072    8192 1100797  780756  3938338  4075622 4145883 2375352 4107412  2864403  4022452  1966695  1973975 3829028  4128913
          131072   16384 1129064 2224463  3991842  4094197 4050697 2343037 3896329  2754897  4071336  2006219  1725060 2646953  3612493
          262144      64  118459  134810  5079823  5896301 5655755   58524 5371914  8241177  5590733   123959   117223 5497398  5706981
          262144     128   89982  102002  5260020  5603526 5390798   62739 4980217  8228534  5565321    82329   107086 1026943  5614571
          262144     256   79011   75653  4274183  5442943 5538520   86545 3017272  6605267  5382380    95002   103020 4729615  5522081
          262144     512   75279   76908  5062958  5580149 5439227   90866 1080248  7044051  5346498   106848    93916 1912274  5543211
          262144    1024   86445   77840  4873833  5578592 5304096   81085 3686447  3513716  5487302    78402    76797 4967303  3894933
          262144    2048   88991   76551  3084955  3706891 4028772   80952 2427104  2213589  4448333    78887   123954 4216293  4652977
          262144    4096   98482  106347  3841735  4009482 3879185  112226 3738299  2694129  4107885   117667   106125 3655463  3955165
          262144    8192   97660  104053  3682471  3998299 3790506  116400 3807966  2795663  3632217   119450   122464 3737066  3784062
          262144   16384   91585   91479  3243915  3232271 3553473  105734 3671331  2784230  4158251