	Iozone: Performance Test of File I/O
	        Version $Revision: 3.420 $
		Compiled for 64 bit mode.
		Build: linux-AMD64 

	Contributors:William Norcott, Don Capps, Isom Crawford, Kirby Collins
	             Al Slater, Scott Rhine, Mike Wisner, Ken Goss
	             Steve Landherr, Brad Smith, Mark Kelly, Dr. Alain CYR,
	             Randy Dunlap, Mark Montague, Dan Million, Gavin Brebner,
	             Jean-Marc Zucconi, Jeff Blomberg, Benny Halevy, Dave Boone,
	             Erik Habbinga, Kris Strecker, Walter Wong, Joshua Root,
	             Fabrice Bacchella, Zhenghua Xue, Qin Li, Darren Sawyer,
	             Vangel Bojaxhi, Ben England, Vikentsi Lapa.

	Run began: Fri Oct  4 15:11:12 2013

	Auto Mode
	Command line used: iozone -a
	Output is in Kbytes/sec
	Time Resolution = 0.000001 seconds.
	Processor cache size set to 1024 Kbytes.
	Processor cache line size set to 32 bytes.
	File stride size set to 17 * record size.
                                                            random  random    bkwd   record   stride                                   
              KB  reclen   write rewrite    read    reread    read   write    read  rewrite     read   fwrite frewrite   fread  freread
              64       4  546928 1599680  5389653 1597288512902017 4564786 4018152  4897948  3791156  3541098  2067979 2561267 12902017
              64       8  955947 1204796  4897948 1231033610821524 3541098 5389653  4564786 12902017  3363612  3057153 3738358 12902017
              64      16  771797  653436  7100397 2273779115972885 5283570 4564786  4274062 10821524  4274062  3363612 5283570 10821524
              64      32  725882 2133730  6421025 12902017 9318832 4988978 4207076  4274062  2467108  3791156  4274062 5860307 20962191
              64      64  863676 2379626 10821524 1290201710821524 5860307 4564786  4564786  5283570  4274062  3541098 5283570 10402178
             128       4  415597 2558895  3468030 1284205110779307 4267461 3560017  2784517  8548124  3759450  2727923 5325799 12842051
             128       8  901083 3036502  6406138  375945012842051 5325799 5545860  4934216 12842051  3445772  2511022 6114306 12842051
             128      16  940549 3277486  4557257 1588107814200794 5784891 3445772  6406138  4267461  4596273  2420455 5325799 10779307
             128      32  841746 2727923  6114306 1863766416365173 6045455 3359523  6727225  4596273  4717434  4135958 3867787 12842051
             128      64  948860 2286447  5122535 1801235914200794 4596273 5122535  5603747  9129573  3895854  2673584 4135958 15881078
             128     128  438331 2058509 12842051 1801235914200794 5847904 5122535  6406138  5074121   921183  1032829 5545860 16365173
             256       4 1044693 2880164  5569035 12812277 9778562 1652404 4907284  5347168  7073132   703260  2911402 5022044 12228612
             256       8  195410  502028  5810112  1376935  958864 2849590 5347168  6249745  9434868  4117018  2903529 5242734  6891544
             256      16 1153561 3368013  6719046 16072608 2775920 5347168 5117791  6891544  5810112  5217259  3823789 5569035 14164395
             256      32 1128110 2911402  5455847 1607260814953435 6398720 5217259  7735574  5117791  5455847  2880164 6249745 14953435
             256      64 1147398 2842047  6936061 1709624915164624 6761355 4070199  5687020 12090911  5428265  4422226 5687020 13454450
             256     128 1235882 3557725  8815202 1495343514353744 6249745 5810112  7120034  7314033  4132864  6107548 5455847 13454450
             256     256 1319408 3605511 10651598 1416439513454450 5569035 5569035  6073004  6107548  6107548  1629830 5971678 13454450
             512       4  957072 1550747  5624545 11374040 9304292 4195896 5278892  5684095  7309196  3934520  3459188 5439343 11683444
             512       8  650593 3259661  5886650  199988110911694 1471074 5439343   860437  4305250  2736325  3388236 5684095 13783088
             512      16 1273861 1357615  3684733 10434519 5453155 3104171 3104171  3239989  3510074  2235086  2169601 2891043 10434519
             512      32  788992 4237291  5699180 1387212213522711 6035551 4784885  7309196 10044089  5127637  4195896 6246213 14146265
             512      64 1350783 3415178  7022379 1503780113783088 5439343 6018636  2725905  9468384  5278892  4660280 4411377 14628067
             512     128 1193838 3628697  7115451 1387212212499490 6319739 5951911  2625909 11138071  5019764  4742616 5227492  6472112
             512     256  540137 3504346  7647578 1249949011374040 5509113 5566231  5951911  8394979  2099600  6414119 4701087 12797441
             512     512 1267097 1961520  3220553 1249949011374040 5886650 5744919  6174377  4131319  4384358  4030519 5214798 13109944
            1024       4 1014925 2968586  5845038 11936907 9381637 4130547 5356618  5751117  6819511  4195100  3355952 5782087 11398360
            1024       8 1031252 3101494  5885083  3791442 9064828 3074849 5507740  5042191  8061038  4048778  2625597 6208343 13305116
            1024      16 1261072 3304314  5200941 1249242612348754 2993413 5720477  7113161  6692005  4379019  2638501 5885083 12983353
            1024      32 1225101 2875184  5720477 1124909111132462 1404591 4507705  6172653  6640274  4304412  3001782 5169641 12944224
            1024      64  767670 3532609  6317933 13264026 4282950 3791442 3379719  7257394 15743686  4995276  2703267 3849207 13643232
            1024     128 1395464 3751699  3335105 12071103 9743447 5330028 4720752  3880507  7054742  1074331  3794792 5417427 12983353
            1024     256 1350701 4110780  5417427 1042959611645609 2934110 3908759  5096034  8970167  4589593  2744728 3401130 10158253
            1024     512 1450117 4110780  4854136  7369466 6609617 4762630 5500686  5623115  7054742  2632033  3179559 4654248 11773301
            1024    1024 1322828 3130886 12313351 12944224 7811791 5507740 3894582  5690162  5720477  3447541  2852271 4232305  4654248
            2048       4  834881 2694623  5277002  9218589 8261095 3034448 3093459  2730599  3235617  1604753  3155969 3630870  7361923
            2048       8 1108835 2993211  5659442  671715311260973 3447273 4762117  6939647  4983122  3953383  3219850 5916724 11706006
            2048      16  476271 3117032  5564129 1183503312033995 4601407 4994712  7213548  9653719  4653758  3885431 6167360 11835033
            2048      32 1204623 3245396  5888333 1183503312345306 5359311 3060395  7293167  9841749  4653758  3806235 6359119 11246230
            2048      64 1183055 3117032  5986827 1164254312050878 5264067 5197183  7698414  5578583  4521480  4006862 5549749  8713618
            2048     128 1343057 4112366  6114678 1132033411900619 5738844 5416763  7556202 13038646  3423913  3477979 5704543 11129659
            2048     256 1258818 3215029  5332694  5626082 8498106 3314266 5655716  5549749 10240672  3384788  4001263 5507054 10607402
            2048     512  690964 3555722  6321679 1094530110620516 5147354 3611028  4128177  9944290  4215286  3224685 4807425  9483197
            2048    1024 1082427 2596083  7817519 10660056 9567698 4104506 3276342  5816563  7810411  2506688  4676561 3669648  6690992
            2048    2048 1018874 2905140  3984558  7419150 7311791 3419824 5056455  4146110  4897882  3953383  3215029 3374151  4265523
            4096       4 1056780 2385494  5611025  3949571 5204750 2610602 4575434  4767146  4633432  2634219  2111377 4240052  5704175
            4096       8 1201826 2963678  4887857  7261741 8603675 3199942 5032468  7728911  6410863  4188367  3362795 4735608  7301864
            4096      16 1203678 3022599  6189146  4565707 4592558 2811391 4179197  7625987  7146945  4133944  3020473 6024207  7742845
            4096      32 1320430 3146031  3717133  7286380 8340529 4696769 5438722  8173861  7392988  4083827  3393349 4906002  7683972
            4096      64 1351382 3016231  5320812  4470657 4586428 3009363 5225329  8356757  7725436  3984379  3258202 4476482  7529067
            4096     128 1266970 3273724  5218980  5875858 5719367 3832392 5563779  7998800  6094733  3867766  2759904 5119446  1550976
            4096     256 1331586 3908241  5572803  4958393 6005255 3482778 5382492  6953144  6919538  2966237  2940345 5389246  4491697
            4096     512  961498 3683658  4946971  5704175 5447345 3586757 5404504  5696610 11539362  3872125  3185110 3946849  4171080
            4096    1024 1147328 2520592  5170290  5258919 5411313 3038638 4669958  5204750  5746149  2042109  2211675 5093643  4796426
            4096    2048 1231902 1538201  3548968  3965983 4222337 2587405 4091608  2367741  2915397  1735549  3387995 3477139  4087714
            4096    4096 1067218 2563086  2670249  2915397 4167033 2946902 4491697  2792200   622395  1200482  2171696 2795836  2908979
            8192       4 1033288 2568797  5641246  5745001 4989212 2734384 4931921  5871647  2987594  1652005  2384965 4528283  4235769
            8192       8 1191895 3345053  5855636  6321001 5598961 2898625 2091432  7359427  5291970  2980855  3152036 6140266  5978928
            8192      16 1245197 2870534  5461029  4239950 4092001 2838520 3453654  3285873  3560297  1688040  1421009 3266505  4943985
            8192      32 1340093 3456433  5780764  4476368 4205183 2323361 5207752  4968291  5769116  2602457  3035364 5825851  5630154
            8192      64 1277797 3856828  4486305  5974769 6648806 3891776 5117011  6919267  5305043  3259688  3668636 4447398  4654652
            8192     128 1352010 3360100  5838720  6150158 5630154 3912159 4280090  3690307  4362141  2839693  2821041 5576245  5329730
            8192     256 1289450 3185053  5665431  5607184 5657036 3733615 4740709  6302451  4836126  2973631  2807442 5104089  5569014
            8192     512 1205909 2803547  5577150  5472336 5569014 3967268 4385525  5291970  7728574  3463751  2816186 4908670  4738094
            8192    1024 1125117 2211648  4847041  4961834 5037489 3166561 3974610  4135340  9403821  3110096  2403652 4518161  4917803
            8192    2048  844182 2043421  3420647  1334627 4037189 2454125 3077228  3667070  3429182  1873301  2749921 3430551  3860729
            8192    4096  950481 1824849  3009575  3915726 2732426 1564807 4318282  2963884  3549264  2492942  2826843 3923327  3582197
            8192    8192  988774 1858005  3526677  4259926 3253514 2612350 3822928  2246203  4435342  2672702  2739834 3389602  3460959
           16384       4  979261 2496819  4653330  5091536 4211834 2261713 4556146  5559465  4963198  2593598  2587933 4923019  2984973
           16384       8 1180487 3031321  6199429  6059488 4960332 2586277 4898106  6846747  4834699  2687734  2853347 4434142  4584414
           16384      16  617615 2828217  6264991  5538853 5443210 2767620 5273212  7447000  4724349  2103262  2827751 5474431  4474272
           16384      32 1140708 3487447  5354150  5176684 5237842 2928868 4311457  7016626  4898106  2704127  2928868 4529718  4987693
           16384      64 1267821 3776873  5503367  4667870 4637315 2420824 3238459  8063011  6008099  1220230  2753095 4594528  4939651
           16384     128 1368755 2814548  5066012  6171037 6025484 3217534 5841105  8351087  6088478  2863334  2745725 5753084  3289302
           16384     256 1343179 3093687  3989101  4915624 4492406 3074586 3704992  4717215  5394922  3147100  2940398 5303735  5206097
           16384     512 1319706 2926872  4987331  4689211 4867230 3176926 5659275  5416182  4732483  2561979  2803983 4441306  4582885
           16384    1024 1178281 3723662  5455742  6136321 5779211 3100806 4960332  5807538  9168947  2168914  2954811 4210544  4473980
           16384    2048 1094018 2212275  3570992  4570084 5214789 3095359 4602529  3545566  3487447  1796690  2349319 5041113  5196256
           16384    4096  649357 1882580  4454838  4433856 3746807 2625204 3263063  1978062  3180160  2107260  2006419 3671146  2397430
           16384    8192 1193402 1886249  2489943  2775108 3301153 2296942 4246712  2666666  2977214  2145619  3175311 3043539  3117829
           16384   16384  758586 1947013  4221667  2672266 4256708 2554455 3434805  1447219  2885577  2250234   307317 2645620  2783990
           32768      64 1194385 3224918  5362884  4964059 5819047 2991653 3258870  7214716  5501562  3044469  3493014 5028167  6022264
           32768     128 1255037 3519671  4918581  5107203 4823806 2929668 4419144  6876828  5836840  2908834  3202525 6114429  4725780
           32768     256 1308845 2973208  4959581  5595637 5927463 2705182 4312107  6579865  5932068  3091864  3638472 5223669  5282495
           32768     512  646732 2885566  5802587  6062376 4790515 2894682 5911656  6294201  5978516  3202152  3285277 5218710  5344532
           32768    1024  685495 2025575  5967613  4272296 4259981 2936992 2741880  5486846  4355149  1908879  2650048 5326305  5661327
           32768    2048 1034146 2935675  3092768  3834278 4789346 2980558 5119950  3001321  4215556  1880720  2345262 3196566  1717325
           32768    4096  874144 2186297  3860557  2977330 2956896 2452523 4182203  2138634  4359708  2083677  2022713 3863596  4338925
           32768    8192 1005024 2429975  3301614  2284906 2455810 2096646 3482217  2669090  4363860  2488267  2146752 4078572  4230217
           32768   16384  527522 1566491  3570695  3977649 2993607 2534660 4209616  2435573  4342352  2013763  2372795 2720873  2812464
           65536      64 1156816 2871603  4497435  6053671 4616475 3165964 6039042  7719163  5485949  3116147  2058874 4586434  4847353
           65536     128 1311322 3531600  5681431  5415267 5729152 3576307 2753630  5032291  4445502  3187699  1181595 5195118  5199147
           65536     256 1361335 2887439  5682488  5140421 4904347 3201734 4394895  4588731  5672169  2462560  2419107 3200318  5573264
           65536     512 1199372 3169359  3396371  5816068 5922203 3699229 4535429  5834834  5568974  2443906  1895032 5047446  5835825
           65536    1024  618842 3291643  3298239  3516600 4206383 2450398 3244361  3305378  3427456  1428703  2705975 3870331  5509480
           65536    2048 1135470 1634768  4448596  4934988 4917156 2869864 4631487  2164481  2737260  1366818   908267 3050172  3310752
           65536    4096 1062996 1892683  2673732  2932787 3018685 2276349 3935383  2733857  4143608  1859647  1752670 2713026  2914905
           65536    8192  789884 2060757  3818236  4322128 3121207 2408889 2916204  2675372  3567952  1449427  2185042 3969023  4073363
           65536   16384 1213943 2557389  3674995  3914479 3782508 2495468 4027762  2745983  4015934  2257523  1942561 3917715  3917715
          131072      64 1215723 2990536  5992685  5785027 5850158 2948878 5419794  7569495  5745727  2752924  2451358 4464158  5397022
          131072     128 1097867 2968254  4057933  5801694 5459244 3005890 5556018  7654228  5640672  2945307  2858401 5573762  5836308
          131072     256 1296435 1031195  5480305  5541177 5431897 3095335 3315580  4068293  5452693  2721700  2667256 5291160  5374440
          131072     512 1310209 2997303  5488512  5122403 5606160 2513309 5302285  6541845  4450498  1208302  2626542 5126415  5036016
          131072    1024 1189024 1969083  5318186  5322511 5565016 3091767 4859900  5987724  5472504  2366517  1517631 5372444  5582535
          131072    2048 1153072  507226  2722671  2725384 2759294 1794471 4518015  1994189  3413767  1556527  1762524 4261943  4433485
          131072    4096 1010304 2250820  4027166  4015929 3879365 2188685 4008316  2777136  3922573  1771338  1492337 4039446  3397753
          131072    8192 1139083 2199526  2913681  2591381 3196722 1595771 3937745  2765360  3522702  1009777  1845091 4008053  3884189
          131072   16384  922166 1173388  4247849  3894232 4162993 2018943 3744272  2542072  2852187  1781354  1112665 3926776  3936561
          262144      64   75204   75047  5364863  5991732 5688144   53170 1949420  8111914  5733437   106326    66104 5248044  5951870
          262144     128  112206   94888  5620943  5954190 5515101   90208 4511949  7370032  5519642    79835    72797 5256424  5132848
          262144     256   80007   96772  5102454  5507587 5438985   72232  749784  6840021  5139158    85996    73131 5087297  5563913
          262144     512   81671  109607  5215038  5584911 5465997  105281 5161837  6138654  5336067    80329   125956 4590004  5473180
          262144    1024   92566   78146  4855968  5457451 5477079   96117 4932805  6587183  5421686    95602   103029 4923065  5411946
          262144    2048  113383   91102  4378696  4799751 4674142  113972 4321320  2213344  4614642   116767   108375  990635  4612939
          262144    4096  106851  107828  3767943  3967854 3907182  112050 1694507  2649631  3994522   115684   108060 3193100  3952890
          262144    8192   86928   55165  3881266  3825082 3816161  101502 3740054  2776006  4062803   118234   164588 3946222  4187868
