	Iozone: Performance Test of File I/O
	        Version $Revision: 3.420 $
		Compiled for 64 bit mode.
		Build: linux-AMD64 

	Contributors:William Norcott, Don Capps, Isom Crawford, Kirby Collins
	             Al Slater, Scott Rhine, Mike Wisner, Ken Goss
	             Steve Landherr, Brad Smith, Mark Kelly, Dr. Alain CYR,
	             Randy Dunlap, Mark Montague, Dan Million, Gavin Brebner,
	             Jean-Marc Zucconi, Jeff Blomberg, Benny Halevy, Dave Boone,
	             Erik Habbinga, Kris Strecker, Walter Wong, Joshua Root,
	             Fabrice Bacchella, Zhenghua Xue, Qin Li, Darren Sawyer,
	             Vangel Bojaxhi, Ben England, Vikentsi Lapa.

	Run began: Fri Oct  4 15:11:13 2013

	Auto Mode
	Command line used: iozone -a
	Output is in Kbytes/sec
	Time Resolution = 0.000001 seconds.
	Processor cache size set to 1024 Kbytes.
	Processor cache line size set to 32 bytes.
	File stride size set to 17 * record size.
                                                            random  random    bkwd   record   stride                                   
              KB  reclen   write rewrite    read    reread    read   write    read  rewrite     read   fwrite frewrite   fread  freread
              64       4  615952 1255511  4564786 12902017 9006179 4018152 3363612  3057153  9006179  2467108  2203800 4274062 10821524
              64       8  659861  268756  3203069  5283570  346008  390278 4564786  5860307 12902017  3022727   863676 4897948 10821524
              64      16  681644 2662899  7293312 2096219115972885 5389653 4207076  4207076  7940539  3363612  4018152 4897948 15972885
              64      32  582535 1828508  7940539 2096219115972885 5389653 4274062  4564786  6421025  3738358  5860307 3057153  1599680
              64      64  831569  320021 12902017 2096219115972885 3541098 3057153  2298136  4207076  2772930  3057153 4274062 10821524
             128       4  247542 1802755  5847904 12842051 9795896 4267461 3867787  3445772  8548124  2714132  1802755 5603747  5325799
             128       8 1057236 1997245  4717434 1801235912842051 4717434 5325799  6406138 14200794  4759253  3759450 6114306 16365173
             128      16 1133103 3982553  6727225 1863766414200794 5545860 5545860  6330599 12842051  5122535  4267461 4407601  9287508
             128      32 1048974 4267461  7476717 1588107815881078 5847904 5122535  5122535  7917784  4407601  4104338 5325799 11720614
             128      64  990891 3468030  7176872 1077930714200794 5545860 5325799  6727225  5545860  1802755  3036502 4135958  4267461
             128     128 1059322 3657016 14200794 1801235914200794 5847904 5122535  6114306  5545860  5545860  3982553 5847904 14200794
             256       4  497147 1368162  5022044 12228612 9434868 3935921 2665657  3087188  7314033  3879045  2911402 5320671  9868433
             256       8  268314 2285501  5569035  9868433 7735574 2665657 4819184  5971678  6554972  2692393  2371308 3770085  8024634
             256      16  735537 2509882  5971678 1495343513454450 5117791 4819184  6249745  5022044  4332998  3410808 3410808 14353744
             256      32 1070737 3705040  5687020 1120749410245071 3605511 5810112  7314033 13454450  5455847  4332998 4404088  9778562
             256      64 1224606 2413957  5687020 1607260814353744 6107548 5347168  7314033  5320671  3169196  3994490 5455847 12812277
             256     128  930608 3705040  7518900 14953435 5810112 3245838 5022044  5971678  4929815  2754556  3879045 4496299 10148242
             256     256  214028 3368013 11091721 1345445012812277 5569035 5455847  5810112  5347168  3935921  3756894 5569035 12812277
             512       4 1012101 2768068  5624545 11374040 9344779 2891043 4742616  4411377  7871843  3239989  3264616 1045103 10911694
             512       8 1218910 2995907  5886650 1378308811877300 3684733 5164632  6395018  4131319  2958758  3556580 5822804  8808176
             512      16 1267097 3220553  5822804 14240069 8362289 4871723 5384786  6736026 11877300  3963567  4000485 6035551 13872122
             512      32 1140576 3372274  6104175 1023558313783088 4650188 2597325  6736026 13522711  4262523  3046915 3372274 13783088
             512      64 1296159 2875558  6931711 1514384614240069 5453155 5227492  7022379 12215097  2265742  3905895 3684733  8109658
             512     128 1198502 3877684  5439343  9681823 8955098 3372274 4827914  7211022  8844453  5744919  3325278 5566231 13109944
             512     256 1105920 1730717  7309196 1194335710434519 4131319 4871723  5951911  4650188  4237291  5177083 3464769  7435738
             512     512  594573  506027  8394979 11374040 8808176 4494470 3239989  5115422  2449212  2256220  3742527 4882800  7513788
            1024       4 1043783 2286009  4826859 10531896 8970167 2968586 4374559  5277632  4762630  3294177  2619192 5071963 10230845
            1024       8 1136593 2504637  5251818  898894111132462 4249053 4805258  7020149  7113161  4334822  3436508 5472650 12173747
            1024      16 1242826 3379719  4720752 1164560912037272 3532609 4898425  7257394  5593820  4317393   680897 3291652  6692005
            1024      32  789399 1950656  4199201 1203727212828238 4095102 3324778  7020149  3863055  3046495  2354947 5200941 12492426
            1024      64 1241389 3140041  5751117  716059710354166 4570058 5813392  6974549 11018226  3866533  3506651 5251818 13643232
            1024     128 1296083 3358576  5303701 1113246212790037 4674510 4898425  6244448  6650556  2730767  2085132 5451810 12639479
            1024     256  763033 3055164  5336651 1136819011773301 4550690 3835457  3894582  6569179  2730767  2522288 4064103  8326715
            1024     512  731954 1715375  6479979 10662628 9946527 4995276 4898425  5751117  6059442  2516377  3461434 5169641 12173747
            1024    1024  735590 2688041 11645609 1220835012313351 3863055 3863055  2461573  3160839   659768  2547723 3210456  6280976
            2048       4 1049625 2406275  1068292  2306762 1382840  598651 3465352  2642401  3657149  1737163  1700705 3664951  4423683
            2048       8 1227869 3015275  5267294 11706006 9140117 3538147 4312636  3717289  3430751  2001939  3513544 5689430 12488897
            2048      16 1001998 1093450  5549749 1321923512710657 4807425 5754221  5359311  8531869  4886737  2214011 3632406 11502234
            2048      32  735074 3764533  3604966  1493692 3020577 2192537 6149699  8198022  7082696  4603874  2673655 6280083 12805399
            2048      64 1264935 3024831  4048407  5735012 9483197 4330028 1090535  5970183  5222461  3425279  2790021 3908414  7562855
            2048     128 1291368 3043048  4338776 12580349 7135648 4071433 4511980  8190205  4531020  2142232  3111386 4697018 13118295
            2048     256 1099327 3799501  4265523 1156417412635867 5507054 3574960  6075753 11642543  2951050  2999482 5564129 11260973
            2048     512 1440103 2509617  5735012  8221561 8830061 4613765 5264067  6759439  6114678  2684517  2632683 5376082  5933071
            2048    1024  611174 3307884  2900235  7846081 6479029 1607456 3512108  4945823  7336772  4006862  2892423 3960675  8531869
            2048    2048 1093450 1558461  5475461  5264067 3494960 2133188 4394265  4172290  4875642  3871422  2956128 3821475  4221501
            4096       4  774014 2909472  5038371  5802430 6793669 2882138 4865707  4853336  4338563  2579635  3007255 3424463  4853336
            4096       8 1220091 3424463  5642353  6782940 6724530 3233063 4188367  7050159  4875373  3058654  2852469 4785737  5051705
            4096      16 1393700 3088901  4751325  7146945 8752710 3215514 5075585  7555557  7111444  4376138  2985308 6041154  5068098
            4096      32 1248463 3879120  6225028  8127459 9897345 4344048 4703198  7476641  5299475  3399392  2948925 3945943  5843879
            4096      64  821657 1766966  4441761  4836939 7656576 4390677 6096896  8142867  6281934  3949571  2974454 3889659  3875619
            4096     128 1095528 1840804  4541567  5178081 4618485  890249 3930595  3439547  5389246  2635836  1953188 4257917  6978564
            4096     256 1230402 3549702  4545172  4214051 4917236 3107900 4395170  6178018 12083134  2668176  2736168 4639689  5159420
            4096     512 1341673 3882626  4929936  5996870 5556581 3716329 4643451  6850558 10476771  3026859  3459633 3923414  4257917
            4096    1024 1180032 3343814  5165626  6703539 5953231 3908241 5001700  5810280  8944095  3025260  3444374 5404504  6151473
            4096    2048  983628 2573067   909622  4740836 4836939 2587405 2569603  2874423  4516494  1865186  3179805 4607338  4959824
            4096    4096 1220178 2046000  3740604  3646906 4471821 2964189 2502236  2457143  3362795  2243152  2179963 4442909  4566920
            8192       4 1041336 2801719  5467982  4336814 4003788 2352632 5291970  5340499  4882166  2743335  2279282 4409161  4067297
            8192       8 1127776 3221183  3927363  3888253 3446379 1714488 4751854  7313997  4538452  2996452  2672702 4589372  5665431
            8192      16  971772 2815032  4887722  4773640 4224832 2521296 5225175  7179509  4765695  2312727  3175340 4979812  4838850
            8192      32 1215980 2664205  1553909  5940679 5839713 2448355 4515786  6527546  6182248  3504019  3293747 4525898  5472336
            8192      64 1156706 2689438  4271046  4961834 4311780 3566579 5781736  8588204  4982701  3120830  3661989 4875931  5347148
            8192     128 1267521 2508961  4599816  5644954 4907969 3858994 5094251  6653956  5517150  2721605  2368198 5044886  6182248
            8192     256  887440 2577855  5888754  5962328 5752696 3860729 5032325  6854392  3884736  3541581  3041006 5047850  4976927
            8192     512 1065986 3142235  6024002  5756551 5978928 4275297 4827293  5996667  6848927  1346025  3055609 2426568  2086606
            8192    1024  550321 3544870  5927357  6281710 4779617 2711724 5088216  4678737  9717654  2565728  3297857 4503947  4543252
            8192    2048  976411 1278368  4511043  4694077 4364357 2416669 4003788  2878470  4112571  2027146  1041210 4657175  4976927
            8192    4096 1081760 2033745  3203763  1391995 3397646 2635797 3491912  2474985  3990304  1980182  2689438 2994102  3041813
            8192    8192  827391 1777828  4207243  4309076 3249514 2314752 3402019  2483931  3299124  1694366  1637050 3037511  4348340
           16384       4 1044896 2496365  5801655  5853544 4351590 2008824 4206420  3875273  4019433  2019212  1134793 5599328  5607095
           16384       8 1289760 2408690  4955681  5771445 5645791 2899824 5104015  6703812  4799246  2642568  2708604 4870679  4848685
           16384      16 1408884 3026782  6374834  6373060 5984033 3119528 4331021  6761860  6052550  3306554  2857262 4941072  5217956
           16384      32 1362027 3576567  4832999  5039634 4765300 2926748 4416190  7557565  4793220  3127336  2818473 6224699  6481253
           16384      64 1460506 3742522  4921609  5027467 5565318 2789754 5416182  8613831  4132059  2507570  2638813 5653687  6343059
           16384     128 1338887 3704193  4117452  4259875 4124866 2930992 4702688  6789921  4227120  2524056  2719753 4343339  4516025
           16384     256 1275421 2860355  2489943  5037787 4663751 1563056 4014502  6010201  4329929  2574071  2366633 4387991  4490058
           16384     512 1436299 2765726  2759175  4049514 4000946 2500271 3974796  4827566  4589312  2134489  3652997 3856786  3866116
           16384    1024 1392949 3146524  4753105  5610758 6106332 3878773 5686906  6823632 11711273  3106553  2704553 4281105  4895314
           16384    2048 1245170 2678411  3362864  3667815 3065260 1200008 4666602  3001793  3139910  1436960  1791771 3935641  4945339
           16384    4096 1109205 1587575  2677576  3230846 3139910 1594870 1850889  2192162  3530991  2267984  2064031 3570992  3157366
           16384    8192 1094384 2019450  3252099  4389112 4016849 2636991 3607926  2909646  3155047  2529165  3147677 4344712  3612098
           16384   16384 1175580 2136413  3408398  3277536 3365664 2506015 3514378  2328226  4437578  2819514  2236976 4180829  3111899
           32768      64 1221779 2647088  4926868  4922280 5426191 3378554 5465898  7880761  3693026  3193447  3523460 3992207  5019719
           32768     128  693488 3555178  5783298  5935143 6027018 3607624 5292667  8114809  5211982  2482245  3445983 5874512  4591275
           32768     256 1125305 3171853  5935143  5815108 4928988 2764102 3953165  7614850  5245400  3433758  2865591 5902009  5735751
           32768     512 1154010 2408513  4270040  4192409 3676430 2166344 5889364  5643891  4675143  1985457  2364549 3960342  4125337
           32768    1024 1259292 1342179  4508589  4860311 5141017 3666524 5894668  7201862  5802587  2764547  2537374 5019536  5560321
           32768    2048 1227080 2346463  1865962  3877439 3516699 1992683 3535606  3637702  5689921  1613875  1406056 3350877  3435131
           32768    4096 1189362 2244384  3466408  3456209 3619595 2341386 4173694  2368664  3187226  1749771  1777975 3439429  3993135
           32768    8192 1162640 2288139  4145120  4404275 4291238 2681955 3642522  1728904  2532699  1317578  2033878 3138391  3288028
           32768   16384 1002810 1996707  3549394  3396002 3604785 1471260 3003486  1612512  2982434  1688816  3085478 3290941  3245020
           65536      64 1314690  118960  4126440  4347283 4187607 2295415 2727699  3604445  4594177  2849160  2670252 4623697  4676798
           65536     128 1180763 3082599  5681548  5170492 4569204 2307207 5909471  7075035  3961815  2238933  3249193 4990901  2065744
           65536     256  999026 2625842  5083853  4975813 4640636 2575093 5296726  7632782  4457614  2431132  2284845 3848978  4485107
           65536     512 1012091 2756060  5463161  5098469 4969786 2271215 5687426  5653620  4870025  2902133  1982934 3922243  3945381
           65536    1024 1100392 2146463  1937276  4478384 4589957 2028667 4604180  6810347  5568071  2763236  2760239 4905397  4606804
           65536    2048  998326 2046839  3607804  3774664 3919391 2302588 1410347  2486777  3890324  1749769  2134579 4679823  4874343
           65536    4096 1197877 2447191  3914200  3900039 4115751 2595077 3833198  2896231  3938710  1974629  1950196 4156013  3901921
           65536    8192 1191284 2486934  4170832  4269960 3638270 2617042 4264462  2904310  4186012  2169846  2184313 3533916  4237443
           65536   16384 1174943 2590748  4213411  4145483 4180156 2558317 2571263  2308427  3805812  2186432  2429241 4081164  4185694
          131072      64 1208605 3095126  4563318  6104002 4133974 2756099 5338118  7454436  5403015  2758823  2332114 5981991  6029359
          131072     128 1214809 2919267  5116968  3846441 3264083 2419457 5314278  7525045  5284751  2713546  2988342 5742486  5518373
          131072     256 1218266 3117947  5384810  5499603 5391041 3100975 5569696  7514759  5421344  2820145  2680300 5276230  5855891
          131072     512  973470 3020158  4371127  5079710 4244438 3011076 4085404  7258766  5310839  2816259  2931674 1385365  4936796
          131072    1024  764634  443789  5110403  5118397 5101062 2011232 4751406  3135981  5658962  2398043  1155624 4755187  5635353
          131072    2048  897704 1440509  4564265  4607916 4750544 2567622 4517867  3625071  4725188  1836640  1854809 4062731  3932309
          131072    4096  906790 2213305  3290201  1411516 2232113 1688704 3826230  2697502  3020291  1849237  1226118 3933744  4039209
          131072    8192 1007067 2277611  3963580  4145477 4053564 2320273 3985158  2727141  4043546  1835359  1848976 4105357  3925038
          131072   16384 1132634 2273580  2566723  3234184 3663480 1564237 3445085  2872875  3410844  1946735  2110826 2699396  2993614
          262144      64  115922  115126  5358614  5912821 5711309   57404 5285915  8250515  5677072   127495    92028 4759176  5966371
          262144     128  115846   99891  5172935  5900034 5529190   55385 5175687  8159895  5599445   118900    73862 5022119  5758359
          262144     256  108270  116336  5183470  5643215 5329859   98849 5070500  7116911  5353943   126172   120963 1647285  5483033
          262144     512  119097  113541  5195276  5598618 5557894  116660 2139182  7144473  4527220   123725   116403 3143214  5347486
          262144    1024   74570  141143  4980308  4253301 5260775   81297 5039775  6622654  3498801    82975   113504 4633174  5751191
          262144    2048   86965  123757  4403704  4911278 4949103   90408 4096254  3573395  4623258   123966   122984 4431927  4911827
          262144    4096  119841   60755  2484166  3812958 4053501   83253 3806912  1792154  2827047   123551   108094 3451540  3188905
          262144    8192   81993   99376  2578659  2402323 2463920   82574 1128009  1701880  4099461   100174    83480 3715874  3786903
