	Iozone: Performance Test of File I/O
	        Version $Revision: 3.420 $
		Compiled for 64 bit mode.
		Build: linux-AMD64 

	Contributors:William Norcott, Don Capps, Isom Crawford, Kirby Collins
	             Al Slater, Scott Rhine, Mike Wisner, Ken Goss
	             Steve Landherr, Brad Smith, Mark Kelly, Dr. Alain CYR,
	             Randy Dunlap, Mark Montague, Dan Million, Gavin Brebner,
	             Jean-Marc Zucconi, Jeff Blomberg, Benny Halevy, Dave Boone,
	             Erik Habbinga, Kris Strecker, Walter Wong, Joshua Root,
	             Fabrice Bacchella, Zhenghua Xue, Qin Li, Darren Sawyer,
	             Vangel Bojaxhi, Ben England, Vikentsi Lapa.

	Run began: Sat Oct  5 00:00:36 2013

	Auto Mode
	Command line used: iozone -a
	Output is in Kbytes/sec
	Time Resolution = 0.000001 seconds.
	Processor cache size set to 1024 Kbytes.
	Processor cache line size set to 32 bytes.
	File stride size set to 17 * record size.
                                                            random  random    bkwd   record   stride                                   
              KB  reclen   write rewrite    read    reread    read   write    read  rewrite     read   fwrite frewrite   fread  freread
              64       4  477808 1304314  4564786 10821524 7940539 3541098 4274062  3588436  4018152  3363612  2662899 4274062  9318832
              64       8  720041 1452528  5860307 1290201710821524 4897948 4207076  5860307  5389653  2467108  3057153 3541098 10402178
              64      16  538156 1828508  6421025 2096219112310336 4897948 3958892  3738358  7100397  3022727  3203069 4897948 10402178
              64      32  809014 2801873  9006179 2096219112902017 5283570 4274062  4018152  6421025  4018152  4274062 4897948  1255511
              64      64  831569 1638743 10821524 2096219112310336 5860307 5735102  5860307  6421025  5860307  3541098 5735102 15972885
             128       4  715059 1802755  4135958 1284205110567140 4267461 5122535  5122535  3277486  3867787  2248149 5325799  9795896
             128       8  761728 2920861  5603747 1254204310779307 5122535 4889281  5122535 14200794  3359523  3053774 5603747 10567140
             128      16  481582 1451764  4889281  2367096 8548124 2784517 3759450  4717434  9795896  3560017  2969325 5603747 15881078
             128      32  962469 3380677  5603747 1056714011720614 5784891 4596273  4934216  7476717  4135958  3759450 4934216 16365173
             128      64  549618 1373754  4557257 10567140 2905056 1778862 2784517  4012317  2511022  1487977  4267461 1363288  4267461
             128     128  962469 3657016  9795896 1284205112542043 6045455 5325799  5122535  5545860  4934216  4135958 5545860 11470204
             256       4 1036624 2458168  1894373 10651598 8534922 3994490 4197489  5687020  2639446  4054829  1766587 5810112 12228612
             256       8  165476 2754556  6249745 1495343512812277 5569035 4070199  7314033  4734192  4907284  3197509 6398720 14164395
             256      16 1045710 2557711  5687020 1416439513454450 5841722 5217259  7314033  5117791  5022044  4496299 6249745 14164395
             256      32 1148625 2812272  6398720 1607260814353744 6398720 6249745  7518900  5217259  5347168  4929815 5320671 14953435
             256      64 1152323 3770085  6719046 1709624914353744 6249745 4197489  7314033  8888172  5347168   398744 5687020 14953435
             256     128 1093639 2943325  8024634 1516462413454450 6249745 5569035  6936061  7518900  4197489  6249745 6249745 14164395
             256     256  433169 3511189 12090911 1345445012812277 5455847 5428265  5347168  4350555   894929  3654598 5810112 13625180
             512       4 1118011 1193838  5870558 12427157 9859630 4375425 5331314  5684095  5684095  2413429  3409755 5684095 11683444
             512       8 1245780 3220553  6395018 1462806712499490 5384786 5177083  7211022  6571132  5079126  3963567 6319739 13783088
             512      16 1293037 1652157  3877684 1378308812427157 4827914 5453155  6395018  8528336  4411377  4068701 6246213 14240069
             512      32 1270094 3527371  6909408 1503780113783088 6395018 6414119  7871843  7211022  5384786  4485083 6736026 14628067
             512      64 1187895 2613128  6491676 1503780114240069 6472112 6395018  7647578  7540170  5453155  4784885 3215731 14240069
             512     128 1280699 3822466  7309196 1424006913872122 6491676 5886650  7410080  9304292  5624545  5398323 2768068 13783088
             512     256 1086890 4030519  1645826 1214600912215097 5495016 5453155  4838792  7730164  4091959  2297251 5384786 12215097
             512     512 1093531 3459188 11620224 1249949011138071 4973263 5067142  5278892  5019764  5509113  4030519 5227492  9681823
            1024       4 1073257 2297012  2960401  1136593 7631350 3251778 5390231  5690162  7319232  4195100  3643490 5720477 11489839
            1024       8 1385560 4195100  6609617 1482016112828238 5390231 6093831  7537599  9832672  5175871  4265934 4079544 13863422
            1024      16 1299219 3966517  5821271 1423090213142265 5917516 6441107  7755368  9142007  5303701  4374559 6519323 13863422
            1024      32 1338494 4146499  6441107 1442204513863422 6431462 6441107  8137402  8262639  5507740  4550690 6776473 14422045
            1024      64 1256644 4379019  6479979  985523414422045 6208343 6128613  8326715 14820161  5720477  4550690 6559147 14618393
            1024     128 1438461 4178773  6874084 1442204513998981 6650556 6172653  8000971  9832672  5564829  4720752 6163794 13818817
            1024     256 1416169 4249053  4415030 1314226512790037 6280976 5991815  7008693 10557785  5593820  5277632 2640123 12639479
            1024     512 1419915 3495237  7883484 1282823812456195 5500686 4972145  6163794  2250080  4048778  1875690 4995276 10689164
            1024    1024 1296474 4130547 12492426 1314226512983353 5593820 3433760  3659010  5853003  5690162  4876180 6059442 12790037
            2048       4 1151187 3297725  5970183 11320334 9944290 3598924 5492967  4728042  7903836  4248644  3749743 5804771 10192069
            2048       8 1379066 3835124  6459541 1288221512635867 4945823 5719737  7529708  9841749  4948672  4276140 6420913 12345306
            2048      16  484600 3519302  6479029 1363902313301113 4188565 1487227  2602375   837323  1449580  3606479 4146110  6670210
            2048      32  653684 1793378  4720248  7318020 7343043 3038742 4807425  4490751  6207471  2976615  3799501 5535444 10766950
            2048      64 1397918 2423929  6189580 1196693512862925 3984558 4531020  7726111  6717153  4663865  4349761 6623917 13926483
            2048     128 1461667 3864455  3276342  8029434 7999524 3476572 2453001  5430461  5376082  1366343  3922692 4472047  7135648
            2048     256  923767 3644736  5492967 1019206910889797 4697018 5852228  7262337 12187663  4983122  3569018 5900467 11835033
            2048     512 1556202 4196751  6873016 1225722712959958 6189580 5852228  6802261  9990553  4728042  4875642 5832361 11642543
            2048    1024 1479797 2250555  5974336  7470770 8866519 4886737 3835124  4796687  7065219  4172290  4312636 5670651  6498636
            2048    2048 1208351 3567536  6440169  7817519 7556202 4432815 5306340  4493100  5444228  4367454  1765367 3102397  4112366
            4096       4 1052958 1158000  3612399  4347346 4607338 1229609 5184332  5069594  5828019  3287506  3412898 4952675  6480999
            4096       8 1409016 3817065  6291135  6585338 8142867 3761077 5642353  7418527  7027089  4196552  3810292 6149271  7364466
            4096      16 1487202 4047268  6368089  7585581 8829180 3886139 6122971  6703539  7261741  3543113  4145915 6293440  7542289
            4096      32 1505447 4284464  5664678  7585581 9348033 4240052 5542240  8142867  6522830  2508447  3875619 6293440  6861502
            4096      64 1248010 4307020  4176149   568873 5527974 3697135 5396016  7421732  5955295  3621537  3237937 5721272  6978564
            4096     128 1427752 4035859  5674032  7099689 6772244 4842392 6032669  6727163  7756829  4413235  3574815 5114874  7249484
            4096     256 1547344 3824713  5953231  6490793 7774379 3897601 1727521  6418048 12487133  3436107  2965725 3927001  4562069
            4096     512 1417269 2555081  5681538  6449370 6908408 3686820 3415612  4034911  7212959  2938334  3799338 5784846  6793669
            4096    1024  631501 1097278  5396016  7237268 7099689 3846119 5572803  2625363  7380284  2432442  3387995 5649775  6332878
            4096    2048 1391329 3182750  5389246  6370451 5081590 3631489 4576653  3832392  6195843  2717987  4188367 4367238  3901141
            4096    4096 1162309 2826656  4551192  4266376 4659824 2569603 3927001  2756362  4321103  2860067  1691297 4000150  4409837
            8192       4 1033412 2889605  5696426  5490700 3114889 2595576 5248321  5465373  4979812  3007468  2973631 5421393  5442863
            8192       8 1247095 1730027  5997714  6046263 5602613 2827774 5818944  7613830  6042010  3118281  2945590 5461029  5569014
            8192      16 1380086 3303247  5364680  5988306 5524246 3143385 4147820  3782110  4958254  3069257   662027 5748846  5660764
            8192      32 1421009 2688596  5806161  6542461 6090202 3708630 5550123  7468200  6059057  3466896  3556980 6292063  3794222
            8192      64 1393462 3780030  6399884  5932474 6305921 4224832 6257686  8640034  6420214  3586684  3730372 6262248  6122759
            8192     128 1462377 3226628  5776876  6215800 5781736 3158120 5780764  7605404  5919188  3658870  2727871 6072979  5822889
            8192     256 1378204 3711835  5019093  4515786 3181514 1451198 4307455  7097937  5584401  2179383  3227840 3652258  3188896
            8192     512 1352702 3645670  5997714  5761377 6210183 4012204 3423373  6855760 11378128  2739834  2546334 5814021  5404339
            8192    1024 1394650 3571028  5741161  5768148 6215800 3948121 5676663  4493932 11473111  3317920  2112910 5281396  5268439
            8192    2048 1294551 2931766  5145363  5195153 5347148 2324618 4065372  2548033  4348340  2457109  2685864 5044886  4830007
            8192    4096 1263234 2053681  2199191  3371310 3322090 2006899 3954028  2818958  2963884  1800088  1691530 3957216  4061528
            8192    8192 1115474 2691123  4302601  4427912 4181641 2682299 4414259  2705319  3932757  2496927  2803547 2543318  2989673
           16384       4 1166282 2914706  5669079  5653687 4685374 2457795 5225892  5813926  3311334  2685423  1423093 5488861  5295561
           16384       8  563469 2626910  6122653  6077171 5510869 2781623 5708638  7083893  5457909  3061300  3014566 6023371  6104704
           16384      16 1363838 3469838  6248471  6210635 5317690 3291193 5908402  7765083  6023371  3483734  2869791 3477036  4982630
           16384      32 1294351 3712598  3252099  4013799 3980552 2685004 4065325  7295211  3989333  1906924  3494008 6090637  1856540
           16384      64 1404077 3609632  6227520  6263278 6095499 3587584 5456176  7746700  5189585  1668077  1925249 5222715  5608926
           16384     128 1249063 3459532  5712909  6068049 5881097 3978708 5724807  7816309  5704846  3580294  3566358 5269977  5944691
           16384     256  713029 3637528  5548244  5738671 5774840 3399967 2701788  5443210  5541086  3161143  3512043 4191283  3777703
           16384     512 1408422 3766522  5891685  5726715 5789435 3812917 5683144  7091935  5841105  3531899  3406202 5769022  5732448
           16384    1024 1448225 3015095  5859534  5979347 5795294 3798795 1110782  5684554  6131941  1036965  2704553 5531274  5760801
           16384    2048 1306011 2822409  5137979  5180196 5166953 3023985 4780882  3896367  6638404  2294718  2481671 3409921  2203055
           16384    4096  962797 2677159  4301471  3986324 4352969 2698711 3403503  2979408  4320673  2527956  2581807 4163604  4329929
           16384    8192 1255957 2576097  4191283  4232588 2471940 1927571 4231284  1947013  1994423  1344361  3105992 4197684  4256708
           16384   16384 1195645 2653691  4299318  4303626 4205390 2788848 4351590  2907062  3619137  2353019  2688996 3556208  3789160
           32768      64  802765 3448924  6213107  6261796 6026753 3466058 6073896  8438668  6081691  3251468  3600064 6459263  6171260
           32768     128 1436807 3717298  6295354  6307488 5952365 3753541 6022528  7880761  6059169  3422301  3546371 6175697  6265507
           32768     256 1408953 3434445  4404839  3975693 4469151 2502128 5335817  6405079  5086600  2687882  3646968 5044407  3655504
           32768     512 1147746 2435012  4774704  4980609 5804792 3608381  864201  3272215  4996725  2717108  2946500 5220296  5164391
           32768    1024 1125508 2321964  4965673  4976281 3782570 2502493 4820253  2295975  5485094  2404636  2333079 4778024  4964238
           32768    2048 1256391 2946500  4760152  4355701 2022713 1896630 4668473  4039968  6853509  2186714  2317227 4265004  4787178
           32768    4096 1216825 1880617  2931230  4119155 3919234 2559775 4204722  2954481  4229306  2170346  2005623 3864573  3741586
           32768    8192 1106987 2581361  4246687  4191386 4306972 2655886 2853869  2861594  3406608  2138734  1638151 3981106  4198428
           32768   16384 1227815 2107674  3746175  3877439 3850930 2218839 4161562  2370707  3923822  2467095  2229711 3826698  3874706
           65536      64 1296815 3483532  6268480  5825436 6082741 3549752 5927055  8112847  5899831  3126852  2957399 6218421  6269624
           65536     128 1241214 3188624  5981223  5301834 5754821 3602839 5823831  7935089  5802808  2500235  3549202 5878759  6008548
           65536     256 1322038 3534506  5837436  5868092 5486496 3805391 5739680  7333048  5636578  3198456  3256931 5819146  5872354
           65536     512 1193949 3611596  5998059  6078840 5916849 3804496 4313311  3125963  3380790  1798564  3311550 5513679  5677558
           65536    1024  747335 3605201  5838428  5751690 5292341 2464879 5678966  7024232  5767015  2761736  2659736 5637502  5381026
           65536    2048 1274377 2821175  3019813  4978066 4872874 2853004 4343299  2795895  3649816  1982576  2107817 4995527  3248080
           65536    4096  975063 2648026  3741474  3710163 3470820 2421345 4193740  2964096  4223250  2033258  2103816 4185949  2576807
           65536    8192  724283 2500986  2584949  2867588 3848709 2515980 4066252  2939751  4153124  2122268  1894588 2529967  3555951
           65536   16384 1180768 1703952  3494693  2990182 3492828 1382965 3313905  1913967  3697587  2147520  2396895 4197006  3188920
          131072      64 1216896 3022798  6390963  6335066 6145282 3011621 4887639  8155911  5866890  2169202  2369935 4868205  6476568
          131072     128 1062472 2767517  4099326  5504669 5195698 2977159 5862448  5723891  4199436  2561855  2035726 4834088  6050261
          131072     256 1192757 2998055  5515604  5756617 5673621 2912200 5541457  6954197  5605188  2689583  2892069 5746988  4380007
          131072     512 1095369 3133229  4457173  4450209 5143923 1643393 3961667  5986094  5585881  2386115  2053612 5439798  5578683
          131072    1024 1254626 2044037  5325088  5416377 5518096 2646902 5325965  6487727  5873471  2642957  2548058 4895299  2752111
          131072    2048 1142319 2442818  5150960  4950801 4718901 2401238 3654397  2511920  4046433  1541989  1369972 4799231  4802921
          131072    4096 1074027 2148408  2958733  2951537 2933770 2099572 4047446  1933392  3938225  1774746  1870128 4178498  4236751
          131072    8192 1055161 1885930  4124886  4080583 3969705 2253875 4190154  2726019  3714771  1835028  1502000 3846818  4114636
          131072   16384 1120398 2112026  4201683  3476808 1495011 1129491 3671480  2192648  3550641  1868558  1906274 3898402  1932270
          262144      64  155499  142809  6044367  5911072 5913616  116104 5629634  8212799  5998433   153817   155018 5912407  6043670
          262144     128  156910  147228  5518007  6048390 5338969  118853 5362247  4260635  4860733   159497   154329 4182723  5786726
          262144     256  150998  154746  5308501  5507476 5563434  133239 4107041  7255404  5704849   162688   160077 3791382  5038504
          262144     512  153555  152223  5547323  4545900 5770417  139858 4910906  7242930  5733048   160648   158582 5366958  5827486
          262144    1024  151108  149108  5263923  5811593 5739063  143866 4978616  6402008  4596681   152320   148863 5185548  5636156
          262144    2048  154460  152501  4345744  4959125 5000466  166299 4742283  3805475  4903372   158589   153231 4794058  4973234
          262144    4096  151666  149982  2617699  3180897 3506422  130565 4066274  2750981  4343015   163107   157228 1524330  2721847
          262144    8192  157568  131839  3324249  3606767 3252330  161365 3936460  2473782  3906765   169074   157322 3398202  3669542
          262144   16384  155704  134301  4055879  4118579 4132417  161429 3974696  2992097  3959281   191324   189249 3430979  3873336
          524288      64   61786   84947  5402463  4000487 4603136   27038 5424265  8225296  5884999    83640    78999 5445677  5400407
          524288     128   84913   81588  3614111  5338111 5417423   43147 3997135  6124938  4839284    86660    85819 5149107  5956994
          524288     256   84904   80383  5709023  5853326 5727610   57052 4493425  7530493  5698652    81376    83699 3759497  5872537
          524288     512   84787   81487  5550078  5765150 4577333   60770 5245663  6976268  5649228    84759    82862 5224018  5463889
          524288    1024   84095   74532  5518129  5743362 5547082   59384 5573909  7025435  5297117    83254    84699 5094036  5742162
          524288    2048   84839   76038  3318865  3865294 3412979   67110 3432820  2592045  4903096    87201    84001 4579058  4059681
          524288    4096   84734   80462  3305078  3279403 3910731   85519 3349505  2149198  3064525    82521    82602 4069870  3870628
          524288    8192   84866   80310  4027310  3569450 3861873   85965 3790590  2305931  3686557    86853    87050 3426044  3406498
          524288   16384   79061   82329  3039311  3501346 3035305   87687 4038515  2322232  4104272    89236    88915 4032731  3465977

iozone test complete.
