	Iozone: Performance Test of File I/O
	        Version $Revision: 3.420 $
		Compiled for 64 bit mode.
		Build: linux-AMD64 

	Contributors:William Norcott, Don Capps, Isom Crawford, Kirby Collins
	             Al Slater, Scott Rhine, Mike Wisner, Ken Goss
	             Steve Landherr, Brad Smith, Mark Kelly, Dr. Alain CYR,
	             Randy Dunlap, Mark Montague, Dan Million, Gavin Brebner,
	             Jean-Marc Zucconi, Jeff Blomberg, Benny Halevy, Dave Boone,
	             Erik Habbinga, Kris Strecker, Walter Wong, Joshua Root,
	             Fabrice Bacchella, Zhenghua Xue, Qin Li, Darren Sawyer,
	             Vangel Bojaxhi, Ben England, Vikentsi Lapa.

	Run began: Sat Oct  5 17:46:24 2013

	Auto Mode
	Command line used: iozone -a
	Output is in Kbytes/sec
	Time Resolution = 0.000001 seconds.
	Processor cache size set to 1024 Kbytes.
	Processor cache line size set to 32 bytes.
	File stride size set to 17 * record size.
                                                            random  random    bkwd   record   stride                                   
              KB  reclen   write rewrite    read    reread    read   write    read  rewrite     read   fwrite frewrite   fread  freread
              64       4  481234 2358717  4897948 1290201712902017 4274062 4897948  5283570  4564786  3588436  1392258 4564786 10821524
              64       8  640954 1452528  6421025  818258612902017 4897948 4897948  4564786  5283570  3738358  2662899 3791156  7100397
              64      16  760859 1484662  7100397 2096219115972885 5389653 4207076  5860307  4564786  3791156  2379626 3541098 10821524
              64      32  727850 1562436  7100397 1597288510402178 4897948 4897948  4564786  4018152  3791156  2467108 3738358 10821524
              64      64  789967 1679761 10821524 1597288512902017 5283570 5389653  5860307  4988978  5860307  1879725 5860307 12902017
             128       4  715059 1778862  4267461 1420079410779307 4407601 3536566  5545860  3560017  3982553  2166499 3759450 12842051
             128       8  907174 2211113  4444086 1588107814200794 5325799 3380677  6406138  5847904  4267461  2920861 3657016 11720614
             128      16  887675 2098744  4135958 1420079412842051 5545860 3199360  6406138  4759253  4267461  2238774 3657016 14200794
             128      32  864797 2211113  6045455 1172061412842051 5784891 3124872  6727225  5122535  5379161  2367096 5122535 14200794
             128      64  901083 2132084  7082197 1801235914200794 6406138 3560017  6406138  4104338  3895854  5847904 5545860 10567140
             128     128 1231904 2673584 10567140 1588107812842051 6045455 5325799  6114306  5545860  5325799  3053774 6114306 14200794
             256       4  951219 2413957  5687020 12228612 9868433 4477549 3705040  5810112  5117791  3879045  2754556 5347168 11569783
             256       8 1048775 2613746  6249745 1516462412090911 5347168 5569035  7120034  4652146  4929815  3654598 4572895 13454450
             256      16 1084800 2582316  4264168 1281227712661199 5687020 5569035  7120034  5320671  4907284  3950402 4477549 14353744
             256      32 1058076 2665657  5687020 1516462413625180 6398720 5142301  7518900  5938650  5347168  4332998 4332998 13454450
             256      64 1099237 3009318  6213578 1516462414353744 6249745 4264168  7518900 10245071  5687020  3245838 5810112 14164395
             256     128 1122215 3236056  8534922 1416439513454450 6073004 4652146  6936061  5569035  4652146  7120034 5022044 13625180
             256     256 1293967 3705040 12812277 1362518013625180 5938650 5810112  6073004  5117791  5971678  4350555 5971678 13454450
             512       4 1047141 2665014  6018636 12146009 9814569 4305250 5453155  5684095  8955098  4195896  3628697 5760329 11620224
             512       8 1245780 2926501  6246213 1387212212146009 5278892 2922519  7211022  6736026  4827914  3941742 6319739 13872122
             512      16 1236455 3012719  5164632 1279744112797441 6018636 4690818  7647578  6319739  5398323  3437042 5384786 13522711
             512      32 1299295 3239989  6319739 1414626512797441 6319739 6472112  7758090  8955098  5509113  3710197 6104175 14628067
             512      64 1319250 3012719  6472112 1503780114240069 6652558 6156675  8140399  9814569  5744919  3941742 5177083 14628067
             512     128 1279935 4494470  7022379 1424006913872122 6736026 5624545  7871843  8701110  5951911  5384786 6086873 14240069
             512     256 1418599 3963567  8265729 1319046912797441 6246213 5760329  6571132  7211022  4494470  5624545 2958758 12874162
             512     512 1380303 4195896 12499490 1352271113109944 6174377 5886650  6174377  2800557  6086873  5019764 6104175 13109944
            1024       4 1128826 3151562  3877004 1234875410039528 4321737 5500686  5958564  6609617  4304412  3671521 5917516 11520658
            1024       8 1356674 3671521  6559147 14230902 5885083 4972145 6128613  7644933  8262639  3422814  4265934 6402699 13643232
            1024      16 1385560 3668386  5917516 1386342213142265 5623115 6317933  3567824  7883484  5251818  4488860 5789881 13102174
            1024      32 1422266 4014717  6609617 1461839313998981 6317933 5536137  8000971 10454984  5690162  4634161 6393168 14230902
            1024      64 1414770 4126579  6874084 1508034114422045 6393168 6569179  8391792 15977962  5601115  4609294 5853003 14820161
            1024     128 1412443 2924122  6559147 1423090213998981 6787181 6208343  8137402 10557785  5564829  4700088 6327241 13998981
            1024     256 1507637 4339202  6918376 1294422412790037 6280976 5958564  7008693 10662628  5472650  5144870 5983467 12790037
            1024     512 1439908 4356809  8137402  914200712348754 5983467 5983467  6650556  8199542  4741598  6441107 6059442 12639479
            1024    1024 1368780 3849207 12790037 1347205313142265 6025439 6025439  5958564  6093831  6025439  4876180 6025439 12492426
            2048       4 1008349 3165272  5970183 10834854 9898453 3624742 5475461  6024617  7789164  4196751  3555722 5800851 10192069
            2048       8 1005399 3738320  6483920 1265448212187663 4676561 6097316  7293167  9258333  4923146  4293237 5986827 11900619
            2048      16 1362658 3519302  6459541 1263586713118295 5212953 4751580  7393606  8097557  5095447  4356379 6303124 12635867
            2048      32 1517976 2556676  6207471  906297011380325 4796687 4818211  7556202  7874853  4775354  1899669 5006356 10834854
            2048      64 1454489 4154130  4785996 1151765714539356 4001263 5852228  8357547  9308497  3764533  2572756 6459541 14321195
            2048     128 1495773 4276140  5916724 1366071314017386 6503556 4023754  8128206 14738933  3292669  3287628 4162181  6498636
            2048     256 1443491 3357009  6207471 1303864611015480 5689430 5290001  6588354 11917129  4403275  2941954 3730203  9796850
            2048     512 1170321 2197023  5461535  5147354 4178378 5461535 5754221  6711905 10240672  4960102  4293237 5447681  8365686
            2048    1024 1521471 3984558  6523312  8190205 7969835 4623699 5403134  5222461  5517666  3205431  3960675 5359311 10192069
            2048    2048 1244953 2540795  3657149  5535444 5280246 3179330 4248644  2484934  5032754  3657149  2959183 3513544  3630870
            4096       4 1012378 3105653  5728903  4490523 4145915 2848213 4275933  4307020  5681538  3114661  2765680 5231694  4462528
            4096       8 1282385 2904553  4841028  6861502 6272759 3032202 4592558  7701194  6826060  4240052  3795980 4708354  5340661
            4096      16 1439114 3311586  4869845  6281934 6049663 3242827 5083093  7625987  6442115  3473623  3274348 4266376  5642353
            4096      32 1477100 2952980  5325760  6005255 5869835 3637640 4361695  5353976  5075585  4490523  2942864 5955295  5327412
            4096      64 1491074 3537277  5738471  6595451 7158858 4362802 4274869  8292220  6790983  3266255  3200538 6330545  7555557
            4096     128  339410 1607577  5375755  3295072 6522830 2285527 4462528  6105563  4088687  2091839  2237018 4681411  5961494
            4096     256 1271282 2917377  5171846  5627567 6169144 3867766 5038371  6281934 12074641  3436107  3436107 3624593  1459284
            4096     512 1343877 3070133  5565581  5706070 5859825 3160500 4841028  6234064  7237268  2890382  3540193 3640724  6166930
            4096    1024 1267718 2927818  4275933  6703539 6804432 4442909 5184332  3660115  9545402  2659502  3212508 4725189  5418140
            4096    2048 1184099 2297447  5704175  6189146 4824714 3631489 3683658  3631489  4707064  2160499  3210107 3727618  4530788
            4096    4096 1088794 2412291  4618485  3202925 4592558 2302374 3506950  2155890  4128976  3096138  2536221 3945943  3775126
            8192       4  952352 2637415  4986316  4861443 3904601 2272949 3932757  4796296  4003788  2710655  2796929 4976927  5449769
            8192       8 1210582 3360100  5830794  5697371 5025700 2700004 4594281  5672914  4630813  3005100  2820809 5487193  5692651
            8192      16 1345814 3121964  5350479  5901904 4943985 2914112 5165475  6527546  5041185  3481651  3465148 4686395  6054786
            8192      32 1453469 3011685  4683839  5315713 5919188 3132495 5247519  8299843  5142283  3264953  3026275 5657967  6122759
            8192      64 1489187 3231483  5708730  5337181 5867636 3056697 4638941  8642207  6575012  3540122  3644124 4961834  5847664
            8192     128 1384479 3668636  5326425  5789530 4796296 3312482 5598961  7642620  6191160  3686744  3085518 5732541  5772993
            8192     256 1411958 2089778  3917958  4253598 5417973 4137332 5195153  7193036  5364680  3049913  3073925 4907969  4768340
            8192     512 1420304 2561520  4574098  4427912 4657175 3317920 5772993  6763986 11131163  3054251  3119697 5278151  3829746
            8192    1024 1373356 2913371  4896080  3940424 5013234 3605502 4625826  6954278 11427322  3561773  3191265 4905166  5490700
            8192    2048 1059217 2041357  4116513  4185717 4929091 3145975 3560297  4041463  5588034  2429313  2123356 4291316  4075982
            8192    4096 1167792 2291442  3273975  3660429 3749096 2240053 4063449  2536933  3394960  2037242  3429182 3766356  3329817
            8192    8192 1077181 2294656  4187757  4039563 3660429 2613940  881611  1215980  3382594  1863952  2735254 3399327  3437759
           16384       4  897756 2430843  4687931  5719090 4674538 2329884 4800587  5150687  4848685  2723417  2582584 3944225  3916798
           16384       8 1217765 2727958  6088478  6104162 5295153 2813742 4552524  6684250  5533501  2919536  2509035 5323045  4689211
           16384      16 1231227 2864289  5514407  4811679 5665340 2988088 5801655  7416459  5698696  2795997  2938889 4761338  4525840
           16384      32 1305689 3621616  5805576  5929815 5763216 3201942 5364599  7320858  5444935  2967571  2927246 4505957  5200975
           16384      64 1294473 3723662  5661139  5944691 5618556 1496119 5197828  7400486  4417325  3072798  3589083 1821068  5711010
           16384     128 1301362 3607926  5131457  4478938 4642641 3141776 4827566  7477794  5007319  2913718  3617613 4702688  5439763
           16384     256 1302595 2930992  5706741  5828720 5772899 3466862 5608926  7262061  5718614  3219494  3000613 4786543  4738030
           16384     512 1392130 3150130  4936458  5837136 5858035 3776043 4411370  6395004  4357385  2605200  2822873 5371728  5538853
           16384    1024 1237368 2258888  5839120  6003900 5885126 3672716 3978477  5603438 11345828  2630631  2558831 4412503  5708638
           16384    2048 1159121 2015540  5066012  5254664 5170452 1940800 3945131  3786446  3619137  2034757  2344589 4863096  5119987
           16384    4096 1116394 2648067  3254717  2927371 3387230 2466440 3611149  2534669  3878773  2222434  2133296 3098988  3435491
           16384    8192 1074433 2459642  4357385  4131065 3330108 2288223 3242432  2746273  4211834  2502912  3107115 1538387  3101226
           16384   16384 1216967 2262682  3480030  4130072 4297974 2893109 3488155  2491117  3884254  2760615  2730668 4108344  3534806
           32768      64  818606 3637220  6258089  6119057 5748706 3144422 5931045  7629222  4545419  2809072  3034387 5288594  5702670
           32768     128 1419694 3542076  4746179  4615792 5067844 2219019 5602251  7077621  5231025  3402644  3406608 5069339  6132982
           32768     256 1352708 3506828  5919039  5370008 5932068 3339884 4732615  7054371  4297007  2646018  3580369 5474171  5775035
           32768     512 1412356 3013694  5208821  4572792 5938220 3456470 5422552  6672180  5618741  3340940  2766384 4532826  4759987
           32768    1024 1288259 3687972  5949273  4580412 5202118 3526896 5241199  7189054  3996502  1947698  1855908 4006405  5049782
           32768    2048 1198667 2642355  1945602  2064925 2906251 1458628 3545548  4201509  6855218  1713984  1660215 2993607  3076224
           32768    4096 1271502 2349311  4083783  3289681 3411174 2587923 2861594  2145612  2749449  1870635  1854956 3062719  4331540
           32768    8192 1180404 2450119  2894682  2704117 3257556 2551222 2960081  2745769  2773417  2069620  2263270 4301310  3735890
           32768   16384 1022080 2220811  3151705  3543263 4366772 2700504 4261698  2916117  4318339  1823382  3145934 3898114  4170654
           65536      64  956886 3318146  4793422  3961301 4320702 3226917 4283668  7225489  5088182  3145171  2950321 5784856  6232662
           65536     128 1358630 3411208  5025759  5367471 5660372 2671445 5956209  8418201  6096366  3308083  3166730 5072408  5730227
           65536     256 1350872 3399354  4233332  4521925 5023096 2672744 5791926  7164845  5796078  2200523  3156838 4950542  4455807
           65536     512 1412413 3271740  4108062  3698432 3935665 2543004 3998817  5648276  3884991  2948738  3288965 4103463  5066611
           65536    1024 1331032 2870253  3162176  4667427 4923409 2957654 4165523  6926178  3826687  1953786  1794467 4101136  5963316
           65536    2048 1081626 2080850  2803794  2596303 3153650 2329754 2804653  3224570  3029464  1752815  2165402 2757913  4298607
           65536    4096  949302 2066660  2728511  2646955 2825438 1971061 2743489  2614204  3226311  1906282  1478101 3799605  2757774
           65536    8192  752880 2490900  3982940  4187607 3847147 2527338 3913532  2814387  3555537  2109434  2120091 4021104  4228122
           65536   16384 1197074 2123645  3164615  3080009 2625340 1793050 2959150  2164413  4026287  2225249  2476694 3205804  3093214
          131072      64 1122835 2192281  4171332  4872736 6059731 2951601 3790823  5897477  4934581  1790917  1926906 5941327  4135280
          131072     128 1281276 2898351  5575627  5737452 5830366 3027693 5234333  7726953  5724368  2807529  1969732 5532812  3809341
          131072     256 1315813 3099227  5306738  3798760 5345749 3130588 5547328  7376519  5353140  2885012  2712863 5573027  5676609
          131072     512  798504 3049881  5426481  5676081 5440497 3123740  397020  6375768  4694361  2358466  2385867 5364790  5617215
          131072    1024 1301247 2935415  5366727  5571333 5552482 3022599 5610909  6958951  5632697  2545486   611237 3502057  5653085
          131072    2048 1210660 2488835  4704646  5024418 4578444 2573018 4777377  3770207  4906133  1883700  1680990 4560290  4543218
          131072    4096 1147982  410545  4000382  4058951 4056316 2280266 3929948  2759931  4042952  1797258  1774889 3783075  4168833
          131072    8192 1147349 2218897  2928332  3511654 3924674 2301651 3973062  2736208  3899923  1806174  1800094 4048937  3927814
          131072   16384 1149059 2311026  3414488  3093211 3279504 2081361 3843537  2818136  3693210  2027438  1936531 3696438  3898402
          262144      64  122543  116238  4526437  4704823 5653312   58308 3645489  8472654  6142666   133240   119337 5424147  4139995
          262144     128  129812  116965  4897126  5536903 4515451   87527 1311908  4306409  5622035   121313   118117 4186274  5795022
          262144     256  120314  102698  4257732  4898326 5025102   68967 5030298  6332432  5437775   125909   107728 1698615  5412052
          262144     512  118191   98186  4120786  5492592 5271646   71637 4432016  6921487  5353266    98120    95208 1806978  5030206
          262144    1024   91106   76656  5165304  5457478 5502956   76410 4216358  4546295  5051328    88163    91521 4585333  5613739
          262144    2048  105306   75904  4370376  4623102 4809997   75025 4150936  2330793  3335676    97596   105043 2272536  2783997
          262144    4096   84840  104022  2809450  3067484 3195792   80253 2488011  2195914  3112199    87777    98582 3628394  3342602
          262144    8192  107005  124427  3720514  4195571 3799584   93694 2569385  2425353  3950206    87407   108908 3755639  3868321
          262144   16384  118287   84984  3651785  3802501 3857559   88926 2147790  2008732  4032865   102718    80497 2563909  2663850
          524288      64   28760   84883  5661489  5316455 5167681   17731 3104698  7875035  5302584    72584    72138 4749758  6039002
          524288     128   73686   76030  5820835  6052399 5694888   32887 4761235  7866302  5536356    64885    68200 5489477  5791707
          524288     256   70423   76231  5382325  5459508 5386201   30286 5146938  6972110  5213058    77258    72289 5397345  5332260
          524288     512   42009   66274  5097945  5270229 5375220   37316 5307576  6969967  5542971    74481    68511 5475303  4336504
          524288    1024   47222   53632  4457583  5127759 5553007   36854 5157271  6530740  5454402    58559    63693 3516204  4170853
          524288    2048   46295   34721  3114367  4651233 3998443   66561 4484271  3418295  4403746    51217    71338 1930127  4710495
          524288    4096   75568   61083  3946646  3926225 4016144   59272 2461181  1900985  2637740    45404    44521 3307747  3550305
          524288    8192   43465   64560  2810634  3727367 3723026   42326 3317103  2270609  3561230    45318    72608 3370043  4200418
          524288   16384   60374   69934  3192126  3944954 3954531   45926 3402407  2719887  3902840    79208    51631 3868599  3821113

iozone test complete.
