	Iozone: Performance Test of File I/O
	        Version $Revision: 3.420 $
		Compiled for 64 bit mode.
		Build: linux-AMD64 

	Contributors:William Norcott, Don Capps, Isom Crawford, Kirby Collins
	             Al Slater, Scott Rhine, Mike Wisner, Ken Goss
	             Steve Landherr, Brad Smith, Mark Kelly, Dr. Alain CYR,
	             Randy Dunlap, Mark Montague, Dan Million, Gavin Brebner,
	             Jean-Marc Zucconi, Jeff Blomberg, Benny Halevy, Dave Boone,
	             Erik Habbinga, Kris Strecker, Walter Wong, Joshua Root,
	             Fabrice Bacchella, Zhenghua Xue, Qin Li, Darren Sawyer,
	             Vangel Bojaxhi, Ben England, Vikentsi Lapa.

	Run began: Sun Oct 27 00:13:08 2013

	Auto Mode
	Command line used: iozone -a
	Output is in Kbytes/sec
	Time Resolution = 0.000001 seconds.
	Processor cache size set to 1024 Kbytes.
	Processor cache line size set to 32 bytes.
	File stride size set to 17 * record size.
                                                            random  random    bkwd   record   stride                                   
              KB  reclen   write rewrite    read    reread    read   write    read  rewrite     read   fwrite frewrite   fread  freread
              64       4  735831 2358717  9006179 1231033610821524 3738358 7100397  4564786 10821524  3363612  3022727 8182586 12902017
              64       8  679917 2662899 12902017 1597288512902017 4897948 9006179  5860307 15972885  4564786  354109810821524 15972885
              64      16  645579 1780008  8182586 10821524 9006179 3541098 7100397  3958892  9318832  2892445   720041 7940539 10821524
              64      32  901377 2662899 12902017 2273779115972885 538965310821524  5860307 12902017  4897948  456478612902017 15972885
              64      64  926260 2662899 12902017 2273779115972885 528357010821524  5389653 12902017  5283570  401815212902017 15972885
             128       4  969421 3560017 10779307 14200794 9795896 4012317 9129573  4759253  8414153  3867787  3759450 9795896 12542043
             128       8 1093856 4267461 12542043 1588107812842051 303650210779307  6406138 16365173  4557257  455725711720614 15881078
             128      16 1142750 2920861 12842051 1636517314586625 560374710567140  6045455 15881078  4889281  493421612842051 15881078
             128      32 1123617 4596273 12542043 1588107812842051 554586010567140  6406138 14200794  5122535  560374711720614 15881078
             128      64 1172704 4759253 12842051 1077930714200794 578489111470204  6406138 14586625  4012317  747671712842051 16365173
             128     128 1172704 4717434 14200794 1636517312842051 578489111720614  5847904 12842051  5784891  578489112842051 14200794
             256       4  958864 3557725 10651598 11695808 9518507 4054829 9114515  4929815  9192546  3879045  3810220 9778562 11207494
             256       8 1099237 4281170  7735574 1416439512228612 499866510651598  4477549 11207494  4652146  360551112228612 13454450
             256      16 1213534 4652146 12090911 1435374412812277 542826511091721  4197489  8815202  3043436  490728412228612 14164395
             256      32 1168627 4840911 12812277 1516462413454450 524273411207494  6719046  6107548  5117791  545584712228612 14164395
             256      64 1152323 5022044 13454450  773557412812277 624974511695808  7120034 14164395  5540300  449629912812277 14353744
             256     128 1190657 4819184 12812277 1120749412812277 607300411091721  4264168 13454450  4332998  827191612228612 14164395
             256     256 1286217 4755158 12228612 1281227712090911 556903510245071  5687020  9114515  5687020  571730111091721 12228612
             512       4 1110496 3372274 10235583 11374040 9145790 3905895 8844453  4871723  8665997  3905895  3849877 9468384 10856530
             512       8 1147892 4030519 11683444 1343809211620224 491633610434519  6571132 10694336  4532414  444792511374040 13438092
             512      16 1258188 4305250 11620224 1387212212499490 534458211138071  6909408 11620224  4163357  4195896 8528336 12797441
             512      32 1264113 4494470 11943357 1352271112427157 588665010694336  7211022 15037801  4827914  469081811620224 13109944
             512      64 1204552 4340054 11434603 1352271112797441 576032910434519  7022379 14628067  5019764  501976410856530 13109944
             512     128 1227971 4784885 11138071 1249949011943357 574491910044089  6736026 13872122  5127637  556623110235583 12499490
             512     256 1296159 4340054 10235583 1162022411138071 4620174 6319739  5684095 10044089  4195896  6652558 9814569 11683444
             512     512 1261144 4340054 11374040 1113807111374040 5278892 8808176  4571003  8394979  5278892  4871723 7211022 11683444
            1024       4 1110727 2565989  4531485 11132462 8988941 3130886 6559147  4249053  7869040  3469823  3447541 7208671 10134284
            1024       8 1194770 3821805  8183918 1330511611132462 4270175 7472033  6569179  8822754  4374559  4374559 9381637 12348754
            1024      16 1286378 4044965  8610501 1267678511645609 4995276 8988941  6059442 11132462  4428688  4356809 9569770 12208350
            1024      32 1323236 4195100 10039528  457005812208350 5417427 8750850  6776473 11645609  4474829  435680910039528 11520658
            1024      64 1333507 4300102  8680108 1330511612790037 5751117 9743447  6559147 15516181  4550690  4531485 9946527 10662628
            1024     128 1347311 3294177  9402175 1282823810354166 5813392 7941793  6317933 15080341  4456258  4361233 7699755 12208350
            1024     256 1374474 4512441 11368190 1025527411645609 581339210662628  6519323 12313351  4762630  512033610796646  9832672
            1024     512 1374474 4451639 11398360 1136819011903823 569016210134284  3142339 11520658  4594502  628097610329265 11018226
            1024    1024 1349004 4783849 12492426 1203727212492426 5120336 9743447  5821271 10769573  5751117  566016710230845 10134284
            2048       4  977038 2848305  4983122 10713237 8643474 3126106 8190205  7286980  8229438  3657149  3465352 8059569 10131961
            2048       8 1118509 3436240  6649556 13301113 5107566 1552545 6261772  4934459  6498636  3543986  3630870 9841749  7754008
            2048      16 1161617 3675930 10240672  772611112204980 408110510401883  5345969 11835033  3984558  3702868 6780783 12488897
            2048      32 1280778 3885431  6759439 12805399 7999524 4444282 7059413  5416763  7609754  4112366  386445510339282  5293261
            2048      64 1416357 4540600  9944290 1112965913118295 536265710607402  6717153 10834854  4462754  3799501 6696208 12710657
            2048     128 1229274 3709263  3580921  468676711564174 2844532 4481379  5475461  8758039  3991965  3772800 6440169 12050878
            2048     256 1231389 3690142  6243566 11129659 7503399 4469720 8498106  5044577  7874853  3229534  3644736 7874853  7207495
            2048     512 1235107 3494960  9062970 10766950 7065219 4038890 8398403  4751580 11900619  3145567  3643190 7088541  9483197
            2048    1024 1187963 3224685  6167360  6503556 6248108 3915540 5475461  4441984  9990553  3150182  3991965 6738230  8600205
            2048    2048 1081337 2821176  4741090  4864597 5900467 3126106 4310472  3240499  1887563  3006831  3065856 4338776  4611288
            4096       4 1113637 2337777  4476482  5397712 5826043 2547125 4659824  5461198  6086096  3072878  3009363 5013377  5482110
            4096       8 1037506 2483786  4869845  6595451 5093643 2834585 5278308  6178018  6351609  3102848  3316701 4240052  6510471
            4096      16 1144119 2908979  5611025  4676314 6330545 3404782 5299475  5145513  6439700  3072878  3382659 5353976  4409837
            4096      32 1256039 2820623  4958393  6532752 6169144 3810292 5411313  5157871  6254490  3112404  2776856 5728903  6512939
            4096      64 1243133 3622300  7326777  7687410 6060333 3614679 4586428 10184853  5963564  2191643  3303309 5257310  6638778
            4096     128 1409016 3276846  4812550  5447345 3319264 1934930 4043458  5818150  5171846  2850103  2890868 3054847  3621537
            4096     256 1367627 3349029  4125010  4348447 4581535 2269226 4576653  5519094  8205092  2401165  2452583 4939858  4171080
            4096     512 1223392 1625987  5535098  5928578 6398924 4476482 5019235  5490871 10806269  3330202  3139133 5178081  5217395
            4096    1024 1380485 2028845  4153935  5910222 4520059 3849566 5038371  5910222  9571993  3005151  2809552 4565707  5360658
            4096    2048 1077053 2503330  3757786  4413235 4718699 2792200 4362802  3534366  3027393  2491350  3618486 4188367  4280194
            4096    4096  999247 2314159  3250804  4501111 3295704 1819553 4713521  1656241  3160500  2730948  2492796 5696610  3828122
            8192       4  940311 2695556  5110922  4699856 3270236 2555994 4548665  4404075  4037664  2368362  2826843 5044145  5703991
            8192       8 1054309 2834539  5622783  5997714 5504775 2754551 4907969  5936574  4181641  2835475  1678721 4203126  4955393
            8192      16 1143007 2951156  5312425  5479317 6445505 2959289 4971166  8393104  5319004  3555507  3180042 3629496  2871493
            8192      32 1314510 3223903  5519808  5761377 5396699 3100554 6022946  4368796  5653313  3155800  2465218 5649594  5788555
            8192      64 1321284 3041006  4757117  6410631 5880691 2811117 4813093  5614514  4793620  2261133  3171529 5842692  5110162
            8192     128 1253739 3070354  4528283  4108146 4259926 2977755 3973232  6850292  3080815  3091348  3998198 3990304  4723763
            8192     256 1203628 3512976  4095903  4715983 5761377 3272728 3882541  5523358  4879393  2713652  2557516 3211248  4304757
            8192     512  954124 3009575  4675554  4561346 5475825 3603989 4643957  9121717 10853394  2691123  2909178 4150325  5210911
            8192    1024 1213961 2835709  5088216  5417973 4867641 3541946 4617744  5133064 10922396  2483931  1886259 4387765  4100302
            8192    2048 1032388 2320693  3353214  3483062 3876846 2485548 3819104  2264859  2743335  2172905  2185761 3025209  3797996
            8192    4096  986758 2297879  3021750  2568797 3462355 1926663 3008258  2567070  2345886  2194556  2226120 3706629  3268991
            8192    8192 1036280 2091941  3908599  4164410 4832725 2583282 3616888  2824984  4464155  2003856  2345886 4218089  3097200
           16384       4 1039868 2237049  5317690  4126848 4627011 2143945 4109326  5578420  3543920  1915162  2700939 4539592  4386870
           16384       8 1080957 2575614  5437611  4969299 3784777 2631135 2938889  6745267  4412503  2754529  2982253 4437864  5178634
           16384      16 1244403 2815125  5628220  5696807 5297194 2820903 4023434  6863844  4378206  2679769  3149552 5742987  4828584
           16384      32 1296623 3171501  4758701  3879649 4539892 2054160 4151028  6665448  5300463  2606485  3319331 5874059  5929815
           16384      64 1123513 2799756  6129206  5069376 5590219 3564139 4363195  7907146  5585675  2488771  2620999 5392805  6843338
           16384     128 1141030 3480206  4249864  4863096 5047407 2636181 4698830  7282069  5481418  2799300  3227205 5605266  4051424
           16384     256 1145805 3263063  4893571  4930437 3853326 3647374 4963198  5724807  4459464  2783088  2920032 5160357  4120908
           16384     512 1120582 3481616  4343614  5746830 5398313 2586277 4864818  5628220  5137979  2341873  3321256 4866196  4571300
           16384    1024 1088421 3504521  6061091  4577695 6106874 3034132 4980103  7390140  9786581  1918959  2503368 3620662  3367808
           16384    2048 1007501 2238871  4500055  5126480 3635219 2552842 3769828  3224630  5271594  2211349  2220926 4370132  4232588
           16384    4096 1107399 2114327  2842960  2893109 2943042 1815583 3541728  2099150  4026499  2325626  2076003 2958500  2875315
           16384    8192  951334 2215841  3050970  3768175 3820974 2179024 3801317  2350604  3491877  2485081  2427666 3363522  3977556
           16384   16384  983367 2192721  3608116  3095359 3243809 2156391 3355311  2083115  3282076  2476037  2384535 3471065  3723662
           32768      64 1116193 3303201  5685920  5432411 5477662 3294649 5704800  8882613  4727080  2716141  3190926 4208069  4880505
           32768     128 1125932 3109210  5469378  5211191 5532121 2731580 4952968  6691346  4474535  2482424  3320278 5449427  4809626
           32768     256 1277494 3162947  4861687  5283511 4831606 2879158 5327337  5457650  4852418  2885020  3082848 4373720  4205237
           32768     512 1123236 2794280  5025777  5652480 4701370 2930417 5362047  5090556  4306432  2950485  3236995 5342870  5121667
           32768    1024 1128372 2811256  4779520  5127208 4832286 3087835 4396526  5479627  4185387  2219305  2536391 3942732  4356805
           32768    2048 1004943 2640020  3922478  4339473 3591409 2443541 3865552  3317953  5163421  2065545  2039583 4032027  4606201
           32768    4096  994055 2395500  3907978  3789140 3793113 2534847 3150477  2599229  3454298  1719667  1973483 3230603  3190629
           32768    8192 1038868 1849539  3555546  3359478 3487430 2121468 3153513  2359798  3941828  2127643  1915690 2988400  3261809
           32768   16384  973068 2356885  3599687  3577666 3133882 2111755 3483364  2248092  3748729  1941343  2950232 3725763  3790394
           65536      64 1154615 2634524  4797606  4999252 4504806 2800681 4705298  6515731  4759724  2571865  2920231 4889342  5109273
           65536     128 1128316 2963425  5230409  5166799 5255911 3328391 4943864  7800874  5202985  2682813  2633338 5326388  5347215
           65536     256 1148623 3145638  5075218  4550445 4415226 2517916 5001617  6660993  5232002  2885893  3200616 5388198  4310403
           65536     512 1119584 2801052  4247855  4447085 4557084 2998532 4367869  5269817  4539699  2889230  3022170 4260034  4564728
           65536    1024 1203710 2734102  4934900  4789580 4976534 3286644 5142922  5581299  5337247  2216153  2181487 5014665  4644321
           65536    2048 1028000 2397773  4282534  4329821 4308444 2589942 4397778  2793508  3606431  1627702  1699317 3737201  3571243
           65536    4096  981223 2000366  3221736  3260988 3603027 2312895 3238589  2497940  3623546  1592573  1881645 3176868  3128952
           65536    8192  966067 1885064  3787772  3317745 3665145 2136819 3515880  2068558  3372412  1771819  1729229 3239582  3236682
           65536   16384 1028289 2131665  3697338  3321474 3195481 2096819 3480577  2287145  3147007  1843385  1987507 3789338  3275327
          131072      64 1041238 2415184  4749518  4933607 4968609 2154445 5235779  6603133  4862651  2145097  2569386 5101677  4257257
          131072     128 1117160 2767796  5421130  5477793 5332423 2971334 5347933  6806452  5202335  2265765  2401636 5090764  5360814
          131072     256 1174142 2455266  4635150  4037340 4792035 2576757 5170483  5623996  4397947  2349255  2263843 4624506  4445531
          131072     512 1069888 2327109  4781574  5120781 4857581 2541779 4963181  5664560  4485832  2080510  2359357 4500779  4288306
          131072    1024 1050339 2505052  4640393  4225127 4413341 2806382 4685999  5951296  4323209  2069499  2088065 5144308  4716189
          131072    2048  947407 1865768  3541150  3681684 4048191 2079880 3612185  2941399  3698005  1404287  1447236 4266375  4204285
          131072    4096  988044 1981467  3099664  2811132 3253208 2240811 3483263  2220322  3247174  1294231  1626665 3432909  3058501
          131072    8192  974317 1861819  3193454  3263346 3311666 1842889 3286091  2622232  3222733  1673845  1545843 3082233  3162627
          131072   16384  897379 2047684  3143441  3261875 3287230 2148332 3293354  2451773  3159737  1734076  1663518 3692391  3396262
          262144      64  127482  131848  4778598  4946587 4946186  118933 4663318  7410665  4975868   161473   138611 4906216  4883640
          262144     128  141040  146693  4599739  5045093 4981075  127260 4651638  6651379  4588069   152991   148046 4656544  4788817
          262144     256  153058  129915  4349784  4836253 4948836  131624 4393305  5676427  4746151   159189   143172 4708369  4456718
          262144     512  148706  132891  4514654  4568795 4885376  140224 4553563  5601613  4340854   155775   156158 4740913  4759938
          262144    1024  157452  131133  4412080  4400003 4324447  150685 4903087  5591699  4553242   157743   156340 4407711  4596662
          262144    2048  148280  137942  4236323  4108391 4284944  151193 4256281  3226145  3628095   160591   150900 3820391  3884873
          262144    4096  152143  133465  3138477  3178194 3217554  153885 3284312  2374622  3324129   155703   155029 3343334  3394593
          262144    8192  147312  136756  3323235  3353337 3345470  154738 3404684  2370521  3492366   171902   155871 3491523  3180557
          262144   16384  156960  117437  3380192  3203753 3175963  130664 3471373  2289848  3381200   190236   183575 3305680  3281763
          524288      64   60613   70665  4825733  4895990 4585054   26968 4776417  6545008  4576456    81423    75744 4308390  4763783
          524288     128   75299   64363  4839550  5098985 4658189   47629 4895815  7590801  5233516    74874    78382 4847648  5325532
          524288     256   77400   72266  4714868  4560814 4972243   54136 4491415  6270475  4990036    75137    78359 4886644  4688850
          524288     512   79039   75194  4514124  4502948 4598371   56793 4898193  5522994  4400116    80851    77298 4609688  4609011
          524288    1024   79555   72012  4672879  4830631 4384631   58413 4203855  4457213  4338874    77722    77712 4455470  4719786
          524288    2048   76283   72507  4164155  3676043 3619548   61524 3706315  2777878  3695316    80338    75667 3268198  4132346
          524288    4096   77180   74833  3342713  3249806 3289297   76815 3339859  2239112  3329639    81879    81582 3248942  3378451
          524288    8192   79001   73627  3218429  3230381 3305306   65487 3297614  2287847  3336925    83752    82258 3240406  3258894
          524288   16384   78690   69050  3310626  3416532 3507880   75929 3407875  2357653  3601869    86410    82967 3462609  3367983

iozone test complete.
