	Iozone: Performance Test of File I/O
	        Version $Revision: 3.420 $
		Compiled for 64 bit mode.
		Build: linux-AMD64 

	Contributors:William Norcott, Don Capps, Isom Crawford, Kirby Collins
	             Al Slater, Scott Rhine, Mike Wisner, Ken Goss
	             Steve Landherr, Brad Smith, Mark Kelly, Dr. Alain CYR,
	             Randy Dunlap, Mark Montague, Dan Million, Gavin Brebner,
	             Jean-Marc Zucconi, Jeff Blomberg, Benny Halevy, Dave Boone,
	             Erik Habbinga, Kris Strecker, Walter Wong, Joshua Root,
	             Fabrice Bacchella, Zhenghua Xue, Qin Li, Darren Sawyer,
	             Vangel Bojaxhi, Ben England, Vikentsi Lapa.

	Run began: Sun Oct  6 08:08:33 2013

	Auto Mode
	Command line used: iozone -a
	Output is in Kbytes/sec
	Time Resolution = 0.000001 seconds.
	Processor cache size set to 1024 Kbytes.
	Processor cache line size set to 32 bytes.
	File stride size set to 17 * record size.
                                                            random  random    bkwd   record   stride                                   
              KB  reclen   write rewrite    read    reread    read   write    read  rewrite     read   fwrite frewrite   fread  freread
              64       4  492717 1188789  3203069 1290201710821524 3958892 2801873  4988978  4564786  3363612  2467108 4274062 10821524
              64       8  763021 1421755  6421025 15972885 9318832 3541098 3203069  5735102  5389653  2358717  3022727 4018152 15972885
              64      16  695778 1484662  6421025 1290201710402178 4564786 3203069  5735102  4274062  4274062  3203069 3541098  9318832
              64      32  743988 2662899  7293312 1290201710821524 4564786 4274062  4564786  7940539  2923952  4018152 5389653 15972885
              64      64  983980 1452528 10821524 1290201712902017 5283570 3791156  5283570  3203069  4274062  2133730 5860307 15972885
             128       4  814915 2558895  5784891 10779307 8036304 4012317 4889281  4934216  8548124  3657016  3277486 5325799 11720614
             128       8 1000121 1997245  3785961 1588107814200794 5122535 3657016  6727225  5847904  3445772  3277486 6114306 12842051
             128      16  656477 1561553  4135958  803630412842051 5325799 4934216  5545860  9795896  3657016  3124872 5379161 10779307
             128      32  907174 1997245  4557257 1588107814200794 6114306 3297617  6727225  4557257  5325799  2464907 3867787 10567140
             128      64  919605 2286447  7582312 1801235915881078 6114306 3759450  6727225  4444086  3759450  2608629 3759450 16365173
             128     128 1162547 2248149 11470204 1863766414200794 6114306 3759450  6114306  4135958  6114306  3199360 5784891 16365173
             256       4  735537 2325094  5320671 12228612 9868433 4404088 5455847  5569035  4281170  4197489  2692393 5687020 11091721
             256       8 1108314 3935921  1581810 1516462411207494 1487577 5687020  6891544  8815202  3935921  3557725 4755158 14164395
             256      16 1062263 2557711  5569035 1416439513454450 5841722 5217259  6761355  5569035  4819184  3087188 6554972 14164395
             256      32 1128110 2849590  5242734 1607260814164395 6107548 4496299  6719046 11695808  3557725  2872459 6719046 15164624
             256      64 1137672 3994490  6398720 1607260814953435 6398720 5428265  7571923  5217259  5841722  3756894 4332998 15164624
             256     128 1066483 2975955  8815202 1607260814164395 6398720 6249745  6761355  5455847  4281170  6249745 4496299 13454450
             256     256 1280084 2480886 12812277 1435374413454450 5217259 5117791  5810112  6249745  5938650  4422226 5810112 14164395
             512       4 1120344 3239989   341314   589999  319195 3012719 5278892  5453155  9468384  4163357  3437042 5509113 11138071
             512       8 1180062 3284589  6414119 1310994411943357 4827914 5870558  2572435 10434519  4742616  3437042 5968453 13190469
             512      16 1236455 1890713  6652558  327957312797441 5624545 5951911  7211022  2860238  4973263  2132967 6174377 13872122
             512      32 1309596 4131319  6551087 1462806713783088 5822804 5951911  7211022 13783088  5227492  3325278 5278892 13872122
             512      64 1190529 3795443  5566231  4916336 9638369 5384786 5639315  7309196  9859630  5699180  4038098 4732165 14628067
             512     128  429857 3415178  7022379 1378308812797441 6086873 1759070  6652558 10235583  4375425  1999881 3487274 12215097
             512     256 1264113 1753325  2815243 1249949012215097 5509113 2360376  5509113  7211022  4262523  3849877 5067142 10911694
             512     512 1388334 3795443 11683444 1214600911620224 5127637 5509113  5509113  5344582  5115422  4091959 5384786 11374040
            1024       4 1003777 2877110  5853003 11903823 9381637 4178773 4146499  5564829  6787181  4064103  3229770 3709575  8183918
            1024       8  994020 3544270  6317933 1404475812071103 5089995 3355952  6819511  7869040  4433259  3643490 5444898 11368190
            1024      16 1317553 3631168  3092561 1364323212639479 5363307 3130886  3170172  8750850  4854136  2723840 5885083 12173747
            1024      32 1426043 3121783  6025439 1330511613472053 5782087 6093831  7699755  7369466  4949226  4130547 6093831 11132462
            1024      64 1428415 3003881  6479979 1482016113998981 5983467 6059442  8122014 13643232  4550690  2782064 6280976 14044758
            1024     128 1430318 4099011  6235382 13998981 5925680 5630486 5917516  7883484 10230845  5479632  3937426 6137371 13472053
            1024     256 1014685 4146499  6874084 1279003712639479 5983467 5572049  6650556 10255274  4415030  5018624 5983467 12639479
            1024     512 1471481 4162573  6650556 1294422412790037 5277632 5630486  3518141  4287225  4199201  4876180 3057339 11903823
            1024    1024 1395010 3999762  9240349 10039528 9655828 4805258 3345496  4720752  5417427  5390231  4270175 5444898 12208350
            2048       4 1206823 3061485  5670651  8903279 6608629 3034448 5044577  4796687  4842658  3210223  3185225 5277002 10131961
            2048       8 1127168 3117032  4741090 12710657 5503525 4301837 5389574  7165410  7135648  3384788  3209024 6132138 11564174
            2048      16 1415424 3189957  5209791  4948672 7207495 3346546 6080053  4923146  5447681  3210223  3887189 6243566 13574363
            2048      32 1146577 3219850  5264067  905341812882215 3598924 5020987  7425563  6075753  3922692  3710866 5900467 11320334
            2048      64 1432179 3812993  3548378 1328054814539356 5280246 5107566  7670915  5564129  4490751  3458376 4481379  7589584
            2048     128 1467911 3766184  4376355 12979541 7609754 5970183 6020395  8190205 10660056  4818211  1856558 4188565 12345306
            2048     256 1343057 3857514  5107566 1078046312805399 5735012 3664951  6649556 11440955  3287628  4056054 5306340  6321679
            2048     512 1506793 4023754  6873016 1185136112805399 3592903 5708334  6024617  6340344  4267642  3704465 4500161  9752360
            2048    1024 1118509 2781889  8059569 1196693511380325 5184636 3999400  6024617  4897882  4023754  4500161 3362265  8325147
            2048    2048 1017908 3374151  3395491  5306340 6945257 4138120 5264067  4170264  4301837  2230685  2512554 5095447  6568203
            4096       4 1137151 2482709  5689064  6555186 6461498 3105653 4297324  5454263  4249491  3018351  2723588 4952675  4954103
            4096       8 1162938 2763900  5565581  5519094 6714018 3365430 5468151  6330545  4664886  2367741  3521326 5719367  7209932
            4096      16 1119078 2737912  5971855  7286380 6389405 2944881 4638436  7135072  5447345  3879120  3781775 3540193  6361016
            4096      32 1307368 3396704  5988509  7431363 6342230 2972395 2828983  7038605  4746074  3973321  2716268 6178018  7558881
            4096      64 1534628 3365430  4911613  5875858 8712759 4752639 4476482  8028705  5851841  2801763  2852469 5114874  5238075
            4096     128 1451884 2794017  5190597  5883908 7209932 4481152 4361695  8158335  4511750  3077282  3081698 5192166  3778448
            4096     256 1526583 3462422  5527974  4851966 5535098 3602551 4851966  6471234 11539362  3136268  3091124 5618365  5306022
            4096     512  596734 2649658  5312585  5969780 6439700 3856480 3042943  3628421  9267351  2701744  3427880 3919833  5050220
            4096    1024 1087071 3093350  4253700  4904602 4939858 3042943 3957760  6451792  9042961  3119752  2274332 4019805  6103394
            4096    2048 1352340 2348643  3567392  4338563 3165159 2761679 3849566  3500519  3486312  2153457  2779102 5127086  5382492
            4096    4096  919210 2151300  4556020  4654774 4556020 2471992 4307020  2734426  3589754  2609016  1338954 1497181  3785942
            8192       4 1038158 2836645  4867641  4923441 3783776 2274906 4112571  4967573  4409161  1888021  2280643 4581417  5234728
            8192       8 1225610 3279600  4757117  6150158 6022946 2720743 4847725  6022946  5123879  2882333  2675199 4035293  4253071
            8192      16 1251866 3511540  5136133  6395120 4835445 2957252 4821874  7203592  5133064  3278348  3069531 5884720  6370221
            8192      32 1247639 3597574  4862131  5626466 5450634 3371310 4260454  7049878  5224380  3249514  2734384 5188093  5450634
            8192      64 1229645 3657312  5732541  5988306 5657036 3362731 6014511  7392679  4503947  1903818  2802404 4566196  5553712
            8192     128 1479759 3745826  5621863  5075439 5375591 3414528 4538452  6809564  4992112  2954201  2808589 4998648  4835445
            8192     256 1279034 3751142  3987989  4313404 4334079 2909917 4322629  6321001  4620228  2824984  3336607 4382728  5053790
            8192     512 1386154 2777935  5047109  5626466 6160081 3908154 4454317  7044097 10721317  2647576  2660492 4710810  5846669
            8192    1024 1335094 2646965  4231596  4592439 4905866 2652072 4584473  5557305 10447482  2308221  2243270 5319828  3728753
            8192    2048 1137445 2191057  4503356  5406890 4765695 2972345 5076189  3728753  4416529  2802633  2162104 4490996  4678737
            8192    4096 1106743 2076517  4343393  3680031 3239099 2697461 4192356  2819883  3158120  2111352  3079711 3038585  3571028
            8192    8192 1199761 2196801  3785443  4126896 3932757 2155322 4098346  2732426  2879434  2473559  2548789 3129072  2267399
           16384       4 1045754 2328936  5416182  5516621 4593300 2425866 4764309  5444935  4387710  2407593  2808796 4123876  4245663
           16384       8 1296623 2401619  5362924  6077171 5246239 2571181 5247842  7420464  5197828  2763835  2732079 5111989  5041483
           16384      16 1328251 3410598  6182697  5281723 5732448 3251483 5153778  6925407  5651363  3406202  2903377 4476312  5931862
           16384      32  782131 3370616  5678917  5259490 5077241 2927870 5947263  7743209  6081474  3289932  2840961 5145674  4616443
           16384      64 1290172 3055583  5131457  6178250 6079322 3496319 6077171  7688629  5214393  3201793  3073348 5618556  6152804
           16384     128 1289276 2859759  5356236  5514850 5342079 3198812 5129541  7721458  3564693  1828141  3522665 4884875  5211229
           16384     256 1318642 1574156  5734840  5030411 5293930 3169015 5503807  6139062  5426876  3009549  2439559 5035203  5655548
           16384     512 1272658 3142351  5523715  5541086 5578420 3401987 4419598  4490058  4895314  1600628  2439472 4194609  4523456
           16384    1024 1284000 3437726  6106874  5968960 6120472 3047588 4981547  5616719 10562792  1906448  2673201 5853544  5944691
           16384    2048 1158945 3014434  3213772  3180749 3481616 1913988 5064519  4138529  3559339  2100497   503735 3431888  5163459
           16384    4096 1187155 2634059  3549412  4386590 3868728 2710420 3003499  2791680  3024517  1818417  2247438 3763016  3061300
           16384    8192 1149504 2655845  3583468  3245648 3585899 1712173 4265427  2724821  2793610  1843392  2940901 2845903  3153165
           16384   16384 1059834 2422958  3520500  3571177 4038329 2601452 3305282  2662740  2816048  2371697  2085327 2862857  2520631
           32768      64 1350700 3527258  5737666  5627253 5608195 3068806 6317346  8647872  6371526  2916859  3552054 3487430  5155480
           32768     128 1182364 2512328  6121510  6316184 5437784 3204317 4935714  8348452  4624334  2961931  3120505 5418703  5207045
           32768     256 1422221 3464922  5322180  1582927 2214371 2221099 4299158  6368868  4384884  2752202  2909634 5239401  4373164
           32768     512 1422707 2958742  4474098  4515996 4643395 2168189 5903023  5774065  4493112  2365566  3135384 4351701  5921079
           32768    1024 1400340 2886293  5076454  4450338 4521047 3084924 4832286  5699832  5923376  2085669  2786406 4608055  5342870
           32768    2048 1082129 2282553  3338262  5050710 5096030 2134449 3711776  4102679  5231224  2178741  2279033 3836954  3782049
           32768    4096 1175246 1938003  4384184  4339473 4289497 1910232 3212931  2474558  4013190  2201566  2317422 1277802  3472977
           32768    8192 1067190 1933885  4169010  2921013 3120505 2209885 2812464  2707633  3502271  2141267  2476430 2713674  2786180
           32768   16384 1100376 2198010  2850141  3933704 4076153 2634504 4240136  2866607  3461693  2165934  3253701 1838530  3131455
           65536      64 1243162 1562385  6272628  5673106 5611836 2609836 5643289  3083325  5164372  2999350  3258901 6237895  6217718
           65536     128 1397178 3041263  3855078  5901478 5802685 3416168 5665739  7673051  4417355  2961382  2573261 5102539  4559352
           65536     256 1402203 3438045  4887864  5445951 5506389 3235692 4426032  3794831  4867179  2856325  2453898 5068199  3760824
           65536     512 1376200 3135377  4997797  5171271 5293258 3506641 4512867  3489103  5707265  2921659  2446386 5197181  2776830
           65536    1024 1447542 3245012  5969791  3906080 4483278 3464957 5170881  6524856  5693788  2265711  2523440 4556555  5720687
           65536    2048  753519 2030360  2755231  3620587 2872383 1917157 2998009  3529877  2843207  1434114  1845303 4882395  4466450
           65536    4096 1224216 1773408  2682264  2753741 2980003 2211517 4040432  2755811  3571428  2044556  1974686 2814762  4083286
           65536    8192 1126840 2058412  2403833  4109598 4114765 2508174 3869840  2285396  4008555  1926226  1504533 2668852  2911416
           65536   16384 1127987 2026722  3450517  3370675 3945098 2435914 3835016  2295492  4154380  1620018  1627018 2762652  3633221
          131072      64 1217101 2531712  5810708  5866577 4663974 2958877 5303308  8289466  5819689  2727994  2452878 4343430  3365821
          131072     128  801359  903452  5677019  5629755 5632178 2482754 5898300  8060958  5631485  2833737  2763650 4895691  5753604
          131072     256 1302603 2793165  5442059  5455669 5270918 3023363 5490157  6777586  5509303  2793520  2659309 4984105  5544251
          131072     512 1368154  319038  5357053  5587755 5417070 2936670 5252136  6638215  5549680  2727831  2179012 5429429  5451071
          131072    1024 1274722 2903816  4118644  5461142 5198596 2886921 5478940  6678861  3620391  1662421  1770260 4708877  5511347
          131072    2048 1082354 2341530  4854364  4774763 4944033 1945874 4657652  3309652  4808928  1609073  1888917 1656266  4701266
          131072    4096 1152615 2266082  4080825  4086680 4142072 2367883 3908379  2996208  4139453  1793886  1630796 2237300  3412283
          131072    8192 1138904 2253838  3952978  3966097 3779668 2259591 3995614  2439674  4034970  1912255  1969612 3916928  3557304
          131072   16384 1110571  895814  3845903  4120866 4040070 2268270 2791846  2846354  3986140  2038512  1911616 3988193  4162205
          262144      64  119351   97448  5628193  6027535 5627589   78524 5490480  7729659  5704849   112194   117141 5311398  5139494
          262144     128  113810  118344  5281547  5742210 5366303   88150 1496026  8037788  5642114   114905   117346 5295181  5016139
          262144     256  117266  109587  5293371  5727434 5567012   94954 4626545  7208456  5406703   118778   113696 5098006  3715196
          262144     512  114289  111292  4993109  4845909 5410508  111067 5117892  7016675  5465535   116481   121530 5295640  5422141
          262144    1024  119176  113303  5232311  5654068 5896301   82007 4601048  4322305  4866241    80589    77414 3079659  4767038
          262144    2048  112337  100452  2946766  4665059 4521282  102269 3938053  2961409  2973133   103734    93533 4128709  2749254
          262144    4096  109838   76065  2925417  3409869 3132468   79704 3710870  2607932  3897528   113408   106946 2958039  2713705
          262144    8192   79046   75740  3835771  3996395 2968221  119714 3720148  2684034  4014210   124343    99011 1256839  2751449
          262144   16384   74822   69738  3795059  3813328 3758335  123004 1898712  2212017  3901193   146128   151174 2049168  3822848
          524288      64   16821   60781  5711632  4905152 4992268    9149 4955324  8287698  5932678    82171    78486 3187397  5904673
          524288     128   71339   47447  5694505  4697243 4340990   21202 4899699  7600009  5538169    72660    80011 5679269  5759835
          524288     256   48998   68933  5127317  5111466 5467938   28644 5171667  6958960  5393850    59454    77364 3951106  4261294
          524288     512   41950   45823  5329107  5574743 5532735   34972 5412010  6996088  5522134    44275    80171 5418878  5444773
          524288    1024   70814   71690  5095358  3366364 3585390   40569 4279722  6652220  5426299    75154    58776 4275719  5476053
          524288    2048   40573   49906  4287006  4241126 4423545   60118  977498  3283448  4453386    76502    78832 2459172  2556317
          524288    4096   45330   75635  3832427  2946860 2560562   46292 3536511  2622277  3919060    77826    42913 3728985  3555604
          524288    8192   73780   37604  2553628  2677080 4043654   91100 4072327  2772543  3607470    82622    84330 3889723  3900811
          524288   16384   90242   82273  4046868  4055818 4045618   91183 4040318  2816253  4124123    94260    85840 4002162  3988225

iozone test complete.
