	Iozone: Performance Test of File I/O
	        Version $Revision: 3.420 $
		Compiled for 64 bit mode.
		Build: linux-AMD64 

	Contributors:William Norcott, Don Capps, Isom Crawford, Kirby Collins
	             Al Slater, Scott Rhine, Mike Wisner, Ken Goss
	             Steve Landherr, Brad Smith, Mark Kelly, Dr. Alain CYR,
	             Randy Dunlap, Mark Montague, Dan Million, Gavin Brebner,
	             Jean-Marc Zucconi, Jeff Blomberg, Benny Halevy, Dave Boone,
	             Erik Habbinga, Kris Strecker, Walter Wong, Joshua Root,
	             Fabrice Bacchella, Zhenghua Xue, Qin Li, Darren Sawyer,
	             Vangel Bojaxhi, Ben England, Vikentsi Lapa.

	Run began: Sun Oct  6 08:08:34 2013

	Auto Mode
	Command line used: iozone -a
	Output is in Kbytes/sec
	Time Resolution = 0.000001 seconds.
	Processor cache size set to 1024 Kbytes.
	Processor cache line size set to 32 bytes.
	File stride size set to 17 * record size.
                                                            random  random    bkwd   record   stride                                   
              KB  reclen   write rewrite    read    reread    read   write    read  rewrite     read   fwrite frewrite   fread  freread
              64       4  481234 1249666  3203069 1597288510821524 4274062 2772930  4564786  4274062  3363612  1518251 4897948 12902017
              64       8  727850 1421755  6421025 2096219115972885 5389653 4897948  4564786  3958892  4564786  3541098 3588436  4564786
              64      16  727850 1526887  5389653 3048429715972885 5389653 4897948  4274062  4988978  3738358  4564786 3541098  4564786
              64      32  874936 1648808  9318832 2273779115972885 5860307 4564786  4988978  3363612  4897948  1947927 5283570 12902017
              64      64  831569 1599680  5283570 1290201715972885 5735102 3203069  4564786  3406295  4564786  2133730 5283570 12902017
             128       4  735635 1778862  4012317 14200794 9795896 3277486 4596273  4444086  3124872  4012317  2211113 5784891 12842051
             128       8  853794 1727352  4407601  997795614200794 5379161 4104338  6406138 11720614  2784517  2770150 5847904 15881078
             128      16 1076312 2511022  5784891 1077930712842051 5784891 5847904  7082197  4267461  4267461  3468030 5545860 11720614
             128      32  864797 2409592  4596273 1863766415881078 6406138 6114306  6727225  4759253  5325799  5122535 6727225 15881078
             128      64  895074 2905056  7476717 1801235915881078 6406138 4596273  5325799  4759253  3982553  3785961 5784891 18012359
             128     128 1172704 2367096 12842051 1636517314200794 4135958 1852520  5545860  6114306  6406138  4889281 5545860 14200794
             256       4  924200 2486631  3605511 1281227710651598 3879045 5320671  5569035  7518900  4197489  2639446 3511189 11695808
             256       8 1067543 2726577  6398720 1516462411207494 1549845 5687020  6936061  9434868  4652146  3236056 6073004 14164395
             256      16 1169901 2692393  5540300 1024507113454450 1497953 6249745  7120034 10245071  4652146  3159869 3879045 14164395
             256      32 1213534 4332998  6936061 1516462414164395 6249745 5687020  6761355  8815202  4332998  4264168 5347168 14164395
             256      64 1163562 2943325  7120034 1607260814953435 6554972 4332998  7518900  7314033  5971678  4572895 6554972 14953435
             256     128 1185399 3326279  8534922 1607260814164395 6554972 4819184  7314033  8271916  4350555  6398720 6249745 14353744
             256     256 1292410 3454704 12812277 1416439512812277 6073004 5810112  5938650  6073004  6107548  4496299 4264168 11695808
             512       4 1019791 2811557  2196227 11620224 9859630 2141475 2381315  2449212  7435738  3941742  1842059 5509113 10856530
             512       8  997991 1910902  6491676 1387212211138071 5278892 5951911  6571132 10044089  4690818  3788747 5951911 13783088
             512      16 1316016 3963567  6652558 14628067 2815243 1712772 6035551  2796910  8394979  3913012  2722449 2124526  9145790
             512      32 1475116 3604335  6395018 1514384613872122 6395018 6395018  7513788 10044089  5384786  4650188 6156675 14628067
             512      64 1347393 3527371  6999490 1558341714628067 5951911 5951911  7758090 11138071  5278892  4571003 2189509 13783088
             512     128 1230786 4000485  7115451 1462806713783088 6472112 5278892  7435738  8394979  5886650  4163357 5453155 14240069
             512     256 1387437 4099771  8265729 1310994412797441 6104175 5227492  5968453  8109658  4411377  6035551 5951911 13109944
             512     512  793657 3815675 13109944 1343809213109944 6018636 5807059  6086873  5807059  1829505  4827914 6018636 13522711
            1024       4 1054547 2867506  5991815 12037272 9855234 4126579 4609294  5682634  6479979  3891053  3210456 5417427 10662628
            1024       8 1256277 2985091  6317933 1347205311936907 4876180 5885083  6918376  9142007  4720752  4018473 3671521 13472053
            1024      16 1200447 3808251  6441107  628097613102174 5390231 5991815  7257394 11773301  4304412  4003490 6208343 13818817
            1024      32 1282920 3401130  5789881 12983353 9569770 3101494 5444898  7941793  7941793  5444898  4470172 6172653 12492426
            1024      64 1397280 3447541  6199382 1404475813643232 6163794 5690162  7699755 10134284  4805258  4451639 5950309 13818817
            1024     128 1404591 3863055  6402699 1326402612983353 6163794 5983467  7826025 12037272  3680961  4178773 3324778 12208350
            1024     256 1378002 4064103  6519323 1124909111368190 5536137 4805258  6364746  9946527  5071963  4110780 5789881 12173747
            1024     512 1270397 2398343  7420395 11520658 4614246 5336651 5821271  6128613  5390231  3112733  5782087 5682634 12313351
            1024    1024  916004 3659010  4356809  5144870 6172653 4507705 5660167  5720477  5330028  5472650  4396951 5089995  9743447
            2048       4 1054651 2963266  5430461 10945301 9708272 3848872 4356379  5904523  4948672  3210223  2398213 4104506 10037248
            2048       8 1403858 3240499  5804771 12805399 7368238 3194702 3848872  7286980  6829301  3604966  2373693 5719737 12882215
            2048      16 1369174 3103517  3489282 12654482 7444871 4971585 5596757  7582884  5816563  3730203  2921939 5868220 12118884
            2048      32 1177702 4154130  6075753 10339282 6759439 4432815 4572018  5655716  4842658  3425279  2909075 4886737  8292998
            2048      64 1337619 4240255  5212953  886651911706006 4864597 4414590  7582884  4376355  4543002  2888532 5306340  5095447
            2048     128 1394061 3977179  6207471 1211888413639023 4785996 5159722  6732948 14970110  3548378  3812993 4911886  7419150
            2048     256 1316100 4079167  5816563 1072661512561952 4572018 3779440  6845629 11579763  2860636  3536690 4540600  6321679
            2048     512 1469167 3671217  4720248  7556202 8198022 4356379 3850597  6503556  6303124  3482209  2797290 5416763  7782107
            2048    1024 1437211 3710866  7817519 1211888411502234 5293261 4934459  5044577  7419150  4490751  5238385 3953383  5531879
            2048    2048  932188 3390131  6922868  4562305 6080053 2398213 4257067  4031308  3894239  2824887  2981782 2300584  3357009
            4096       4 1212171 2998333  4485833  5038371 5404504 2523925 3931494  3399392  4244242  2784507  2659502 5278308  4807163
            4096       8 1210036 2824797  6041154  6661947 8625273 3330202 4801789  7301864  5113352  2712408  2205712 5988509  7355007
            4096      16 1290864 3187474  6105563  6401308 8888565 3559262 4128976  6861502  3716329  2451183  2919360 4576653  6234064
            4096      32 1492240 3204717  5681538  5424983 7434579 3634562 5139356  8096815  6339889  3225172  3368730 5389246  5504946
            4096      64 1190417 2270425  5996870  5657217 6815229 3871253 5127086  8127459  6562698  3543844  3222752 5603704  5396016
            4096     128 1371777 3327622  5563779  5902100 6572741 3577048 5810280  8308260  7351860  4016047  3227596 4935601  5512011
            4096     256 1211829 3911800  5520868  5719367 5483860 3809447 5618365  5777065 13207098  4153935  2931815 4713521  6330545
            4096     512  934968 3973321  4112175  5843879 6169144 3416292 5087609  6024207  8981502  2614177  3821310 4505833  4132949
            4096    1024 1165226 3052133  6391782  6724530 5375755 3864287 4958393  5581856  5953231  3416292  3839243 4491697  5139356
            4096    2048 1090245 2335234  4028288  6160296 5069594 3522048 3949571  2678994  3456849  2260566  3232454 3988078  3615440
            4096    4096 1084464 2287049  3633793  4551192 4275933 2987384 4298399  2761679  3599532  1965478  2188015 3834958  4452120
            8192       4 1196794 2360876  4986316  5557305 4934754 2403652 5265210  4919916  4838850  2786269  2479450 4406334  4807705
            8192       8 1227098 3251975  5545644  5424817 5197511 2771213 5139206  6277120  4057211  2675407  2639238 4196965  4681287
            8192      16 1251228 2159793  6321001  6296676 5906977 3389267 4568624  7735533  4765695  3152036  2984220 4838850  6000856
            8192      32 1310499 3127933  5382328  5483690 5472336 2774122 5797345  8307870  6286308  3670204  3540486 6068689  5765244
            8192      64 1288048 3101953  6301295  6490555 6770651 4118487 5442863  8401313  6122759  3647218  3347986 5149219  6229323
            8192     128 1304231 3038585  5088216  6164502 6244039 3967268 5576245  7353127  5069448  3112349  1991775 5966469  6182248
            8192     256 1567305 3108970  4855947  5244315 5400092 3698649 4748571  7373641  4325349  3048831  3701837 5421393  5760412
            8192     512 1404455 3206154  5333039  5464503 6182248 4273171 5319004  6219175 10139188  3546333  3479888 5389081  5158495
            8192    1024 1134179 2318032  6248582  6310553 6254268 3583691 3986138  5638469 11488455  3556980  3421669 4819168  5343822
            8192    2048 1130224 3088014  4173008  3410461 3915726 2677075 4688953  3607395  5257958  2678118  2619719 3674914  4617744
            8192    4096 1343604 2131126  4120462  4229512 4467057 2926772 3385260  2715153  3402019  2072384  3154351 4143318  4332439
            8192    8192 1082305 2083948  3563251  3466896 4049561 2584253 3577348  2742678  3540486  2245029  2685864 3369657  3368665
           16384       4  971083 2356408  5305783  4513652 4548607 2423300 4338951  5400434  4659956  2393589  2655845 4268872  3888870
           16384       8 1157131 2747591  5514850  6320888 5409361 2629423 5674696  7163647  5171619  2803525  2805929 5064892  5178244
           16384      16 1240920 3469838  5342079  5439763 5259892 2956972 3209419  1722646  5389845  2751772  2962709 5370049  5428590
           16384      32 1430052 3457965  5136059  5352898 5414049 3033462 4517212  7062054  5964297  2169805  2920032 5779211  6272425
           16384      64 1348265 2859284  3700204  5140669 4936458 2922640 4744900  7880849  5661139  3275349  3117263 5832677  6085782
           16384     128 1261490 3577312  3411783  4908602 4972175 3022389 5572539  6182697  4067491  2429468  2094033 4930437  5550036
           16384     256 1389540 2826356  3585899  5051860 4764309 3347139 4670408  6035009  5574800  3003499  1306011 5673291  1789066
           16384     512  738610 3094801  2866798  5193114 5698696 3058983 5188409  4805959  4556146  2244721  2789188 3420444  3511505
           16384    1024  771047 1908460  5910434  6036599 5975188 3159253 4464389  6466008 10908189  2316766  3005206 4756066  4216227
           16384    2048 1290487 2292727  4154040  5072743 5275236 2528421 3164054  2264844  4719159  2260151  2131378 2945692  3954666
           16384    4096 1110244 2227549  4011924  4459464 4453395 2725254 3069367  2639219  4422158  2080025  2208649 2925751  3148254
           16384    8192 1228827 2273988  4422158  4427001 2532708 2424753 3724470  2082609  2775557  1908672  2911126 4384351  4385470
           16384   16384 1213014 2098317  4436432  2773652 2853347 1518031 2778811  1921427  4256708  1932069  2489943 3567099  3667032
           32768      64 1048881 3036868  5709777  5496061 5660395 3529523 6301704  7195453  5100758  3004011  3167467 5440367  4377342
           32768     128 1463053 3486722  5241399  5335196 5342870 3614455 5114425  7661544  4348122  2731580  3583917 5646674  5777949
           32768     256 1268251 3649002  4741431  4570055 4746179 2190653 4256155  6291895  3059855  3334779  3063265 5462205  5781351
           32768     512 1386832 2765715  5610026  5702670 5817077 1576753 5728817  6778804  5107203  2713942  3215412 4124966  5688979
           32768    1024 1437949 3135098  3875143  6026753 5941814 3816921 5037382  6846681  4633532  1941452  1632275 3705971  5915727
           32768    2048 1113462 2808843  3782049  3816391 4062538 2757116 4280013  3843822  2789969  1261187  2370380 2845420  2830652
           32768    4096 1227639 2294519  4406675  4423980 4258925 2744617 3478955  1796404  4153136  1989567  1614501 2487681  3156555
           32768    8192  737437 2616648  4240136  3446329 3381297 1492720 3028169  2239009  2205558  1444858  2255212 2299971  2312315
           32768   16384  859897 1004503  4259453  4403710 4309808 2688302 4126948  1599060  2769394  1890707  2505961 2930167  4372051
           65536      64 1288710 3152132  5941532  6009205 5723665 3409769 5790950  7711151  6312530  2909074  3360989 4718220  6517122
           65536     128  885549 2745078  6115082  6345463 6050873 2989206 6065426  7650627  5544038  2767799  3446537 5250891  5787901
           65536     256 1263976 2951810  4537226  5494722 5303574 3658560 5262653  7449708  5232898  2671134  3506283 4502371  4838053
           65536     512 1428391 3196745  5164372  4135006 4245100 3193328 5342849  4200212  5309208  2289946  2787587 5598008  5424778
           65536    1024 1179380 1807993  5754339  5850980 4180410 1814952 4363847  3414046  5399205  2489705  2379569 5359935  5962669
           65536    2048 1028566 1923059  2063279  2984727 2210930 1324471 2470994  1599654  2708322  1582078  1793448 4578794  3143840
           65536    4096 1217983 1985698  4132395  4037939 3014117 1754930 3934651  1744738  3998293  1654866  1460572 3894899  3188476
           65536    8192 1004212 2253489  3919391  3184597 3769902 2486844 2724184  1926563  4011012  1786060  1647210 2898522  4256999
           65536   16384 1251402 2621234  4192972  3088834 3603831 2462736 2680511  2386428  4060486  1817424  2364646 3519301  3706561
          131072      64 1164989 2966781  6029623  6192840 5732964 2960342 3199141  7884425  5299269  2774305  2337448 2143976  6073186
          131072     128 1359950 2854542  5790938  5887940 5347257 2996192 5403918  7730648  5744706  2846782  1678086 4376381  5907109
          131072     256 1320652 3180963  5349026  5476593 5316900 3053235 5596116  6777586  5192851  2579949  2679973 5110451  4535497
          131072     512 1282555 1768921  5441197  5576136 5376647 3099279 5643336  6796942  5772029  2903157  2895588 5276433  5569019
          131072    1024  845904 3019677  5152408  5288818 5026899 3187769 4438031  6878240  5252537  2471981  2486426 5240171  4707022
          131072    2048  974542 2299427  4753090  3863580 3194605 1689680 4636910  2746913  4958258  1790036  1868666 4200495  4848584
          131072    4096  974150 2157632  3259786  3565911 3744374 1555452 4129161  2865030  3921035  1380779  1784748 3939410  4022452
          131072    8192 1111871 2295682  3996950  3960696 3969963 2374367 4013114  2773885  3992944  1863144  1071260 3982848  4075863
          131072   16384 1160123 1403462  4085131  4042446 3955937 2377931 3703011  2489736  3965753  2057032  2015346 2761442  2524701
          262144      64  121938   77014  5509105  6030311 5641275   86529 4035529  7773212  4979090   130623   124348 5110304  6189208
          262144     128  120707  106239  4464064  5933017 5512778   63736 5128826  7802613  5612536   120515   107539 2882824  4846080
          262144     256  104705  116630  5154311  5521499 5415198   84676 4877098  6816698  5426396   120300   122976 5374671  5311090
          262144     512  123710   78386  5234602  4362158 5257932   90982 5188705  6745147  5565941   111876   104839 1112027  5447150
          262144    1024  116747  102376  4879349  5678304 5490151  100308 4679214  5901903  4248551   105496   116801 5010310  5565208
          262144    2048  115413   93102  4480016  5061001 5215854  121666 4408012  3664760  4596278   120671   122260 4375333  4669556
          262144    4096  111448   98174  3487116  3899961 3939647  121287 3010555  2631941  3892506   102562   106794 3621474  2647544
          262144    8192   87332  123569  3718878  4155140 3825575  108682 2433614  2606893  3816108    86076   107051 1949938  2797605
          262144   16384  100397  106156  2757902  3825122 3779743  102342 2905319  1843074  3220796   104067    95192 2234285  3993855
          524288      64   24220   83612  5822068  5922755 5660512   19487 2074489  8110621  5674916    72433    74934 4053747  5908798
          524288     128   77099   56949  5515223  5477376 5610299   40112 1868134  7845786  5595040    80187    77267 5445393  4628900
          524288     256   67847   36956  5409480  5478973 5445555   43178 5150072  7134038  5150784    79314    73111 5107880  5554831
          524288     512   82374   75894  5496145  5519514 5477363   37984 5258232  5839058  4714353    63607    77769 4521475  5645095
          524288    1024   73534   75328  5351075  5641084 5610428   56940 5206849  6531477  5523174    71124    68863 5377034  5446081
          524288    2048   75556   37400  4693083  4966156 4664315   61777 4374530  3388556  4856952    79249    75611 3472610  4818163
          524288    4096   81155   46178  3189778  3031915 3577830   46307 3030970  1686773  3348974    46045    76816 3214716  3878212
          524288    8192   78781   43212  3764059  3890562 3896029   69360 3416447  2393331  3490647    70770    46607 3880710  3418790
          524288   16384   79414   38954  3281087  3447810 3565422   81054 1134063  2579242  3956943    66839    64631 3874085  3346166

iozone test complete.
