	Iozone: Performance Test of File I/O
	        Version $Revision: 3.420 $
		Compiled for 64 bit mode.
		Build: linux-AMD64 

	Contributors:William Norcott, Don Capps, Isom Crawford, Kirby Collins
	             Al Slater, Scott Rhine, Mike Wisner, Ken Goss
	             Steve Landherr, Brad Smith, Mark Kelly, Dr. Alain CYR,
	             Randy Dunlap, Mark Montague, Dan Million, Gavin Brebner,
	             Jean-Marc Zucconi, Jeff Blomberg, Benny Halevy, Dave Boone,
	             Erik Habbinga, Kris Strecker, Walter Wong, Joshua Root,
	             Fabrice Bacchella, Zhenghua Xue, Qin Li, Darren Sawyer,
	             Vangel Bojaxhi, Ben England, Vikentsi Lapa.

	Run began: Thu Oct  3 14:25:42 2013

	Auto Mode
	Command line used: iozone -a
	Output is in Kbytes/sec
	Time Resolution = 0.000001 seconds.
	Processor cache size set to 1024 Kbytes.
	Processor cache line size set to 32 bytes.
	File stride size set to 17 * record size.
                                                            random  random    bkwd   record   stride                                   
              KB  reclen   write rewrite    read    reread    read   write    read  rewrite     read   fwrite frewrite   fread  freread
              64       4  592827 1484662  4564786 12902017 9006179 4274062 4018152  3541098  9006179  2561267  2133730 3363612 15972885
              64       8  481234 2662899  5735102 1597288510821524 4897948 4564786  5860307  5283570  3022727  3057153 5860307 12902017
              64      16  659861 1734015  4897948 2096219115972885 4564786 2923952  5860307  8182586  3203069  4274062  383038 15972885
              64      32  842003 1638743  4274062 1290201715972885 5860307 2379626  6271021  3203069  3203069  1828508 4897948 12902017
              64      64  674790 2006158  1947927 2096219115972885 5860307 4274062  5283570  3791156  4897948  4274062 5860307 20962191
             128       4  711270 1749872  4233807 12842051 9795896 3277486 4267461  5325799  7582312  3560017  2098744 3982553 11470204
             128       8  819893 1885042  6045455 1588107814200794 5325799 3445772  6406138  6406138  3560017  1878447 5325799 12842051
             128      16  927549 2367096  5545860 1420079414200794 5847904 3199360  7176872  4934216  5122535   630273 3759450 10567140
             128      32  836500 3036502  5545860 1588107814200794 3982553 3895854  4717434  8036304  4012317  3895854 4934216 12842051
             128      64  940549 2420455  7582312 1863766415881078 6406138 3380677  4407601  7176872  4407601  6114306 5545860 14200794
             128     128  962469 2985839  9795896 1588107814200794 4934216 5325799  5603747  5379161  5784891  1059322 5545860 14200794
             256       4  661657 1881098   572721 11695808 9434868 3605511   80940  4734192  7518900  3326279  2486631 4819184 10651598
             256       8 1045710 2345409  5810112 1362518011695808 2842047 5217259  6719046  7314033  4264168  1981783 3879045 12812277
             256      16  992545 3410808  6249745 1416439512661199 5540300 5022044  6249745 10245071  3879045  4350555 5971678 13454450
             256      32 1062263 2849590  5841722 1607260814164395 6073004 4553502  4907284  2148318  5022044  4404088 4652146 13454450
             256      64  864661 3078337  6107548 1495343513454450 4998665 4819184  6719046  8271916  4907284  4819184 6249745 15164624
             256     128 1190657 2911402  7791708 1416439513454450 5971678 4197489  5455847  6761355  2392442  4496299 5320671 14164395
             256     256 1286217 3705040 12812277 1345445011091721 2588541 2880164  4197489  5117791  5117791  3950402 5938650 13454450
             512       4  522526 3140488  2826358 12499490 9859630 2007358 4030519  5227492  5331314  2317080  2958758 4532414 11620224
             512       8  953248 3556580  6472112 1414626512499490 5453155 5624545  7410080  6472112  4871723  4099771 4827914 13438092
             512      16  713258 3437042  1158418  550911312215097 5331314 5951911  6571132  7211022  5164632  4262523 4784885 13872122
             512      32 1117430 3372274  6491676 1503780113872122 5886650 2891043  7211022  7091952  5067142  3393590 6104175 14628067
             512      64  863551 3459188  5127637 1558341714240069 6319739 4827914  7647578  7758090  5509113  4571003 5495016 14240069
             512     128 1066910 3822466  7211022 1462806713783088 6491676 6086873  7647578 10434519  4871723  3201349 5509113 13522711
             512     256 1350783 3346002  7647578 1187730011943357 4485083 4973263  4000485  3877684  4091959  5760329 4000485  7758090
             512     512 1190529 3196584  6491676 11877300 4030519 3913012 5509113  5744919  6104175  6018636  4916336 6018636 13438092
            1024       4  957884 3074849  5925680 11903823 7826025 4287225 4512441  5682634  7066349  3643490  3369115 5758828 11614118
            1024       8  811319 3066069  6208343 1482016112639479 4789183 5564829  2892612  3556008  2260740  2995501 2916180  8593274
            1024      16  607680 2503178  3970183  6733974 5564829 2867506 2421329  2414523  6819511  2201637  2409105 5251818  7577494
            1024      32  988529 3579719  3606774 1399898113305116 4943530 4470172  7420395  1062110  4162573  3631168 6280976 14422045
            1024      64  809484 4282950  6569179  716059713643232 5720477 6059442  1973059  8076196  2960401  4162573 6609617 14871477
            1024     128 1367037 3643490  3170172  449355613142265 2160657 1738286  4095102  2837198   136262  4178773 5782087 13686709
            1024     256 1190795 1012771  6431462   212004 6874084 4995276 5472650  6393168  9765601  4396951  4232305  291741  7883484
            1024     512 1367037  827896  5958564  5853003 8822754 2760606 4550690  5853003  7869040  4064103  3151562 5245404 10662628
            1024    1024  743742 3518141  7220790  7220790 7420395 4060261 4570058  3748425  5303701  4550690  3804877 5564829  9743447
            2048       4  616481 2609490  2395538  2476337  355796 2925920 4643695  5674397  4008732  2001939  2917969 4666399  6007763
            2048       8 1232272 3083465  5884299  6690992 6873016 2680329 5119743  7159438  7419150  4048407  1908956 5640860 10439809
            2048      16 1289623 3476572  4178378  7088541 6895083 2384234 4569586  4213218  7059413  3885431  2070958 5172149  9525260
            2048      32  881941 3482209  6340344 1045251212050878 5068389 4686767  4543002  7940367  2942962  3592903 4295384  7643611
            2048      64  850841 1890887  4754210 1144095513726200 4376355 5159722  7940367  7183386  3953383  3346546 3205431  5933071
            2048     128 1254223 2813783  5785224 1028974111983630 4531020 3189957  3937075  8713618  3569018  3489282 5535444  9752360
            2048     256 1288076 2441150  5403134  914011712118884 4490751 4960102  5626082 10179991  3779440  3657149 5593112  7425563
            2048     512 1188621 3396834  6321679  7643611 8866519 4347560 4878411  5535444  9621281  3857514  3929871 5433896  7903836
            2048    1024 1293897 2482779  5006356  8067138 6058611 4033201 3841986  2990085  4775354  3606479   722097 5251194  7207495
            2048    2048  565618 2133718  5018054  5041616 5475461 3379461 4136128  3038742  3843705  2272586  3180508 3799501  4783331
            4096       4 1047565 2840208  5238075  6086096 6032669 2801763 3792628  3175103  3664018  3009890  1759546 4768469  4520059
            4096       8 1085080 2081196  4209920  4298399 3524939 1941270 4904602  7012747  6105563  3408159  3225172 3785942  4140919
            4096      16 1249553 3188066  5319164  6024207 6169144 3577793 3897601  3942321  5454263  3559262  2898672 3900255  4756587
            4096      32 1314470  487278  4858827  4335279 6618318 3410188 5050220  7434579  5759634  3343814  2795836 3896717  4894820
            4096      64 1260740 1953410  4128976  3706707 5190597 3614679 4358375  4676314  4271680  2528382  3086681 2959594  4638436
            4096     128  803142 2980646  4366128  4491697 4893426 2678994 5452532  6510471  5556581  3761077  2985308 5674032  6041154
            4096     256  955881 1149939  5625724  5851841 6330545 3942321 4471821  4218190  8256354  2372973  1201910 3803543  4507015
            4096     512  808243 1941270  1525498  3450600 3740604 2244324 5127086  5910222 10895362  3240992  3258202 5325760  5360658
            4096    1024  751696 2615371  5689064  6243125 4941279 1605624 4183268  3770983  9897345  1286803  3263773 5411313  4922872
            4096    2048  604035 2489906  4958393  4516494 5081590 2929815 3871253  2146730  3740604  2429690  1738535 2086504  3332786
            4096    4096  583658  895306  3634562  2868184 2822940 1781625 3148338  1920223  1782364  1503076  2815077 3765198  2842558
            8192       4  741217 2728954  2127827  4019714 4203126 2474094 3978292  4574098  4170981  2841572  2355374 4884942  5011041
            8192       8 1145561 2746185  2584253  3234221 4413692 2679789 4724413  2085592  3955393  2777710  1807189 5744041  4949683
            8192      16  940852 1860118  5851647  5531360 5817959 2932017 5681356  7861190  5677601  3554036  3149436 6018726  5654243
            8192      32 1244611 2034227  6024002  5962328 6248582 3373958 3873350  2671870  4478702  1761332  2422975 5741161  5410295
            8192      64  838148 2420755  6215800  5155399 5059743 3627963 5905961  7507362  5588034  3619936  3343751 4194915  6050521
            8192     128 1250090 3164228  3955393  5558204 4427912 3280853 5524246  6601541  6098850  3639492  3222694 5038228  5136133
            8192     256  566564  568382  4763052  5385702 5201445 3757706 3819104  7019632  4483963  2734384  3222694 5056765  5494212
            8192     512  785045 2951156  5368872  5538493 5638469 3835303 4961834  6354905 11408351  3299441  3364377 1815208  3480240
            8192    1024 1372204 3223903  5720134  1938839 4670469 3270236 4908670  2828705 10115308  1450646  2632364 4719221  4689593
            8192    2048  673406 2361525  3910378  4435342 4599816 2866224 4019714  1491644  5954062  2291442  2626528 3303247  2825681
            8192    4096  919747  822991  3893540  4170981 4061048 2387617 4126896  2655351  3080815  1802449  2979046 3996338  3879035
            8192    8192  845678 2360227  3629496  3526677 3054523 1767403 3837016  1555034  4222755  2438104  1305272 3790873  4031505
           16384       4 1037293 2053116  4848685  4646722 3701599 2186025 4736724  5093045  4413637  1427527  2094607 4726949  4566440
           16384       8  927904 2485800  4374861  5702953 3170916 2356085 4796231  6184922  5391113  2928369  2164883 5614884  5582045
           16384      16  818256 2435236  5661139  5261100 5455742 1665732 2874834  2361428  2070000  1915322  2946828 5499843  5657411
           16384      32 1163222 2590762  5688789  6249039 5693031 3295928 5637917  7609451  4799246  2990298  3186945 5330063  4735092
           16384      64 1239242 2110820  5953446  5704846 5313989 3526461 5962227  7599353  4529718  3056806  3088403 5618556  5772899
           16384     128  872231 3083691  4790547  5673291 3574149 3138620 5657877  8030973  4229201  2297556  2265815 4586862  5485356
           16384     256 1358554 1899807  5024159  5533055 5222715 3409075 4594528  6739975  3604142  1999065  3159399 4622965  5290262
           16384     512 1158613 3327367  3744970  5434171 5107429 3330108 4770925  5622234  4516025  3033596  1751180 5212811  5036679
           16384    1024  926328 2993033  5544663  5678917 4854508 3259812 4387710  6551072  8943416  2349238  2588713 5574800  4698830
           16384    2048 1081025 2529165  4981547  3904780 4603763 2999042 3452926  3430347  3710193  1665530  2202702 4579220  4838784
           16384    4096  964608 1914255  3819062  3783735 2101589 2504463 3476333  2644704  3928891  2062421  2150655 2286700  3794390
           16384    8192  926490 1971140  2589103  3076788 2404476 1720446 3126766  2344589  3593775  1957719  2475681 3227205  3222664
           16384   16384 1023558 1866930  3059664  1487022 2805013 1754175 3038022  1956994  3118961  2287613  2446072 3324791  2252078
           32768      64  957817 2355713  3815967  5786463 4217755 2682583 5431338  5444031  4863923  2209139  3252776 1596497  3649002
           32768     128 1169575 3053601  4339062  5092065 5221089 2804544 5052195  6566661  4768244  2928856  1803807 5274791  5678168
           32768     256 1129494 2925490  4473952  4507849 4940860 3027636 4356253  6004898  4870991  2838310  2995761 5060007  4896676
           32768     512  954166 2234423  4559896  4687260 4511697 3133882 2411387  4704750  2367644  1429796  2625445 5264689  5377993
           32768    1024 1067671 2854818  3883464  5654573 3249470 1440919 3045886  5930789  4515402  2494499  2231412 3098905  4481392
           32768    2048 1060143 2421882  4479639  3348836 4647320 2538593 4142621  3329770  6294201  1929921  2076311 4003954  2651377
           32768    4096 1058845 2260627  2673659  3903317 2479647 2361136 3884782  2063096  3671127  1517374  2142401 2760327  3800035
           32768    8192 1005370 1850037  3871868  1878895 4008391 1963896 2735440  2226676  3820953  2093931  1936992 2811486  2509072
           32768   16384 1081168 2244201  2925925  2799745 3307573 2256767 2673607  2014619  2773417  2253363  2258473 2902139  3023440
           65536      64  670884 2547670  5182385  5425528 4792754 2816695 5185611  6663576  4040432  2143668  3063293 4095698  4783662
           65536     128 1164545 3347279  4459132  5228220 5489235 1801287 4042214  7611646  5386298  2480068  3197191 4302779  5426920
           65536     256 1093067 1917331  4898753  4247002 4822774 3067326 4759064  6106660  5353776  2586457  2633565 4895874  5133988
           65536     512 1219139 2631246  4266117  4223705 5248284 3413707 5161560  5586063  3637018  2664170  2769193 4976534  4396582
           65536    1024 1106581 3176904  4114026  5229513 4414092 3294404 5033858  6047412  5200426  2607261  2761265 5047817  5041614
           65536    2048 1087407 2363447  4574603  4177996 4303654 2593828 4126936  3192215  4428385  1747066  2010431 4209410  4090883
           65536    4096 1096267 1702717  3274663  3984153 3817759 2501464 2527617  2046976  4044951  1843645  1573790 3726359  3146539
           65536    8192 1080219 2201421  3389670  3335500 3391259 2199624 2774616  2225861  3501058  1497378  2093928 3894734  2795667
           65536   16384 1086762 1970538  3792423  3271896 3404827 2189131 3579661  2268384  3827807  1941587  2141764 3476351  3282563
          131072      64  945727 2536466  5274306  4769378 4951916 2581221 4269589  6020181  4577186  2062240  2139046 5340296  5055234
          131072     128  961150 2552079  5309557  5399937 5089586 2509225 5238872  6576592  5154823  2018357  2521875 5136426  5428089
          131072     256 1033830 2505771  5096711  4360794 4798184 2704189 4474186  4949865  4401363  2302374  2302084 5137482  4724822
          131072     512 1064372 2596668  4673649  5182327 4916048 2600636 4965602  6039891  5037539  2358679  2230709 5144115  4478815
          131072    1024 1040873 2348121  4742471  4376485 4961479 2589440 4904820  6412881  4852393  2018416  2026131 4244995  5326585
          131072    2048  921270 1986422  4265978  4058592 3973464 1856230 4177481  3113867  3077385  1376906  1578058 4227173  4001722
          131072    4096  917826 1620313  3292684  3049035 2963678 1531179 3653668  1704511  3007206  1641440  1615979 2815898  3230839
          131072    8192  944711 1832844  3741927  3369369 3528649 1879926 3831483  2513987  2461918  1554867  1690288 3386367  3619772
          131072   16384  961771 1932984  3684695  3856858 3516911 1851560 3691226  2482328  3492735  1865876  1576501 3390649  3576978
          262144      64  167864  180522  5201371  5650261 5098006  120014 5128204  7810040  5325960   176005   166208 5173446  5427092
          262144     128  164103  162867  4552526  4900356 4767120  130527 4763919  7646712  5153731   167483   163622 5110327  5408592
          262144     256  170500  179375  4809261  5075579 4629000  141366 4562746  6447545  4976453   178809   172628 4888460  4370098
          262144     512  169051  157239  4861357  4870293 4992179  161967 3314629  6259110  4635205   151823   136722 4950507  5032232
          262144    1024  154867  167919  3978205  5214741 4732689  170663 4619606  5970713  4907596   179993   151950 4358613  4728516
          262144    2048  162990  152562  4176463  4138873 3958797  181084 4147585  2312328  4238446   175920   171209 4179924  3442333
          262144    4096  166715  158947  3451486  2598164 2702626  178953 3459598  2412538  3633730   170848   155270 3591006  3356254
          262144    8192  173867  155839  3797760  3835035 3896893  135236 3791604  2720123  3857545   191068   149810 3615033  4068967
          262144   16384  161603  144464  3979112  4070308 4077841  150725 4089869  2857620  4128445   202579   210436 3626431  3400094
          524288      64   66162   88147  6182714  6377644 6050351   30273 5698977  8150090  5922755    92755    91592 6104246  5258609
          524288     128   92544   87764  5815663  6044995 5704047   47559 4031747  8053590  5820635    89555    91088 5822453  6070125
          524288     256   92230   86884  3801691  4810248 4595911   52823 3730314  6954712  4509532    86942    83663 5404150  5557203
          524288     512   89852   81182  5542803  4847295 4796168   61251 3895387  2417779  3764407    76414    88074 5546089  5426460
          524288    1024   86199   77162  5477485  5667851 5560154   57234 5086224  4842684  4990602    91816    78912 4985624  5386544
          524288    2048   85687   76298  4573934  4908700 4677471   64509 3997077  2848170  3889613    79064    89535 4492342  4740911
          524288    4096   79576   76854  3310985  3173867 3231316   86883 3119204  2058193  3229707    85759    81063 3198710  3190283
          524288    8192   83708   75075  2830011  3052266 2955033   87826 3631712  2361190  3580690    90880    74267 3454537  3360130
          524288   16384   83794   80087  3003068  3474470 3495696   89321 3359940  2317520  3740504    87258    91258 3240043  3738692

iozone test complete.
