	Iozone: Performance Test of File I/O
	        Version $Revision: 3.420 $
		Compiled for 64 bit mode.
		Build: linux-AMD64 

	Contributors:William Norcott, Don Capps, Isom Crawford, Kirby Collins
	             Al Slater, Scott Rhine, Mike Wisner, Ken Goss
	             Steve Landherr, Brad Smith, Mark Kelly, Dr. Alain CYR,
	             Randy Dunlap, Mark Montague, Dan Million, Gavin Brebner,
	             Jean-Marc Zucconi, Jeff Blomberg, Benny Halevy, Dave Boone,
	             Erik Habbinga, Kris Strecker, Walter Wong, Joshua Root,
	             Fabrice Bacchella, Zhenghua Xue, Qin Li, Darren Sawyer,
	             Vangel Bojaxhi, Ben England, Vikentsi Lapa.

	Run began: Thu Oct  3 14:25:43 2013

	Auto Mode
	Command line used: iozone -a
	Output is in Kbytes/sec
	Time Resolution = 0.000001 seconds.
	Processor cache size set to 1024 Kbytes.
	Processor cache line size set to 32 bytes.
	File stride size set to 17 * record size.
                                                            random  random    bkwd   record   stride                                   
              KB  reclen   write rewrite    read    reread    read   write    read  rewrite     read   fwrite frewrite   fread  freread
              64       4  546928 1204796  4897948 10821524 7940539 4018152 2772930  4897948  4274062  3363612  2662899 4564786 10821524
              64       8  647135 1385075  4564786 1597288510402178 4274062 5389653  6421025  5389653  2467108  3203069 3541098  7100397
              64      16  743988 1484662  5735102 1290201710402178 4897948 4988978  4274062  4274062  2662899  3791156 5283570 12902017
              64      32  725882 3022727  9006179 2096219115972885 5735102 2772930  5860307  3363612  4564786  2561267 5860307 20962191
              64      64  246089 1033216 10821524 1597288510821524 1105556 3588436  4897948  1255511  1163036   633392  300665   515423
             128       4  790905 1015251   295015   707520  513847  162010 1022989  1007629   374437   188786   276480  244275   581781
             128       8  744820 3124872  5784891 1172061411470204 5325799 4934216  4889281 14586625  3359523  3106789 5545860 11720614
             128      16  853794 1939522  5545860  997795611720614 5545860 5847904  6812590 12842051  4934216  3867787  425141   432330
             128      32  907174 1911894  5847904 1147020412842051 6114306 3359523  6727225  4407601  5122535  3359523 6114306 15881078
             128      64  901083 2166499  8036304 1801235914200794 6045455 3982553  6727225  9129573  3657016  2905056 5545860 15881078
             128     128 1243315 3124872 11720614 1588107814200794 6114306 3759450  6114306  5545860  5847904  4717434 4444086 16365173
             256       4  924200 2148318  4572895 1266119910245071 4496299 5347168  5810112  8024634  3823789  3236056 5810112 12228612
             256       8 1062263 3087188  6073004 1435374412228612 5022044 1237306  6554972  7518900  3935921  1814348 3950402  7735574
             256      16 1123389 2747508  5455847 1495343513454450 5810112 6249745  7120034  5117791  5022044  3557725 6107548 14164395
             256      32 1112909 3197509  5569035 1435374413454450 5841722 5810112  6891544  8815202  3950402  3935921 5117791 10758322
             256      64 1266495 3159869  8024634 1682830614164395 6554972 4054829  7735574  4755158  5810112  5455847 6073004 15164624
             256     128 1112909 3009318  8815202 1416439513454450 6073004 5810112  6936061  6073004  4734192  7120034 6073004 14164395
             256     256  515032 3159869  5242734  8815202 5841722 4350555 2872459  3326279  3245838  3159869  2509882 2557711  4734192
             512       4 1120344 2768068  5951911 1249949010044089 4296637 5509113  5639315  8265729  4030519  3580298 5822804 11620224
             512       8 1293037 3158966  6571132 1462806712427157 5398323 5951911  7410080  7758090  4742616  4163357 6395018 13872122
             512      16 1299295 3604335  6652558 1462806713109944 5744919 5344582  7410080  6632013  5384786  4228947 6652558 13872122
             512      32 1361920 3504346  6319739 1503780114240069 6395018 6491676  8018812  9468384  4571003  4447925 6174377 14628067
             512      64 1306409 3487274  6571132 1503780114240069 6319739 6551087  7988981  7410080  5509113  4827914 6174377 15037801
             512     128 1375881 3742527  7540170 1462806713438092 6491676 6246213  7647578  7758090  5566231  5227492 5951911 13783088
             512     256 1433753 4195896  8528336 1137404013109944 5398323 5951911  6571132  8394979  4610256  6571132 6174377 13522711
             512     512 1410215 4305250 13109944 1343809213109944 6018636 6018636  5951911  6156675  5951911  4827914 6156675 13438092
            1024       4 1201790 3130886  5983467 12208350 9832672 4099011 5472650  5789881  4265934  3970183  3529706 5885083 11645609
            1024       8 1329791 3425544  6609617 1487147712639479 4232305 5751117  7420395  8326715  4854136  3791442 6479979 14044758
            1024      16 1400926 3808251  6441107 1423090213102174 5363307 6393168  7699755  8457895  4995276  4282950 6016997 13998981
            1024      32 1440391 4064103  6830356 1442204514044758 3849207 5751117  8183918  8542002  5472650  4232305 6355328 14422045
            1024      64 1450607 3835457  7113161 1508034114422045 6402699 5593820  8391792 10796646  5303701  4470172 4926518 11132462
            1024     128 1481633 4339202  6733974 1423090213863422 3923040 6093831  8199542  9655828  5303701  3179559 5789881 13818817
            1024     256 1395010 4126579  7020149 1013428412944224 5958564 5983467  7066349  9485232  5479632  5018624 5950309 12983353
            1024     512 1436056 3684119  3603747 1330511613142265 5821271 5917516  6519323  8199542  3358576  6280976 6016997 12983353
            1024    1024 1479591 2910252 12828238 1347205313472053 5720477 5853003  6016997  6172653  5950309  3304314 5330028 12790037
            2048       4 1023000 2737561  6003564 10889797 9887060 3915540 5521212  5785224  7940367  3991965  3452815 5689430  7698414
            2048       8 1269610 3677503  6543188 1234530612345306 4717655 4775354  7503399  9664580  1333259  2812862 6440169 12398764
            2048      16 1360931 4136128  6608629 1265448213219235 5332694 4923146  7670915  8159088  5006356  4338776 6543188 12327589
            2048      32 1497076 4240255  6503556 1305846714040298 4983122 4886737  8097557 10389302  5277002  4460436 6464402 12882215
            2048      64 1228571 4301837  6823876  934902114613561 6303124 6583305  8325147 12561952  5280246  4562305 4796687 13058467
            2048     128 1434331 4301837  4569586 1035174213038646 3351769 5611381  8159088 11015480  4338776  3604966 6167360 12561952
            2048     256 1516904 4265523  6378005 1170600612882215 5868220 5953632  7189398 10620516  4864597  4412322 5800851 11517657
            2048     512 1521471 4338776  6851089 1130543512327589 5535444 5970183  6802261 10240672  5020987  4751580 5953632  7135648
            2048    1024 1496033 4079167  8089930 1205087811320334 5389574 5900467  6321679  8229438  4063729  5596757 5816563 10240672
            2048    2048 1331606 3637020  6939647  7636816 7318020 4033201 5433896  2836079  5549749  4221501  3374151 5503525  6917293
            4096       4 1051605 2983234  3325046   713692 3889659  778856 5030994  5736555  5580043  3248345  3040789 5171846  6542703
            4096       8 1334171 3133979  6131713  7542289 8847367 3471518 4047268  7212959  6693092  3846119  3765198 6013663  7367624
            4096      16 1411447 3938705  6391782  6342230 8829180 4129969 6140479  7585581  6112079  4316760  4063542 5527974  7367624
            4096      32 1454958 4179197  6149271  7656576 9685316 4597474 5353976  7845385  6151473  3781775  2288267 4911613  5339001
            4096      64 1364910 3589754  6490793  7816828 9545402 4092583 5565581  5963564  6638778  4546375  4104315 6321227  7670249
            4096     128 1418322 3524939  6131713  7447471 9247398 4329816 5218980  8224733  7863339  2792200  1629225 5988509  7209932
            4096     256 1394718 3961410  5687181  5159420 6195843 4244242 4817948  6836927 11982006  2312601  2000030 4452120  5928578
            4096     512 1428227 4076076  6234064  5558378 7877762 4659824 5800471  7001316  9105266  4192455  3956848 5751920  6572741
            4096    1024 1489393 3853020  6585338  7249484 6041154 4315676 5738471  6737716 10160758  4108241  3972402 4703198  6198078
            4096    2048 1392231 3187474  5841891  6245395 5520868 3664018 4746074  3634562  5075585  3058654  4154939 5190597  5119446
            4096    4096 1227501 2840208  4166022  4442909 4676314 2980646 4076076  2868184  4015108  2567683  1244935 4648477  1869448
            8192       4  996835 2582699  3364377  5509188 5078440 2687755 1442001  5550123  4824582  2652891  2874376 5443725  5454094
            8192       8 1215464 3403367  5911041  6450345 5512724 3005100 5867636  7749491  6077276  3338228  3247978 6046263  6028229
            8192      16 1430653 3616507  6186701  6177802 6450345 3360100 5728718  7038325  5948908  3343751  3578839 6321001  5988306
            8192      32 1394877 3803462  6201216  5261179 4867641 1865977 6277120  8094537  5936574  3471099  3549264 5860630  6507765
            8192      64 1515660 3708229  6173362  6345516 6537482 3683187 5855636  7678487  6064404  3485889  3732398 5692651  5385702
            8192     128  826714 3378271  5588034  6210183 5622783 3984289 4765695  4556507  3811901  1910062  3597574 5572627  6072979
            8192     256 1465996 3411816  5428245  5450634 6135880 3720275 5724900  7474698  5935548  3331431  3593060 4348340  5696426
            8192     512 1497038 3737270  5814021  6154564 5867636 4118487 5588034  6316353 12414071  3740525  3518732 5442863  5204597
            8192    1024 1447103 3177689  6099933  6321001 5911041 3670204 5744041  7067279 11589204  3384927  3309929 5704938  5534924
            8192    2048  771231 1153483  5642173  5797345 5132298 3324662 5231540  3886054  6461262  2836645  2842512 4832725  5198297
            8192    4096 1291486 2650231  4493932  4089565 4117006 2618921 4177574  3035096  4273171  2505850  3314080 4220161  3649155
            8192    8192 1221427 2512814  4186227  4334079 4233681 2680625 4183678  2602260  4364357  2538620  2799664 4300447  4327528
           16384       4 1014312 2795883  3740689  3641769 1885162 1705587 4580136  5857536  4998214  2710420  2715347 5434171  5557667
           16384       8 1161492 3151285  6065906  5953962 5509102 2813742 5537068  7578401  5793340  3007442  3248870 5204520  5986118
           16384      16 1338887 3300678  6162183  6303494 5770960 2011293 5618556  7031703  5801655  3029050  3236628 4163856  4792218
           16384      32 1342182 3380232  6159422  6362439 6012304 3593775 6068049  7717122  5468768  3538628  3540816 6217378  6301182
           16384      64 1431303 3620853  6119927  6348333 6052016 3843412 6141257  6347747  6255866  3565618  3370616 5824273  5762733
           16384     128 1458708 3631185  5722423  5584313 3089514 3624099 5806066  7885371  5840609  3284115  3543372 4874826  5769022
           16384     256 1445301 3646406  5584313  5612591 5590219 2634059 5546453  7145769  5748753  3294506  3571920 5439333  5809993
           16384     512 1438313 3762192  5760801  5948808 5793828 3769001 5584313  6971779  5742507  3439102  3428293 5535284  5732926
           16384    1024 1351048 3486562  5828225  5949323 5628220 3887990 5748753  6826343 12263001  3178248  3104168 5655548  5689260
           16384    2048 1330952 2940398  5236246  5310703 4998214 3241208 4910005  3980552  6232038  2353341  2425438 5142208  5038156
           16384    4096 1175660 2533548  4016614  4212867 4310375 2616409 2396427  2935750  3853326  2451220  2555690 4384351  4383233
           16384    8192 1279196 2503641  4366799  4051424 4199993 2598108 4336761  2903009  4234674  2538133  3329463 4285644  4189239
           16384   16384  542500 2481312  4387991  4331021 4350488 2773092 4158564  2692473  4213900  2694268  2825310 4182865  4404302
           32768      64 1157187 3588221  6210861  6355321 6164064 3550127 6099775  7115730  6170983  3303598  3565600 6282117  6130794
           32768     128 1373911 2088871  5924397  6011464 5902009 3568748 5858736  8104760  5854493  3210679  3543994 6029133  5929765
           32768     256 1439531 3558307  5790607  5780136 5779163 3742808 5626332  7415181  5679106  3326385  3503431 5624490  5547305
           32768     512 1427302 3362519  5893657  5934117 5751593 3789558 5830402  6878204  6024640  3306220  3467545 3384128  5883062
           32768    1024 1150918 3708872  6065854  5960884 6135173 3782466 5795491  7196960  5982940  2979202  2988985 5882054  5781351
           32768    2048 1257265 2985998  5310048  4799046 5346403 2957978 5059821  4003487  6730009  2231412  2285400 5311690  5270544
           32768    4096 1297747 2631780  4342489  4461752 4354597 2709662 4348259  3041909  4321326  1962746  2335379 4389505  4394839
           32768    8192 1303989 2472688  4359293  4366217 4429827 2726324 4354045  3014289  4339062  2385562  2600852 3855034  3944203
           32768   16384 1220141 1982221  4435975  4434114 3260493 2735930 3940358  2787819  4347572  2533305  3386880 4095954  3001846
           65536      64  772765 3092066  6173867  5860335 5600859 3215404 5973034  7463463  5758920  1973792  3564435 6431426  6011965
           65536     128 1455514 3640679  6109374  6190134 6119711 3689695 6083953  8620968  6045151  3365475  3354100 6046880  6071589
           65536     256 1482718 3670480  5761817  5933068 5794978 3768144 5771132  7377528  5851478  3335338  3302399 5873483  5928717
           65536     512 1476434 3662069  5857213  6085030 5950278 3295905 5770041  6718956  5495161  2255985  3275014 5971348  5951824
           65536    1024 1431948 3302399  5953500  6046348 5918632 3739336 5872480  6950346  5936143  2985440  3081286 5867716  5962798
           65536    2048 1336377 2905999  5219484  5291628 5275784 3054748 5103960  4195660  5292851  2184382  2275087 5206631  5309925
           65536    4096 1277581 2083816  4342407  4406096 4379002 2685251 4338980  3026396  4262743  2093130  2092318 4363847  4402286
           65536    8192 1254612 1996892  4355687  4376074 4375169 2706988 4338980  3009563  4250351  2074850  2296604 4283935  4244313
           65536   16384 1293489 2684254  4388650  4375517 4162873 1815804 4347008  2820828  4330981  2482151  2460158 4331527  4255615
          131072      64 1077690 2759585  5523473  6123720 3135552 2611309 6059464  8483649  5965957  2756334  2935729 6096624  6248943
          131072     128 1310262 2971543  3609102  3762646 5065575 2662168 5603531  7972813  5526527  2568834  3089074 6031873  6196679
          131072     256 1326145 3047903  5549904  5736434 5615781 3075147 5733144  7512500  5626586  2651395  2773017 5577324  5647684
          131072     512 1322476 3069875  5682007  5750535 5716927 3067802 5718414  7295564  5791670  2762372  2948624 5855891  6000665
          131072    1024 1160464 3111276  5914799  5704233 5979844 3291186 5738470  7197376  5888759  2541591  2656726 5355330  4684481
          131072    2048 1185345 2473104  4919171  5053654 4865319 2542860 4838428  3917263  4995291  1793564  1922809 5052865  5176422
          131072    4096 1142967 2042321  4223374  4299273 4261117 2241423 4115560  2877657  4264720  1821808  1066814 3546793  3533411
          131072    8192 1060015 2299436  4130620  3253709 3963095 2223744 4215504  2963550  4191623  1837389  1757869 4138798  4222530
          131072   16384 1162242 2232113  4299844  4347173 4355129 2322076 4283662  2081794  4258906  2095770  2086939 4175736  4240705
          262144      64  175377  165957  6092428  6300933 5982570  117477 5832402  7528797  5562843   172527   174579 6072643  6285516
          262144     128  169489  162885  4867576  5841512 5566983  136812 5150376  6878619  5215755   168640   170222 5755436  5949422
          262144     256  169959  164883  5570650  5775237 5667591  136007 5540753  7510437  5802851   174856   173119 5552477  5770266
          262144     512  172343  166812  5677072  5977789 5946591  152565 4947522  7277543  5667737   176104   173240 5591102  5743110
          262144    1024  168617  166793  5322944  5312579 4943584  169185 5489713  6806823  5746261   177333   174429 5524634  5472962
          262144    2048  165030  166823  4806633  5151896 4968246  175976 4934488  3964078  5257480   164994   165858 4772314  5142090
          262144    4096  166007  165458  3997311  4237287 4163526  170539 4172406  2984301  4065702   185066   179051 4100745  4297522
          262144    8192  164390  167067  3829665  4055819 4259166  153951 4172200  2947224  4256413   194302   198887 3989898  4253515
          262144   16384  169863  146933  3953317  4081519 3971767  174794 4055505  2954335  4112648   210474   199959 4164251  4064440
          524288      64   63072   90248  5744037  5999821 5518988   28385 5995224  8312793  6168008    90870    82257 6100402  6320071
          524288     128   91983   80684  5827422  6083358 5773520   43388 5113914  7689973  5362571    93166    77377 5750406  5736949
          524288     256   90427   86988  5679342  5798289 5634060   56788 5639565  7445260  5796302    90946    91014 4852943  5120702
          524288     512   91044   82380  5698844  5786266 5741667   64553 5457407  6960811  5739524    92079    90757 5438727  5937243
          524288    1024   92777   77900  5565332  5395240 5141535   62833 1715944  6859989  5765407    76286    89541 5356432  5432694
          524288    2048   92110   88684  4986144  5087213 4225747   86052 4831830  3704037  5052835    94400    87779 4100774  4169619
          524288    4096   90995   87346  4095169  4194737 4003174   91791 4138451  2740028  4174860    93601    92798 4055758  4068883
          524288    8192   91651   84668  3986736  3805007 3797431   80922 4112162  2812871  4126623    94070    87353 4111670  3986375
          524288   16384   92041   87049  4027405  4232872 4173433   92114 4061511  2831585  4190421    97206    90345 3641166  3481445

iozone test complete.
