	Iozone: Performance Test of File I/O
	        Version $Revision: 3.420 $
		Compiled for 64 bit mode.
		Build: linux-AMD64 

	Contributors:William Norcott, Don Capps, Isom Crawford, Kirby Collins
	             Al Slater, Scott Rhine, Mike Wisner, Ken Goss
	             Steve Landherr, Brad Smith, Mark Kelly, Dr. Alain CYR,
	             Randy Dunlap, Mark Montague, Dan Million, Gavin Brebner,
	             Jean-Marc Zucconi, Jeff Blomberg, Benny Halevy, Dave Boone,
	             Erik Habbinga, Kris Strecker, Walter Wong, Joshua Root,
	             Fabrice Bacchella, Zhenghua Xue, Qin Li, Darren Sawyer,
	             Vangel Bojaxhi, Ben England, Vikentsi Lapa.

	Run began: Thu Oct  3 14:25:42 2013

	Auto Mode
	Command line used: iozone -a
	Output is in Kbytes/sec
	Time Resolution = 0.000001 seconds.
	Processor cache size set to 1024 Kbytes.
	Processor cache line size set to 32 bytes.
	File stride size set to 17 * record size.
                                                            random  random    bkwd   record   stride                                   
              KB  reclen   write rewrite    read    reread    read   write    read  rewrite     read   fwrite frewrite   fread  freread
              64       4  488236 1232453  5389653 1597288512310336 4018152 2772930  4564786  4564786  3588436  2561267 2561267 12902017
              64       8  581273 1828508  4564786 1698346312902017 4897948 3203069  5735102  5860307  2203800  3203069 5735102 15972885
              64      16  608965 1484662  6421025 20962191 7940539 4018152 4564786  4207076  4564786  3541098  4274062 5283570 12902017
              64      32  703068  889431  7940539 2096219115972885 4018152 4274062  4988978  7940539   904414  2662899 5283570 15972885
              64      64  789967 1562436 15972885 2096219115972885 5860307 4564786  3541098  3791156  5389653  1599680 5860307 20962191
             128       4  579270 1885042  3867787 1254204310779307 4267461 3759450  5603747  8548124  4135958  2035099 3359523 10567140
             128       8  819893 2905056  6114306  854812414200794 3657016 3277486  6114306  6727225  3468030  2211113  290859 14200794
             128      16  969421 2367096  4934216  9795896 8548124 2843510 4407601  5122535  5122535  4267461  3560017 5847904 15881078
             128      32  889145 1539168  4233807 1588107815881078 6114306 5847904  6727225  4407601  5325799  4104338 1363288 10779307
             128      64  836500 2511022  7082197 1801235915881078 6045455 3445772  6727225  4267461  4104338  5545860 5325799 10567140
             128     128 1175271 2905056 10779307 1420079414200794 6114306 4934216  4407601  4267461  5847904  2843510 6406138 16365173
             256       4  913973 2285501  5687020 11695808 9868433 4422226 2441400  5569035  7735574  3770085  2613746 5242734  9114515
             256       8 1066483 3159869  6213578 1435374412812277 5242734 4652146  7073132  5569035  4840911  3285566 5810112 12812277
             256      16 1019886 2582316  5810112 1416439512812277 5569035 5938650  7120034  5117791  1683493  3511189 4496299 12812277
             256      32 1206714 2849590  5569035 14353744 8271916 5971678 2486631  7518900  7571923  5320671  3605511 5217259 13454450
             256      64 1117543 3823789  6761355 1607260814353744 5687020 4652146  6595234  6398720  5569035  3326279 5938650 14353744
             256     128 1080434 3499745  7735574 1416439512812277 5810112 5428265  6761355  7120034  4264168  6761355 5810112 13454450
             256     256 1142514 3410808 12228612 1281227712228612 5569035 5217259  5687020  5569035  5455847  3994490 5687020 12812277
             512       4 1042566 2875558  5566231 11620224 9510316 3762197 5067142  5384786  9145790  4163357   123278 4784885 10641343
             512       8 1108203 3533174  6395018 13522711 7758090 4447925 5886650  6821616 11374040  3934520  3941742 5968453 13190469
             512      16 1009722 1560891  4660280  787184312797441 4195896 5551840  6319739  8394979  4784885  3481620 5639315 13190469
             512      32  791318 3046915  6652558 1424006912797441 5624545 2317080  2995907 13783088  2600470  4494470 5951911 13783088
             512      64 1236455 3822466  6736026 1462806713872122 6104175 5227492  4973263  9468384  5384786  3877684 5384786 13783088
             512     128 1201856 2926501  6472112 1378308813109944 5760329 5214798  6999490 11138071  4927617  3710197 5495016 13522711
             512     256 1216149 3604335  7758090 1249949012215097 5453155 5384786  6228097  7091952  3710197  5331314 5566231 12146009
             512     512  764281 3104171 11620224 1279744112499490 5214798 5278892  5509113  5684095  5624545  4262523 5639315 12427157
            1024       4  605538 2820430  5120336  5363307 4805258 3241960 4694950  2926114  4470172  3492395  2916180 5114239 11132462
            1024       8 1150600 2993413  5623115 14820161 4570058 2391665 5144870  4392454  8840915  3606774  3379719 3835457 14230902
            1024      16 1301187 3324778  5451810 1386342213142265 5782087 5593820  5789881  3923040  4356809  3735385 6208343 13643232
            1024      32 1326096 3458646  6025439 1220835011614118 4741598 5277632  6290174  9946527  3322206  3369115 5226256 13686709
            1024      64 1349428 3794792  5853003 1015825314044758 6402699 6441107  6364746  5065980  4783849  3567824 5885083 14871477
            1024     128 1329791 3849207  6819511 1442204513998981 6529233 5885083  7811791 11645609  5417427  3937426 6208343 13472053
            1024     256 1370965 4356809  6519323 1234875412173747 3894582 4898425  6280976  9923546  4199201  3923040 5853003 13102174
            1024     512 1399100 4162573  8474583 1330511612037272 5991815 5983467  4162573  8262639  4789183  6364746 3659010 12983353
            1024    1024 1151834 4339202  8988941  483229011936907 5277632 6059442  6163794  6244448  5813392  3778101 6059442 12639479
            2048       4 1052971 2968386  4096676  9697312 9621281 3304067 5197183  4911886  5293261  4008732  3454204 4960102  6895083
            2048       8 1092338 3649381  6378005 1280539912416686 4136128 4666399  7393606  9610516  3871422  1236708 5704543 11072275
            2048      16 1258634 1915768  5389574  988706010490809 4016229 4997618  6608629  7789164  3977179  3604966 6007763 10780463
            2048      32 1279252 2582813  6041567 1374816913949098 5507054 5750369  4231899  7903836  4481379  3549844 2585923  4213218
            2048      64 1173679 2429413  6543188 1355294610389302 5723548 6440169  5674397 12416686  5280246  4038890 6340344  9610516
            2048     128 1399968 3864455  5704543 1265448213926483 6058611 5611381  6670210 14539356  2909075  3984558 5836323 11642543
            2048     256 1105837 2400894  3757946  4531020 7336772 3070239 5521212  6732948 12118884  3074635  4178378 5754221 11502234
            2048     512 1284033 4188565  6518362 1136526812050878 5475461 4559883  6690992 10096235  4394265  4215286 5521212 11015480
            2048    1024 1077945 3555722  7962448 1045251211072275 5068389 5836323  6440169  8190205  3630870  4934459 5723548  9472740
            2048    2048 1128946 3251539  4911886  5492967 5068389 3084572 5135046  4240255  5332694  3598924  3494960 4472047  6401772
            4096       4 1039012 3082251  5736555  5953231 4638436 2602298 5131680  5159420  5859825  3387995  2892328 5454263  5728903
            4096       8 1330658 3287506  6166930  6330545 7670249 3474326 5007531  5792648  6103394  3747948  2395473 4612286  5360658
            4096      16 1139641 2739658  6086096  7326777 8463799 4015108 5353976  7367624  3242827  3945943  2907010 4882301  7158858
            4096      32 1429177 3908241  6225028  6552685 6459069 4293029 4952675  5512011  5744227  4092583  3696339 5704175  7351860
            4096      64 1423139 3689988  6234064  3664018 6941906 4607338 6330545  8463799  7473388  4275933  3893185 5728903  7339297
            4096     128 1454096 3767675  5252488  6291135 9227530 4441761 5883908  7314299  7012747  4214051  3761077 5681538  1005623
            4096     256 1329422  766759  4893426  5642353 6060333 3846119 5476867  6542703 13217259  4039655  3663236 5447345  5800471
            4096     512 1463386 3509816  5461198  6782940 7038605 4267436 5204750  5769304 10840363  3524939  3546038 5147054  4551192
            4096    1024 1146409 3571100  5519094  5596402 5490871 3596518 5089116  5596402  7656576  3079488  2448388 5113352  5445618
            4096    2048 1246832 3079488  4830139  4941279 4763181 2719708 4824714  3047802  5674032  2728780  3565171 2763900  2714122
            4096    4096 1049421 2441083  4214051  3842678 3770983 2670249 4051086  2840208  3571100  2046975  2584291 4100397  3957760
            8192       4 1123719 2878228  4902367  5542961 5007390 2628336 5117011  5649594  5062726  2820809  2708091 4158362  4974045
            8192       8 1303242 2951916  5684175  5453229 5626466 1617324 4503947  7187018  5333867  2869335  3219976 5082195  5854638
            8192      16 1396521 2722467  5834754  5301769 6192276 3217563 5047850  6670750  5410295  3192451  3097200 5748846  5350479
            8192      32 1405834 3218769  6085887  6027172 6211306 3511181 5424817  6827153  5626466  3215155  3197502 6001904  6296676
            8192      64 1322352 3693481  6201216  6178913 6301295 3904601 5893805  8007759  6095604  3073925  3094968 5435974  5626466
            8192     128 1371054 3828039  4095903  5936574 4173515 4106673 4578974  7786370  3661989  2781758  3391944 5554610  5424817
            8192     256 1360576 3433293  5633847  5396699 5494212 4037664 5364680  6866721  5772993  3142235  3330140 5091232  5411147
            8192     512  946371 3691497  4069706  3831881 4271046 2438104 4841578  6046263 10569606  2952931  2081802 5305863  5287898
            8192    1024 1321894 3194826  5657036  5728718 5834754 3538299 5361332  6665573 11473111  3133924  2310860 5361332  5200658
            8192    2048 1115909 2271747  4304757  4493932 4001923 1961753 4302601  2890577  6109695  2738961  2645945 4124914  4528283
            8192    4096 1148432 2597342  3948121  2844394 4175036 2540873 3533932  2405166  3742562  2285042  3368665 4282224  4266273
            8192    8192 1194880 2611556  4158362  4017834 4077917 2730689 3926914  2660698  3689911  2444001  1919773 3564729  3754421
           16384       4  813307 1111303  5163459  5189585 4286981 2258591 4813364  5258282  4473980  2408268  2793951 4535997  5355819
           16384       8 1056153 2926249  5441486  5785536 4157306 2601945 4493582  6815511  5414475  2704447  3208071 3180013  3834405
           16384      16  801918 2649905  5702479  5490615 4930437 2012294 4966426  6152253  5624535  2964243  2840492 5343741  5510869
           16384      32 1247725 2355358  5161907  5450550 4510985 2313101 4978660  7113960  4212867  2208436  3032927 5568926  5494127
           16384      64 1273436 3186945  5455742  5622694 4779552 2646843 4850054  7703281  5253057  3139193  1460227 2891162  5499843
           16384     128 1043705 2854296  5673291  5927257 5722423 3818214 5155324  8262724  5616719  3162306  3444273 5518393  5704846
           16384     256 1317050 3213171  5628220  5601154 5142593 3586647 5417891  7080973  5612591  3364345  3462495 5307422  5302508
           16384     512 1267330 3536261  5179805  5417891 5139516 3897251 4919847  5361251  5447093  2999566  3110068 5324694  4685055
           16384    1024 1349165 1881910  4564014  5814418 5444935 3431203 3254101  4229201 11465082  2534295  2722878 5257880  5421738
           16384    2048 1188696 2643076  4629505  4824516 4857596 2795428 4725649  3716212  6037129  2126958  2329252 4658377  4757383
           16384    4096 1141333 2473809  3872216  3926197 4044509 2598993 4057404  2542923  3980552  2262011  1384836 3486032  3429662
           16384    8192 1169358 2440945  3676056  3295296 3436179 2312789 3202539  2594087  3743134  2332968  3257958 4157306  4179557
           16384   16384 1058740 2446159  4021550  4007011 4107116 2681965 4066528  2676220  4155295  2526840  2596538 3969056  4013799
           32768      64 1291200 3372254  5839072  5993638 5473299 3286691 4559291  6022528  4959581  2968648  3393570 6033368  5717616
           32768     128 1291248 3317313  5246401  5052010 5355987 3239207 5668332  7703197  5566176  3076499  3205886 5567980  5491450
           32768     256 1287438 1916492  4833646  5236207 5392129 3267625 5034245  6815107  5455700  2534240  3162365 5345571  5080395
           32768     512 1326863 3544359  4986753  5463942 5143325 3623985 4986753  4537915  5206256  2895963  2581798 4521642  4946906
           32768    1024 1256196 2958742  3131811  5211982 5502443 3024038 5332298  6518388  5412728  2532512  2597362 4778855  5509059
           32768    2048 1146367 2727460  4389505  4986030 4805422 2747580 4019645  3339235  6301415  1180870  1954428 4431112  4771058
           32768    4096 1098897 2280773  2333713  1604848 3181692 2301936 4080146  2553212  4032974  2066974  2056244 3855034  3976613
           32768    8192 1102662 2496765  4068069  3938439 4033921 2502174 3793951  2533679  4132035  2366951  1491829 3853629  3910202
           32768   16384 1134033 2454713  3879737  3903317 3821803 2494137 3741076  2549045  4066024  1921663  2559584 4044843  4007339
           65536      64 1009130 3265676  5994266  5984478 5708213 3208162 5530986  7596710  5629190  3104673  2861350 5910487  5790462
           65536     128 1363117 3360989  5629305  5664805 2975938 2336070 5753857  7355418  5392109  3167496  3165235 5761334  5637502
           65536     256 1204000 3275639  5069695  4568901 5427456 3665097 5080377  6909465  5282577  3147115  3355287 4752071  5414840
           65536     512 1299543 3372577  4920148  5145714 4969426 3183675 5360772  6395661  5238283  3037432  2535825 4870370  1886630
           65536    1024  952684 3192215  4294041  5227822 5116405 2898155 5143692  3945324  4242937  1130199  1876917 5252497  5272040
           65536    2048 1183151 2765710  4742806  4467321 4439830 2771790 4090883  3507222  4379909  1845514  2108544 4687485  4887517
           65536    4096  946748 2479509  3008311  3903473 3699677 2521195 3634229  2527524  3307247  1820856  1265733 3303590  3248080
           65536    8192  997471 2524970  4015172  3905136 3955088 2621659 3560188  2690323  3412097  1984666  2105911 3893796  4077351
           65536   16384 1176100 2511038  4003184  4167607 4080437 2409586 4091126  2848274  2822769  2277443  2281659 4045665  4005168
          131072      64 1058474 2727304  5803470  5678016 5467497 2781717 5734938  7154570  5255299  2493893  2838770 5134842  5447938
          131072     128 1021001 2686009  5644785  5122785 5574949 2776659 4765038  6710902  4986546  1956678  2907410 4609539  4132793
          131072     256 1255815 2874392  5180520  5305304 5415736 2828546 5141085  6490638  4924194  2323853  2692297 4873470  4284096
          131072     512 1221614 2514769  4196038  5588948 5533703 2875264 5315152  7072742  3908851  2613431  2494470 5430770  5574440
          131072    1024 1246569 2057286  4971440  4838769 5249578 2478433 3616486  6566772  5529029  2252287  1791139 4092795  5266475
          131072    2048 1057261 1788034  4224867  4087318 4862995 1944429 3320888  3229719  4432878  1727358  1815527 3357291  4889856
          131072    4096 1074518 2091425  3883833  3669128 3472658 2033957 3149329  1990370  3304976  1640695  1717848 2976885  3671603
          131072    8192 1050138 1670260  2955520  2950080 3040267 1649161 3640771  2691901  3773701  1761604  1651782 3265944  4010275
          131072   16384 1043358 2068782  3175341  3855262 3093158 2143382 3151387  2620970  4012118  1924977  1892734 3411479  3676932
          262144      64  157969  142191  5568760  6043271 5735441  116982 4964858  6254303  5371048   156663   165297 5473207  5345068
          262144     128  154572  163660  4816170  4809640 4745373  112623 4967774  7258565  4964096   145257   134327 3476301  4822212
          262144     256  128586  147202  5058463  4753374 5126004  132781 4993494  6311856  3840715   165032   123547 4883727  4948167
          262144     512  155619  148943  4890656  4724676 5205089  152166 4767472  5026550  4403263   162673   142488 4923175  4853353
          262144    1024  161987  137301  4250259  4909349 5023931  161404 4501107  6023506  3802988   138302   145371 4816170  5060884
          262144    2048  163247  126465  3789749  4382361 4062052  158966 3702286  3107046  3760327   164126   156149 3315678  4303998
          262144    4096  153702  144370  3584041  3499168 3506053  170564 3341028  2482562  3772507   150586   167494 3463074  3648331
          262144    8192  135426  126203  3232281  3429406 3609206  160235 3355783  2368254  3452125   139884   170635 3457129  3697629
          262144   16384  151210  145034  2938834  3572710 3624029  168527 3230486  1982470  3197232   195157   190987 3556565  3495953
          524288      64   58878   86137  5230690  5315543 4996408   30268 5532387  8015282  5178975    86315    86442 4349421  5875377
          524288     128   89040   84194  5520165  5529938 5339952   43868 5178463  6601040  4738346    89472    83044 5575690  5595809
          524288     256   85676   85922  4862483  5037544 4754924   54247 5282332  6728631  5431795    92792    82860 5404136  5106338
          524288     512   91512   87195  5303390  5508205 5446243   55869 5232620  6755067  5293063    89691    69940 4950549  4938187
          524288    1024   91569   85192  5341430  5554957 5409494   61873 4591612  5920953  4883052    91679    78834 4964430  4832903
          524288    2048   72586   83182  4313706  3963712 3977786   64396 3316518  3241848  3990925    89691    71218 4372130  4374896
          524288    4096   80665   79077  3090556  3345036 3095281   84470 3793494  2566117  3736240    88393    92594 3651517  3969708
          524288    8192   90953   76667  3483806  3493503 3376164   84684 3757794  2292732  3651790    89659    79565 3633495  3688480
          524288   16384   85830   81338  3888595  3921408 3867599   93111 3702415  2760033  3861073    96391    94833 2760893  3847225

iozone test complete.
